#!ascii label  , from subject sub-v2s11x28722_ses-1 vox2ras=TkReg
1005
200381  20.595  -16.405  -29.905 0.1428571492
100289  19.946  -17.371  -30.017 0.1428571492
102539  20.243  -15.487  -30.827 0.1428571492
100273  21.176  -17.304  -29.338 0.1428571492
103652  20.767  -15.109  -30.405 0.2857142985
102526  20.084  -16.287  -30.663 0.1428571492
217405  21.474  -16.356  -29.765 0.1428571492
104785  21.075  -13.888  -30.951 0.5714285970
215194  21.830  -15.278  -30.003 0.1428571492
103648  23.697  -14.777  -29.824 0.2857142985
103649  22.861  -14.551  -29.832 0.2857142985
103663  24.737  -14.272  -29.963 0.1428571492
103647  24.500  -14.898  -29.783 0.2857142985
214368  25.861  -12.353  -30.130 0.2857142985
201014  24.743  -11.915  -30.232 0.1428571492
214738  24.425  -12.493  -30.350 0.2857142985
108834  27.112  -10.978  -30.144 0.2857142985
181973  26.643  -12.146  -30.107 0.2857142985
110965  26.999  -9.727  -30.074 0.2857142985
204312  26.329  -9.858  -30.282 0.2857142985
214892  27.381  -8.484  -29.972 0.2857142985
114031  28.550  -6.870  -29.464 0.8571428657
112989  28.160  -7.445  -29.716 0.4285714328
110964  27.748  -9.576  -29.937 0.2857142985
115035  29.262  -5.655  -29.036 0.7142857313
202740  29.598  -6.402  -29.142 0.7142857313
115055  28.918  -6.256  -29.308 0.7142857313
114032  28.059  -6.727  -29.832 0.7142857313
117011  30.169  -4.464  -28.898 0.8571428657
116050  29.719  -5.078  -28.919 0.5714285970
116051  29.036  -4.775  -29.137 0.8571428657
115036  28.637  -5.378  -29.465 0.7142857313
115056  28.396  -6.152  -29.671 0.7142857313
117947  31.196  -3.572  -28.274 0.4285714328
117975  30.087  -3.985  -28.941 0.7142857313
117012  29.543  -4.343  -29.073 0.8571428657
119885  33.508  -1.958  -28.665 0.2857142985
214569  32.420  -1.951  -28.074 0.5714285970
117948  30.692  -3.436  -28.408 0.8571428657
118889  31.372  -2.980  -28.135 0.7142857313
201432  33.736  -0.783  -28.744 0.1428571492
120893  33.874  -1.446  -28.904 0.1428571492
120894  33.297  -1.340  -28.541 0.4285714328
200464  32.050  -2.664  -27.967 0.5714285970
118890  31.044  -2.811  -28.048 0.8571428657
124054  34.169  1.029  -29.093 0.1428571492
121954  34.563  -0.218  -29.627 0.1428571492
192610  34.109  -0.197  -29.036 0.1428571492
121937  33.037  -0.676  -28.365 0.4285714328
119889  31.211  -2.492  -27.772 0.8571428657
220617  34.410  1.990  -29.776 0.1428571492
201000  34.598  1.657  -30.000 0.1428571492
202674  34.011  1.512  -28.875 0.1428571492
123023  33.934  0.468  -28.768 0.1428571492
123003  32.504  0.586  -28.332 0.4285714328
120896  32.556  -1.114  -28.067 0.5714285970
120867  32.036  -1.593  -27.433 0.7142857313
119867  31.007  -1.790  -26.382 0.8571428657
215107  34.001  2.537  -29.070 0.1428571492
125945  33.733  2.926  -28.969 0.1428571492
125002  33.663  1.715  -28.546 0.1428571492
124055  32.474  1.221  -28.320 0.5714285970
121938  32.401  -1.242  -27.737 0.8571428657
119866  31.644  -1.997  -27.364 0.8571428657
120868  31.982  -1.297  -27.435 0.8571428657
126904  34.093  3.541  -29.654 0.1428571492
219573  33.919  4.005  -29.370 0.2857142985
204519  33.637  2.331  -28.731 0.1428571492
213984  32.822  2.610  -28.493 0.8571428657
123004  31.920  0.333  -28.205 0.8571428657
183353  32.157  -0.323  -27.979 0.7142857313
123006  32.427  -0.151  -27.401 0.8571428657
128812  33.830  5.350  -29.277 0.1428571492
129761  34.309  5.836  -30.226 0.1428571492
126889  33.304  3.982  -28.679 0.4285714328
125949  32.488  3.184  -28.271 0.8571428657
208902  31.606  2.216  -28.262 0.8571428657
124043  31.560  0.436  -28.117 0.8571428657
124016  32.665  0.329  -26.491 0.8571428657
127816  33.553  4.780  -28.802 0.4285714328
125940  31.995  2.155  -28.353 0.8571428657
125006  31.509  1.606  -27.979 0.8571428657
124990  32.119  0.829  -27.005 0.8571428657
130662  34.141  6.516  -29.819 0.1428571492
185578  34.148  7.134  -30.272 0.2857142985
196832  33.370  5.652  -28.927 0.5714285970
128813  32.869  5.705  -28.495 0.8571428657
128806  33.151  5.196  -28.577 0.8571428657
127812  32.544  4.033  -28.334 0.8571428657
125924  32.585  2.491  -27.841 0.8571428657
126877  32.546  3.217  -27.854 0.8571428657
124015  33.547  0.818  -26.951 0.8571428657
132430  34.177  8.409  -30.802 0.2857142985
131531  33.877  7.674  -30.097 0.7142857313
129750  33.379  6.276  -29.162 0.5714285970
196452  33.167  6.723  -29.159 0.8571428657
127807  32.497  4.280  -27.847 0.8571428657
126882  33.242  4.088  -27.444 0.8571428657
125923  33.672  2.095  -26.751 0.8571428657
131532  33.547  7.540  -29.757 0.8571428657
202777  32.777  7.208  -29.127 0.8571428657
128809  32.189  5.539  -28.514 0.8571428657
130658  32.165  6.813  -28.824 0.7142857313
128802  32.696  5.255  -27.720 0.7142857313
132425  33.484  8.239  -30.037 0.8571428657
132426  32.878  8.614  -29.719 0.8571428657
130657  32.044  6.584  -28.857 0.8571428657
132417  32.553  8.244  -29.299 0.8571428657
133330  32.698  9.311  -29.743 0.8571428657
132428  32.170  7.876  -28.665 0.7142857313
134221  33.532  10.305  -31.252 0.7142857313
134213  33.161  9.653  -30.201 0.8571428657
135083  33.526  11.178  -31.310 0.8571428657
135075  33.203  10.924  -30.741 0.8571428657
136941  33.110  12.808  -31.175 0.7142857313
131527  32.352  7.720  -29.063 0.8571428657
134222  33.168  10.262  -30.454 0.8571428657
139567  33.848  14.614  -35.009 0.1428571492
136045  33.375  11.872  -31.420 0.8571428657
136940  33.265  12.521  -31.430 0.7142857313
137843  33.130  13.015  -31.564 0.7142857313
136038  33.190  11.656  -30.910 0.8571428657
141389  33.376  16.377  -35.615 0.1428571492
138730  32.895  14.166  -33.264 0.5714285970
139565  32.644  14.951  -33.931 0.5714285970
140437  31.723  15.712  -33.249 0.5714285970
141381  32.990  16.087  -34.356 0.1428571492
142947  32.613  17.939  -37.625 0.1428571492
141372  31.581  16.385  -33.441 0.5714285970
144371  32.546  19.089  -36.720 0.1428571492
188528  32.751  19.940  -37.512 0.1428571492
142225  32.593  17.649  -34.642 0.1428571492
145050  32.395  20.569  -37.401 0.1428571492
141382  31.898  16.663  -34.090 0.5714285970
144372  32.048  19.787  -36.478 0.1428571492
144367  31.938  19.699  -35.596 0.1428571492
220800  32.096  21.116  -37.275 0.1428571492
145042  31.739  20.533  -35.846 0.1428571492
100274  20.392  -17.689  -29.554 0.1428571492
100275  19.684  -18.014  -29.851 0.1428571492
102524  21.280  -15.503  -30.064 0.2857142985
101311  21.915  -15.977  -29.769 0.1428571492
195471  23.415  -15.888  -29.441 0.2857142985
103650  22.058  -14.710  -30.041 0.2857142985
189368  26.130  -13.314  -30.034 0.2857142985
212049  25.544  -13.438  -29.967 0.2857142985
105805  25.037  -13.274  -30.047 0.1428571492
189725  27.252  -9.058  -30.005 0.2857142985
110976  26.575  -9.228  -30.191 0.2857142985
111974  27.756  -8.022  -29.882 0.5714285970
116994  30.935  -4.763  -28.446 0.2857142985
199429  27.978  -6.018  -29.902 0.7142857313
218514  32.304  -2.969  -28.261 0.1428571492
117949  30.096  -3.744  -28.425 0.8571428657
119865  32.017  -2.207  -27.396 0.7142857313
125962  34.269  2.935  -29.920 0.1428571492
125003  32.932  1.942  -28.449 0.8571428657
124042  31.706  0.872  -27.849 0.8571428657
123007  32.140  -0.168  -26.034 0.8571428657
132424  33.902  8.170  -30.354 0.8571428657
197523  33.515  9.861  -30.675 0.8571428657
191533  33.433  12.060  -32.183 0.8571428657
137849  33.293  13.134  -32.367 0.7142857313
140446  33.088  15.369  -34.290 0.2857142985
210145  32.337  16.481  -34.477 0.1428571492
142942  32.734  17.884  -36.204 0.1428571492
145807  32.920  21.215  -38.790 0.1428571492
188552  19.438  -18.661  -29.679 0.1428571492
104770  21.582  -14.270  -30.454 0.4285714328
104767  23.496  -14.059  -29.943 0.2857142985
104769  22.303  -14.096  -30.260 0.4285714328
105823  21.206  -13.387  -31.167 0.2857142985
104782  24.567  -13.749  -30.073 0.1428571492
182017  27.208  -13.084  -29.618 0.2857142985
181679  27.153  -11.726  -30.020 0.2857142985
180392  26.014  -11.059  -30.742 0.2857142985
181354  25.438  -11.147  -30.778 0.2857142985
112990  27.508  -7.258  -29.952 0.7142857313
123032  34.844  0.455  -29.973 0.1428571492
125019  34.451  2.292  -30.189 0.1428571492
127821  34.179  4.247  -29.907 0.1428571492
209076  33.922  4.610  -29.273 0.2857142985
128818  34.177  5.121  -29.872 0.1428571492
199071  32.576  2.997  -28.336 0.8571428657
121939  32.287  -1.103  -27.378 0.8571428657
121940  31.206  -0.694  -26.297 1.0000000000
131536  34.430  7.194  -31.087 0.1428571492
131541  34.393  7.916  -31.081 0.1428571492
214061  34.313  8.754  -31.101 0.2857142985
127800  33.580  4.337  -26.750 0.8571428657
133335  34.117  9.015  -30.853 0.5714285970
135082  33.906  10.731  -31.862 0.5714285970
136053  33.751  11.462  -32.701 0.5714285970
136950  33.560  12.612  -32.685 0.7142857313
138734  33.105  14.021  -33.714 0.4285714328
203429  33.590  12.898  -33.719 0.2857142985
138737  33.320  13.701  -34.482 0.2857142985
139568  33.415  14.960  -34.703 0.1428571492
140450  33.391  15.661  -34.786 0.1428571492
141385  32.936  16.613  -34.991 0.1428571492
142935  32.093  18.145  -34.188 0.2857142985
142229  32.640  17.209  -36.684 0.1428571492
143652  32.146  19.141  -36.101 0.1428571492
143648  32.219  19.016  -35.360 0.1428571492
144361  31.952  19.535  -34.769 0.1428571492
196319  32.745  18.953  -37.317 0.1428571492
145799  31.770  21.449  -36.902 0.1428571492
145788  31.367  21.154  -35.714 0.1428571492
145804  32.041  21.685  -37.406 0.1428571492
134227  34.222  9.929  -31.866 0.4285714328
134231  34.062  10.416  -32.595 0.4285714328
136059  33.924  11.448  -33.513 0.4285714328
136060  33.997  12.058  -33.723 0.4285714328
136056  33.808  12.049  -33.020 0.5714285970
188749  33.546  13.103  -33.095 0.5714285970
101296  20.993  -16.589  -29.550 0.1428571492
102525  20.668  -15.789  -30.221 0.1428571492
197169  20.184  -16.821  -30.199 0.1428571492
100290  19.215  -17.676  -30.486 0.1428571492
102540  19.454  -15.595  -31.007 0.2857142985
103664  20.877  -14.459  -30.619 0.5714285970
101310  22.786  -15.905  -29.443 0.1428571492
104768  22.946  -13.820  -30.035 0.1428571492
104783  24.006  -13.653  -30.271 0.1428571492
206030  26.100  -11.960  -30.251 0.2857142985
205200  28.208  -4.764  -29.818 0.7142857313
117974  30.596  -3.984  -28.614 0.8571428657
117976  29.709  -4.480  -28.999 0.8571428657
118888  32.577  -2.476  -28.251 0.5714285970
120895  32.762  -1.354  -28.266 0.5714285970
124039  33.772  1.092  -28.594 0.2857142985
123022  34.346  0.425  -29.372 0.1428571492
198755  32.928  0.028  -28.407 0.1428571492
126888  33.491  3.410  -28.851 0.5714285970
201472  32.427  -0.748  -27.361 0.8571428657
125005  31.490  1.386  -28.281 0.8571428657
126890  32.831  3.809  -28.499 0.8571428657
128814  32.221  5.601  -28.444 0.8571428657
128808  32.476  4.975  -28.212 0.8571428657
193120  33.533  2.861  -27.014 0.8571428657
130656  32.767  6.567  -28.962 0.8571428657
133336  33.670  9.321  -30.528 0.8571428657
133329  33.311  9.000  -30.063 0.8571428657
140453  33.565  15.851  -35.489 0.1428571492
140447  32.682  15.624  -34.034 0.5714285970
139558  32.472  14.623  -33.275 0.5714285970
142950  32.702  18.041  -38.101 0.1428571492
142222  31.953  17.360  -34.135 0.4285714328
142943  32.562  18.442  -35.690 0.1428571492
145053  32.753  20.369  -38.029 0.1428571492
200775  32.887  19.745  -38.131 0.1428571492
142224  32.748  17.167  -35.275 0.1428571492
142939  32.440  18.331  -34.905 0.1428571492
145047  31.887  20.654  -36.775 0.1428571492
103645  26.687  -14.297  -29.701 0.1428571492
134220  34.009  9.631  -31.072 0.5714285970
105822  22.180  -13.096  -30.949 0.4285714328
180396  25.097  -10.062  -30.827 0.5714285970
144354  31.806  19.350  -34.002 0.1428571492
181036  23.528  -9.159  -31.221 0.5714285970
180948  22.699  -8.490  -32.310 0.5714285970
206666  22.139  -7.950  -33.539 0.2857142985
111999  24.040  -7.939  -31.051 0.5714285970
114072  23.727  -7.306  -32.806 0.5714285970
110993  21.378  -8.982  -32.718 0.4285714328
113024  23.595  -7.670  -32.189 0.5714285970
114094  21.871  -7.044  -34.298 0.2857142985
114085  22.948  -6.915  -33.649 0.4285714328
113006  25.385  -7.739  -30.634 0.4285714328
113017  24.522  -7.390  -31.360 0.5714285970
115103  24.354  -5.609  -33.305 0.5714285970
116108  24.129  -4.971  -33.705 0.4285714328
201343  25.467  -7.189  -30.607 0.5714285970
190753  25.337  -6.283  -31.215 0.5714285970
115096  24.533  -5.976  -32.655 0.4285714328
200340  25.821  -6.353  -30.867 0.7142857313
115086  25.495  -5.664  -31.413 0.4285714328
114048  26.531  -6.756  -30.325 0.4285714328
115105  23.219  -6.230  -34.079 0.4285714328
115111  22.705  -6.028  -34.421 0.2857142985
114100  22.212  -6.417  -34.562 0.2857142985
116107  24.542  -4.975  -33.149 0.4285714328
113005  25.971  -7.412  -30.327 0.7142857313
115057  27.161  -5.528  -30.088 0.7142857313
218739  26.329  -4.981  -29.961 0.4285714328
115039  26.993  -5.088  -29.558 0.7142857313
116056  26.101  -5.285  -29.161 0.5714285970
210251  26.254  -3.878  -28.957 0.7142857313
117017  25.698  -5.736  -28.468 0.2857142985
114033  27.613  -6.518  -29.918 0.5714285970
188371  27.452  -5.865  -29.992 0.5714285970
117015  28.033  -4.277  -28.862 0.7142857313
116998  26.106  -3.506  -28.573 0.7142857313
117952  27.734  -3.913  -27.872 0.7142857313
117953  26.868  -3.459  -28.077 0.7142857313
207895  25.615  -3.745  -27.943 0.4285714328
198526  26.724  -3.167  -27.140 0.4285714328
116052  28.650  -4.417  -29.687 0.5714285970
116053  27.672  -4.388  -29.856 0.5714285970
117014  28.514  -4.310  -29.280 0.5714285970
116996  28.189  -4.130  -28.324 0.5714285970
118893  28.211  -4.007  -26.089 0.7142857313
119869  28.349  -3.487  -25.426 0.7142857313
119891  27.654  -3.738  -25.771 0.7142857313
119870  27.427  -3.488  -25.655 0.5714285970
120839  28.409  -2.055  -24.923 0.5714285970
205125  30.437  -2.979  -28.057 0.7142857313
118892  29.116  -4.058  -27.281 0.5714285970
117951  28.467  -3.992  -27.652 0.5714285970
204283  29.453  -3.420  -26.996 0.7142857313
120869  29.662  -2.133  -26.154 0.8571428657
119892  25.947  -3.287  -26.230 0.4285714328
120870  29.009  -1.701  -25.398 0.7142857313
121911  28.963  -1.336  -24.982 0.7142857313
121910  30.082  -0.939  -25.728 0.7142857313
212995  28.068  -1.128  -24.935 0.5714285970
121885  28.891  -1.183  -24.970 0.7142857313
118891  29.409  -3.415  -27.803 0.5714285970
119890  28.741  -3.697  -25.979 0.7142857313
120897  30.699  -1.813  -26.207 0.8571428657
120898  30.593  -1.144  -25.941 0.8571428657
122976  30.110  -0.890  -24.924 0.7142857313
180751  30.080  0.276  -24.624 0.2857142985
123008  31.145  -1.188  -26.192 0.7142857313
181470  32.274  0.653  -24.920 0.7142857313
122975  31.676  -0.942  -25.175 0.8571428657
124018  30.845  -0.914  -24.860 0.8571428657
123964  33.863  0.699  -26.044 0.8571428657
124991  31.164  -0.055  -24.738 0.8571428657
205647  31.262  0.101  -24.619 0.5714285970
206715  32.709  -0.104  -25.507 0.8571428657
205995  32.544  1.305  -25.001 0.8571428657
125882  32.123  2.240  -24.890 0.7142857313
124017  32.106  -0.298  -24.953 0.8571428657
205938  33.341  0.164  -26.878 0.8571428657
125908  32.845  2.763  -25.662 0.8571428657
125907  33.722  2.044  -26.076 0.8571428657
126861  33.908  3.082  -26.445 0.8571428657
126862  33.025  3.813  -25.823 0.7142857313
132418  32.170  8.328  -28.910 0.7142857313
132413  32.468  8.127  -28.079 0.7142857313
133323  32.296  8.864  -29.254 0.5714285970
190259  32.331  8.572  -28.463 0.7142857313
133331  32.182  9.623  -29.311 0.7142857313
134214  32.561  10.079  -29.929 0.7142857313
135076  32.760  10.669  -30.304 0.8571428657
136040  32.114  11.920  -30.625 0.7142857313
134215  31.977  10.351  -29.475 0.7142857313
136927  31.420  11.933  -30.115 0.7142857313
136935  31.615  12.586  -30.528 0.7142857313
136934  32.602  12.604  -30.880 0.7142857313
137833  32.057  13.057  -30.918 0.7142857313
215732  30.924  12.326  -30.092 0.5714285970
137845  31.852  13.515  -31.231 0.4285714328
137834  31.335  13.212  -30.768 0.5714285970
196845  30.809  12.881  -30.275 0.5714285970
137844  32.714  13.274  -31.228 0.5714285970
185647  30.578  11.809  -29.844 0.5714285970
139530  31.393  14.643  -31.762 0.5714285970
138716  30.898  14.283  -31.466 0.5714285970
137835  30.532  13.370  -30.759 0.5714285970
136928  30.250  12.325  -29.891 0.4285714328
137836  29.755  13.614  -30.628 0.5714285970
137826  30.101  13.086  -30.156 0.5714285970
139531  30.879  14.862  -31.586 0.5714285970
136929  29.802  12.888  -29.517 0.4285714328
135059  30.550  11.534  -28.462 0.4285714328
138709  28.507  13.801  -30.804 0.4285714328
117950  29.563  -4.195  -27.826 0.5714285970
139524  28.574  14.268  -30.994 0.2857142985
137837  28.911  13.512  -30.538 0.4285714328
137828  28.641  13.218  -30.078 0.2857142985
205993  23.158  -9.730  -31.340 0.5714285970
206044  21.650  -9.221  -32.146 0.5714285970
110977  25.583  -9.182  -30.734 0.2857142985
181647  24.941  -9.015  -30.875 0.4285714328
181615  22.433  -8.174  -32.946 0.5714285970
200365  26.043  -9.378  -30.467 0.2857142985
204246  24.845  -7.891  -30.986 0.5714285970
181138  21.549  -8.321  -33.907 0.2857142985
116115  23.520  -4.831  -34.304 0.4285714328
116101  24.845  -5.215  -32.511 0.4285714328
206745  25.362  -4.594  -31.786 0.5714285970
117077  22.675  -4.475  -34.610 0.2857142985
117071  23.818  -4.129  -33.909 0.2857142985
116079  26.927  -5.036  -30.351 0.5714285970
115034  30.043  -6.520  -28.738 0.2857142985
117026  25.606  -5.853  -29.352 0.2857142985
122974  33.093  -0.492  -25.907 0.8571428657
207173  31.077  0.164  -24.634 0.7142857313
191371  32.838  6.743  -27.509 0.7142857313
131522  32.617  7.570  -27.973 0.7142857313
130645  32.653  6.491  -26.917 0.7142857313
136032  31.894  11.393  -30.100 0.7142857313
136034  30.011  11.928  -29.658 0.2857142985
137850  32.817  13.553  -32.056 0.5714285970
138714  32.275  13.848  -31.614 0.5714285970
218372  32.346  14.058  -32.155 0.5714285970
139544  31.697  14.880  -32.279 0.5714285970
138717  30.311  13.824  -31.234 0.5714285970
139523  29.753  14.166  -30.966 0.2857142985
206839  25.194  -3.696  -32.418 0.4285714328
182295  25.746  -9.881  -30.766 0.2857142985
117013  28.964  -4.521  -29.197 0.7142857313
115037  27.905  -5.195  -29.921 0.5714285970
212160  30.298  -2.481  -26.180 0.7142857313
189573  32.848  12.004  -30.742 0.8571428657
202630  26.726  -7.354  -30.086 0.5714285970
203080  26.937  -6.182  -30.151 0.5714285970
127790  33.257  4.650  -26.215 0.7142857313
218256  28.266  -4.304  -29.785 0.5714285970
181057  24.118  -8.801  -30.931 0.5714285970
205804  23.286  -8.344  -32.009 0.5714285970
206332  22.995  -9.019  -31.730 0.4285714328
113032  22.696  -7.555  -33.277 0.5714285970
114073  23.213  -7.232  -33.134 0.4285714328
181154  21.915  -8.616  -32.466 0.5714285970
114093  22.626  -6.667  -34.238 0.4285714328
110987  24.675  -8.442  -30.944 0.5714285970
114064  24.071  -7.320  -32.385 0.5714285970
114071  24.113  -6.730  -32.597 0.5714285970
115104  23.700  -6.026  -33.487 0.4285714328
207842  21.577  -9.889  -31.918 0.5714285970
116116  23.207  -5.505  -34.518 0.4285714328
114062  24.880  -6.861  -31.407 0.5714285970
115087  24.640  -6.246  -31.824 0.5714285970
117070  24.398  -4.312  -33.364 0.4285714328
115076  25.929  -6.026  -30.857 0.5714285970
206778  26.378  -4.501  -31.029 0.4285714328
116065  26.884  -5.563  -30.218 0.5714285970
115040  27.063  -5.243  -30.073 0.7142857313
115058  26.375  -5.014  -29.811 0.5714285970
117025  25.952  -4.991  -30.033 0.4285714328
117035  27.020  -4.680  -30.287 0.4285714328
115038  27.566  -4.980  -29.995 0.7142857313
116054  27.002  -3.800  -29.795 0.7142857313
195454  27.017  -4.045  -28.967 0.7142857313
116997  27.271  -4.007  -28.332 0.7142857313
116995  29.128  -4.166  -28.360 0.5714285970
119840  27.986  -3.051  -25.043 0.7142857313
119868  28.823  -3.523  -25.895 0.5714285970
119839  28.541  -2.894  -25.098 0.7142857313
208969  27.754  -1.504  -25.760 0.2857142985
124992  30.101  -0.080  -24.811 0.5714285970
124993  29.057  -0.051  -25.046 0.2857142985
181033  31.982  1.044  -25.772 0.8571428657
135070  32.226  10.773  -30.002 0.7142857313
139533  29.311  14.740  -31.051 0.5714285970
137827  29.448  13.291  -30.038 0.4285714328
118960  24.157  -2.622  -34.138 0.1428571492
118945  25.654  -2.622  -32.554 0.4285714328
104787  19.921  -14.461  -31.670 0.4285714328
107794  28.375  -11.587  -29.696 0.1428571492
108833  27.777  -10.744  -29.942 0.1428571492
111973  28.376  -8.145  -29.572 0.1428571492
109917  28.241  -10.207  -29.837 0.1428571492
108819  28.819  -11.218  -29.668 0.1428571492
202021  29.385  -8.787  -29.326 0.1428571492
110963  28.447  -9.445  -29.745 0.1428571492
109916  28.844  -9.926  -29.636 0.1428571492
111972  29.053  -8.192  -29.348 0.1428571492
115033  30.522  -6.162  -28.463 0.2857142985
116038  30.919  -5.554  -28.400 0.1428571492
128797  33.183  5.463  -26.997 0.5714285970
146568  30.725  22.542  -36.188 0.1428571492
206454  30.307  22.679  -35.536 0.1428571492
145037  31.796  20.255  -34.975 0.1428571492
130639  32.398  6.471  -26.639 0.4285714328
131521  32.532  7.881  -27.515 0.5714285970
132412  32.432  8.525  -27.707 0.4285714328
144329  29.030  19.098  -32.605 0.2857142985
141359  30.093  16.619  -32.048 0.2857142985
140413  30.622  15.384  -31.589 0.2857142985
142199  30.530  17.067  -32.491 0.2857142985
131510  31.726  8.045  -26.685 0.1428571492
133318  32.358  9.174  -27.962 0.5714285970
141360  29.297  16.735  -32.019 0.2857142985
140424  31.470  15.489  -32.542 0.4285714328
133309  31.918  8.997  -27.263 0.4285714328
134208  31.542  10.710  -29.158 0.5714285970
141346  29.589  16.121  -31.646 0.2857142985
133310  31.439  9.602  -26.995 0.4285714328
198739  31.130  10.848  -28.159 0.2857142985
140409  28.483  14.846  -31.267 0.1428571492
140415  29.033  15.502  -31.365 0.1428571492
134192  31.159  10.316  -27.466 0.1428571492
136033  30.630  11.567  -29.391 0.4285714328
210473  28.061  14.254  -31.392 0.1428571492
140416  28.162  15.434  -31.585 0.1428571492
141348  27.653  16.040  -31.910 0.1428571492
138710  28.015  13.832  -31.187 0.2857142985
137829  28.059  13.054  -29.977 0.1428571492
201428  27.752  14.660  -31.539 0.1428571492
139534  27.563  14.146  -31.381 0.1428571492
139535  26.976  14.583  -31.524 0.1428571492
140417  27.174  15.213  -31.754 0.1428571492
139525  27.060  14.146  -31.305 0.1428571492
105824  20.597  -13.461  -31.423 0.4285714328
190228  19.847  -11.670  -31.821 0.2857142985
106809  27.800  -11.999  -29.752 0.1428571492
109906  29.416  -10.009  -29.311 0.1428571492
112967  29.445  -7.608  -29.222 0.1428571492
129739  32.659  5.810  -26.571 0.2857142985
138731  32.582  14.013  -32.756 0.4285714328
141373  31.025  16.741  -32.996 0.2857142985
142188  28.395  16.894  -31.794 0.2857142985
142913  30.262  17.759  -32.696 0.2857142985
142189  27.624  17.016  -31.925 0.2857142985
106834  19.391  -12.341  -32.002 0.2857142985
103646  26.059  -14.479  -29.844 0.1428571492
184182  25.309  -14.559  -29.855 0.1428571492
182044  27.214  -12.412  -29.856 0.1428571492
205935  27.801  -12.661  -29.527 0.1428571492
116049  30.334  -5.296  -28.566 0.1428571492
114017  29.193  -6.970  -29.263 0.1428571492
127791  32.269  4.579  -25.760 0.4285714328
212032  31.414  8.638  -26.714 0.2857142985
217037  31.283  11.198  -29.360 0.5714285970
142916  28.150  18.144  -32.358 0.2857142985
142914  29.579  17.924  -32.431 0.2857142985
142214  30.882  17.461  -33.135 0.2857142985
142926  30.768  18.319  -33.058 0.2857142985
143629  29.660  19.196  -32.860 0.2857142985
145034  30.186  20.436  -33.594 0.1428571492
145021  29.549  20.260  -33.241 0.1428571492
145043  31.373  20.864  -35.172 0.1428571492
141361  26.894  16.366  -32.336 0.2857142985
145033  30.774  20.734  -34.025 0.1428571492
145785  30.903  21.139  -34.697 0.1428571492
144362  31.755  20.035  -34.236 0.1428571492
193194  31.289  20.280  -33.968 0.1428571492
116993  31.764  -4.549  -28.388 0.2857142985
142213  31.417  17.073  -33.619 0.4285714328
144330  28.453  19.297  -32.558 0.2857142985
198179  31.307  18.604  -33.386 0.2857142985
144339  30.805  19.425  -33.433 0.1428571492
106824  20.576  -12.582  -31.569 0.4285714328
104786  20.454  -14.134  -31.247 0.4285714328
211296  29.895  -5.870  -28.734 0.4285714328
139559  31.923  15.057  -32.951 0.4285714328
140438  31.154  16.035  -32.852 0.2857142985
142925  31.475  17.930  -33.581 0.2857142985
130646  32.230  7.809  -26.903 0.4285714328
133324  32.021  9.130  -28.821 0.5714285970
133325  31.821  10.085  -28.837 0.5714285970
191753  31.265  11.466  -29.710 0.5714285970
140425  30.888  15.767  -32.183 0.2857142985
208690  29.145  13.973  -30.825 0.4285714328
137838  28.082  13.579  -30.511 0.2857142985
128781  33.026  5.267  -26.523 0.5714285970
135071  31.646  10.919  -29.686 0.5714285970
135065  31.160  11.164  -28.817 0.5714285970
139532  30.225  14.634  -31.346 0.2857142985
140414  29.878  15.423  -31.394 0.2857142985
202020  28.716  -8.795  -29.541 0.1428571492
108818  29.295  -11.148  -29.350 0.1428571492
201714  30.002  -8.772  -29.143 0.1428571492
130640  31.841  7.806  -26.653 0.2857142985
142915  28.868  18.045  -32.321 0.2857142985
142201  29.083  17.396  -32.211 0.2857142985
140426  30.390  16.035  -31.682 0.2857142985
141358  30.719  16.386  -32.317 0.2857142985
133319  32.140  9.771  -28.175 0.4285714328
141347  28.710  16.177  -31.600 0.1428571492
134202  31.778  10.316  -28.031 0.4285714328
133296  31.479  9.135  -26.833 0.2857142985
209651  31.522  10.658  -28.591 0.5714285970
105833  20.132  -13.439  -32.068 0.2857142985
111954  30.264  -8.224  -28.967 0.1428571492
128782  32.316  5.330  -26.029 0.2857142985
187220  30.385  19.015  -33.082 0.2857142985
191574  30.128  19.725  -33.277 0.2857142985
205128  30.135  21.030  -33.877 0.1428571492
119841  26.724  -2.517  -25.925 0.4285714328
122977  29.317  -0.430  -25.188 0.2857142985
142917  25.804  17.299  -33.207 0.1428571492
143617  27.946  18.783  -32.458 0.1428571492
143631  26.138  18.875  -32.941 0.1428571492
140419  26.225  14.953  -32.277 0.1428571492
142928  24.941  17.483  -33.894 0.1428571492
195046  26.770  17.528  -32.525 0.1428571492
143630  27.182  18.832  -32.798 0.1428571492
141363  25.715  16.080  -33.031 0.1428571492
141364  25.196  16.287  -33.038 0.1428571492
142204  26.382  16.770  -32.742 0.1428571492
142216  24.783  17.071  -33.658 0.1428571492
143632  25.253  18.863  -33.780 0.1428571492
142203  27.052  17.109  -32.349 0.1428571492
142215  25.179  16.892  -33.532 0.1428571492
142904  24.509  17.360  -32.525 0.1428571492
142929  24.551  17.799  -33.916 0.1428571492
141352  24.781  16.480  -32.850 0.1428571492
143619  24.324  18.337  -33.613 0.1428571492
144343  25.925  19.574  -33.134 0.1428571492
111989  27.097  -7.964  -30.026 0.2857142985
189782  27.589  17.619  -32.344 0.1428571492
144331  27.770  19.444  -32.685 0.1428571492
142207  24.636  16.921  -33.108 0.1428571492
142190  24.551  16.742  -32.277 0.1428571492
111990  26.405  -8.028  -30.203 0.4285714328
108849  22.201  -10.572  -31.154 0.4285714328
189300  23.125  -11.350  -30.937 0.2857142985
187714  23.993  -12.640  -30.481 0.1428571492
109931  23.346  -10.416  -31.165 0.2857142985
107806  23.758  -11.668  -30.854 0.1428571492
180395  23.949  -10.543  -30.691 0.2857142985
192405  21.988  -11.899  -31.035 0.2857142985
180393  24.428  -10.129  -30.726 0.2857142985
108860  21.637  -10.537  -31.664 0.4285714328
107805  24.742  -11.285  -30.322 0.1428571492
213680  24.284  -11.727  -30.685 0.1428571492
197586  23.595  -12.203  -30.653 0.1428571492
205803  23.782  -9.828  -30.823 0.2857142985
206372  22.367  -9.071  -31.997 0.4285714328
108848  22.950  -10.770  -31.108 0.2857142985
131517  32.145  8.303  -27.081 0.2857142985
197905  22.588  -11.725  -30.607 0.2857142985
207539  21.108  -11.997  -32.228 0.2857142985
107819  20.758  -12.207  -32.253 0.2857142985
108861  21.099  -11.096  -31.908 0.2857142985
108867  20.795  -10.920  -32.544 0.2857142985
109944  21.286  -10.493  -32.312 0.2857142985
181438  25.828  -4.048  -31.640 0.2857142985
180441  26.762  -3.679  -31.246 0.2857142985
207023  27.525  -3.582  -30.294 0.2857142985
197038  25.108  -4.318  -28.471 0.1428571492
117929  26.166  -3.224  -27.999 0.2857142985
119871  26.001  -2.693  -26.422 0.1428571492
205948  29.360  1.144  -24.635 0.1428571492
180462  31.130  0.984  -24.553 0.1428571492
205801  29.799  1.170  -24.668 0.1428571492
180949  31.150  2.572  -24.965 0.1428571492
129728  31.874  6.044  -26.142 0.1428571492
130625  31.561  6.685  -26.253 0.1428571492
136901  29.779  12.402  -29.059 0.1428571492
135045  30.485  10.984  -27.799 0.1428571492
136917  29.167  12.718  -29.184 0.1428571492
208798  29.159  13.100  -29.571 0.1428571492
104800  20.160  -13.905  -31.863 0.2857142985
106822  21.775  -12.571  -31.333 0.1428571492
126838  31.907  3.218  -25.173 0.2857142985
206636  30.910  3.508  -25.007 0.1428571492
104801  19.774  -13.941  -32.062 0.2857142985
118038  24.765  -3.660  -33.117 0.2857142985
205932  26.434  -2.982  -31.845 0.2857142985
180442  27.704  -2.209  -31.287 0.2857142985
118894  24.941  -3.994  -26.296 0.1428571492
120871  26.495  -2.037  -26.217 0.1428571492
121888  26.957  -1.155  -26.045 0.1428571492
121886  28.201  -1.133  -25.769 0.1428571492
123990  27.214  0.513  -24.928 0.1428571492
207159  30.149  1.485  -24.755 0.1428571492
126839  31.607  4.061  -25.357 0.1428571492
136014  29.897  11.970  -28.592 0.1428571492
136027  30.225  11.989  -28.907 0.1428571492
181050  26.051  -2.097  -32.319 0.2857142985
216853  21.332  -12.423  -31.498 0.2857142985
191891  25.753  -2.741  -27.116 0.1428571492
189561  30.494  1.035  -24.814 0.1428571492
198071  24.838  -2.928  -33.659 0.1428571492
108862  20.774  -11.588  -32.318 0.2857142985
120925  27.655  -1.045  -30.295 0.1428571492
206254  30.581  1.911  -24.851 0.1428571492
180852  28.031  1.050  -24.722 0.1428571492
186050  19.135  -13.975  -32.013 0.1428571492
105834  19.248  -13.230  -32.029 0.1428571492
186442  18.284  -13.182  -32.058 0.1428571492
109951  21.050  -10.403  -32.784 0.1428571492
191706  31.217  -4.138  -28.317 0.1428571492
134234  34.143  10.181  -33.552 0.1428571492
103666  19.212  -14.929  -31.323 0.1428571492
107829  19.462  -11.496  -32.784 0.1428571492
109952  20.651  -10.444  -33.021 0.1428571492
214397  21.135  -9.475  -33.093 0.1428571492
108868  19.948  -10.763  -32.658 0.1428571492
206376  21.433  -7.761  -34.416 0.1428571492
133343  34.331  9.157  -32.385 0.1428571492
135094  33.928  10.735  -34.104 0.1428571492
114095  21.258  -7.126  -34.620 0.1428571492
132436  34.478  8.395  -31.422 0.1428571492
212949  19.927  -15.086  -31.271 0.1428571492
200752  31.786  -3.837  -28.338 0.1428571492
198784  21.306  -8.955  -33.426 0.1428571492
117076  23.208  -3.808  -34.451 0.1428571492
106833  20.046  -12.653  -31.918 0.1428571492
103681  19.252  -14.451  -31.883 0.1428571492
111000  20.862  -9.462  -33.460 0.1428571492
99174  20.222  -18.406  -29.495 0.1428571492
101297  20.518  -16.977  -29.643 0.1428571492
101312  21.148  -16.084  -29.873 0.1428571492
102523  23.193  -15.306  -29.631 0.2857142985
103651  21.383  -14.867  -30.216 0.5714285970
103665  20.345  -14.791  -31.024 0.4285714328
104764  25.752  -13.910  -29.922 0.1428571492
104765  25.160  -13.866  -29.964 0.1428571492
104766  24.167  -14.257  -30.019 0.2857142985
104784  21.824  -13.668  -30.853 0.2857142985
105806  23.417  -13.382  -30.056 0.2857142985
105807  23.004  -13.279  -30.167 0.2857142985
105808  22.543  -13.560  -30.585 0.1428571492
105819  24.407  -13.093  -30.221 0.1428571492
105835  18.488  -13.726  -31.900 0.1428571492
106810  25.606  -12.803  -29.993 0.1428571492
106818  25.497  -12.056  -30.206 0.2857142985
106819  24.945  -12.601  -30.137 0.2857142985
106820  24.151  -12.146  -30.738 0.2857142985
106821  22.420  -12.455  -30.913 0.2857142985
106823  20.977  -12.792  -31.269 0.2857142985
107783  28.976  -11.726  -29.415 0.1428571492
107807  22.277  -11.151  -30.686 0.2857142985
107808  21.449  -12.110  -31.602 0.1428571492
107809  21.078  -12.374  -31.805 0.2857142985
107818  21.604  -11.264  -31.258 0.4285714328
108831  28.934  -10.583  -29.581 0.1428571492
108832  28.343  -10.947  -29.806 0.1428571492
108847  23.528  -11.043  -30.967 0.1428571492
108863  20.053  -11.053  -31.962 0.2857142985
109918  27.469  -10.257  -30.065 0.1428571492
109919  26.768  -10.378  -30.294 0.2857142985
109930  26.136  -10.465  -30.570 0.2857142985
109932  22.770  -10.169  -31.318 0.2857142985
109933  22.128  -10.017  -31.507 0.5714285970
109962  20.965  -9.990  -33.091 0.1428571492
110946  29.087  -9.382  -29.455 0.1428571492
110975  26.810  -8.583  -30.139 0.2857142985
110978  22.570  -9.534  -31.486 0.4285714328
110988  21.226  -9.742  -32.540 0.1428571492
111955  29.712  -8.210  -29.187 0.1428571492
111991  25.811  -8.081  -30.423 0.4285714328
111992  25.325  -8.464  -30.698 0.5714285970
112988  28.751  -7.545  -29.370 0.4285714328
113016  25.046  -7.316  -30.964 0.5714285970
113018  24.030  -7.502  -31.733 0.5714285970
113037  21.846  -7.687  -33.969 0.2857142985
114016  29.830  -7.034  -29.052 0.1428571492
114047  27.085  -6.668  -30.020 0.5714285970
114049  25.934  -6.778  -30.610 0.7142857313
114050  25.352  -6.773  -30.888 0.5714285970
114063  24.378  -7.041  -31.957 0.5714285970
114084  23.565  -6.673  -33.288 0.5714285970
114086  22.309  -7.248  -33.750 0.4285714328
114101  21.419  -6.422  -34.765 0.1428571492
115075  26.534  -6.135  -30.559 0.5714285970
115095  24.839  -5.601  -31.934 0.5714285970
115115  21.871  -5.623  -34.688 0.2857142985
116055  26.068  -4.292  -28.942 0.7142857313
116057  25.708  -6.105  -29.104 0.5714285970
116089  26.418  -5.031  -30.745 0.4285714328
116100  25.531  -5.072  -31.539 0.5714285970
116109  23.628  -5.527  -33.861 0.4285714328
116117  22.411  -5.233  -34.344 0.2857142985
116992  32.489  -4.145  -28.363 0.1428571492
117016  25.449  -4.231  -28.708 0.2857142985
117059  24.933  -4.383  -32.583 0.4285714328
117946  31.818  -3.235  -28.202 0.1428571492
118026  25.119  -3.057  -32.833 0.4285714328
118039  24.243  -3.480  -33.687 0.4285714328
119886  32.913  -1.888  -28.388 0.2857142985
119887  32.112  -2.298  -27.677 0.7142857313
119888  31.709  -2.474  -27.721 0.8571428657
119913  27.993  -1.874  -30.029 0.1428571492
119921  27.226  -1.846  -30.340 0.1428571492
120866  32.247  -1.865  -27.606 0.7142857313
120916  34.272  -1.608  -29.266 0.1428571492
120917  28.801  -1.449  -29.862 0.1428571492
120918  28.309  -1.289  -29.966 0.1428571492
121887  27.877  -1.233  -25.568 0.1428571492
121936  33.545  -0.108  -28.611 0.1428571492
121955  34.346  -0.944  -29.258 0.1428571492
121956  28.846  -0.864  -29.786 0.1428571492
121957  28.414  -0.604  -29.957 0.1428571492
121965  28.909  -0.111  -29.914 0.1428571492
121966  28.414  0.073  -30.033 0.1428571492
121967  27.464  -0.314  -30.737 0.1428571492
121972  28.918  0.699  -30.202 0.1428571492
122926  33.991  0.668  -26.471 0.8571428657
122927  33.593  0.459  -26.076 0.8571428657
123002  33.336  0.545  -28.472 0.4285714328
123005  31.844  0.066  -27.936 0.8571428657
123033  28.506  1.225  -30.387 0.1428571492
123034  28.150  0.637  -30.353 0.1428571492
123040  28.440  1.310  -30.774 0.1428571492
123041  28.109  1.366  -30.623 0.1428571492
123042  27.419  0.975  -31.081 0.1428571492
123933  33.279  0.833  -25.385 0.8571428657
123989  33.821  0.593  -26.612 0.8571428657
124040  33.164  1.205  -28.394 0.5714285970
124041  31.977  0.817  -28.362 0.5714285970
124053  34.552  1.056  -29.697 0.1428571492
124075  28.237  1.572  -30.831 0.1428571492
124076  27.839  1.694  -31.120 0.1428571492
124077  27.377  1.618  -31.588 0.1428571492
124085  28.227  1.714  -31.146 0.1428571492
124922  33.201  1.454  -25.576 0.8571428657
124953  33.791  1.037  -25.921 0.8571428657
124964  33.997  1.089  -26.528 0.8571428657
124965  33.416  1.364  -27.104 0.8571428657
125004  32.102  1.410  -28.297 0.8571428657
125009  34.302  1.656  -29.413 0.1428571492
125010  34.027  2.024  -28.980 0.1428571492
125020  34.270  2.352  -29.492 0.1428571492
125032  28.149  1.820  -31.117 0.1428571492
125033  28.055  1.904  -31.251 0.1428571492
125034  27.710  1.805  -31.656 0.1428571492
125042  27.146  1.940  -32.075 0.1428571492
125881  32.848  2.072  -25.386 0.8571428657
125925  32.078  2.530  -27.964 0.8571428657
125941  32.206  2.991  -28.039 0.8571428657
125946  33.281  2.755  -28.680 0.1428571492
125947  32.185  2.105  -28.384 0.8571428657
125948  31.803  2.413  -28.358 0.8571428657
125954  34.061  2.967  -29.349 0.1428571492
126875  33.631  3.734  -26.985 0.8571428657
126876  33.135  3.214  -27.550 0.8571428657
126883  32.782  3.831  -27.694 0.8571428657
126884  32.315  3.728  -27.950 0.8571428657
126891  32.642  3.668  -28.369 0.8571428657
126894  33.728  4.065  -28.945 0.4285714328
127804  33.447  4.356  -27.148 0.8571428657
127805  33.193  4.825  -27.282 0.8571428657
127806  33.024  4.553  -27.519 0.8571428657
127810  33.057  4.547  -28.508 0.8571428657
127811  32.676  4.340  -28.373 0.8571428657
127813  32.300  4.537  -27.990 0.8571428657
128796  33.312  4.839  -26.827 0.8571428657
128801  33.036  5.450  -27.309 0.5714285970
128803  32.270  5.186  -27.960 0.8571428657
128807  32.734  5.108  -28.334 0.8571428657
129743  32.806  6.043  -26.908 0.5714285970
129744  32.946  5.922  -27.288 0.5714285970
129745  32.460  5.824  -27.889 0.7142857313
129749  33.758  6.083  -29.368 0.5714285970
129751  33.037  6.126  -28.844 0.8571428657
129752  32.588  5.990  -28.686 0.8571428657
129753  32.288  6.198  -28.506 0.8571428657
129754  32.185  6.192  -28.199 0.8571428657
129757  34.081  5.788  -29.730 0.1428571492
130647  32.506  6.739  -27.938 0.7142857313
130650  32.696  7.515  -27.572 0.7142857313
130651  32.648  7.070  -27.885 0.7142857313
130654  33.653  6.838  -29.432 0.8571428657
130655  33.213  7.378  -29.398 0.8571428657
130659  31.924  7.075  -28.842 0.8571428657
130663  33.969  7.142  -29.810 0.7142857313
130664  32.328  6.946  -28.967 0.8571428657
130665  31.882  6.923  -28.802 0.8571428657
131525  33.090  7.986  -29.673 0.8571428657
131526  32.798  7.780  -29.326 0.8571428657
131528  32.674  7.007  -27.960 0.7142857313
131533  31.974  7.288  -28.894 0.8571428657
131534  31.942  7.288  -28.856 0.8571428657
131537  34.133  7.764  -30.574 0.2857142985
132419  32.267  8.071  -28.610 0.7142857313
132420  32.376  8.029  -28.175 0.7142857313
132421  32.348  7.769  -28.270 0.7142857313
132427  32.027  8.064  -29.000 0.7142857313
132431  33.810  8.703  -30.403 0.5714285970
132441  34.512  8.607  -32.116 0.1428571492
133340  34.323  9.096  -31.497 0.2857142985
134191  31.877  9.724  -27.582 0.4285714328
135088  33.860  10.985  -32.441 0.5714285970
135089  33.575  11.365  -31.975 0.8571428657
135092  33.949  10.881  -33.139 0.4285714328
136039  32.658  11.343  -30.461 0.8571428657
136046  33.178  12.317  -31.038 0.7142857313
136958  33.813  12.574  -33.355 0.5714285970
137859  33.230  13.689  -32.938 0.7142857313
137860  33.345  13.402  -33.755 0.5714285970
137865  33.698  13.063  -34.229 0.2857142985
138708  31.061  13.677  -31.223 0.5714285970
138715  31.586  14.077  -31.527 0.4285714328
138720  31.865  14.293  -32.022 0.5714285970
139543  32.041  14.369  -32.655 0.4285714328
139545  31.219  15.236  -31.928 0.4285714328
139557  32.925  14.525  -33.632 0.5714285970
139564  33.051  14.503  -34.273 0.2857142985
139572  33.584  15.179  -35.307 0.1428571492
140436  32.116  15.244  -33.697 0.5714285970
140448  32.197  16.025  -33.914 0.5714285970
141349  26.585  15.358  -32.470 0.2857142985
141350  25.804  15.894  -32.420 0.1428571492
141351  25.013  16.238  -32.089 0.1428571492
141374  25.207  16.515  -33.398 0.1428571492
141384  33.292  16.154  -35.029 0.1428571492
141386  32.315  16.898  -34.670 0.5714285970
141390  33.041  16.766  -35.763 0.1428571492
141392  33.128  16.321  -36.264 0.1428571492
141393  32.762  16.619  -36.461 0.1428571492
142200  29.839  17.250  -32.333 0.2857142985
142202  28.305  17.560  -32.163 0.2857142985
142205  25.655  16.417  -33.294 0.1428571492
142206  24.945  16.613  -33.341 0.1428571492
142227  32.926  17.278  -35.987 0.1428571492
142232  32.598  17.331  -37.343 0.1428571492
142899  24.615  17.299  -31.688 0.1428571492
142918  24.346  17.510  -33.476 0.1428571492
142927  25.458  18.113  -33.492 0.1428571492
142938  32.635  17.782  -35.456 0.1428571492
142944  32.619  17.884  -36.930 0.1428571492
143615  29.319  18.582  -32.476 0.2857142985
143616  28.634  18.666  -32.412 0.2857142985
143618  26.380  18.180  -32.662 0.1428571492
143628  30.027  18.489  -32.686 0.2857142985
143641  31.774  18.684  -33.732 0.1428571492
143642  31.346  19.129  -33.556 0.2857142985
143645  32.026  18.843  -34.486 0.1428571492
143651  32.560  18.564  -36.390 0.1428571492
143655  32.675  18.471  -37.155 0.1428571492
143657  32.729  18.516  -37.852 0.1428571492
143660  32.790  18.482  -38.401 0.1428571492
144355  31.340  19.732  -33.760 0.1428571492
144356  30.746  20.046  -33.684 0.2857142985
144376  32.606  19.523  -37.102 0.1428571492
144377  32.294  20.098  -37.005 0.1428571492
144380  32.855  19.218  -37.799 0.1428571492
145038  31.373  20.589  -34.478 0.1428571492
145763  29.734  20.802  -33.603 0.1428571492
145778  30.356  21.337  -34.338 0.1428571492
145793  31.558  21.250  -36.300 0.1428571492
146574  30.866  22.759  -36.960 0.1428571492
180390  26.680  -12.859  -29.993 0.2857142985
180391  26.492  -11.480  -30.488 0.2857142985
180394  25.576  -10.579  -30.834 0.5714285970
180399  25.237  -9.545  -30.866 0.4285714328
180465  30.291  0.550  -24.724 0.1428571492
180706  27.882  -3.177  -30.384 0.2857142985
180732  27.716  -3.141  -30.234 0.2857142985
180791  27.763  -1.302  -31.538 0.1428571492
180853  23.591  -8.425  -31.312 0.5714285970
180920  26.860  -2.379  -31.762 0.2857142985
180964  25.853  -11.521  -30.634 0.2857142985
181202  27.460  1.876  -32.220 0.1428571492
181203  21.696  -8.408  -33.106 0.5714285970
181394  28.468  0.033  -31.252 0.1428571492
181510  26.882  -4.162  -30.757 0.2857142985
181920  26.190  -12.585  -30.115 0.2857142985
182101  24.748  -10.696  -30.604 0.2857142985
182107  25.814  -3.379  -32.086 0.2857142985
182135  24.159  -11.155  -30.633 0.1428571492
185651  21.028  -8.819  -33.917 0.1428571492
186573  33.191  2.022  -27.479 0.8571428657
186578  32.386  -0.127  -28.206 0.7142857313
189387  24.012  -6.190  -33.060 0.5714285970
190514  33.541  14.393  -34.678 0.1428571492
190841  26.073  -8.727  -30.408 0.2857142985
191152  33.075  3.254  -28.566 0.8571428657
191672  34.205  9.674  -32.915 0.1428571492
192738  27.002  -2.414  -30.296 0.1428571492
192878  32.813  1.476  -27.793 0.8571428657
194088  28.818  0.592  -29.992 0.1428571492
194094  33.873  4.005  -26.414 0.8571428657
194173  24.742  18.199  -34.045 0.1428571492
194197  27.312  0.289  -31.030 0.1428571492
194630  21.652  -13.153  -31.224 0.4285714328
198047  32.889  20.678  -38.517 0.1428571492
199330  27.402  18.173  -32.566 0.1428571492
199345  27.958  -8.791  -29.812 0.2857142985
203159  33.139  0.811  -27.303 0.8571428657
205551  27.289  -3.895  -30.387 0.2857142985
205585  28.837  -1.745  -29.995 0.1428571492
205588  27.667  0.868  -32.314 0.1428571492
205607  28.664  -2.026  -29.880 0.1428571492
205608  26.834  -4.392  -30.247 0.4285714328
205688  27.248  -3.418  -31.013 0.2857142985
205931  26.450  -1.612  -32.489 0.2857142985
205942  28.150  1.559  -31.566 0.1428571492
205992  23.084  -7.804  -32.677 0.5714285970
206008  28.005  1.874  -31.510 0.1428571492
206133  24.545  -9.531  -30.821 0.5714285970
206219  31.582  1.487  -24.725 0.7142857313
206575  26.512  -10.900  -30.516 0.2857142985
206757  33.242  0.611  -25.519 0.8571428657
206770  25.319  -11.546  -30.529 0.1428571492
206902  27.575  -2.885  -31.037 0.2857142985
206917  28.475  -1.694  -29.902 0.1428571492
207076  28.557  -2.070  -30.590 0.2857142985
207077  28.600  -2.442  -30.087 0.2857142985
207078  28.620  -0.836  -29.900 0.1428571492
207079  29.062  -0.022  -30.342 0.1428571492
207245  28.574  0.783  -31.099 0.1428571492
207570  28.445  -0.928  -31.057 0.1428571492
209362  33.851  3.499  -29.165 0.2857142985
209408  32.000  7.310  -28.784 0.7142857313
210227  32.361  -3.455  -28.360 0.1428571492
210578  27.754  -11.335  -29.893 0.1428571492
211468  32.339  18.847  -35.909 0.1428571492
211713  33.253  12.649  -32.047 0.7142857313
213378  28.190  1.649  -30.876 0.1428571492
213710  22.465  -15.306  -29.843 0.1428571492
213750  23.161  -11.811  -30.666 0.2857142985
214050  20.476  -12.865  -31.563 0.4285714328
214497  28.228  -5.502  -29.801 0.7142857313
214868  20.595  -9.989  -33.290 0.1428571492
215123  28.177  -2.702  -30.506 0.2857142985
215187  27.944  -2.494  -30.128 0.1428571492
216116  27.881  -0.407  -31.718 0.1428571492
217108  22.052  -9.522  -31.754 0.5714285970
217448  23.937  -9.329  -30.833 0.5714285970
217548  32.830  18.788  -38.217 0.1428571492
217658  30.931  18.902  -33.277 0.2857142985
218518  32.214  5.081  -28.111 0.8571428657
218532  28.102  -2.876  -30.245 0.2857142985
219689  23.872  -13.109  -30.281 0.1428571492
220326  23.331  -8.788  -31.651 0.5714285970
220762  23.609  -7.892  -31.531 0.5714285970
