#!ascii label  , from subject sub-v2s11x28724_ses-1 vox2ras=TkReg
501
24166  27.698  -54.291  2.921 0.0000000000
18026  36.343  -60.243  -2.006 0.0000000000
20600  33.706  -57.453  6.798 0.0000000000
18844  32.105  -59.075  0.824 0.0000000000
15360  38.439  -62.129  4.857 0.0000000000
177451  36.310  -59.509  6.054 0.0000000000
13066  36.020  -63.812  5.310 0.0000000000
16320  34.183  -61.395  -0.127 0.0000000000
19776  28.623  -58.230  -2.667 0.0000000000
21556  30.833  -56.415  3.793 0.0000000000
19670  33.762  -57.567  3.746 0.0000000000
17131  35.921  -60.163  2.586 0.0000000000
16291  38.256  -61.865  1.540 0.0000000000
174290  40.932  -62.233  1.424 0.0000000000
27686  27.913  -51.504  4.676 0.0000000000
24139  29.038  -54.151  5.477 0.0000000000
21532  30.044  -56.369  7.392 0.0000000000
22503  26.876  -55.859  -1.440 0.0000000000
14487  35.265  -62.516  5.625 0.0000000000
16336  35.651  -61.485  -1.848 0.0000000000
17208  33.238  -60.785  -2.275 0.0000000000
170164  31.742  -56.972  5.234 0.0000000000
20642  34.284  -57.421  4.940 0.0000000000
16229  37.219  -61.274  5.167 0.0000000000
18786  36.268  -59.156  4.070 0.0000000000
17122  37.306  -60.785  3.898 0.0000000000
176440  36.446  -61.757  2.070 0.0000000000
15401  38.062  -62.492  3.443 0.0000000000
17136  40.719  -60.376  1.341 0.0000000000
24129  29.136  -54.730  7.986 0.0000000000
22406  29.359  -55.621  6.621 0.0000000000
22398  28.887  -55.600  7.366 0.0000000000
19714  30.830  -58.018  1.039 0.0000000000
20722  28.712  -57.437  -0.374 0.0000000000
22544  27.969  -55.691  -4.622 0.0000000000
22531  27.118  -55.424  -3.579 0.0000000000
170478  34.523  -58.485  7.225 0.0000000000
183542  35.627  -57.940  6.771 0.0000000000
17073  35.705  -60.351  6.639 0.0000000000
15333  36.314  -62.219  6.632 0.0000000000
175499  37.281  -63.803  6.011 0.0000000000
17167  33.246  -60.575  0.137 0.0000000000
18013  30.464  -59.458  -0.821 0.0000000000
18030  31.299  -59.834  -1.855 0.0000000000
19774  29.992  -58.437  -3.170 0.0000000000
19729  37.000  -58.208  -0.964 0.0000000000
23315  29.197  -54.603  3.109 0.0000000000
20684  31.613  -57.155  2.300 0.0000000000
18812  32.762  -58.497  2.056 0.0000000000
19667  35.180  -58.155  4.672 0.0000000000
18798  34.674  -58.348  3.046 0.0000000000
17965  33.758  -59.355  1.789 0.0000000000
17152  34.645  -60.899  1.125 0.0000000000
16305  36.450  -62.458  0.513 0.0000000000
17179  38.008  -61.111  -0.796 0.0000000000
13826  39.889  -62.615  3.201 0.0000000000
16274  39.531  -61.975  2.225 0.0000000000
17149  39.276  -60.362  0.779 0.0000000000
194643  38.443  -59.536  -0.686 0.0000000000
26773  26.243  -50.952  4.061 0.0000000000
25843  27.173  -52.671  4.159 0.0000000000
194288  27.669  -52.881  5.414 0.0000000000
24158  28.184  -54.249  3.974 0.0000000000
22424  29.353  -55.230  4.286 0.0000000000
21547  30.830  -56.655  5.622 0.0000000000
20603  31.677  -56.477  8.138 0.0000000000
19631  30.245  -57.071  7.610 0.0000000000
18716  32.367  -57.876  8.050 0.0000000000
20740  27.920  -57.562  -1.975 0.0000000000
24983  26.730  -53.130  2.831 0.0000000000
24984  26.209  -52.639  2.400 0.0000000000
24987  26.509  -53.415  2.237 0.0000000000
16342  36.281  -61.177  -1.855 0.0000000000
17206  34.755  -60.724  -2.549 0.0000000000
176451  33.175  -56.779  5.843 0.0000000000
192830  33.355  -56.889  5.015 0.0000000000
20613  34.240  -57.347  6.224 0.0000000000
15372  37.396  -62.359  4.480 0.0000000000
162323  37.451  -61.066  4.559 0.0000000000
16240  37.447  -62.146  3.894 0.0000000000
16257  37.407  -62.344  3.464 0.0000000000
16239  37.499  -63.230  3.950 0.0000000000
17162  42.579  -60.219  0.312 0.0000000000
23276  28.862  -55.264  7.795 0.0000000000
18831  31.257  -58.461  0.959 0.0000000000
19723  29.905  -57.998  0.274 0.0000000000
18847  30.261  -58.560  0.012 0.0000000000
23382  27.510  -54.608  -4.602 0.0000000000
17901  34.678  -59.317  6.906 0.0000000000
16204  34.402  -60.819  6.591 0.0000000000
13798  35.388  -63.171  5.468 0.0000000000
15346  35.680  -62.226  6.265 0.0000000000
13770  36.182  -63.302  6.233 0.0000000000
13769  36.598  -63.166  6.247 0.0000000000
13053  36.612  -64.523  5.628 0.0000000000
16328  33.516  -61.212  -0.293 0.0000000000
17194  32.172  -60.182  -0.754 0.0000000000
16329  33.203  -61.231  -0.992 0.0000000000
18879  31.540  -59.414  -3.098 0.0000000000
18891  31.277  -58.718  -3.442 0.0000000000
20760  29.767  -57.407  -3.891 0.0000000000
22423  29.957  -55.556  3.579 0.0000000000
22454  30.052  -55.684  2.853 0.0000000000
21566  30.365  -56.146  3.360 0.0000000000
183132  31.900  -57.783  2.379 0.0000000000
19695  33.136  -58.099  2.637 0.0000000000
18736  35.996  -58.407  6.584 0.0000000000
19648  35.456  -58.005  5.936 0.0000000000
18763  35.876  -58.417  5.513 0.0000000000
17944  36.359  -59.675  3.341 0.0000000000
17945  35.783  -58.982  3.599 0.0000000000
17953  35.620  -59.383  2.844 0.0000000000
18810  34.299  -58.802  2.258 0.0000000000
17964  34.569  -59.580  1.801 0.0000000000
17976  34.432  -60.281  1.398 0.0000000000
17141  34.901  -60.482  1.698 0.0000000000
16292  37.161  -62.037  2.145 0.0000000000
160856  36.836  -62.280  1.331 0.0000000000
16304  37.632  -62.113  1.220 0.0000000000
16317  36.843  -62.495  -0.318 0.0000000000
16303  38.179  -61.805  0.654 0.0000000000
13146  39.520  -63.509  -0.852 0.0000000000
14562  41.007  -62.464  0.821 0.0000000000
13847  40.372  -63.408  1.175 0.0000000000
13838  40.452  -63.282  1.941 0.0000000000
14540  40.280  -62.332  2.577 0.0000000000
15399  40.022  -62.070  2.640 0.0000000000
15398  40.322  -61.893  2.067 0.0000000000
178662  40.712  -59.866  1.643 0.0000000000
17138  39.925  -60.467  0.967 0.0000000000
17962  39.782  -59.799  0.984 0.0000000000
17163  38.756  -60.327  0.066 0.0000000000
18827  39.227  -58.924  0.749 0.0000000000
28564  27.017  -50.282  4.054 0.0000000000
160901  27.339  -50.806  4.146 0.0000000000
26776  26.327  -51.629  3.910 0.0000000000
189426  27.258  -51.796  4.340 0.0000000000
24965  29.073  -53.826  6.405 0.0000000000
24951  29.108  -53.224  6.655 0.0000000000
24966  28.790  -53.439  5.684 0.0000000000
24967  27.765  -53.258  5.247 0.0000000000
24151  28.402  -54.287  4.649 0.0000000000
185656  28.567  -54.619  4.106 0.0000000000
23289  29.023  -54.825  4.721 0.0000000000
22396  29.617  -55.996  6.835 0.0000000000
22405  29.704  -55.882  5.839 0.0000000000
21539  30.175  -56.337  6.484 0.0000000000
172199  30.819  -56.444  6.945 0.0000000000
21538  30.614  -55.970  7.944 0.0000000000
19650  29.851  -58.158  5.985 0.0000000000
18743  30.545  -57.957  7.166 0.0000000000
19629  31.333  -57.787  8.003 0.0000000000
18872  29.359  -58.658  -2.064 0.0000000000
19743  28.962  -58.231  -1.613 0.0000000000
19759  28.397  -58.087  -2.117 0.0000000000
23375  26.415  -54.429  -3.439 0.0000000000
16326  35.549  -61.729  -1.178 0.0000000000
16345  33.578  -61.263  -1.822 0.0000000000
20646  31.266  -56.821  4.400 0.0000000000
21555  31.552  -56.592  3.407 0.0000000000
20645  32.094  -57.120  4.095 0.0000000000
20654  34.053  -57.484  4.357 0.0000000000
17087  36.817  -60.729  5.517 0.0000000000
17925  36.620  -58.985  5.407 0.0000000000
17110  37.120  -60.145  4.634 0.0000000000
172777  36.901  -59.848  3.977 0.0000000000
17123  36.932  -60.322  3.488 0.0000000000
16293  36.050  -61.124  2.428 0.0000000000
17129  36.769  -61.204  3.351 0.0000000000
16277  37.115  -61.839  2.965 0.0000000000
160983  37.664  -62.041  2.369 0.0000000000
15419  40.583  -61.291  0.616 0.0000000000
16301  41.235  -61.078  0.603 0.0000000000
17973  41.947  -60.038  1.386 0.0000000000
24138  29.146  -54.566  6.835 0.0000000000
23288  29.139  -55.037  6.069 0.0000000000
23275  29.143  -55.412  7.495 0.0000000000
184499  29.471  -56.164  6.887 0.0000000000
20712  28.750  -56.634  -0.212 0.0000000000
20723  28.069  -57.007  -0.663 0.0000000000
177071  28.540  -57.365  -3.462 0.0000000000
20763  27.915  -57.145  -3.281 0.0000000000
22530  27.700  -55.839  -3.828 0.0000000000
25032  26.857  -53.223  -4.368 0.0000000000
18739  33.929  -57.874  7.069 0.0000000000
20599  34.650  -57.554  6.675 0.0000000000
18738  35.062  -57.924  7.247 0.0000000000
18737  35.843  -58.394  7.112 0.0000000000
17089  35.855  -59.905  6.525 0.0000000000
16202  35.954  -61.152  6.739 0.0000000000
17088  36.299  -60.763  6.054 0.0000000000
15345  36.689  -62.098  6.345 0.0000000000
14485  37.003  -62.762  5.927 0.0000000000
17994  32.425  -59.597  0.351 0.0000000000
17995  31.335  -59.209  -0.012 0.0000000000
18011  31.728  -59.591  -0.579 0.0000000000
18021  30.832  -59.597  -1.286 0.0000000000
18870  30.385  -59.200  -2.318 0.0000000000
17195  31.905  -60.309  -2.042 0.0000000000
18039  31.007  -59.623  -2.537 0.0000000000
20749  28.869  -57.856  -3.167 0.0000000000
189785  28.807  -57.106  -3.948 0.0000000000
22543  28.577  -55.964  -4.607 0.0000000000
18017  36.850  -59.594  -1.595 0.0000000000
24165  28.243  -54.385  3.265 0.0000000000
24171  27.487  -54.531  2.270 0.0000000000
23329  29.264  -54.704  2.445 0.0000000000
19713  31.320  -58.097  1.347 0.0000000000
183124  32.322  -58.886  1.519 0.0000000000
19669  34.306  -57.777  4.143 0.0000000000
18787  35.658  -58.566  4.369 0.0000000000
18788  35.188  -58.271  3.844 0.0000000000
19683  34.110  -57.950  3.471 0.0000000000
18811  33.445  -58.769  2.264 0.0000000000
17966  33.050  -59.089  1.608 0.0000000000
18829  32.668  -59.396  1.011 0.0000000000
17154  33.629  -60.178  0.697 0.0000000000
17153  34.168  -60.496  0.889 0.0000000000
17165  34.432  -61.089  0.489 0.0000000000
16294  36.016  -61.699  1.481 0.0000000000
16306  35.680  -61.989  0.644 0.0000000000
16318  35.359  -61.798  -0.283 0.0000000000
186237  36.030  -61.851  -0.841 0.0000000000
16335  36.772  -61.597  -1.548 0.0000000000
178018  37.584  -60.704  -1.172 0.0000000000
13063  38.171  -64.097  5.311 0.0000000000
13856  40.019  -63.363  0.311 0.0000000000
13092  39.053  -63.700  3.552 0.0000000000
14516  38.978  -62.623  4.224 0.0000000000
15400  39.372  -62.194  3.335 0.0000000000
16275  38.697  -62.144  2.566 0.0000000000
16290  39.103  -61.757  1.645 0.0000000000
16288  39.846  -61.082  1.120 0.0000000000
17139  39.379  -60.804  1.203 0.0000000000
16302  38.950  -61.417  1.259 0.0000000000
17164  38.369  -61.028  0.095 0.0000000000
18007  38.540  -60.261  -0.507 0.0000000000
18009  37.451  -59.845  -1.239 0.0000000000
17992  37.938  -59.236  -0.901 0.0000000000
188869  25.975  -49.518  3.384 0.0000000000
29520  26.480  -49.536  4.286 0.0000000000
28572  25.933  -50.500  3.724 0.0000000000
26777  25.750  -51.217  3.558 0.0000000000
25844  26.550  -52.291  3.774 0.0000000000
24978  26.831  -52.914  3.548 0.0000000000
25821  29.207  -52.845  7.224 0.0000000000
26765  27.720  -51.965  4.731 0.0000000000
161124  27.489  -52.818  4.916 0.0000000000
24972  27.518  -53.255  4.396 0.0000000000
24159  27.758  -53.794  3.716 0.0000000000
23316  28.717  -54.399  3.425 0.0000000000
22437  29.469  -55.125  3.578 0.0000000000
194566  29.597  -55.441  3.961 0.0000000000
22414  29.367  -55.379  5.320 0.0000000000
21548  30.220  -56.183  5.159 0.0000000000
189086  30.668  -56.450  4.571 0.0000000000
20616  31.987  -56.873  7.311 0.0000000000
20602  32.492  -56.572  7.936 0.0000000000
19618  31.442  -56.576  8.273 0.0000000000
186460  32.197  -56.575  8.321 0.0000000000
19628  33.164  -57.215  7.421 0.0000000000
19730  29.747  -58.254  -0.437 0.0000000000
19732  28.404  -57.695  -1.221 0.0000000000
21648  26.934  -56.432  -1.855 0.0000000000
22521  27.175  -56.187  -3.146 0.0000000000
21656  26.590  -56.202  -2.505 0.0000000000
12281  37.787  -64.828  4.802 0.0000000000
13051  37.773  -63.862  5.806 0.0000000000
13052  37.087  -64.279  5.813 0.0000000000
13065  36.462  -64.296  5.187 0.0000000000
13077  35.950  -63.860  4.615 0.0000000000
13136  39.398  -63.695  0.310 0.0000000000
13143  39.430  -63.552  -0.208 0.0000000000
13781  37.716  -63.529  5.839 0.0000000000
13782  37.102  -63.396  5.989 0.0000000000
13783  36.685  -63.868  6.102 0.0000000000
13794  38.936  -63.051  4.485 0.0000000000
13796  36.336  -63.918  5.722 0.0000000000
13797  35.855  -63.535  5.766 0.0000000000
13827  39.307  -62.996  3.849 0.0000000000
13837  40.861  -62.838  1.439 0.0000000000
13846  40.728  -62.955  0.665 0.0000000000
13864  40.052  -63.287  -0.485 0.0000000000
13871  40.082  -63.305  -1.161 0.0000000000
14473  36.299  -62.787  6.495 0.0000000000
14474  36.107  -62.589  6.538 0.0000000000
14486  35.747  -62.985  6.124 0.0000000000
14500  38.577  -62.644  4.962 0.0000000000
14502  37.369  -62.673  4.952 0.0000000000
14517  38.619  -62.377  4.476 0.0000000000
14518  37.479  -62.776  4.463 0.0000000000
14529  39.878  -62.304  3.126 0.0000000000
14530  39.438  -62.463  3.623 0.0000000000
14531  39.073  -62.336  3.988 0.0000000000
14547  40.649  -62.132  2.018 0.0000000000
14548  40.670  -62.589  2.070 0.0000000000
15332  36.554  -62.601  6.428 0.0000000000
15334  36.117  -61.866  6.735 0.0000000000
15347  34.995  -61.965  5.895 0.0000000000
15361  37.146  -62.180  5.464 0.0000000000
15371  37.409  -62.769  4.189 0.0000000000
15382  38.577  -62.355  4.001 0.0000000000
15420  40.412  -61.682  1.232 0.0000000000
16201  36.245  -61.501  6.702 0.0000000000
16216  36.688  -61.399  5.883 0.0000000000
16258  37.231  -61.655  3.486 0.0000000000
16272  40.059  -61.463  1.360 0.0000000000
16273  39.961  -61.735  1.852 0.0000000000
16276  37.765  -62.192  2.837 0.0000000000
16278  36.465  -61.520  2.805 0.0000000000
16286  40.852  -60.836  0.900 0.0000000000
16287  40.137  -60.961  0.757 0.0000000000
16289  39.572  -61.420  1.329 0.0000000000
16300  41.798  -60.792  0.278 0.0000000000
16307  35.015  -61.569  0.562 0.0000000000
16315  37.882  -61.632  -0.076 0.0000000000
16316  37.344  -62.202  0.373 0.0000000000
16319  34.732  -61.505  0.052 0.0000000000
16324  37.418  -61.979  -0.680 0.0000000000
16325  36.778  -62.100  -1.063 0.0000000000
16327  34.825  -61.588  -0.674 0.0000000000
16334  37.411  -61.586  -1.379 0.0000000000
16337  34.944  -61.720  -1.627 0.0000000000
16343  35.099  -61.283  -2.141 0.0000000000
17072  35.926  -60.713  6.649 0.0000000000
17074  34.906  -60.153  6.728 0.0000000000
17101  37.098  -60.439  5.127 0.0000000000
17130  36.260  -60.769  3.124 0.0000000000
17137  40.188  -60.343  1.067 0.0000000000
17140  35.555  -60.739  2.003 0.0000000000
17147  42.239  -60.397  0.887 0.0000000000
17148  41.581  -60.656  0.924 0.0000000000
17150  38.762  -61.181  0.806 0.0000000000
17151  35.187  -61.348  1.370 0.0000000000
17166  33.836  -60.869  0.332 0.0000000000
17168  32.629  -60.275  -0.164 0.0000000000
17180  36.957  -60.707  -1.541 0.0000000000
17181  33.013  -60.856  -0.419 0.0000000000
17193  32.858  -60.964  -1.595 0.0000000000
17209  32.550  -60.590  -2.127 0.0000000000
17217  32.923  -60.343  -2.675 0.0000000000
17218  32.227  -60.251  -2.614 0.0000000000
17900  35.417  -59.310  6.689 0.0000000000
17924  36.810  -59.713  5.207 0.0000000000
17935  36.636  -59.404  4.716 0.0000000000
17954  34.994  -59.044  2.458 0.0000000000
17959  41.348  -59.636  1.787 0.0000000000
17960  40.871  -59.354  1.829 0.0000000000
17961  40.383  -59.626  1.406 0.0000000000
17963  35.282  -59.845  2.210 0.0000000000
17975  39.460  -59.522  0.760 0.0000000000
17977  33.982  -59.922  1.309 0.0000000000
17978  33.345  -59.645  1.156 0.0000000000
17990  39.135  -59.553  0.400 0.0000000000
17991  38.675  -59.516  -0.065 0.0000000000
17993  32.988  -59.930  0.523 0.0000000000
17996  30.703  -59.060  -0.272 0.0000000000
18008  38.159  -60.102  -1.011 0.0000000000
18010  32.204  -59.701  -0.236 0.0000000000
18012  31.055  -59.461  -0.643 0.0000000000
18020  31.732  -60.081  -1.284 0.0000000000
18022  30.235  -59.360  -1.447 0.0000000000
18031  30.709  -59.572  -1.910 0.0000000000
18038  31.612  -59.996  -2.590 0.0000000000
18715  32.543  -57.058  8.140 0.0000000000
18717  31.898  -58.109  8.128 0.0000000000
18756  36.248  -58.790  5.933 0.0000000000
18757  35.887  -58.995  6.353 0.0000000000
18760  30.168  -58.351  6.460 0.0000000000
18772  36.109  -58.748  4.866 0.0000000000
18773  35.587  -58.377  4.969 0.0000000000
18799  33.876  -58.253  2.797 0.0000000000
18813  32.022  -58.365  2.047 0.0000000000
18830  31.695  -58.593  1.373 0.0000000000
18845  31.605  -58.814  0.558 0.0000000000
18846  30.891  -58.667  0.440 0.0000000000
18854  37.219  -58.964  -1.104 0.0000000000
18855  30.111  -58.892  -0.773 0.0000000000
18861  36.622  -58.713  -1.472 0.0000000000
18871  29.901  -58.897  -1.841 0.0000000000
18880  30.853  -59.089  -2.990 0.0000000000
18881  29.847  -58.787  -2.530 0.0000000000
18892  30.656  -58.498  -3.360 0.0000000000
19617  32.027  -57.258  8.469 0.0000000000
19619  30.642  -56.301  8.111 0.0000000000
19626  35.386  -57.693  7.145 0.0000000000
19627  34.291  -57.744  6.913 0.0000000000
19630  30.795  -57.126  7.912 0.0000000000
19637  35.200  -57.608  6.766 0.0000000000
19647  35.874  -58.260  6.174 0.0000000000
19649  34.968  -57.779  5.612 0.0000000000
19658  35.262  -58.110  5.288 0.0000000000
19668  34.782  -57.939  4.399 0.0000000000
19682  34.587  -58.075  3.833 0.0000000000
19684  33.509  -57.665  3.119 0.0000000000
19696  32.442  -57.930  2.504 0.0000000000
19697  31.577  -57.942  1.876 0.0000000000
19715  30.193  -57.701  0.856 0.0000000000
19722  30.395  -58.222  0.545 0.0000000000
19724  29.306  -57.746  -0.041 0.0000000000
19731  29.037  -58.049  -0.741 0.0000000000
19742  29.573  -58.572  -1.249 0.0000000000
19758  28.797  -58.511  -2.301 0.0000000000
19775  29.225  -58.444  -2.796 0.0000000000
19791  30.306  -57.922  -3.772 0.0000000000
19792  29.534  -57.971  -3.470 0.0000000000
20594  32.636  -56.688  7.971 0.0000000000
20601  33.018  -56.834  7.388 0.0000000000
20604  30.904  -56.094  8.086 0.0000000000
20611  35.222  -57.732  6.272 0.0000000000
20614  33.505  -57.045  6.489 0.0000000000
20615  32.898  -56.692  6.976 0.0000000000
20617  31.163  -56.161  7.794 0.0000000000
20629  33.889  -57.069  5.499 0.0000000000
20630  32.391  -56.785  6.138 0.0000000000
20631  31.470  -56.750  6.505 0.0000000000
20643  33.746  -57.128  4.637 0.0000000000
20655  33.403  -57.356  3.992 0.0000000000
20730  27.746  -57.364  -1.291 0.0000000000
20731  27.307  -56.985  -1.068 0.0000000000
20732  27.083  -56.829  -1.418 0.0000000000
20741  27.276  -57.101  -1.766 0.0000000000
20750  28.204  -57.688  -2.809 0.0000000000
20751  27.632  -57.189  -2.588 0.0000000000
20761  29.152  -57.433  -3.660 0.0000000000
20762  28.316  -56.899  -3.881 0.0000000000
20769  29.329  -57.000  -4.106 0.0000000000
21557  30.301  -56.094  4.138 0.0000000000
21637  27.092  -56.425  -1.136 0.0000000000
21655  27.235  -56.636  -2.521 0.0000000000
21668  27.811  -56.500  -3.555 0.0000000000
21680  28.785  -56.652  -4.382 0.0000000000
21681  28.180  -56.303  -4.224 0.0000000000
22397  29.217  -55.818  7.150 0.0000000000
22413  29.841  -55.624  4.581 0.0000000000
22455  29.704  -55.048  2.925 0.0000000000
22504  26.322  -55.338  -1.744 0.0000000000
22513  26.496  -55.957  -2.104 0.0000000000
22514  26.287  -55.613  -2.391 0.0000000000
22522  26.699  -55.577  -2.938 0.0000000000
22560  28.467  -55.372  -4.962 0.0000000000
23330  28.138  -54.650  2.552 0.0000000000
23334  28.743  -54.437  2.009 0.0000000000
23364  26.728  -54.997  -3.362 0.0000000000
23365  26.426  -54.899  -2.834 0.0000000000
23373  27.517  -55.230  -4.251 0.0000000000
23374  26.931  -54.701  -4.003 0.0000000000
24140  28.220  -53.826  5.107 0.0000000000
24152  27.830  -53.857  4.613 0.0000000000
24167  27.085  -53.874  2.593 0.0000000000
24215  27.174  -53.982  -4.419 0.0000000000
24952  28.043  -52.852  5.801 0.0000000000
24977  27.350  -53.188  3.776 0.0000000000
24982  27.272  -53.516  3.206 0.0000000000
25031  27.388  -53.468  -4.861 0.0000000000
25834  27.807  -52.576  5.389 0.0000000000
25838  27.476  -52.329  4.534 0.0000000000
25839  26.905  -51.997  4.158 0.0000000000
25845  26.014  -51.942  3.437 0.0000000000
25849  26.351  -52.526  3.174 0.0000000000
25852  25.740  -52.468  1.909 0.0000000000
26764  28.320  -51.995  5.462 0.0000000000
26772  26.734  -51.404  4.244 0.0000000000
26778  25.514  -50.691  3.230 0.0000000000
27685  28.473  -51.251  4.790 0.0000000000
27697  27.932  -51.029  4.218 0.0000000000
27698  26.723  -50.852  4.193 0.0000000000
28563  27.839  -50.422  3.909 0.0000000000
28565  26.312  -50.238  4.139 0.0000000000
28571  26.093  -49.739  3.947 0.0000000000
28576  25.710  -50.131  3.127 0.0000000000
29538  26.098  -49.095  3.055 0.0000000000
159343  32.619  -60.787  -0.879 0.0000000000
160436  36.067  -62.370  -0.231 0.0000000000
161163  38.286  -62.177  4.611 0.0000000000
161933  28.850  -54.301  2.777 0.0000000000
162667  35.277  -58.746  3.107 0.0000000000
163736  36.246  -61.756  -1.535 0.0000000000
167101  27.327  -51.373  4.381 0.0000000000
167437  32.039  -59.098  0.019 0.0000000000
167970  38.408  -61.919  2.027 0.0000000000
168998  27.442  -56.828  -3.077 0.0000000000
171397  32.625  -56.953  5.048 0.0000000000
171604  28.986  -54.867  3.840 0.0000000000
175479  36.807  -59.281  5.679 0.0000000000
176065  29.467  -54.058  7.545 0.0000000000
178184  30.361  -58.776  -2.863 0.0000000000
178984  36.653  -60.047  5.653 0.0000000000
183672  35.398  -58.448  7.318 0.0000000000
184746  34.051  -61.577  -1.089 0.0000000000
187375  32.272  -60.537  -1.446 0.0000000000
190252  31.110  -58.418  6.982 0.0000000000
191346  35.544  -57.963  7.275 0.0000000000
191404  35.506  -62.000  0.165 0.0000000000
192640  29.954  -58.906  -1.335 0.0000000000
192669  30.426  -56.331  7.253 0.0000000000
192777  36.176  -60.187  6.220 0.0000000000
192863  35.095  -57.670  7.004 0.0000000000
194016  41.311  -60.366  1.355 0.0000000000
194100  36.120  -59.262  3.678 0.0000000000
194431  31.333  -59.703  -1.108 0.0000000000
