#!ascii label  , from subject sub-v2s11x28708_ses-1 vox2ras=TkReg
2180
6842  13.996  -73.407  -25.025 0.6999999881
175895  13.357  -73.559  -24.407 0.8000000119
185377  13.268  -73.456  -25.173 0.8000000119
6843  12.664  -73.648  -24.860 0.6999999881
6812  14.389  -74.178  -23.475 0.6000000238
6829  14.041  -73.677  -24.022 0.6000000238
6830  12.796  -74.034  -24.127 0.6000000238
6154  14.670  -74.816  -23.124 0.6000000238
6859  13.590  -73.424  -25.934 0.8000000119
6860  12.780  -73.544  -25.861 0.6999999881
187885  12.235  -73.802  -26.310 0.6999999881
6861  11.653  -73.787  -26.048 0.6999999881
6841  14.694  -73.696  -24.664 0.6000000238
6844  12.029  -73.740  -25.418 0.6999999881
186280  15.287  -74.943  -23.138 0.6000000238
6134  15.594  -75.343  -22.695 0.6000000238
6135  14.905  -75.454  -22.856 0.6000000238
4423  15.882  -77.264  -22.680 0.6000000238
4424  15.313  -77.108  -22.968 0.6000000238
6880  13.288  -73.457  -26.385 0.8000000119
7490  13.440  -73.150  -26.581 0.8000000119
7474  12.092  -73.715  -26.620 0.6999999881
7492  11.690  -73.354  -26.721 0.6999999881
7475  11.324  -73.638  -26.283 0.6999999881
6879  13.945  -73.204  -26.388 0.8000000119
7473  12.725  -73.567  -26.527 0.6999999881
6858  14.347  -73.326  -26.011 0.6999999881
191569  14.698  -73.600  -25.444 0.6999999881
6827  15.333  -74.096  -24.504 0.6999999881
6153  15.878  -74.696  -23.471 0.6000000238
6173  15.972  -74.408  -24.276 0.6000000238
4973  15.478  -76.722  -22.486 0.6000000238
5554  15.093  -76.094  -22.489 0.6000000238
3882  17.441  -77.847  -24.384 0.6999999881
4463  17.104  -77.596  -24.851 0.6000000238
3890  18.281  -78.394  -25.044 0.5000000000
186105  18.061  -77.985  -25.427 0.6000000238
3899  19.210  -78.282  -26.027 0.5000000000
8093  13.263  -72.775  -26.809 0.8999999762
168770  12.675  -73.246  -26.737 0.8000000119
8094  12.550  -72.637  -26.900 0.6999999881
7489  14.348  -72.901  -26.628 0.6999999881
8096  11.111  -72.959  -26.459 0.6999999881
6857  15.182  -73.506  -26.171 0.8000000119
6878  14.686  -73.128  -26.605 0.8000000119
6186  16.353  -74.440  -25.366 0.6999999881
6840  15.294  -73.897  -25.276 0.6999999881
6187  15.935  -74.186  -24.998 0.8000000119
178438  16.529  -74.548  -24.788 0.8000000119
179655  16.657  -74.618  -24.069 0.6999999881
4408  16.175  -76.801  -22.030 0.6000000238
3874  17.222  -77.781  -23.713 0.6999999881
3881  18.027  -78.183  -24.486 0.6999999881
8092  14.057  -72.720  -26.741 0.8999999762
8095  11.788  -72.748  -26.800 0.6999999881
7488  14.920  -72.942  -27.076 0.8000000119
8103  14.631  -72.717  -26.946 0.8000000119
6877  15.296  -73.278  -27.033 0.6999999881
184539  16.262  -74.189  -26.505 0.6999999881
6856  15.929  -74.026  -25.842 0.8000000119
6185  16.836  -74.830  -25.335 0.8000000119
6152  16.324  -74.751  -23.082 0.6999999881
5542  16.347  -76.043  -21.686 0.8000000119
180911  16.184  -75.336  -22.215 0.6999999881
6117  16.717  -75.259  -21.690 0.8000000119
4421  17.745  -77.687  -22.691 0.6999999881
197437  17.228  -77.390  -22.463 0.6999999881
3866  18.355  -77.902  -23.024 0.6999999881
3873  17.761  -77.891  -23.357 0.6999999881
10938  8.862  -68.637  -22.623 0.6000000238
196000  10.400  -68.895  -22.449 0.6000000238
10140  9.263  -70.043  -21.390 0.6000000238
9372  9.518  -70.359  -20.838 0.6999999881
174626  13.790  -72.329  -26.780 0.8999999762
173174  13.155  -72.311  -26.842 0.6999999881
6893  15.864  -73.500  -27.438 0.6000000238
6875  16.798  -74.057  -27.368 0.6000000238
6876  16.305  -73.973  -27.153 0.6000000238
6201  17.184  -75.009  -26.001 0.6999999881
6200  17.782  -75.390  -25.638 0.6999999881
10233  13.679  -69.962  -25.963 0.6999999881
10234  12.267  -70.124  -25.727 0.6999999881
187371  17.186  -74.911  -24.698 0.8000000119
174108  17.333  -75.213  -25.293 0.8000000119
10232  14.355  -69.787  -25.834 0.6000000238
10984  13.269  -69.411  -25.693 0.6000000238
198440  17.203  -74.736  -24.206 0.6999999881
10985  12.564  -69.423  -25.636 0.5000000000
10986  11.869  -69.520  -25.372 0.6999999881
6133  16.880  -74.643  -22.595 0.8000000119
193960  13.862  -69.415  -25.653 0.5000000000
10970  12.883  -68.703  -25.525 0.5000000000
4406  17.674  -77.219  -22.047 0.6999999881
11716  14.056  -67.996  -25.305 0.5000000000
11715  14.591  -67.375  -25.284 0.6000000238
180919  13.607  -67.435  -25.104 0.5000000000
12451  12.334  -67.340  -24.828 0.6000000238
199389  11.227  -67.735  -24.861 0.6999999881
11712  9.472  -68.197  -24.220 0.6999999881
13251  13.544  -66.964  -24.818 0.5000000000
12433  11.576  -67.486  -24.534 0.6000000238
11710  10.844  -67.836  -24.694 0.6000000238
11679  10.383  -68.287  -22.923 0.6000000238
12448  14.697  -66.922  -24.977 0.6000000238
12410  11.387  -67.509  -23.937 0.6000000238
11698  11.719  -67.864  -23.427 0.6000000238
13235  13.821  -66.885  -24.492 0.5000000000
12432  12.499  -67.099  -24.372 0.5000000000
197677  11.350  -68.474  -22.942 0.6000000238
10920  10.822  -69.572  -22.324 0.6000000238
10138  10.565  -70.631  -21.488 0.6999999881
9348  10.500  -71.066  -20.288 0.6000000238
8630  9.812  -71.278  -19.047 0.6999999881
12409  12.764  -66.958  -23.930 0.6000000238
196084  12.356  -67.775  -23.305 0.6000000238
10935  11.452  -69.302  -22.600 0.6000000238
10166  11.536  -70.042  -22.292 0.6999999881
9369  11.601  -71.133  -21.031 0.5000000000
7497  15.485  -73.003  -27.449 0.6000000238
8730  13.407  -71.841  -26.722 0.8000000119
8733  11.336  -72.118  -26.481 0.6999999881
9468  13.013  -71.314  -26.497 0.6999999881
167476  13.651  -71.297  -26.622 0.8000000119
191310  17.412  -74.758  -26.706 0.6999999881
10246  14.085  -70.358  -26.274 0.8000000119
9454  12.656  -70.746  -26.055 0.6000000238
10231  15.011  -69.856  -25.814 0.6000000238
6150  17.691  -74.545  -23.401 0.8000000119
185367  18.321  -75.001  -23.776 0.8000000119
185012  18.287  -74.531  -23.181 0.8000000119
179244  14.781  -69.184  -25.634 0.5000000000
167605  17.241  -74.712  -21.888 0.8000000119
10983  14.269  -68.924  -25.540 0.5000000000
11724  16.287  -68.011  -25.776 0.5000000000
12464  15.910  -67.132  -25.347 0.6000000238
11726  14.825  -68.161  -25.562 0.6000000238
12447  15.332  -66.763  -25.023 0.6000000238
9327  11.477  -71.348  -19.707 0.5000000000
13209  13.815  -66.923  -24.063 0.5000000000
9347  11.175  -71.258  -20.357 0.5000000000
9328  10.792  -71.182  -19.676 0.6000000238
11697  13.404  -67.570  -23.494 0.6000000238
10934  12.547  -69.012  -22.859 0.6999999881
10191  12.160  -69.740  -22.602 0.6999999881
10137  11.181  -70.724  -21.375 0.6999999881
12405  15.071  -67.375  -24.354 0.6000000238
181380  12.080  -70.428  -22.255 0.6000000238
11695  14.733  -67.862  -23.805 0.6999999881
10933  13.272  -69.077  -23.037 0.6000000238
10190  12.942  -69.783  -22.739 0.5000000000
8102  15.111  -72.647  -27.240 0.6999999881
184647  14.588  -72.331  -26.861 0.6999999881
8728  14.818  -71.723  -26.769 0.6999999881
8729  14.122  -71.779  -26.676 0.8000000119
9465  14.992  -71.131  -26.563 0.6999999881
10245  14.644  -70.472  -26.224 0.6999999881
9466  14.262  -71.033  -26.554 0.6999999881
8610  12.461  -71.444  -18.969 0.5000000000
13267  17.540  -66.529  -25.830 0.5000000000
13249  16.545  -66.820  -25.317 0.6000000238
9306  11.724  -71.400  -19.074 0.5000000000
13248  17.225  -66.403  -25.514 0.5000000000
13266  18.320  -66.487  -25.889 0.5000000000
12446  15.908  -66.805  -25.051 0.6000000238
12431  14.823  -66.944  -24.670 0.6000000238
9394  12.420  -70.819  -21.812 0.5000000000
13246  18.584  -66.239  -25.369 0.5000000000
13233  16.936  -66.611  -25.133 0.6000000238
11694  15.659  -67.467  -24.376 0.6000000238
12428  17.112  -66.935  -24.659 0.6000000238
8744  15.843  -72.108  -27.457 0.6999999881
8727  15.443  -71.696  -26.972 0.6999999881
10950  15.721  -68.958  -23.681 0.5000000000
13245  19.371  -66.207  -25.483 0.5000000000
10188  14.438  -69.842  -22.861 0.5000000000
13231  18.129  -66.446  -24.893 0.5000000000
11707  17.401  -67.746  -24.326 0.5000000000
187094  15.400  -68.078  -24.001 0.5000000000
10931  14.727  -69.230  -23.211 0.5000000000
10949  16.473  -69.116  -23.883 0.5000000000
10201  16.739  -69.784  -23.508 0.5000000000
174265  18.913  -67.398  -24.236 0.5000000000
11691  17.749  -68.617  -23.962 0.5000000000
10930  15.277  -69.245  -23.258 0.5000000000
12425  19.162  -66.942  -24.666 0.5000000000
12404  18.023  -67.893  -24.252 0.5000000000
11692  16.930  -68.445  -24.128 0.5000000000
13230  19.069  -66.511  -25.131 0.5000000000
12427  17.880  -67.051  -24.446 0.5000000000
168775  19.162  -68.044  -23.831 0.5000000000
8575  12.317  -71.511  -17.129 0.6000000238
7951  11.603  -72.361  -16.933 0.6000000238
9295  12.626  -71.172  -17.449 0.5000000000
8558  12.322  -71.427  -16.388 0.6999999881
7941  12.251  -72.031  -15.948 0.6000000238
7335  11.817  -73.463  -16.049 0.6000000238
6672  11.922  -73.933  -14.460 0.6999999881
8534  12.469  -71.534  -14.746 0.6000000238
7931  12.434  -72.254  -15.095 0.6999999881
7319  12.236  -73.205  -15.457 0.6999999881
6683  12.046  -73.957  -15.231 0.6999999881
7287  11.827  -73.316  -14.139 0.8000000119
9244  12.902  -70.671  -15.374 0.5000000000
9266  12.591  -70.950  -15.999 0.5000000000
7913  12.211  -72.771  -14.551 0.8000000119
189613  12.313  -72.103  -14.272 0.6000000238
8513  10.138  -71.846  -13.978 0.6999999881
9224  13.397  -70.426  -14.762 0.5000000000
197061  13.801  -70.501  -15.564 0.5000000000
175086  10.708  -72.195  -13.734 0.6999999881
171212  10.582  -73.131  -13.905 0.6999999881
7886  11.812  -72.516  -13.991 0.6999999881
7885  12.360  -71.444  -14.007 0.6999999881
8514  9.543  -71.770  -14.560 0.6999999881
9212  10.249  -71.111  -13.772 0.6999999881
9209  13.016  -70.358  -14.105 0.6000000238
9210  12.058  -71.230  -13.523 0.8000000119
13130  12.398  -67.032  -19.800 0.6999999881
12330  11.432  -66.933  -19.074 0.8000000119
11536  14.883  -68.453  -13.523 0.4000000060
10008  9.651  -70.628  -14.951 0.6999999881
10778  14.513  -69.124  -13.784 0.5000000000
9226  9.993  -70.882  -14.393 0.6999999881
9996  13.637  -69.971  -14.187 0.6000000238
9997  12.629  -70.153  -13.566 0.6000000238
8512  10.850  -71.592  -13.529 0.6999999881
178229  12.457  -70.778  -13.733 0.8000000119
9195  11.268  -70.583  -13.257 0.8000000119
21834  9.051  -58.744  -18.774 0.5000000000
20111  9.635  -59.595  -19.255 0.5000000000
179275  10.145  -59.827  -19.176 0.5000000000
15424  15.428  -64.413  -19.825 0.5000000000
13941  14.935  -66.626  -20.582 0.6000000238
14669  15.667  -65.134  -20.513 0.6000000238
16908  15.412  -63.772  -19.771 0.6000000238
200873  14.504  -61.341  -18.045 0.6000000238
193411  13.826  -65.823  -20.494 0.6999999881
14670  14.983  -65.184  -19.977 0.6999999881
13146  12.502  -66.591  -20.292 0.6999999881
13944  12.523  -65.928  -20.659 0.6999999881
11564  10.405  -68.932  -15.723 0.6999999881
12286  9.857  -67.247  -16.597 0.6999999881
13086  10.680  -66.533  -17.390 0.8000000119
10760  14.255  -68.517  -13.139 0.5000000000
10793  10.320  -69.683  -14.988 0.6999999881
10762  13.081  -68.997  -13.251 0.6000000238
10782  10.409  -69.652  -14.118 0.8000000119
10764  11.624  -69.377  -13.168 0.6999999881
10781  10.769  -69.008  -13.858 0.8000000119
9987  10.891  -70.153  -13.332 0.8000000119
22739  9.143  -57.471  -17.954 0.5000000000
175753  9.862  -58.033  -18.940 0.6000000238
186447  10.224  -57.672  -18.979 0.5000000000
21855  10.368  -58.731  -19.702 0.6000000238
172537  10.288  -59.915  -19.709 0.6000000238
19245  11.482  -60.292  -18.793 0.6000000238
192974  10.838  -60.309  -20.100 0.6000000238
19244  12.051  -60.565  -19.091 0.5000000000
16225  16.080  -63.939  -21.013 0.5000000000
16918  15.542  -63.633  -20.525 0.5000000000
194135  16.205  -66.374  -20.736 0.6000000238
16919  15.053  -63.156  -20.198 0.6000000238
200160  14.890  -62.658  -18.749 0.6999999881
18399  13.624  -60.797  -18.766 0.6000000238
13143  15.232  -67.074  -20.535 0.6000000238
13144  14.550  -67.237  -20.625 0.6999999881
14671  13.592  -65.180  -20.212 0.6999999881
187121  14.966  -64.463  -19.500 0.6999999881
16166  14.263  -63.636  -18.797 0.8000000119
17605  14.732  -61.708  -18.357 0.6999999881
12345  14.625  -67.649  -19.821 0.6999999881
12348  12.923  -67.346  -19.592 0.6999999881
173816  13.696  -67.502  -19.117 0.6999999881
12329  12.313  -67.137  -19.144 0.8000000119
13085  11.665  -66.620  -17.146 0.8000000119
12312  11.886  -66.914  -18.490 0.8000000119
11517  13.518  -68.429  -13.085 0.5000000000
173319  12.662  -67.058  -13.830 0.6000000238
12274  10.217  -67.977  -15.525 0.8000000119
13067  10.430  -66.801  -16.069 0.8000000119
10763  12.263  -68.987  -13.134 0.6000000238
12235  12.501  -67.748  -13.185 0.6999999881
12260  10.682  -67.671  -14.802 0.8000000119
11520  11.558  -68.360  -13.334 0.6999999881
11538  11.097  -68.399  -13.700 0.6999999881
180277  11.103  -69.621  -13.226 0.8000000119
23605  9.352  -55.905  -17.590 0.4000000060
23616  9.559  -56.127  -17.978 0.5000000000
21854  10.949  -58.332  -19.840 0.4000000060
20141  10.577  -59.910  -20.242 0.5000000000
19266  12.002  -60.574  -20.514 0.5000000000
15444  16.857  -65.074  -21.127 0.5000000000
16930  15.054  -63.017  -21.025 0.6000000238
17645  13.939  -62.178  -20.751 0.6000000238
18416  13.125  -61.170  -19.782 0.6000000238
13925  16.566  -66.513  -20.466 0.6000000238
17634  14.382  -62.126  -19.760 0.6999999881
18415  13.904  -61.599  -19.210 0.6999999881
13107  15.794  -67.233  -19.231 0.6000000238
12311  12.596  -67.119  -18.455 0.8000000119
13034  12.248  -66.842  -14.518 0.6999999881
12259  11.146  -67.281  -14.384 0.6999999881
13050  10.921  -66.825  -15.503 0.8000000119
13065  12.135  -66.686  -16.441 0.8000000119
12249  11.619  -67.401  -13.867 0.6999999881
24506  9.832  -55.464  -17.710 0.4000000060
24483  10.447  -55.401  -16.486 0.4000000060
23583  10.557  -56.051  -15.790 0.4000000060
22752  11.384  -56.818  -19.047 0.5000000000
23615  10.399  -55.938  -18.027 0.4000000060
24464  11.093  -56.219  -14.413 0.5000000000
20139  11.680  -59.771  -20.691 0.5000000000
19309  12.767  -60.724  -22.255 0.5000000000
18428  12.208  -60.996  -21.172 0.5000000000
171774  14.003  -60.220  -22.468 0.5000000000
17635  13.555  -61.709  -20.213 0.6999999881
12326  14.725  -67.594  -19.098 0.6000000238
13084  12.523  -66.873  -17.120 0.8000000119
13033  13.160  -66.914  -14.400 0.6000000238
173572  13.421  -66.728  -15.801 0.6000000238
13063  14.101  -66.838  -16.215 0.6999999881
13082  14.050  -67.118  -16.986 0.6999999881
169978  11.776  -66.716  -15.712 0.6999999881
24424  11.983  -55.610  -12.736 0.3000000119
24517  11.033  -55.542  -18.273 0.4000000060
24505  10.550  -55.097  -17.875 0.3000000119
25351  10.825  -54.656  -16.589 0.4000000060
25335  10.968  -55.181  -15.890 0.4000000060
24463  11.735  -55.977  -14.958 0.4000000060
24449  11.765  -56.056  -14.111 0.5000000000
21853  11.647  -58.042  -19.749 0.4000000060
24432  12.570  -55.758  -13.669 0.3000000119
21872  11.355  -58.594  -20.321 0.4000000060
18448  13.760  -61.240  -22.845 0.5000000000
21004  12.228  -59.339  -20.990 0.4000000060
17679  14.841  -61.695  -22.710 0.6000000238
201369  12.671  -58.145  -20.071 0.4000000060
19324  14.863  -60.849  -22.805 0.4000000060
20151  13.128  -59.548  -21.634 0.5000000000
12296  13.619  -67.259  -17.749 0.6999999881
13064  12.923  -66.853  -16.460 0.6999999881
24450  10.962  -56.303  -13.663 0.4000000060
24462  12.322  -55.838  -14.792 0.4000000060
197914  13.282  -55.363  -13.006 0.3000000119
22751  12.180  -56.478  -19.035 0.3000000119
20988  13.454  -58.526  -20.747 0.4000000060
20164  14.937  -59.661  -22.024 0.4000000060
20150  13.922  -59.544  -21.855 0.4000000060
25365  11.025  -53.647  -17.263 0.3000000119
25334  11.419  -54.451  -16.291 0.3000000119
24474  12.335  -55.392  -15.389 0.4000000060
25332  12.852  -55.039  -15.572 0.3000000119
25299  13.350  -55.532  -14.249 0.3000000119
24504  11.155  -54.593  -18.176 0.3000000119
183508  12.624  -57.116  -19.461 0.3000000119
20987  14.286  -58.463  -20.832 0.3000000119
21870  13.260  -58.100  -20.196 0.3000000119
21882  15.090  -58.401  -21.010 0.3000000119
25348  12.557  -54.072  -15.924 0.3000000119
25318  13.591  -55.242  -15.083 0.3000000119
26181  12.029  -53.762  -16.556 0.3000000119
178986  13.466  -54.668  -15.710 0.3000000119
22773  13.332  -56.845  -19.706 0.3000000119
22788  14.261  -57.491  -20.140 0.3000000119
21867  15.383  -57.822  -20.919 0.3000000119
25270  12.390  -55.156  -12.488 0.3000000119
26213  11.413  -53.408  -17.575 0.3000000119
26196  12.904  -53.529  -17.466 0.3000000119
23665  14.552  -56.355  -20.131 0.3000000119
170226  12.148  -68.748  -25.312 0.6000000238
200794  11.711  -67.945  -25.037 0.6999999881
11719  10.368  -68.345  -24.948 0.6999999881
10964  9.709  -68.521  -24.662 0.6999999881
19295  12.152  -60.617  -21.546 0.4000000060
17669  13.010  -61.561  -21.898 0.6000000238
25298  14.015  -55.241  -14.212 0.3000000119
6814  13.386  -73.872  -23.790 0.6999999881
6862  11.163  -73.821  -25.722 0.6999999881
4436  16.469  -77.609  -23.375 0.6000000238
4422  16.638  -77.322  -22.559 0.6999999881
174768  15.779  -73.765  -26.766 0.6000000238
176306  12.058  -72.092  -26.635 0.6999999881
6172  17.714  -74.911  -24.169 0.8000000119
4407  16.942  -76.993  -22.013 0.6999999881
196173  17.247  -75.288  -21.369 0.8000000119
197871  10.331  -70.986  -20.690 0.6999999881
11718  12.528  -67.944  -25.228 0.5000000000
11700  9.989  -67.801  -23.729 0.6000000238
8613  9.995  -71.464  -18.558 0.6000000238
10953  13.654  -68.373  -23.353 0.6999999881
9467  13.473  -70.651  -26.373 0.8000000119
10981  15.964  -68.893  -25.912 0.5000000000
11725  15.571  -67.996  -25.673 0.6000000238
12430  15.579  -66.879  -24.759 0.6000000238
194626  10.411  -69.172  -15.220 0.8000000119
3926  25.873  -78.054  -28.404 0.4000000060
3914  26.969  -77.920  -27.731 0.4000000060
4507  23.267  -77.950  -27.370 0.3000000119
3927  25.161  -78.123  -28.482 0.4000000060
3391  25.775  -78.896  -28.633 0.4000000060
3388  26.270  -78.827  -28.299 0.4000000060
4997  22.909  -76.808  -24.234 0.4000000060
5012  23.680  -76.687  -25.057 0.5000000000
5028  23.968  -76.874  -25.678 0.5000000000
4461  22.648  -77.377  -25.352 0.3000000119
4475  23.567  -77.302  -26.188 0.4000000060
4489  24.786  -77.307  -26.941 0.4000000060
4476  22.887  -77.509  -26.010 0.3000000119
4505  24.526  -77.677  -27.558 0.3000000119
4517  24.928  -77.778  -28.088 0.3000000119
3906  22.620  -78.034  -27.112 0.3000000119
4445  22.381  -77.260  -24.589 0.4000000060
4998  22.388  -76.910  -23.903 0.4000000060
185549  22.825  -76.559  -23.749 0.5000000000
172811  21.273  -77.381  -23.944 0.3000000119
4462  21.979  -77.677  -25.224 0.3000000119
167202  21.556  -78.421  -26.447 0.4000000060
3895  21.733  -78.096  -25.800 0.3000000119
3898  19.790  -78.504  -26.113 0.4000000060
3909  20.169  -78.439  -26.828 0.4000000060
169584  19.458  -78.113  -26.594 0.4000000060
175071  21.743  -76.694  -22.863 0.4000000060
183827  21.119  -76.423  -21.821 0.4000000060
4416  21.188  -77.061  -23.213 0.4000000060
4958  20.495  -76.629  -21.761 0.4000000060
5510  19.852  -75.298  -20.175 0.5000000000
179089  20.761  -77.374  -23.553 0.4000000060
4959  19.759  -76.851  -21.624 0.4000000060
194755  20.717  -78.599  -25.545 0.4000000060
191659  19.931  -78.491  -25.075 0.5000000000
4433  19.491  -77.701  -23.449 0.4000000060
3888  19.400  -78.531  -25.491 0.4000000060
3901  17.498  -77.584  -25.394 0.6000000238
3900  18.292  -77.777  -25.873 0.4000000060
6085  19.602  -74.650  -20.058 0.6000000238
6099  19.026  -74.652  -20.419 0.6000000238
4943  19.126  -76.498  -21.089 0.6000000238
5524  18.618  -75.728  -20.657 0.6000000238
4960  18.606  -76.873  -21.515 0.6000000238
4944  18.273  -76.359  -21.104 0.6999999881
4434  18.884  -77.891  -23.412 0.5000000000
4420  18.328  -77.605  -22.362 0.6000000238
5525  17.757  -75.701  -21.014 0.6999999881
6794  19.760  -73.556  -22.426 0.6999999881
181375  19.327  -73.907  -22.554 0.6999999881
6795  19.209  -73.698  -21.694 0.6000000238
6115  18.678  -73.942  -21.840 0.6999999881
190377  19.281  -74.984  -23.626 0.6999999881
6149  18.787  -74.902  -23.564 0.6999999881
6101  18.092  -75.054  -20.777 0.6999999881
6131  18.200  -74.122  -22.404 0.6999999881
5540  17.618  -74.906  -21.324 0.6999999881
6826  20.661  -74.180  -24.124 0.5000000000
6147  20.198  -74.620  -23.957 0.6000000238
6130  19.041  -74.313  -23.124 0.6999999881
6169  19.762  -75.211  -24.039 0.6000000238
6170  18.938  -75.367  -24.016 0.6999999881
5581  19.383  -75.606  -24.487 0.6999999881
6116  18.015  -74.410  -21.360 0.6999999881
5596  18.713  -75.618  -24.780 0.6999999881
5597  18.307  -75.559  -25.353 0.6000000238
6182  20.595  -75.345  -25.100 0.6000000238
5609  18.886  -75.738  -25.527 0.6000000238
5594  20.067  -75.661  -25.328 0.6000000238
6891  17.098  -73.863  -27.829 0.5000000000
6846  10.687  -74.145  -25.249 0.6000000238
6845  11.287  -74.072  -25.165 0.6000000238
6199  18.373  -75.497  -25.981 0.6000000238
6229  17.982  -74.655  -27.150 0.5000000000
173037  17.772  -74.080  -27.727 0.5000000000
6847  9.969  -74.018  -25.284 0.6000000238
6863  10.688  -73.674  -25.649 0.6000000238
5608  19.544  -75.757  -25.750 0.6000000238
6212  18.534  -75.149  -26.693 0.5000000000
6213  17.831  -75.203  -26.393 0.5000000000
7459  9.452  -73.539  -25.187 0.6000000238
8086  10.338  -72.798  -26.042 0.6000000238
7477  9.953  -73.312  -25.665 0.6000000238
6848  9.502  -74.103  -25.041 0.6000000238
7476  10.707  -73.303  -26.006 0.6000000238
8101  15.678  -72.588  -27.555 0.6000000238
5617  19.041  -75.520  -26.230 0.6000000238
8087  9.571  -72.649  -25.822 0.6000000238
8722  10.764  -71.705  -26.006 0.6000000238
198654  10.735  -72.333  -26.184 0.6000000238
8721  11.406  -71.360  -26.130 0.6000000238
9455  11.925  -70.786  -25.839 0.5000000000
199833  11.741  -71.751  -26.434 0.6000000238
8732  12.200  -71.421  -26.360 0.5000000000
7449  9.458  -73.591  -24.823 0.6999999881
187516  9.429  -73.089  -24.938 0.6000000238
179810  10.202  -72.036  -25.934 0.6000000238
9456  10.824  -71.065  -25.545 0.6000000238
194029  11.364  -70.796  -25.519 0.6000000238
191614  9.275  -71.443  -23.521 0.6000000238
8088  9.157  -72.450  -25.612 0.6000000238
196101  9.374  -72.114  -25.739 0.6000000238
10236  11.004  -70.374  -25.104 0.5000000000
8723  9.177  -71.927  -25.471 0.6000000238
9450  9.640  -70.784  -24.804 0.6000000238
8701  9.161  -70.956  -24.224 0.6000000238
8682  9.025  -70.999  -23.613 0.6000000238
171517  9.148  -72.245  -25.264 0.6000000238
173279  9.514  -71.439  -24.989 0.6000000238
184101  10.235  -70.601  -25.047 0.5000000000
10222  9.606  -69.869  -24.741 0.6000000238
10223  9.102  -70.096  -24.606 0.5000000000
9443  8.844  -70.315  -24.197 0.5000000000
10971  11.434  -68.845  -25.164 0.6000000238
10973  10.045  -69.156  -24.935 0.6000000238
191526  8.833  -69.533  -24.805 0.6000000238
10215  8.532  -69.715  -24.410 0.6000000238
172203  8.141  -69.382  -24.043 0.6999999881
185653  8.193  -70.614  -22.732 0.6999999881
9415  7.878  -71.112  -22.245 0.6999999881
9397  7.716  -71.160  -21.854 0.6999999881
10974  9.207  -69.087  -24.769 0.6000000238
10965  9.074  -68.600  -24.539 0.6999999881
10939  8.033  -68.945  -22.916 0.6999999881
10940  7.833  -69.682  -22.901 0.6999999881
10171  8.159  -69.912  -22.428 0.6999999881
9374  7.857  -70.849  -21.590 0.6000000238
11701  9.251  -68.149  -23.735 0.6000000238
6901  17.671  -73.455  -28.194 0.5000000000
7495  16.873  -73.264  -28.159 0.5000000000
8112  18.356  -72.460  -28.568 0.5000000000
7504  17.301  -72.890  -28.622 0.5000000000
7505  16.754  -72.792  -28.350 0.6000000238
8759  19.549  -71.738  -28.347 0.6000000238
8113  17.660  -72.493  -28.757 0.6000000238
8099  16.882  -72.306  -28.128 0.6000000238
8743  16.447  -71.969  -27.658 0.6000000238
9495  19.088  -71.322  -28.111 0.5000000000
8741  17.745  -71.665  -27.983 0.6000000238
190773  19.222  -70.501  -27.190 0.6000000238
9462  17.856  -70.817  -26.772 0.5000000000
9479  16.762  -71.569  -27.132 0.6000000238
8726  16.040  -71.622  -27.127 0.6000000238
9461  18.543  -70.597  -26.976 0.5000000000
9463  16.372  -71.044  -26.641 0.6000000238
10230  15.654  -69.784  -25.912 0.5000000000
10229  16.361  -69.714  -25.991 0.5000000000
3880  18.624  -78.374  -24.560 0.6000000238
4405  18.283  -77.144  -21.904 0.6999999881
7496  16.178  -73.062  -27.844 0.5000000000
10221  10.588  -69.691  -25.019 0.6000000238
10955  8.136  -68.832  -23.794 0.6999999881
9464  15.656  -71.145  -26.610 0.6000000238
10244  16.025  -70.503  -26.123 0.6000000238
3928  24.481  -78.127  -28.428 0.3000000119
4491  23.115  -77.723  -26.670 0.3000000119
4474  24.331  -77.112  -26.302 0.4000000060
196126  22.029  -78.073  -26.286 0.3000000119
178126  21.625  -77.560  -24.585 0.4000000060
3877  20.752  -78.107  -24.636 0.4000000060
4941  20.732  -76.124  -21.320 0.4000000060
4432  20.178  -77.518  -23.518 0.3000000119
4942  19.977  -76.291  -21.170 0.5000000000
5523  19.480  -75.841  -20.598 0.6000000238
3878  20.197  -78.235  -24.577 0.5000000000
4404  19.491  -77.194  -22.200 0.5000000000
3879  19.428  -78.322  -24.691 0.5000000000
6100  18.638  -75.069  -20.486 0.6000000238
6148  19.760  -74.688  -23.498 0.6999999881
169052  10.258  -71.397  -25.627 0.6000000238
8645  7.102  -72.268  -20.770 0.6000000238
8761  18.023  -71.977  -28.497 0.6000000238
9475  19.755  -70.439  -27.692 0.5000000000
8762  17.426  -72.113  -28.407 0.6000000238
8742  17.114  -71.843  -27.814 0.6000000238
9476  18.818  -71.033  -27.539 0.5000000000
9477  18.181  -71.294  -27.320 0.6000000238
177346  17.120  -70.933  -26.683 0.5000000000
10243  16.760  -70.374  -26.229 0.5000000000
2202  22.215  -80.415  -6.186 0.4000000060
2213  22.977  -80.861  -7.391 0.4000000060
1576  22.692  -81.441  -7.139 0.5000000000
1840  19.387  -81.247  -4.588 0.5000000000
1571  18.425  -82.070  -4.889 0.5000000000
1033  17.451  -83.521  -5.476 0.5000000000
1563  20.187  -81.580  -4.949 0.5000000000
2177  20.817  -80.458  -4.626 0.5000000000
2225  22.982  -80.717  -8.080 0.4000000060
2236  24.144  -80.767  -8.737 0.4000000060
1874  24.362  -81.036  -8.396 0.5000000000
1730  27.194  -81.165  -24.442 0.3000000119
1721  27.229  -81.466  -23.514 0.3000000119
2059  26.982  -80.979  -25.226 0.3000000119
2451  26.753  -80.115  -26.560 0.3000000119
2179  19.663  -80.608  -4.337 0.4000000060
2193  18.477  -80.738  -4.905 0.5000000000
1572  17.725  -81.643  -5.555 0.5000000000
2629  21.096  -79.777  -4.706 0.4000000060
2191  21.859  -80.447  -5.538 0.4000000060
2226  22.476  -80.109  -8.007 0.3000000119
193055  21.808  -78.807  -7.082 0.3000000119
1315  26.319  -82.500  -9.550 0.4000000060
2680  23.115  -80.154  -9.862 0.3000000119
2246  25.082  -80.741  -9.176 0.4000000060
1882  25.350  -81.099  -8.849 0.5000000000
2692  24.548  -80.109  -10.420 0.3000000119
2048  27.209  -80.710  -23.525 0.3000000119
1439  27.038  -82.052  -22.587 0.3000000119
176995  27.199  -80.287  -25.230 0.3000000119
2450  26.946  -79.520  -26.311 0.3000000119
2455  26.437  -79.617  -27.252 0.3000000119
182718  20.075  -79.195  -4.383 0.3000000119
193501  18.948  -79.608  -4.720 0.4000000060
189902  20.875  -78.688  -4.751 0.3000000119
2694  23.365  -79.734  -10.374 0.3000000119
1888  27.516  -81.499  -10.411 0.4000000060
1070  27.322  -82.708  -10.521 0.4000000060
1890  26.119  -81.156  -9.918 0.4000000060
2705  24.511  -79.622  -10.760 0.3000000119
2432  26.742  -80.069  -24.094 0.4000000060
2412  27.007  -80.656  -23.255 0.4000000060
2038  26.922  -81.178  -22.012 0.4000000060
2029  26.722  -81.316  -21.437 0.4000000060
1698  26.388  -81.535  -20.122 0.4000000060
1691  26.028  -81.775  -19.569 0.5000000000
2882  27.072  -79.722  -24.821 0.3000000119
2442  27.308  -80.001  -24.820 0.3000000119
2888  27.040  -79.523  -25.718 0.3000000119
3383  27.105  -78.570  -27.382 0.3000000119
4503  26.081  -77.240  -27.690 0.3000000119
3602  20.092  -78.168  -4.892 0.3000000119
1903  28.278  -81.138  -12.119 0.3000000119
195339  28.201  -81.926  -11.405 0.3000000119
1090  28.297  -82.770  -13.390 0.4000000060
806  27.687  -83.238  -13.404 0.4000000060
194602  24.562  -78.865  -10.912 0.3000000119
2279  27.194  -80.485  -11.337 0.3000000119
2704  25.709  -79.342  -11.131 0.3000000119
2270  25.949  -80.059  -10.788 0.3000000119
1386  23.554  -82.849  -15.603 0.5000000000
1376  24.711  -82.645  -14.809 0.5000000000
3366  24.714  -79.078  -23.657 0.3000000119
2872  24.724  -79.504  -23.949 0.3000000119
3370  25.595  -78.801  -24.465 0.3000000119
2424  24.956  -80.021  -23.646 0.3000000119
2413  26.642  -80.779  -22.645 0.4000000060
2002  24.926  -81.239  -19.570 0.5000000000
1671  24.488  -82.220  -17.898 0.5000000000
2433  25.918  -79.683  -24.363 0.3000000119
2399  26.251  -80.910  -22.013 0.4000000060
2014  25.877  -81.169  -20.551 0.4000000060
2001  25.726  -81.338  -19.858 0.5000000000
1692  25.534  -81.488  -19.270 0.5000000000
3373  26.924  -78.998  -25.676 0.3000000119
190125  26.974  -78.986  -26.213 0.3000000119
3913  27.300  -78.093  -27.168 0.3000000119
4502  26.801  -77.300  -27.530 0.3000000119
4488  25.608  -77.041  -27.051 0.4000000060
1616  29.039  -81.843  -13.035 0.3000000119
1097  28.337  -82.694  -14.322 0.4000000060
4247  24.694  -77.668  -10.538 0.3000000119
2716  26.904  -79.669  -11.697 0.3000000119
2291  27.941  -80.420  -12.353 0.3000000119
197804  27.951  -83.038  -14.648 0.4000000060
3185  25.344  -78.741  -11.066 0.3000000119
1128  26.403  -83.221  -15.446 0.4000000060
185605  25.044  -83.134  -14.758 0.5000000000
1957  23.666  -81.484  -15.337 0.4000000060
181263  24.423  -82.149  -14.893 0.5000000000
179229  25.178  -78.439  -22.018 0.3000000119
1387  23.162  -82.447  -15.583 0.5000000000
1377  23.627  -82.230  -14.887 0.5000000000
3367  24.181  -79.118  -23.196 0.3000000119
1995  23.593  -81.598  -18.384 0.4000000060
1673  23.203  -81.912  -17.396 0.5000000000
3364  25.925  -78.083  -23.891 0.3000000119
2415  24.648  -80.280  -22.868 0.4000000060
182121  24.463  -80.514  -22.047 0.4000000060
2003  24.038  -81.074  -19.651 0.5000000000
1683  24.084  -81.893  -18.130 0.5000000000
3369  26.037  -78.483  -24.740 0.3000000119
2414  25.640  -80.465  -22.831 0.4000000060
2031  25.125  -80.808  -21.186 0.5000000000
192027  25.142  -80.977  -20.377 0.5000000000
3885  26.792  -78.118  -25.705 0.3000000119
5024  27.323  -77.034  -25.869 0.4000000060
4473  27.164  -76.567  -26.350 0.3000000119
4485  27.303  -77.219  -26.549 0.4000000060
5038  26.703  -76.602  -26.699 0.4000000060
5015  14.523  -76.471  -25.449 0.5000000000
5040  25.137  -76.859  -26.415 0.3000000119
3699  26.672  -77.601  -11.162 0.3000000119
197043  26.897  -79.013  -11.824 0.3000000119
1649  28.340  -81.866  -16.500 0.3000000119
3700  25.845  -78.033  -11.027 0.3000000119
1661  27.522  -81.801  -17.001 0.3000000119
1651  25.166  -81.698  -15.731 0.5000000000
1971  23.804  -80.957  -15.998 0.4000000060
167836  25.011  -80.719  -16.611 0.3000000119
3333  25.560  -78.222  -20.525 0.3000000119
1987  22.763  -81.660  -17.207 0.5000000000
3359  24.815  -78.730  -22.872 0.3000000119
172573  23.209  -81.221  -18.710 0.4000000060
177151  22.976  -81.547  -17.919 0.4000000060
2425  23.652  -79.903  -22.881 0.4000000060
2401  23.767  -80.397  -21.966 0.4000000060
2016  23.610  -80.529  -21.215 0.4000000060
2017  23.352  -80.697  -20.365 0.4000000060
3363  26.476  -77.688  -23.833 0.3000000119
3869  26.766  -77.229  -24.066 0.3000000119
2032  24.314  -80.643  -21.304 0.4000000060
2015  24.315  -80.827  -20.471 0.5000000000
176928  27.299  -76.363  -25.230 0.3000000119
5590  26.718  -75.550  -25.198 0.4000000060
5009  26.282  -75.792  -25.711 0.4000000060
4999  14.053  -76.301  -24.760 0.5000000000
5026  25.595  -76.191  -26.027 0.4000000060
200947  25.637  -75.857  -25.435 0.5000000000
5014  15.241  -76.427  -25.729 0.5000000000
3196  27.649  -78.275  -12.225 0.3000000119
6191  9.363  -74.648  -24.829 0.5000000000
2352  22.862  -80.577  -16.448 0.3000000119
2351  23.658  -80.385  -16.467 0.3000000119
6190  9.665  -74.636  -25.005 0.5000000000
5569  8.984  -75.697  -24.013 0.6000000238
3317  25.874  -78.155  -20.024 0.3000000119
3334  24.615  -78.188  -20.743 0.3000000119
3331  26.762  -78.088  -20.857 0.3000000119
3347  23.914  -78.581  -21.642 0.3000000119
3348  23.047  -79.012  -21.774 0.3000000119
2375  22.118  -80.737  -18.686 0.4000000060
1988  22.480  -81.330  -17.440 0.4000000060
6176  11.399  -74.612  -24.604 0.5000000000
5543  10.895  -75.100  -22.138 0.5000000000
2418  23.042  -80.033  -22.180 0.3000000119
2403  22.555  -80.042  -21.702 0.3000000119
2391  22.437  -80.459  -20.506 0.3000000119
188699  21.785  -80.197  -20.405 0.3000000119
6831  11.986  -74.185  -24.583 0.5000000000
4431  27.237  -76.651  -23.587 0.3000000119
196312  27.368  -76.568  -24.258 0.3000000119
6156  13.079  -74.595  -23.464 0.5000000000
4994  27.368  -76.101  -24.602 0.3000000119
4988  13.266  -75.780  -23.500 0.5000000000
5575  27.026  -75.379  -24.619 0.4000000060
4987  13.831  -76.290  -23.497 0.6000000238
6166  26.112  -74.930  -24.097 0.4000000060
184297  24.975  -75.441  -24.420 0.5000000000
4986  14.323  -76.809  -23.500 0.5000000000
6145  24.675  -75.184  -23.846 0.4000000060
5592  24.652  -75.952  -24.782 0.3000000119
5027  24.688  -76.579  -25.838 0.4000000060
4451  15.459  -77.303  -24.327 0.6000000238
6776  22.900  -74.208  -20.710 0.3000000119
6113  22.858  -75.231  -21.863 0.4000000060
5550  23.316  -75.624  -22.954 0.4000000060
5593  24.012  -76.220  -24.611 0.3000000119
4450  16.329  -77.430  -24.703 0.6000000238
4464  15.881  -76.974  -25.308 0.5000000000
6743  21.901  -73.431  -19.560 0.3000000119
6097  22.034  -74.981  -20.681 0.5000000000
5538  22.193  -75.703  -21.766 0.4000000060
4972  22.220  -76.333  -22.652 0.4000000060
189817  16.515  -76.769  -26.002 0.6000000238
7383  21.502  -72.986  -19.462 0.3000000119
179726  21.581  -74.629  -20.194 0.5000000000
5520  21.798  -75.512  -21.050 0.4000000060
4957  21.762  -76.361  -22.148 0.4000000060
7384  20.822  -73.052  -19.689 0.4000000060
6083  20.870  -74.733  -20.046 0.5000000000
5521  21.045  -75.659  -20.893 0.4000000060
5509  20.582  -75.243  -20.330 0.5000000000
6177  9.395  -74.640  -24.718 0.6000000238
6138  9.319  -75.058  -23.812 0.6000000238
4377  26.040  -77.621  -19.682 0.3000000119
3318  25.108  -78.121  -20.060 0.3000000119
3319  24.362  -78.040  -20.201 0.3000000119
190302  23.560  -78.305  -20.988 0.3000000119
6816  9.513  -74.067  -24.575 0.6000000238
6137  9.882  -74.732  -23.321 0.6000000238
3837  27.019  -77.762  -20.334 0.3000000119
195349  22.773  -78.845  -21.278 0.3000000119
3336  21.734  -79.384  -20.725 0.3000000119
6119  10.661  -74.353  -22.557 0.6000000238
4930  27.722  -76.172  -20.951 0.3000000119
3349  22.473  -79.522  -21.636 0.3000000119
193142  21.800  -79.873  -20.768 0.3000000119
6118  11.037  -74.191  -21.626 0.6000000238
176778  27.467  -76.261  -23.816 0.3000000119
6796  10.614  -73.485  -21.569 0.6000000238
6778  10.832  -74.024  -21.062 0.6000000238
6765  10.487  -74.056  -20.662 0.6000000238
6087  10.338  -74.558  -20.333 0.5000000000
6127  24.441  -74.573  -23.035 0.4000000060
6129  23.172  -75.416  -22.431 0.4000000060
8008  20.900  -72.156  -20.312 0.4000000060
7385  20.069  -73.311  -19.781 0.5000000000
4365  26.414  -76.959  -19.319 0.3000000119
177142  25.691  -77.125  -19.188 0.3000000119
3838  25.248  -77.884  -19.638 0.3000000119
3827  24.620  -77.683  -19.405 0.3000000119
3320  23.560  -77.936  -20.258 0.3000000119
3321  22.139  -78.653  -20.409 0.3000000119
3842  21.236  -78.472  -19.466 0.3000000119
6832  9.483  -74.164  -24.952 0.5000000000
4919  26.900  -76.736  -19.551 0.3000000119
4383  27.317  -77.321  -20.647 0.3000000119
185271  9.817  -73.337  -24.184 0.5000000000
6815  9.839  -73.897  -23.899 0.6000000238
4918  27.204  -76.474  -19.862 0.3000000119
2838  21.325  -79.703  -20.190 0.3000000119
6805  10.366  -73.804  -23.042 0.6000000238
5499  27.737  -75.333  -19.990 0.3000000119
167783  10.355  -73.011  -22.233 0.6000000238
6803  24.838  -74.149  -22.636 0.3000000119
175814  25.871  -74.384  -23.175 0.3000000119
7404  10.118  -72.989  -21.549 0.6000000238
6103  8.843  -74.518  -21.155 0.6000000238
7432  10.233  -73.077  -23.276 0.6000000238
8060  9.457  -72.434  -24.648 0.5000000000
8048  9.598  -72.014  -23.780 0.6000000238
7412  9.915  -72.599  -22.014 0.6000000238
7405  9.350  -72.842  -21.800 0.6000000238
6780  9.346  -73.527  -21.293 0.6000000238
6781  8.209  -73.512  -21.838 0.6000000238
6782  7.504  -74.263  -21.576 0.5000000000
7433  9.643  -72.840  -24.407 0.5000000000
171710  9.285  -72.177  -24.884 0.5000000000
8033  9.650  -71.995  -22.871 0.5000000000
7414  8.549  -72.805  -22.074 0.6000000238
6089  7.070  -74.556  -20.682 0.5000000000
7999  6.938  -72.744  -20.524 0.6000000238
6767  6.840  -73.903  -20.857 0.6000000238
6076  7.026  -74.692  -20.037 0.5000000000
6746  7.202  -74.351  -19.598 0.6000000238
6075  7.251  -75.040  -19.549 0.6000000238
8700  9.348  -71.652  -24.278 0.5000000000
8034  8.605  -71.799  -22.515 0.5000000000
8022  7.688  -72.446  -22.107 0.5000000000
7415  7.763  -73.038  -22.082 0.6000000238
8023  7.551  -72.052  -21.970 0.6000000238
7416  7.172  -73.165  -21.919 0.5000000000
6783  7.019  -74.175  -21.337 0.5000000000
184477  7.151  -72.138  -21.651 0.6000000238
10170  8.445  -69.756  -22.129 0.6000000238
8016  6.909  -72.629  -21.344 0.6000000238
190808  7.495  -74.508  -19.123 0.5000000000
10026  7.333  -70.242  -15.166 0.5000000000
8716  9.377  -71.660  -24.853 0.5000000000
8035  8.152  -71.606  -22.442 0.6000000238
10838  7.068  -68.601  -16.295 0.5000000000
11618  6.922  -67.748  -17.369 0.6000000238
10817  7.519  -69.206  -15.948 0.6000000238
10043  7.958  -69.784  -15.664 0.6000000238
10044  7.111  -69.578  -15.503 0.5000000000
169769  7.868  -70.416  -15.138 0.5000000000
7915  7.731  -72.272  -14.587 0.5000000000
6055  8.624  -75.065  -17.935 0.5000000000
6720  7.782  -74.265  -18.474 0.5000000000
13097  10.008  -66.993  -18.242 0.6000000238
13110  10.083  -67.019  -19.575 0.6999999881
12332  9.680  -67.186  -18.766 0.6000000238
12349  9.471  -67.161  -19.362 0.6999999881
12351  8.444  -67.159  -19.836 0.6000000238
13133  7.797  -66.949  -19.670 0.6000000238
11615  9.154  -68.292  -17.901 0.6000000238
12334  8.374  -67.627  -19.063 0.6000000238
12298  9.722  -67.359  -17.206 0.6000000238
11614  9.554  -68.138  -17.701 0.6000000238
11616  8.532  -68.376  -18.038 0.6000000238
12335  7.725  -67.849  -18.821 0.5000000000
12336  7.230  -67.248  -19.001 0.6000000238
11593  9.774  -68.680  -17.116 0.6000000238
10836  8.980  -68.867  -17.603 0.6000000238
11596  7.376  -68.492  -17.179 0.5000000000
12315  7.119  -67.634  -18.272 0.6000000238
10835  9.390  -69.213  -17.190 0.6000000238
10816  8.404  -69.564  -16.426 0.6000000238
10041  9.213  -70.033  -15.940 0.6000000238
10042  8.727  -69.906  -16.128 0.6000000238
10025  8.458  -70.118  -15.520 0.6000000238
8536  8.115  -71.561  -14.664 0.5000000000
7304  7.812  -72.974  -14.447 0.5000000000
6664  9.205  -74.126  -14.302 0.5000000000
5995  9.505  -74.883  -14.294 0.5000000000
5420  9.935  -76.154  -14.420 0.5000000000
13132  9.087  -67.061  -20.326 0.6000000238
13162  8.809  -66.693  -21.285 0.6999999881
10802  9.844  -69.698  -16.150 0.5000000000
9246  8.983  -70.717  -14.966 0.6000000238
7914  9.028  -72.218  -14.541 0.6000000238
179406  8.420  -72.604  -14.463 0.5000000000
7890  9.154  -72.932  -14.388 0.6000000238
6663  10.076  -74.272  -14.081 0.5000000000
5993  10.893  -74.685  -14.132 0.6000000238
5403  10.864  -75.336  -14.345 0.6000000238
169998  15.642  -66.735  -17.842 0.4000000060
13945  11.912  -65.845  -21.066 0.6999999881
15429  11.124  -63.852  -20.351 0.5000000000
15430  10.377  -63.720  -20.347 0.5000000000
13080  15.239  -66.800  -17.041 0.6000000238
186697  15.234  -67.213  -17.929 0.5000000000
15448  10.784  -64.431  -20.780 0.6000000238
15450  9.462  -64.125  -21.112 0.5000000000
13877  15.099  -66.634  -16.260 0.5000000000
198541  11.948  -66.212  -20.525 0.6000000238
14713  10.871  -65.555  -21.422 0.8000000119
193401  11.301  -67.009  -20.363 0.6999999881
13149  10.413  -66.965  -21.124 0.8000000119
14716  8.616  -65.564  -21.751 0.6999999881
7889  9.688  -72.392  -14.339 0.6000000238
7289  10.379  -73.625  -13.968 0.6000000238
16169  11.585  -63.230  -19.011 0.5000000000
13092  15.627  -67.211  -18.447 0.5000000000
14672  12.815  -64.987  -20.330 0.6999999881
16194  10.233  -63.305  -19.652 0.5000000000
14613  15.563  -65.310  -15.960 0.4000000060
14625  15.851  -65.618  -16.660 0.4000000060
14606  14.807  -65.795  -15.029 0.4000000060
13861  14.448  -66.090  -14.599 0.5000000000
13019  13.406  -66.935  -13.684 0.4000000060
16168  12.353  -63.485  -18.748 0.5000000000
171913  11.058  -62.909  -18.484 0.5000000000
171255  16.502  -66.146  -18.693 0.3000000119
13910  16.891  -66.099  -19.376 0.3000000119
15427  12.507  -64.278  -19.991 0.6000000238
14597  14.832  -65.294  -14.444 0.4000000060
13853  14.527  -65.933  -13.932 0.4000000060
13001  13.062  -67.284  -13.279 0.4000000060
16191  12.866  -63.916  -19.260 0.6000000238
15426  13.407  -64.505  -19.696 0.6000000238
12999  14.228  -66.596  -13.362 0.4000000060
200895  13.410  -63.032  -18.190 0.5000000000
16149  11.821  -63.067  -18.312 0.5000000000
16147  18.642  -63.805  -18.071 0.3000000119
14652  17.410  -65.506  -19.350 0.3000000119
14668  17.551  -65.523  -20.012 0.3000000119
14689  16.977  -65.541  -20.997 0.4000000060
12997  15.286  -66.678  -13.277 0.3000000119
185552  14.249  -67.460  -12.892 0.4000000060
11515  15.199  -67.860  -13.398 0.4000000060
15442  18.105  -64.440  -20.511 0.4000000060
16892  14.170  -62.970  -18.298 0.6000000238
16862  12.709  -62.449  -17.488 0.4000000060
16210  17.616  -64.023  -21.006 0.4000000060
16874  18.727  -62.796  -18.093 0.3000000119
16891  18.704  -62.881  -18.754 0.3000000119
17607  14.127  -61.887  -17.565 0.5000000000
16224  16.465  -63.930  -21.472 0.4000000060
16929  15.711  -63.477  -21.568 0.4000000060
167590  14.255  -62.189  -22.061 0.5000000000
16939  15.894  -62.852  -22.170 0.4000000060
16940  15.050  -62.534  -21.828 0.4000000060
20176  17.804  -59.629  -23.696 0.3000000119
21012  16.758  -59.162  -23.118 0.3000000119
20178  16.472  -60.145  -23.085 0.3000000119
20163  15.677  -59.932  -22.614 0.3000000119
21013  15.927  -59.332  -22.341 0.3000000119
183695  10.008  -56.198  -16.436 0.4000000060
196397  18.400  -58.585  -24.172 0.3000000119
2839  20.805  -79.837  -19.520 0.3000000119
174782  25.065  -74.777  -23.646 0.4000000060
17678  15.682  -61.772  -22.659 0.3000000119
7288  11.202  -73.618  -13.908 0.6000000238
23559  10.336  -56.350  -14.103 0.4000000060
13047  14.090  -66.676  -15.514 0.5000000000
200154  15.903  -61.069  -22.847 0.3000000119
4996  23.447  -76.537  -24.437 0.3000000119
5551  22.760  -75.951  -22.750 0.4000000060
185011  9.099  -71.959  -22.569 0.5000000000
2215  22.275  -79.844  -6.506 0.4000000060
1846  21.256  -81.185  -5.383 0.5000000000
183243  17.898  -82.314  -5.383 0.5000000000
1312  25.523  -82.136  -8.652 0.5000000000
2042  27.113  -81.080  -22.865 0.4000000060
3115  21.622  -78.974  -5.463 0.4000000060
1880  26.513  -81.782  -9.734 0.4000000060
175613  27.094  -82.836  -11.004 0.4000000060
2431  27.143  -80.340  -23.859 0.4000000060
2028  27.073  -81.444  -21.695 0.4000000060
1696  26.616  -81.934  -20.739 0.4000000060
2631  18.009  -79.590  -5.978 0.3000000119
3177  23.082  -78.931  -10.545 0.3000000119
1897  27.016  -80.851  -10.719 0.3000000119
194641  28.095  -82.662  -11.656 0.4000000060
1079  27.241  -82.867  -11.789 0.4000000060
2877  26.976  -79.895  -24.484 0.3000000119
173865  26.464  -78.956  -25.204 0.4000000060
1338  28.870  -82.315  -13.085 0.4000000060
1104  27.344  -83.484  -14.670 0.4000000060
1994  24.314  -81.423  -18.900 0.5000000000
5000  13.429  -76.214  -24.055 0.5000000000
3376  27.168  -78.396  -26.155 0.4000000060
2290  28.235  -79.783  -12.978 0.3000000119
1373  27.809  -82.466  -16.223 0.4000000060
1127  27.399  -83.053  -15.684 0.4000000060
1385  26.604  -82.522  -16.224 0.5000000000
1958  23.113  -81.484  -15.688 0.5000000000
2864  23.737  -79.478  -22.912 0.3000000119
3865  26.844  -77.070  -23.076 0.3000000119
3876  26.643  -77.765  -25.029 0.3000000119
4444  27.142  -76.966  -24.496 0.3000000119
4465  15.054  -76.777  -24.951 0.6000000238
1986  26.294  -80.982  -17.259 0.3000000119
1662  26.701  -82.109  -16.746 0.4000000060
2383  22.081  -80.528  -19.662 0.3000000119
5568  13.256  -75.258  -23.216 0.5000000000
5591  26.061  -75.498  -25.117 0.4000000060
2802  23.598  -80.040  -16.738 0.3000000119
2376  21.457  -80.496  -19.059 0.3000000119
6793  23.064  -74.567  -21.431 0.4000000060
6128  23.801  -75.089  -22.797 0.4000000060
5579  23.716  -76.018  -23.961 0.4000000060
7382  22.197  -72.899  -19.378 0.3000000119
188221  23.536  -77.634  -19.783 0.3000000119
7422  9.914  -72.544  -23.537 0.6000000238
6111  24.103  -74.391  -22.448 0.3000000119
187103  22.343  -77.669  -19.514 0.3000000119
3830  21.695  -77.774  -19.247 0.3000000119
6081  27.705  -74.858  -20.257 0.3000000119
6797  7.414  -73.588  -21.899 0.5000000000
170321  6.825  -73.680  -21.417 0.6000000238
174577  10.332  -67.226  -20.477 0.6999999881
14715  9.393  -65.517  -21.686 0.6999999881
13946  11.311  -66.629  -21.011 0.6999999881
15447  11.476  -64.622  -20.707 0.6000000238
15398  17.599  -64.510  -18.132 0.3000000119
16164  18.798  -63.906  -18.842 0.3000000119
6136  14.320  -75.346  -22.966 0.5000000000
6155  13.842  -74.817  -23.094 0.5000000000
193510  20.238  -73.664  -23.109 0.6000000238
8671  8.929  -71.260  -22.931 0.4000000060
9431  8.180  -70.408  -23.338 0.5000000000
7998  7.196  -72.850  -19.699 0.5000000000
10141  8.673  -70.043  -21.532 0.5000000000
9352  7.913  -71.129  -20.935 0.5000000000
8010  7.285  -72.286  -20.152 0.5000000000
6730  7.878  -73.718  -18.565 0.5000000000
7983  7.946  -72.800  -19.540 0.5000000000
10922  9.312  -69.219  -22.228 0.5000000000
6719  8.211  -73.832  -18.247 0.4000000060
9351  8.536  -70.809  -20.598 0.5000000000
8643  8.159  -71.412  -20.330 0.5000000000
7368  8.237  -73.495  -18.674 0.5000000000
6711  8.919  -74.447  -17.826 0.5000000000
8642  8.850  -71.202  -20.119 0.6000000238
7997  8.346  -72.296  -19.530 0.5000000000
7357  8.910  -73.592  -18.489 0.5000000000
4860  10.962  -76.207  -15.071 0.5000000000
8631  9.293  -71.409  -19.535 0.6000000238
6043  10.145  -75.414  -16.815 0.5000000000
5445  10.637  -75.986  -16.303 0.5000000000
7981  8.999  -72.403  -18.887 0.6000000238
6710  9.341  -73.962  -17.538 0.6000000238
6044  9.655  -74.762  -17.364 0.5000000000
9349  9.866  -70.920  -20.441 0.6000000238
8614  9.433  -71.645  -18.870 0.6000000238
7966  9.291  -72.980  -18.358 0.6000000238
6026  10.776  -75.213  -16.387 0.6000000238
7965  9.652  -72.127  -18.259 0.6000000238
183826  11.297  -75.364  -15.916 0.5000000000
5417  11.587  -75.184  -14.987 0.5000000000
7347  9.643  -73.484  -17.420 0.6000000238
6709  10.021  -74.050  -17.094 0.6000000238
13153  7.639  -66.496  -20.121 0.5000000000
13965  7.968  -65.643  -21.234 0.5000000000
13152  8.159  -66.767  -20.381 0.5000000000
6005  11.751  -74.533  -14.711 0.6000000238
7953  10.377  -72.734  -17.424 0.6000000238
6015  11.724  -74.639  -15.451 0.6000000238
7346  10.142  -73.319  -17.183 0.6000000238
6698  11.169  -74.146  -16.481 0.6000000238
7345  10.800  -73.178  -16.991 0.6000000238
16927  17.309  -63.257  -22.079 0.3000000119
23606  9.122  -56.602  -17.371 0.3000000119
6764  19.632  -73.904  -20.044 0.4000000060
7411  19.545  -73.370  -21.462 0.5000000000
191966  16.792  -77.237  -25.361 0.5000000000
7410  20.109  -73.030  -21.979 0.4000000060
187613  16.096  -77.590  -24.061 0.4000000060
6810  20.669  -73.621  -23.694 0.4000000060
5556  13.837  -75.689  -23.097 0.4000000060
4974  14.767  -76.676  -22.895 0.4000000060
4975  14.195  -76.346  -23.081 0.4000000060
4438  14.939  -77.193  -23.550 0.4000000060
4437  15.654  -77.448  -23.498 0.4000000060
6837  22.322  -73.557  -25.522 0.4000000060
6838  21.758  -73.910  -25.191 0.4000000060
6181  21.020  -74.928  -25.053 0.4000000060
6813  13.729  -74.117  -23.450 0.4000000060
6839  21.193  -74.282  -24.719 0.4000000060
6197  21.174  -75.232  -25.620 0.4000000060
5606  20.795  -75.356  -26.070 0.5000000000
8594  10.271  -71.793  -18.100 0.5000000000
200409  10.544  -71.441  -18.453 0.5000000000
7964  10.645  -72.193  -17.693 0.5000000000
8593  10.942  -71.767  -18.105 0.5000000000
8611  11.994  -71.426  -18.433 0.5000000000
7943  11.423  -73.011  -16.698 0.5000000000
179274  12.204  -71.449  -17.778 0.5000000000
178243  8.771  -64.051  -21.045 0.4000000060
16195  9.718  -63.384  -20.192 0.4000000060
8577  11.292  -72.066  -17.560 0.5000000000
7336  11.229  -73.606  -16.511 0.5000000000
6811  20.235  -74.210  -23.542 0.5000000000
6825  21.505  -73.582  -24.734 0.4000000060
6180  21.500  -74.602  -25.404 0.4000000060
1027  18.789  -83.158  -5.085 0.4000000060
1031  18.410  -83.671  -5.358 0.4000000060
532  16.994  -81.838  -11.090 0.4000000060
1287  19.234  -82.625  -4.918 0.4000000060
1030  19.500  -83.168  -5.537 0.4000000060
183273  17.641  -81.611  -10.835 0.4000000060
752  19.261  -83.545  -6.583 0.4000000060
169869  19.218  -84.260  -10.667 0.4000000060
198918  18.836  -81.844  -10.610 0.4000000060
190354  17.654  -81.529  -10.050 0.4000000060
1291  21.285  -81.717  -6.146 0.5000000000
1293  20.093  -82.244  -5.451 0.5000000000
1035  20.775  -81.722  -6.467 0.4000000060
190550  20.067  -82.386  -6.087 0.4000000060
166875  18.948  -81.196  -9.651 0.4000000060
194291  22.080  -81.306  -6.336 0.5000000000
174163  22.391  -82.054  -7.603 0.5000000000
182362  21.651  -81.824  -6.462 0.5000000000
1043  20.514  -81.633  -7.001 0.4000000060
178760  19.158  -82.696  -7.263 0.4000000060
1040  22.218  -82.229  -7.943 0.4000000060
1042  21.217  -81.672  -7.240 0.4000000060
779  22.182  -84.121  -9.848 0.4000000060
509  20.805  -83.669  -9.574 0.4000000060
510  20.129  -82.835  -9.784 0.4000000060
773  19.862  -81.559  -9.598 0.4000000060
757  19.208  -81.777  -8.146 0.4000000060
519  20.407  -84.015  -9.958 0.4000000060
511  19.403  -81.779  -10.278 0.4000000060
755  22.329  -83.330  -8.606 0.5000000000
756  21.995  -83.014  -8.400 0.4000000060
1060  21.105  -81.685  -8.525 0.4000000060
1062  19.985  -81.346  -8.350 0.4000000060
769  22.956  -83.675  -9.364 0.5000000000
771  21.850  -83.922  -9.297 0.4000000060
171908  21.270  -83.448  -9.064 0.4000000060
763  20.520  -81.484  -9.015 0.4000000060
309  24.033  -84.656  -12.023 0.3000000119
323  24.039  -85.061  -12.610 0.3000000119
538  24.600  -84.763  -12.399 0.4000000060
785  23.710  -83.948  -11.136 0.3000000119
549  25.623  -84.593  -12.703 0.4000000060
783  24.857  -83.975  -11.686 0.4000000060
364  23.611  -84.841  -15.353 0.3000000119
343  24.507  -85.081  -14.110 0.4000000060
333  24.469  -85.239  -13.589 0.4000000060
191280  25.576  -84.716  -13.365 0.4000000060
577  24.649  -84.510  -14.659 0.4000000060
566  25.096  -84.865  -13.912 0.4000000060
564  26.221  -84.364  -14.302 0.4000000060
169104  26.768  -84.022  -14.485 0.3000000119
515  23.231  -83.915  -10.581 0.3000000119
798  26.499  -83.923  -12.496 0.3000000119
791  25.454  -83.756  -11.871 0.4000000060
583  23.936  -84.260  -15.593 0.4000000060
557  26.199  -84.434  -13.618 0.3000000119
826  25.325  -84.157  -14.715 0.4000000060
833  25.013  -83.592  -14.704 0.4000000060
193258  25.848  -83.924  -14.940 0.4000000060
777  23.949  -83.625  -10.566 0.4000000060
784  24.607  -83.638  -11.055 0.4000000060
171941  24.081  -84.771  -16.480 0.4000000060
807  27.196  -83.717  -13.282 0.3000000119
1144  24.904  -83.689  -17.311 0.4000000060
857  24.213  -84.333  -16.561 0.4000000060
1394  24.894  -82.675  -17.790 0.4000000060
1139  23.912  -83.330  -15.725 0.4000000060
834  24.422  -83.827  -14.688 0.4000000060
1068  23.468  -83.427  -9.324 0.4000000060
767  24.459  -83.250  -9.640 0.4000000060
781  26.339  -82.983  -11.222 0.3000000119
168668  25.279  -83.224  -10.147 0.4000000060
790  26.820  -83.250  -12.199 0.3000000119
1393  25.458  -83.201  -18.065 0.4000000060
1400  26.008  -83.002  -18.912 0.4000000060
1401  25.622  -82.584  -18.587 0.4000000060
187672  23.755  -82.683  -16.809 0.4000000060
1129  24.036  -83.079  -14.737 0.4000000060
1301  23.545  -82.167  -8.322 0.4000000060
1064  26.222  -82.772  -9.880 0.3000000119
1858  23.319  -81.297  -8.055 0.4000000060
174093  22.937  -82.994  -8.515 0.4000000060
1306  24.210  -81.997  -8.365 0.4000000060
1057  24.143  -82.976  -8.733 0.4000000060
170294  25.178  -82.827  -9.294 0.4000000060
5623  19.950  -75.188  -26.914 0.4000000060
179432  23.889  -83.704  -15.389 0.4000000060
322  24.510  -85.019  -13.021 0.4000000060
324  23.549  -85.470  -12.683 0.3000000119
354  24.162  -84.895  -14.662 0.4000000060
363  23.866  -84.599  -15.004 0.3000000119
371  23.825  -84.704  -15.748 0.4000000060
508  21.496  -84.142  -9.626 0.4000000060
516  22.485  -84.199  -10.616 0.3000000119
517  21.845  -84.426  -10.262 0.4000000060
520  19.307  -82.932  -10.565 0.4000000060
526  24.251  -84.115  -11.504 0.3000000119
537  25.157  -84.367  -12.256 0.4000000060
548  26.126  -84.414  -12.906 0.3000000119
550  25.107  -84.813  -12.819 0.4000000060
558  24.927  -84.948  -13.423 0.4000000060
565  25.661  -84.612  -14.098 0.4000000060
570  25.572  -84.449  -14.531 0.4000000060
571  25.023  -84.808  -14.412 0.4000000060
578  23.943  -84.300  -14.956 0.4000000060
744  19.133  -83.782  -5.932 0.4000000060
745  18.448  -84.168  -5.697 0.4000000060
760  22.589  -83.548  -8.940 0.5000000000
761  21.950  -83.518  -8.823 0.4000000060
762  21.524  -82.836  -8.538 0.4000000060
764  19.508  -81.350  -9.046 0.4000000060
765  18.740  -81.642  -8.794 0.4000000060
768  23.979  -83.368  -9.839 0.4000000060
770  22.416  -83.845  -9.344 0.4000000060
772  20.669  -82.416  -9.375 0.4000000060
775  25.318  -83.327  -10.746 0.4000000060
776  24.691  -83.461  -10.209 0.4000000060
778  22.801  -83.940  -9.927 0.5000000000
782  25.957  -83.054  -10.804 0.3000000119
796  27.585  -83.325  -12.824 0.4000000060
797  27.063  -83.634  -12.690 0.3000000119
799  25.830  -84.072  -12.377 0.4000000060
808  26.675  -84.101  -13.102 0.3000000119
817  27.288  -83.638  -13.965 0.3000000119
818  26.749  -84.085  -13.807 0.3000000119
825  26.108  -84.169  -14.741 0.4000000060
832  26.561  -83.857  -14.981 0.3000000119
835  23.904  -83.805  -14.908 0.4000000060
845  24.224  -83.412  -14.733 0.4000000060
856  24.568  -83.997  -16.770 0.4000000060
1029  19.524  -82.719  -5.271 0.4000000060
1032  18.107  -83.407  -5.298 0.5000000000
1036  19.591  -83.215  -6.127 0.4000000060
1037  16.979  -83.254  -5.893 0.5000000000
1039  22.710  -82.447  -8.249 0.4000000060
1041  21.861  -82.036  -7.492 0.4000000060
1044  19.729  -82.360  -6.823 0.4000000060
1046  24.221  -82.515  -8.500 0.4000000060
1047  23.492  -82.693  -8.482 0.4000000060
1048  22.396  -82.978  -8.333 0.4000000060
1049  22.008  -82.647  -8.247 0.4000000060
1050  21.604  -82.096  -7.956 0.4000000060
1051  20.908  -81.347  -7.924 0.4000000060
1052  20.182  -81.482  -7.652 0.4000000060
1055  25.413  -82.512  -8.837 0.5000000000
1056  24.722  -82.651  -8.901 0.4000000060
1058  23.441  -83.227  -8.774 0.4000000060
1059  22.782  -83.283  -8.686 0.5000000000
1061  20.681  -81.317  -8.463 0.4000000060
1065  25.549  -82.932  -9.791 0.3000000119
1066  24.594  -83.021  -9.234 0.4000000060
1067  24.045  -83.248  -9.199 0.4000000060
1071  26.619  -82.874  -10.450 0.4000000060
1072  25.827  -82.989  -10.310 0.3000000119
1073  24.980  -83.194  -9.702 0.4000000060
1075  27.674  -82.694  -11.238 0.4000000060
1078  27.918  -82.992  -11.924 0.4000000060
1080  26.702  -83.001  -11.668 0.3000000119
1084  28.488  -82.717  -12.670 0.4000000060
1085  28.045  -83.042  -12.399 0.4000000060
1086  27.452  -83.143  -12.345 0.4000000060
1091  28.013  -83.015  -12.918 0.4000000060
1098  27.876  -83.068  -14.044 0.4000000060
1113  27.768  -83.162  -15.162 0.4000000060
1114  26.983  -83.481  -15.235 0.4000000060
1115  25.998  -83.539  -15.036 0.4000000060
1130  23.843  -82.689  -14.676 0.5000000000
1145  24.395  -83.140  -16.887 0.4000000060
1286  19.788  -82.143  -5.142 0.4000000060
1288  18.847  -82.636  -4.832 0.5000000000
1289  18.336  -82.830  -5.055 0.4000000060
1292  20.694  -81.848  -5.714 0.5000000000
1294  17.540  -82.851  -5.523 0.5000000000
1296  21.813  -81.753  -6.487 0.5000000000
1297  20.904  -81.747  -6.161 0.4000000060
1298  20.405  -82.071  -5.845 0.5000000000
1302  22.898  -81.963  -8.065 0.4000000060
1303  22.203  -81.769  -6.954 0.5000000000
1304  21.231  -81.947  -6.938 0.5000000000
1307  23.730  -82.259  -8.361 0.4000000060
1308  23.214  -82.219  -8.351 0.4000000060
1309  20.466  -81.280  -8.164 0.4000000060
1313  24.842  -82.263  -8.655 0.4000000060
1316  25.870  -82.337  -9.043 0.5000000000
1318  26.816  -82.587  -10.068 0.4000000060
1320  28.072  -82.383  -11.203 0.4000000060
1321  27.667  -82.408  -10.801 0.4000000060
1325  28.702  -82.220  -12.118 0.3000000119
1326  28.362  -82.299  -11.744 0.3000000119
1331  28.832  -82.308  -12.502 0.4000000060
1332  28.410  -82.674  -12.114 0.4000000060
1337  29.206  -81.834  -13.594 0.3000000119
1353  28.310  -82.704  -14.927 0.4000000060
1364  28.139  -82.680  -15.563 0.4000000060
1372  28.509  -82.122  -15.919 0.3000000119
1374  26.948  -82.774  -16.043 0.4000000060
1375  25.944  -82.812  -15.477 0.5000000000
1378  23.356  -81.896  -15.248 0.5000000000
1384  27.231  -82.400  -16.660 0.4000000060
1402  25.170  -82.198  -18.424 0.5000000000
1416  26.612  -82.091  -20.982 0.4000000060
1562  20.718  -81.453  -5.214 0.5000000000
1564  19.552  -81.767  -4.880 0.5000000000
1565  19.100  -82.033  -4.746 0.5000000000
1567  21.720  -81.221  -5.906 0.5000000000
1568  21.518  -81.539  -5.987 0.5000000000
1569  21.009  -81.606  -5.611 0.5000000000
1570  20.416  -81.833  -5.326 0.5000000000
1573  17.336  -82.058  -5.891 0.5000000000
1577  22.168  -81.667  -6.778 0.5000000000
1581  23.005  -81.610  -7.838 0.4000000060
1582  22.578  -81.751  -7.268 0.5000000000
1584  24.920  -81.836  -8.541 0.5000000000
1585  23.776  -81.558  -8.142 0.4000000060
1588  25.842  -82.041  -8.875 0.5000000000
1591  26.758  -82.250  -9.836 0.4000000060
1592  26.190  -82.177  -9.368 0.4000000060
1596  27.373  -82.216  -10.273 0.4000000060
1601  27.875  -81.907  -10.867 0.4000000060
1607  28.605  -81.781  -11.914 0.3000000119
1608  28.196  -81.510  -11.380 0.3000000119
1612  28.893  -81.844  -12.457 0.3000000119
1650  25.678  -82.278  -15.661 0.5000000000
1652  24.034  -81.707  -14.989 0.4000000060
1663  23.059  -82.132  -16.257 0.5000000000
1664  22.794  -81.654  -16.479 0.5000000000
1672  23.704  -82.220  -17.300 0.5000000000
1680  26.036  -82.410  -19.313 0.5000000000
1681  25.609  -81.982  -18.977 0.5000000000
1682  24.963  -81.699  -18.730 0.5000000000
1697  26.578  -81.718  -20.549 0.4000000060
1707  26.872  -81.780  -21.321 0.4000000060
1708  26.807  -81.630  -21.082 0.4000000060
1712  27.152  -81.699  -21.747 0.4000000060
1717  27.215  -81.515  -22.806 0.3000000119
1838  20.653  -81.046  -4.881 0.5000000000
1839  19.938  -81.151  -4.626 0.5000000000
1841  18.804  -81.361  -4.741 0.5000000000
1847  18.130  -81.190  -5.211 0.5000000000
1851  22.101  -81.113  -6.467 0.5000000000
1852  22.033  -80.868  -5.867 0.4000000060
1853  17.587  -80.872  -5.967 0.5000000000
1859  22.955  -81.250  -7.538 0.5000000000
1860  22.799  -80.941  -7.002 0.5000000000
1865  24.366  -81.472  -8.317 0.5000000000
1866  23.923  -81.136  -8.044 0.4000000060
1867  23.091  -80.738  -7.987 0.4000000060
1872  25.537  -81.687  -8.634 0.5000000000
1873  24.941  -81.281  -8.541 0.5000000000
1875  23.774  -80.912  -8.197 0.4000000060
1881  25.900  -81.596  -9.254 0.5000000000
1883  24.858  -80.776  -8.701 0.4000000060
1889  26.851  -81.306  -10.144 0.4000000060
1891  25.504  -80.944  -9.593 0.4000000060
1896  27.853  -81.387  -10.948 0.3000000119
1898  26.348  -80.688  -10.494 0.3000000119
1904  27.760  -80.904  -11.580 0.3000000119
1905  27.511  -81.029  -10.953 0.3000000119
1909  28.420  -80.586  -12.860 0.3000000119
1956  24.447  -81.289  -15.748 0.4000000060
1968  27.180  -81.474  -17.313 0.3000000119
1969  26.311  -81.517  -16.877 0.3000000119
1970  25.533  -81.141  -16.581 0.3000000119
1972  22.984  -81.005  -16.103 0.4000000060
1973  22.613  -81.220  -16.679 0.5000000000
1996  22.597  -81.162  -18.275 0.4000000060
2004  23.367  -80.947  -19.473 0.4000000060
2005  22.758  -80.807  -19.101 0.4000000060
2013  26.497  -81.412  -20.773 0.4000000060
2030  25.946  -81.022  -21.300 0.4000000060
2037  27.011  -81.079  -22.396 0.4000000060
2053  27.362  -80.883  -23.881 0.3000000119
2058  27.292  -80.535  -24.571 0.3000000119
2062  26.907  -80.529  -25.837 0.3000000119
2063  26.598  -80.993  -25.843 0.3000000119
2178  20.188  -80.345  -4.416 0.4000000060
2180  19.019  -80.678  -4.422 0.5000000000
2192  21.474  -80.448  -4.965 0.4000000060
2201  22.310  -80.806  -6.515 0.4000000060
2214  22.635  -80.467  -6.841 0.4000000060
2247  24.508  -80.650  -9.328 0.4000000060
2248  23.699  -80.566  -9.476 0.3000000119
2249  23.063  -80.390  -9.266 0.3000000119
2258  25.690  -80.504  -10.185 0.4000000060
2259  24.958  -80.463  -9.911 0.3000000119
2260  24.204  -80.363  -10.011 0.3000000119
2261  23.654  -80.210  -10.101 0.3000000119
2269  26.539  -80.288  -11.144 0.3000000119
2271  25.226  -79.924  -10.594 0.3000000119
2278  27.487  -80.149  -11.918 0.3000000119
2350  24.624  -80.294  -16.811 0.3000000119
2367  22.034  -80.952  -17.755 0.4000000060
2377  20.969  -80.213  -19.190 0.3000000119
2382  22.829  -80.677  -19.847 0.3000000119
2384  21.307  -80.242  -19.742 0.3000000119
2400  25.349  -80.642  -22.033 0.4000000060
2402  23.166  -80.261  -21.838 0.4000000060
2404  22.160  -80.145  -21.055 0.3000000119
2416  23.902  -80.199  -22.708 0.4000000060
2417  23.431  -80.122  -22.426 0.4000000060
2423  26.027  -80.220  -23.667 0.4000000060
2438  27.232  -80.298  -24.230 0.4000000060
2446  27.112  -79.993  -25.829 0.3000000119
2454  26.764  -79.452  -26.827 0.3000000119
2613  20.457  -79.793  -4.417 0.4000000060
2614  19.819  -79.896  -4.326 0.4000000060
2628  21.642  -79.700  -5.324 0.4000000060
2644  21.920  -79.240  -6.079 0.4000000060
2645  18.066  -78.872  -5.979 0.3000000119
2654  22.353  -79.834  -7.252 0.3000000119
2655  22.047  -79.244  -6.831 0.3000000119
2662  22.064  -79.610  -7.886 0.3000000119
2663  21.929  -79.209  -7.446 0.3000000119
2693  23.961  -79.986  -10.552 0.3000000119
2695  22.647  -79.591  -10.191 0.3000000119
2703  26.252  -79.695  -11.333 0.3000000119
2706  23.847  -79.320  -10.732 0.3000000119
2715  27.458  -79.476  -12.101 0.3000000119
2717  26.368  -79.012  -11.638 0.3000000119
2734  27.814  -79.646  -12.458 0.3000000119
2735  27.282  -78.943  -12.054 0.3000000119
2832  20.624  -79.881  -18.846 0.3000000119
2848  22.102  -79.772  -21.220 0.3000000119
2865  23.345  -79.823  -22.534 0.3000000119
2866  22.910  -79.723  -22.095 0.3000000119
2871  25.294  -79.592  -24.161 0.3000000119
2878  26.178  -79.376  -24.804 0.3000000119
2879  25.559  -79.279  -24.613 0.3000000119
2880  25.108  -79.151  -24.244 0.3000000119
2883  25.800  -79.008  -24.769 0.3000000119
2885  27.061  -79.622  -25.220 0.3000000119
2891  26.939  -79.001  -26.783 0.3000000119
2893  26.682  -79.035  -27.259 0.3000000119
2894  26.470  -79.046  -27.811 0.4000000060
2898  25.877  -79.224  -28.401 0.4000000060
2901  25.469  -79.141  -28.688 0.4000000060
3099  20.715  -79.153  -4.506 0.4000000060
3100  20.359  -78.672  -4.689 0.3000000119
3101  19.730  -78.655  -4.770 0.3000000119
3116  21.248  -78.491  -5.263 0.3000000119
3117  20.699  -78.239  -4.888 0.3000000119
3145  21.865  -78.656  -6.568 0.3000000119
3184  25.899  -78.680  -11.307 0.3000000119
3197  26.951  -78.378  -11.987 0.3000000119
3198  26.412  -78.265  -11.519 0.3000000119
3322  21.458  -78.957  -20.103 0.3000000119
3332  26.393  -78.195  -20.459 0.3000000119
3335  22.219  -79.094  -21.094 0.3000000119
3345  25.986  -78.275  -21.197 0.3000000119
3346  24.925  -78.301  -21.402 0.3000000119
3360  24.203  -78.818  -22.423 0.3000000119
3365  25.372  -78.635  -23.853 0.3000000119
3372  26.576  -78.691  -25.498 0.4000000060
3380  27.251  -78.520  -26.742 0.3000000119
3387  26.793  -78.566  -27.933 0.4000000060
3603  19.488  -78.082  -5.027 0.3000000119
3701  25.041  -78.169  -10.834 0.3000000119
3702  24.425  -78.205  -10.752 0.3000000119
3703  23.846  -78.537  -10.735 0.3000000119
3828  23.950  -77.371  -19.454 0.3000000119
3829  23.065  -77.373  -19.372 0.3000000119
3839  24.185  -77.780  -19.803 0.3000000119
3840  22.784  -77.937  -19.982 0.3000000119
3841  21.963  -78.235  -19.785 0.3000000119
3850  26.844  -78.044  -20.574 0.3000000119
3870  19.859  -77.997  -24.020 0.5000000000
3871  19.113  -78.056  -24.003 0.5000000000
3872  18.357  -78.082  -23.831 0.6999999881
3886  21.225  -78.182  -25.131 0.3000000119
3887  20.513  -78.459  -25.066 0.4000000060
3889  18.660  -78.297  -25.614 0.5000000000
3891  17.745  -77.959  -24.951 0.6000000238
3894  27.290  -77.686  -26.025 0.4000000060
3896  21.132  -78.516  -25.933 0.4000000060
3897  20.470  -78.627  -26.107 0.4000000060
3904  27.336  -77.914  -26.643 0.4000000060
3905  27.254  -77.522  -27.142 0.3000000119
3915  26.421  -77.585  -28.105 0.3000000119
3925  26.466  -78.227  -28.242 0.4000000060
3936  25.533  -78.489  -28.671 0.4000000060
4245  26.226  -77.214  -10.668 0.3000000119
4375  27.215  -77.145  -20.075 0.3000000119
4376  26.812  -77.468  -19.846 0.3000000119
4403  20.214  -77.030  -22.296 0.4000000060
4417  20.556  -77.204  -22.964 0.3000000119
4418  19.830  -77.337  -22.884 0.4000000060
4419  19.043  -77.601  -22.755 0.5000000000
4435  17.163  -77.673  -23.010 0.6999999881
4446  21.880  -77.197  -24.118 0.4000000060
4447  21.086  -77.764  -24.488 0.4000000060
4448  20.592  -77.746  -24.113 0.4000000060
4449  16.776  -77.623  -24.210 0.6000000238
4452  14.582  -76.933  -24.214 0.6000000238
4459  27.213  -77.299  -25.302 0.3000000119
4460  23.311  -77.135  -25.520 0.4000000060
4477  22.284  -77.737  -25.859 0.3000000119
4486  27.135  -76.962  -26.960 0.4000000060
4487  26.448  -76.909  -27.129 0.3000000119
4490  23.921  -77.595  -26.943 0.3000000119
4492  22.478  -77.877  -26.463 0.3000000119
4504  25.270  -77.413  -27.629 0.4000000060
4506  23.896  -77.893  -27.721 0.3000000119
4516  25.651  -77.612  -28.162 0.3000000119
4518  24.353  -77.897  -28.032 0.3000000119
4519  23.899  -78.085  -28.321 0.3000000119
4871  10.909  -76.212  -15.669 0.5000000000
4908  26.721  -76.294  -18.799 0.3000000119
4909  25.952  -76.565  -18.773 0.3000000119
4945  17.664  -76.337  -21.256 0.6999999881
4961  17.951  -76.830  -21.486 0.6999999881
4962  17.307  -76.718  -21.530 0.6999999881
4963  16.757  -76.504  -21.698 0.6999999881
4984  22.430  -76.528  -23.255 0.4000000060
4985  21.797  -76.934  -23.559 0.4000000060
4995  27.115  -75.843  -25.099 0.4000000060
5007  27.241  -76.568  -25.716 0.3000000119
5008  26.975  -76.068  -25.719 0.3000000119
5010  25.013  -76.128  -25.359 0.4000000060
5011  24.308  -76.397  -25.225 0.3000000119
5013  23.089  -77.017  -24.846 0.4000000060
5025  26.534  -76.124  -26.334 0.4000000060
5039  25.983  -76.584  -26.638 0.4000000060
5404  10.137  -75.500  -14.293 0.5000000000
5418  11.236  -75.639  -14.748 0.5000000000
5419  10.674  -75.966  -14.557 0.5000000000
5433  11.518  -75.172  -15.571 0.5000000000
5434  11.361  -75.743  -15.397 0.5000000000
5444  11.076  -75.758  -15.958 0.5000000000
5491  7.611  -75.496  -19.033 0.6000000238
5511  19.205  -75.262  -20.347 0.6000000238
5522  20.267  -75.759  -20.709 0.4000000060
5537  22.664  -75.656  -22.227 0.4000000060
5539  21.479  -76.024  -21.465 0.4000000060
5541  17.056  -75.996  -21.331 0.8000000119
5552  22.335  -76.022  -22.298 0.4000000060
5553  15.755  -76.141  -22.181 0.6000000238
5555  14.495  -75.956  -22.842 0.6000000238
5565  24.149  -75.540  -23.733 0.4000000060
5566  23.736  -75.598  -23.353 0.4000000060
5567  23.138  -76.088  -23.428 0.4000000060
5576  26.517  -75.092  -24.717 0.4000000060
5577  25.724  -75.254  -24.564 0.5000000000
5578  24.345  -75.720  -24.228 0.3000000119
5580  23.218  -76.409  -23.955 0.3000000119
5595  19.435  -75.827  -25.071 0.6999999881
5607  20.167  -75.528  -25.931 0.5000000000
5615  20.331  -75.322  -26.518 0.5000000000
5616  19.724  -75.452  -26.400 0.6000000238
5994  10.307  -74.938  -14.178 0.6000000238
6025  11.601  -74.098  -15.995 0.5000000000
6056  7.957  -75.062  -18.305 0.5000000000
6064  7.603  -74.871  -18.871 0.5000000000
6073  27.913  -74.858  -19.605 0.3000000119
6074  20.492  -74.289  -19.775 0.5000000000
6082  22.265  -74.433  -20.380 0.5000000000
6084  20.178  -74.737  -19.888 0.5000000000
6096  22.572  -74.705  -20.867 0.3000000119
6098  21.339  -75.163  -20.515 0.4000000060
6112  23.466  -74.802  -22.133 0.4000000060
6114  22.428  -75.121  -21.284 0.5000000000
6126  25.126  -74.386  -23.249 0.3000000119
6132  17.627  -74.332  -22.593 0.8000000119
6144  25.662  -74.713  -23.597 0.3000000119
6146  24.282  -75.158  -23.329 0.4000000060
6151  17.116  -74.580  -23.656 0.6999999881
6157  9.649  -74.489  -23.675 0.6000000238
6158  9.305  -74.792  -24.187 0.6000000238
6167  25.349  -75.048  -24.024 0.4000000060
6168  20.520  -74.902  -24.504 0.4000000060
6171  18.308  -75.344  -24.298 0.8000000119
6174  15.235  -74.435  -23.718 0.6000000238
6183  19.994  -75.511  -24.713 0.6999999881
6184  17.872  -75.379  -24.874 0.8000000119
6198  20.582  -75.473  -25.567 0.6000000238
6202  16.555  -74.529  -25.944 0.6999999881
6214  16.820  -74.444  -26.712 0.6999999881
6230  17.299  -74.351  -27.294 0.5000000000
6661  11.452  -74.271  -14.190 0.6000000238
6662  10.853  -74.108  -14.017 0.6000000238
6665  8.533  -73.913  -14.443 0.5000000000
6673  7.868  -73.625  -14.460 0.5000000000
6699  10.753  -74.460  -16.690 0.6000000238
6718  8.903  -73.923  -18.090 0.5000000000
6731  7.585  -73.991  -19.112 0.5000000000
6739  27.839  -74.397  -19.647 0.3000000119
6744  21.081  -74.191  -19.794 0.4000000060
6745  19.844  -73.644  -19.844 0.4000000060
6747  6.898  -74.115  -20.135 0.6000000238
6761  22.493  -73.743  -20.079 0.3000000119
6762  21.773  -74.042  -19.861 0.5000000000
6763  20.011  -74.037  -19.768 0.4000000060
6766  9.807  -74.065  -20.705 0.5000000000
6777  19.235  -73.945  -20.648 0.5000000000
6779  10.273  -73.631  -21.085 0.6000000238
6798  7.019  -73.722  -21.725 0.5000000000
6804  19.784  -74.157  -23.033 0.6999999881
6828  14.757  -73.966  -24.049 0.6000000238
6892  16.467  -73.677  -27.728 0.5000000000
7290  9.577  -73.578  -14.139 0.6000000238
7291  8.967  -73.555  -14.335 0.5000000000
7301  12.435  -72.910  -15.099 0.6999999881
7302  12.200  -73.393  -14.813 0.6999999881
7303  8.467  -73.265  -14.420 0.5000000000
7337  10.641  -73.766  -16.785 0.6000000238
7356  9.282  -73.425  -17.825 0.6000000238
7369  7.894  -73.387  -19.287 0.5000000000
7386  7.132  -73.621  -19.582 0.5000000000
7387  6.873  -73.423  -20.267 0.6000000238
7398  19.737  -73.406  -19.982 0.4000000060
7399  6.773  -73.270  -21.085 0.6000000238
7406  6.837  -73.214  -21.648 0.6000000238
7413  9.352  -72.298  -22.244 0.5000000000
7421  10.010  -72.443  -22.621 0.6000000238
7448  21.121  -73.604  -24.255 0.4000000060
7457  21.999  -73.271  -24.960 0.4000000060
7458  9.574  -73.589  -25.285 0.6000000238
7478  9.408  -73.056  -25.516 0.6000000238
7491  12.142  -73.222  -26.871 0.6999999881
7887  11.137  -72.807  -13.809 0.8000000119
7888  10.312  -72.566  -13.901 0.6999999881
7932  12.370  -72.663  -15.540 0.6999999881
7942  11.985  -72.707  -16.220 0.6000000238
7952  11.002  -72.575  -17.197 0.5000000000
7954  9.697  -72.852  -17.660 0.6000000238
7967  8.785  -73.101  -18.731 0.6000000238
7982  8.403  -72.921  -19.122 0.5000000000
7994  21.752  -72.389  -19.449 0.3000000119
7995  21.267  -72.595  -19.619 0.3000000119
7996  8.945  -71.870  -19.323 0.6000000238
8009  20.350  -72.668  -19.946 0.4000000060
8021  8.421  -72.371  -22.271 0.6000000238
8036  7.974  -71.342  -22.381 0.6000000238
8075  9.303  -72.792  -25.194 0.6000000238
8100  16.295  -72.479  -27.850 0.6000000238
8496  11.443  -71.145  -13.361 0.6999999881
8511  11.811  -71.799  -13.654 0.8000000119
8535  8.810  -71.586  -14.616 0.6000000238
8547  12.343  -71.404  -15.595 0.6999999881
8559  12.114  -72.041  -16.718 0.6000000238
8576  11.860  -71.808  -17.341 0.5000000000
8592  11.610  -71.639  -17.997 0.5000000000
8612  11.182  -71.448  -18.611 0.5000000000
8632  7.820  -71.943  -19.992 0.5000000000
8644  7.440  -71.774  -20.648 0.6000000238
8652  7.490  -71.576  -21.394 0.6999999881
8660  7.593  -71.616  -21.906 0.6999999881
8670  9.283  -71.627  -22.967 0.6000000238
8683  8.593  -70.899  -22.988 0.6000000238
8731  12.734  -71.932  -26.685 0.6999999881
8740  18.425  -71.496  -28.054 0.6000000238
8745  15.297  -72.227  -27.147 0.6999999881
8760  18.766  -71.877  -28.444 0.6000000238
9193  12.152  -70.332  -13.345 0.8000000119
9194  11.853  -70.721  -13.329 0.8000000119
9211  10.768  -70.804  -13.405 0.6999999881
9213  9.884  -71.367  -14.322 0.6999999881
9225  12.742  -70.884  -14.520 0.5000000000
9227  9.377  -71.152  -14.723 0.6999999881
9228  8.555  -71.026  -14.803 0.6000000238
9229  7.899  -70.963  -14.885 0.5000000000
9245  12.556  -70.996  -15.278 0.6000000238
9247  8.431  -70.550  -15.088 0.6000000238
9307  11.112  -71.292  -19.172 0.5000000000
9308  10.466  -71.263  -18.974 0.6000000238
9329  10.017  -71.139  -19.678 0.6999999881
9330  9.447  -71.168  -20.080 0.6000000238
9350  9.175  -70.737  -20.447 0.6999999881
9368  12.146  -71.154  -21.408 0.5000000000
9370  10.788  -71.018  -20.927 0.6999999881
9371  10.157  -70.746  -20.993 0.6999999881
9373  8.903  -70.304  -20.905 0.5000000000
9395  11.698  -70.679  -21.721 0.6999999881
9396  8.082  -70.614  -22.237 0.6999999881
9430  8.576  -70.526  -23.705 0.5000000000
9451  9.323  -70.877  -24.595 0.6000000238
9457  9.653  -71.510  -25.459 0.6000000238
9478  17.496  -71.510  -27.161 0.6000000238
9984  12.769  -69.568  -13.419 0.6000000238
9985  12.145  -69.762  -13.232 0.6999999881
9986  11.539  -70.079  -13.206 0.6999999881
10006  14.107  -70.184  -14.832 0.5000000000
10007  10.160  -70.295  -14.664 0.6999999881
10023  9.876  -70.059  -15.423 0.6999999881
10024  9.073  -70.333  -15.269 0.6000000238
10139  9.921  -70.268  -21.407 0.6999999881
10142  8.217  -70.271  -21.863 0.6000000238
10165  12.696  -70.303  -22.227 0.6000000238
10167  10.360  -70.010  -21.866 0.6999999881
10168  9.667  -69.761  -21.826 0.6000000238
10169  8.972  -69.669  -21.922 0.5000000000
10185  16.238  -70.125  -22.968 0.5000000000
10186  15.686  -69.643  -23.139 0.5000000000
10189  13.705  -69.822  -22.789 0.5000000000
10192  8.085  -70.168  -22.770 0.6999999881
10202  16.143  -69.579  -23.473 0.5000000000
10203  8.140  -70.018  -23.804 0.5000000000
10204  7.963  -70.056  -23.225 0.6999999881
10214  8.593  -69.038  -24.463 0.6999999881
10220  11.179  -69.583  -25.199 0.6999999881
10235  11.612  -70.209  -25.423 0.6000000238
10256  19.590  -69.954  -27.201 0.5000000000
10761  13.825  -69.063  -13.370 0.6000000238
10765  11.191  -69.024  -13.353 0.8000000119
10777  15.226  -68.919  -14.062 0.4000000060
10779  13.960  -69.518  -13.836 0.5000000000
10780  13.408  -69.546  -13.609 0.6000000238
10792  10.551  -69.060  -14.572 0.8000000119
10801  10.213  -69.302  -16.141 0.5000000000
10814  9.844  -69.322  -16.672 0.6000000238
10815  9.238  -69.793  -16.704 0.6000000238
10837  7.884  -69.048  -16.770 0.6000000238
10921  10.080  -69.348  -22.173 0.6000000238
10923  8.544  -69.196  -22.334 0.6000000238
10924  8.072  -69.474  -22.516 0.6000000238
10932  14.022  -69.177  -23.151 0.5000000000
10936  10.884  -68.877  -22.613 0.6000000238
10937  9.767  -68.785  -22.593 0.6000000238
10948  17.187  -69.263  -23.815 0.5000000000
10951  15.052  -68.648  -23.545 0.5000000000
10952  14.365  -68.538  -23.525 0.6999999881
10954  8.829  -68.516  -24.071 0.6999999881
10956  7.821  -69.472  -23.471 0.6999999881
10969  13.628  -68.796  -25.432 0.5000000000
10972  10.724  -68.944  -25.115 0.6000000238
10982  15.311  -68.984  -25.739 0.5000000000
11516  14.573  -67.921  -12.982 0.4000000060
11518  12.741  -68.315  -13.113 0.5000000000
11519  12.068  -68.290  -13.096 0.6999999881
11535  15.526  -68.364  -13.870 0.4000000060
11537  11.434  -67.929  -13.624 0.6999999881
11551  10.776  -68.386  -14.319 0.8000000119
11552  10.460  -68.497  -15.011 0.8000000119
11576  10.125  -68.656  -16.312 0.6999999881
11594  9.449  -68.761  -17.553 0.6000000238
11595  8.218  -68.740  -17.497 0.6000000238
11597  6.691  -67.904  -16.544 0.6000000238
11617  7.691  -68.237  -18.072 0.5000000000
11632  8.827  -67.977  -18.476 0.6000000238
11633  8.201  -68.055  -18.551 0.5000000000
11677  12.889  -68.112  -23.059 0.6000000238
11678  12.166  -68.368  -22.997 0.6999999881
11680  9.465  -68.246  -23.129 0.6000000238
11681  8.678  -68.430  -23.374 0.6000000238
11693  16.134  -68.161  -24.221 0.5000000000
11696  14.054  -67.729  -23.641 0.6000000238
11699  10.902  -67.791  -23.493 0.6000000238
11708  16.660  -67.505  -24.434 0.5000000000
11709  16.074  -67.208  -24.504 0.6000000238
11711  10.174  -67.962  -24.443 0.6999999881
11717  13.287  -68.036  -25.258 0.5000000000
12232  14.804  -67.265  -13.061 0.3000000119
12233  13.743  -67.332  -12.984 0.4000000060
12234  13.231  -67.756  -13.061 0.5000000000
12236  11.884  -67.797  -13.337 0.6999999881
12248  12.264  -67.355  -13.519 0.6000000238
12250  11.125  -67.819  -14.107 0.6999999881
12273  10.276  -67.168  -15.488 0.8000000119
12295  14.251  -67.313  -17.655 0.6999999881
12297  12.910  -67.015  -17.765 0.8000000119
12308  14.706  -67.406  -18.214 0.6000000238
12309  14.069  -67.352  -18.165 0.6999999881
12310  13.170  -67.238  -18.315 0.8000000119
12313  9.652  -67.328  -17.992 0.6000000238
12314  9.347  -67.812  -18.322 0.6000000238
12325  15.182  -67.530  -19.565 0.6000000238
12327  14.160  -67.496  -18.761 0.6000000238
12328  13.108  -67.385  -19.009 0.6999999881
12331  10.890  -67.032  -19.887 0.6999999881
12333  9.070  -67.463  -18.897 0.6999999881
12346  14.142  -67.636  -19.498 0.6999999881
12347  13.537  -67.511  -19.664 0.6999999881
12350  8.949  -67.225  -19.585 0.6000000238
12352  7.913  -67.474  -19.287 0.6000000238
12402  19.521  -67.505  -24.162 0.5000000000
12403  18.516  -67.566  -24.212 0.5000000000
12406  14.357  -67.256  -24.014 0.6000000238
12407  13.788  -67.185  -23.769 0.5000000000
12408  13.293  -67.033  -23.774 0.5000000000
12411  10.772  -67.607  -24.185 0.6000000238
12426  18.509  -66.951  -24.508 0.5000000000
12429  16.366  -66.843  -24.849 0.6000000238
12449  14.121  -67.241  -25.109 0.6000000238
12450  12.999  -67.329  -25.025 0.5000000000
12465  15.153  -67.191  -25.331 0.6000000238
12998  14.689  -66.584  -13.261 0.3000000119
13000  13.772  -66.982  -13.231 0.4000000060
13018  13.901  -66.685  -13.587 0.4000000060
13020  12.023  -67.051  -13.973 0.6999999881
13032  13.644  -66.740  -14.984 0.6000000238
13035  11.537  -66.992  -14.380 0.6999999881
13036  10.958  -67.069  -14.881 0.6999999881
13046  14.627  -66.667  -15.901 0.5000000000
13048  12.862  -66.637  -15.124 0.6000000238
13049  12.204  -66.762  -15.236 0.6999999881
13062  14.644  -66.838  -16.617 0.6000000238
13066  11.301  -66.550  -16.250 0.8000000119
13068  10.087  -67.105  -16.191 0.8000000119
13081  14.722  -67.172  -17.371 0.5000000000
13083  13.292  -67.083  -17.064 0.8000000119
13087  9.969  -66.888  -17.574 0.8000000119
13093  15.294  -67.465  -18.723 0.6000000238
13094  12.180  -66.849  -17.836 0.8000000119
13095  11.421  -66.735  -17.931 0.8000000119
13096  10.510  -66.721  -18.094 0.6000000238
13106  16.371  -66.616  -19.321 0.3000000119
13108  11.191  -66.858  -18.487 0.8000000119
13109  10.476  -66.836  -18.892 0.6999999881
13125  16.205  -66.872  -19.961 0.6000000238
13126  15.532  -67.209  -20.072 0.6000000238
13127  14.871  -67.469  -20.292 0.6999999881
13128  14.128  -67.550  -20.238 0.6999999881
13129  13.242  -67.232  -20.161 0.6999999881
13131  9.603  -66.976  -19.996 0.6000000238
13142  15.917  -66.788  -20.475 0.6000000238
13145  13.883  -67.153  -20.537 0.6999999881
13147  11.790  -66.682  -20.170 0.6000000238
13148  10.901  -67.154  -20.705 0.6999999881
13150  9.717  -67.035  -20.689 0.6000000238
13151  8.666  -66.934  -20.680 0.6999999881
13161  9.492  -66.701  -21.133 0.8000000119
13163  8.357  -66.657  -21.027 0.5000000000
13210  13.222  -66.866  -24.299 0.5000000000
13229  19.634  -66.465  -25.017 0.5000000000
13232  17.499  -66.531  -25.007 0.6000000238
13234  14.245  -66.986  -24.491 0.5000000000
13247  17.817  -66.233  -25.460 0.5000000000
13250  14.172  -66.877  -24.785 0.5000000000
13252  12.910  -67.026  -24.688 0.5000000000
13854  14.241  -66.367  -13.660 0.4000000060
13855  13.968  -66.660  -14.206 0.4000000060
13870  14.519  -66.349  -15.266 0.5000000000
13871  14.103  -66.559  -14.925 0.5000000000
13876  15.078  -66.082  -15.683 0.4000000060
13890  15.777  -66.166  -17.183 0.4000000060
13900  16.144  -66.125  -17.940 0.4000000060
13901  15.987  -66.685  -18.579 0.5000000000
13924  17.246  -66.036  -19.878 0.3000000119
13938  17.093  -66.005  -20.424 0.6000000238
13939  16.655  -66.057  -20.893 0.6000000238
13940  15.667  -66.491  -20.609 0.6000000238
13942  14.171  -66.563  -20.561 0.6999999881
13943  13.300  -66.421  -20.552 0.6999999881
13947  7.835  -66.276  -20.825 0.5000000000
13960  11.387  -65.827  -21.360 0.8000000119
13961  10.741  -66.219  -21.423 0.8000000119
13962  9.893  -66.244  -21.485 0.6999999881
13963  9.029  -66.237  -21.717 0.6999999881
13964  8.385  -66.269  -21.528 0.6999999881
14605  15.080  -65.174  -15.220 0.4000000060
14638  17.197  -65.130  -18.528 0.3000000119
14639  16.624  -65.540  -18.173 0.3000000119
14653  16.927  -65.697  -18.836 0.3000000119
14688  17.406  -65.279  -20.448 0.4000000060
14690  16.122  -65.847  -20.854 0.6000000238
14691  15.331  -65.921  -20.530 0.6000000238
14692  14.605  -65.939  -20.390 0.6999999881
14693  13.075  -65.593  -20.579 0.6999999881
14694  12.395  -65.420  -20.841 0.6999999881
14695  11.818  -65.327  -21.132 0.6000000238
14696  11.193  -65.158  -21.225 0.6000000238
14697  10.485  -64.960  -21.201 0.6000000238
14714  10.194  -65.525  -21.443 0.6999999881
15397  18.365  -64.231  -18.492 0.3000000119
15409  18.468  -64.374  -19.272 0.3000000119
15410  17.828  -64.745  -18.923 0.3000000119
15425  14.340  -64.222  -19.252 0.8000000119
15428  11.799  -64.060  -20.195 0.5000000000
15443  17.326  -64.756  -20.756 0.4000000060
15445  16.301  -65.082  -20.926 0.5000000000
15446  12.147  -64.787  -20.596 0.6000000238
15449  10.126  -64.274  -20.919 0.5000000000
15451  8.243  -64.782  -21.146 0.4000000060
15463  16.957  -64.309  -21.183 0.4000000060
15464  9.792  -64.816  -21.392 0.5000000000
15465  9.008  -64.741  -21.594 0.5000000000
16146  18.742  -63.281  -17.734 0.3000000119
16148  12.704  -63.002  -18.126 0.5000000000
16165  14.817  -63.046  -18.769 0.6999999881
16167  13.631  -64.103  -18.948 0.6000000238
16170  10.789  -63.157  -19.191 0.5000000000
16189  15.881  -64.344  -20.523 0.5000000000
16190  15.142  -63.774  -19.175 0.6000000238
16192  12.077  -63.734  -19.484 0.5000000000
16193  11.371  -63.542  -19.699 0.5000000000
16211  16.459  -64.457  -21.084 0.5000000000
16212  9.803  -63.684  -20.730 0.4000000060
16213  9.242  -63.537  -20.712 0.4000000060
16223  17.105  -63.715  -21.551 0.3000000119
16861  13.448  -62.079  -17.354 0.4000000060
16875  14.787  -62.520  -18.431 0.6000000238
16876  13.577  -62.562  -17.821 0.5000000000
16909  15.184  -63.302  -19.784 0.6000000238
16928  16.518  -63.451  -21.969 0.4000000060
16938  16.742  -62.844  -22.299 0.4000000060
17593  18.713  -62.391  -17.763 0.3000000119
17595  14.292  -61.328  -17.584 0.6000000238
17606  14.593  -61.723  -17.931 0.5000000000
17615  14.848  -62.312  -18.699 0.6999999881
17616  14.667  -61.913  -18.890 0.6999999881
17633  14.915  -62.630  -19.469 0.6000000238
17644  14.574  -62.676  -20.420 0.6000000238
17653  14.426  -62.443  -21.334 0.6000000238
17654  13.756  -61.959  -21.652 0.6000000238
17655  13.237  -61.698  -21.141 0.6000000238
17666  16.181  -62.327  -22.527 0.3000000119
17667  14.463  -62.150  -22.319 0.5000000000
17668  13.750  -61.707  -22.392 0.5000000000
17677  16.514  -61.841  -22.773 0.3000000119
18390  14.044  -60.853  -17.905 0.6000000238
18398  14.407  -61.289  -18.448 0.6999999881
18417  12.462  -60.958  -20.372 0.6000000238
18427  12.731  -61.403  -20.741 0.5000000000
18436  12.525  -61.479  -21.447 0.5000000000
18437  12.444  -61.157  -21.856 0.5000000000
18447  14.223  -61.579  -22.696 0.6000000238
18459  16.136  -61.357  -22.825 0.3000000119
18460  15.274  -61.314  -22.824 0.3000000119
18461  14.431  -61.303  -22.923 0.6000000238
19230  12.859  -60.575  -18.673 0.6000000238
19243  12.587  -60.757  -19.610 0.5000000000
19281  11.910  -60.363  -21.002 0.4000000060
19282  11.457  -60.317  -20.484 0.5000000000
19307  14.860  -60.385  -22.552 0.4000000060
19308  14.096  -60.831  -22.915 0.4000000060
19310  12.436  -60.722  -21.849 0.5000000000
19323  15.653  -60.664  -22.826 0.3000000119
20100  10.910  -59.901  -18.494 0.5000000000
20110  10.699  -60.257  -19.470 0.6000000238
20129  9.802  -59.499  -19.493 0.5000000000
20140  11.099  -60.022  -20.424 0.5000000000
20152  12.066  -59.956  -21.335 0.4000000060
20162  16.383  -59.622  -22.933 0.3000000119
20165  13.240  -60.142  -22.209 0.5000000000
20166  12.591  -60.192  -21.740 0.5000000000
20177  17.190  -59.671  -23.467 0.3000000119
20956  9.236  -59.264  -19.249 0.5000000000
20957  8.819  -59.215  -18.848 0.5000000000
20977  10.247  -59.520  -19.782 0.6000000238
20978  9.746  -59.067  -19.578 0.6000000238
20989  12.643  -58.677  -20.531 0.4000000060
20990  11.835  -58.977  -20.595 0.4000000060
20991  11.167  -59.384  -20.492 0.5000000000
20992  10.739  -59.074  -20.132 0.5000000000
21000  15.465  -58.916  -21.603 0.3000000119
21001  14.633  -59.009  -21.357 0.3000000119
21002  13.676  -58.877  -21.412 0.4000000060
21003  12.908  -59.071  -21.157 0.4000000060
21021  18.102  -58.989  -23.809 0.3000000119
21022  17.817  -59.206  -23.776 0.3000000119
21823  8.883  -58.213  -18.229 0.5000000000
21824  8.639  -58.845  -18.407 0.5000000000
21833  9.578  -58.613  -19.096 0.6000000238
21851  13.691  -57.543  -19.911 0.3000000119
21852  13.013  -57.613  -19.795 0.3000000119
21856  10.048  -58.365  -19.354 0.6000000238
21868  14.766  -57.815  -20.500 0.3000000119
21869  13.970  -58.005  -20.335 0.3000000119
21871  12.032  -58.349  -20.245 0.4000000060
21893  16.231  -58.660  -22.271 0.3000000119
21902  17.259  -58.587  -23.111 0.3000000119
22728  8.887  -57.245  -17.418 0.3000000119
22738  9.561  -57.050  -18.188 0.5000000000
22753  10.758  -57.258  -18.952 0.5000000000
22754  9.460  -57.971  -18.514 0.6000000238
22772  14.081  -56.932  -19.967 0.3000000119
22774  11.220  -57.716  -19.311 0.5000000000
22775  10.552  -58.011  -19.412 0.5000000000
22787  15.301  -57.241  -20.669 0.3000000119
23595  9.539  -55.950  -17.104 0.4000000060
23617  9.253  -56.616  -17.783 0.5000000000
23628  11.511  -56.005  -18.711 0.4000000060
23629  10.909  -56.388  -18.616 0.4000000060
23630  10.222  -56.870  -18.403 0.5000000000
23645  13.865  -56.193  -19.871 0.3000000119
24433  12.115  -55.729  -13.509 0.3000000119
24434  11.506  -55.921  -13.274 0.3000000119
24435  10.779  -56.039  -13.111 0.4000000060
24447  12.782  -55.769  -14.250 0.4000000060
24448  12.343  -55.874  -14.087 0.3000000119
24461  12.893  -55.539  -14.972 0.3000000119
24475  11.623  -55.251  -15.532 0.4000000060
24476  11.092  -55.909  -15.193 0.4000000060
24484  9.944  -55.494  -16.969 0.4000000060
24492  9.820  -55.424  -17.358 0.4000000060
24539  14.335  -55.639  -20.083 0.3000000119
25277  14.424  -54.974  -13.538 0.3000000119
25278  13.715  -55.349  -13.354 0.3000000119
25279  13.027  -55.588  -13.467 0.3000000119
25280  12.523  -55.556  -13.041 0.3000000119
25317  14.271  -55.042  -14.800 0.3000000119
25333  12.076  -54.532  -15.763 0.4000000060
25349  11.751  -53.995  -16.361 0.3000000119
25350  11.106  -53.861  -16.778 0.3000000119
25352  10.271  -54.997  -17.024 0.4000000060
25366  10.846  -54.447  -17.124 0.4000000060
25377  11.171  -53.766  -17.862 0.3000000119
25378  10.862  -54.404  -17.659 0.3000000119
25379  10.307  -54.962  -17.453 0.4000000060
26197  12.025  -53.548  -17.149 0.3000000119
26198  11.269  -53.543  -16.855 0.3000000119
166358  18.025  -81.632  -9.329 0.4000000060
166909  18.252  -81.517  -10.616 0.4000000060
167200  27.419  -76.730  -24.857 0.3000000119
168157  26.616  -78.056  -20.113 0.3000000119
168691  11.279  -72.193  -13.698 0.6999999881
168765  7.054  -72.655  -21.840 0.5000000000
169142  21.913  -81.910  -7.108 0.5000000000
169143  20.909  -78.561  -26.633 0.4000000060
169349  8.279  -74.198  -21.493 0.6000000238
169362  27.418  -75.922  -19.926 0.3000000119
169664  22.055  -71.664  -19.494 0.3000000119
169859  8.572  -71.686  -19.812 0.5000000000
169965  11.583  -66.873  -15.005 0.6999999881
170080  7.667  -72.430  -19.813 0.5000000000
170150  22.826  -80.369  -21.180 0.3000000119
170222  10.035  -66.855  -16.775 0.8000000119
170402  21.315  -80.816  -4.922 0.5000000000
170610  25.878  -78.090  -23.030 0.3000000119
170891  15.490  -66.152  -16.429 0.4000000060
171166  11.352  -74.750  -16.141 0.5000000000
171252  18.621  -80.030  -5.037 0.4000000060
171339  18.799  -63.361  -18.427 0.3000000119
171596  11.906  -71.329  -20.325 0.5000000000
171700  7.287  -74.597  -21.188 0.5000000000
171870  15.362  -62.144  -22.356 0.4000000060
172296  15.085  -64.469  -14.741 0.4000000060
172309  18.431  -74.455  -20.742 0.6000000238
172469  21.055  -76.868  -22.390 0.4000000060
172935  12.141  -67.315  -23.874 0.6000000238
173664  24.734  -77.986  -19.755 0.3000000119
174006  10.041  -67.666  -16.103 0.6999999881
174099  12.557  -66.636  -15.808 0.6999999881
174138  22.384  -72.256  -19.248 0.3000000119
174309  8.335  -70.531  -21.211 0.5000000000
174492  22.008  -79.922  -5.917 0.4000000060
174673  14.221  -67.022  -13.031 0.4000000060
175118  23.388  -83.671  -9.911 0.5000000000
175401  11.058  -70.261  -21.837 0.6999999881
175482  18.865  -74.030  -20.910 0.6000000238
176003  22.730  -80.424  -7.455 0.4000000060
176247  10.340  -69.567  -15.688 0.6999999881
176339  17.336  -60.181  -23.508 0.3000000119
176364  24.195  -79.690  -23.348 0.3000000119
176430  10.760  -69.627  -13.534 0.8000000119
176446  11.024  -68.238  -24.982 0.6999999881
176457  21.250  -73.581  -19.566 0.5000000000
176462  11.929  -57.390  -19.296 0.4000000060
176666  10.253  -74.770  -16.889 0.6000000238
176766  20.135  -78.637  -25.571 0.5000000000
176804  14.491  -66.900  -24.738 0.5000000000
176967  16.693  -65.620  -21.213 0.5000000000
177119  18.532  -68.376  -24.015 0.5000000000
177308  21.650  -80.743  -5.294 0.5000000000
177508  12.985  -70.064  -25.904 0.6999999881
177605  24.695  -74.741  -23.458 0.4000000060
177739  25.604  -83.670  -18.134 0.4000000060
177833  23.384  -79.249  -22.363 0.3000000119
178123  8.311  -74.416  -18.104 0.4000000060
178437  22.812  -78.386  -20.697 0.3000000119
178499  25.721  -83.341  -11.334 0.4000000060
178824  13.939  -67.892  -12.936 0.4000000060
178973  13.614  -67.381  -18.525 0.6999999881
179099  10.886  -66.502  -16.771 0.8000000119
180099  14.708  -57.062  -20.276 0.3000000119
180222  10.640  -73.692  -22.143 0.6000000238
180276  19.891  -84.291  -10.257 0.4000000060
180401  27.101  -81.403  -22.249 0.4000000060
180659  16.603  -60.794  -23.094 0.3000000119
180893  14.286  -64.850  -19.700 0.6999999881
180896  26.164  -83.443  -11.929 0.3000000119
181265  16.878  -66.520  -19.971 0.6000000238
181424  13.317  -63.502  -18.569 0.6000000238
182603  19.188  -80.015  -4.337 0.4000000060
182682  9.215  -56.433  -17.194 0.3000000119
182702  21.331  -78.432  -27.023 0.4000000060
182840  18.851  -83.488  -5.414 0.4000000060
183002  15.301  -70.549  -26.136 0.6000000238
183118  27.152  -81.734  -22.251 0.3000000119
183406  26.875  -79.293  -25.285 0.3000000119
183703  27.511  -76.589  -20.408 0.3000000119
183760  14.467  -62.286  -17.987 0.5000000000
184186  23.382  -80.687  -8.746 0.4000000060
184628  20.572  -73.733  -19.664 0.4000000060
184864  10.141  -63.153  -19.043 0.5000000000
185126  26.557  -80.716  -26.285 0.3000000119
185195  17.761  -77.966  -23.966 0.6999999881
185410  11.674  -60.512  -19.971 0.6000000238
185687  9.870  -57.514  -18.605 0.6000000238
185808  26.365  -77.846  -24.675 0.3000000119
185829  11.725  -68.801  -13.154 0.6999999881
185856  12.539  -59.598  -21.402 0.5000000000
185881  13.367  -60.716  -22.780 0.5000000000
186146  26.023  -78.514  -28.509 0.4000000060
186313  15.041  -63.035  -19.155 0.6999999881
186570  12.815  -67.340  -23.485 0.6000000238
186905  20.228  -80.741  -4.522 0.5000000000
187092  8.766  -69.306  -17.129 0.6000000238
187288  18.842  -78.457  -25.109 0.5000000000
187378  22.509  -78.291  -10.502 0.3000000119
187884  13.110  -69.934  -13.779 0.6000000238
188574  21.200  -79.108  -4.969 0.3000000119
188645  25.323  -75.676  -24.955 0.5000000000
188684  18.834  -77.264  -22.056 0.6000000238
189158  18.480  -81.321  -10.151 0.4000000060
189837  13.100  -61.200  -22.430 0.5000000000
189838  17.008  -66.684  -25.687 0.6000000238
189919  9.921  -73.028  -14.102 0.6000000238
190042  25.063  -79.320  -10.963 0.3000000119
190097  19.913  -82.633  -5.563 0.5000000000
191121  24.614  -84.453  -11.931 0.4000000060
191198  9.145  -66.949  -20.838 0.6999999881
191316  11.659  -66.904  -19.680 0.6999999881
191464  27.240  -81.109  -23.281 0.3000000119
191600  23.037  -83.445  -8.997 0.4000000060
191770  11.271  -60.450  -19.523 0.6000000238
191775  27.811  -82.021  -16.702 0.4000000060
191963  11.383  -75.000  -14.430 0.6000000238
192130  26.977  -77.845  -11.678 0.3000000119
192390  19.181  -83.110  -5.113 0.4000000060
192817  27.182  -79.877  -25.308 0.3000000119
192881  10.079  -72.309  -17.806 0.5000000000
192967  23.752  -81.245  -19.036 0.5000000000
193014  17.869  -64.912  -20.169 0.3000000119
193209  9.915  -67.981  -16.799 0.6999999881
193626  28.683  -82.294  -13.827 0.4000000060
193682  10.784  -63.486  -19.856 0.5000000000
193747  12.920  -55.255  -12.770 0.3000000119
193926  19.321  -79.279  -4.589 0.3000000119
193979  21.009  -82.197  -9.017 0.4000000060
194192  23.688  -84.328  -11.578 0.3000000119
194973  14.029  -76.577  -23.955 0.6000000238
194975  7.133  -72.094  -21.210 0.6000000238
195102  11.948  -68.945  -22.716 0.6999999881
195138  24.757  -85.041  -13.778 0.4000000060
195279  25.261  -78.546  -23.213 0.3000000119
195577  13.586  -66.977  -16.494 0.6999999881
195762  10.399  -70.348  -13.770 0.8000000119
196230  10.243  -59.594  -18.462 0.5000000000
196400  19.183  -77.018  -21.632 0.6000000238
196526  12.346  -57.802  -19.719 0.4000000060
196538  18.602  -66.525  -24.898 0.5000000000
196605  27.620  -75.876  -20.447 0.3000000119
196833  19.915  -69.978  -27.577 0.5000000000
196969  13.687  -70.662  -16.118 0.5000000000
197120  11.308  -53.798  -16.664 0.3000000119
197448  25.793  -82.655  -9.362 0.3000000119
197550  27.247  -81.281  -23.971 0.3000000119
197579  26.756  -78.773  -27.608 0.3000000119
197679  14.589  -76.605  -24.820 0.5000000000
197717  9.741  -68.095  -17.194 0.6000000238
197780  11.643  -73.811  -14.136 0.6000000238
197888  23.608  -85.082  -12.315 0.3000000119
198058  26.912  -78.014  -20.831 0.3000000119
198949  25.499  -77.503  -19.437 0.3000000119
199111  24.742  -80.751  -20.805 0.5000000000
199128  26.011  -81.936  -16.270 0.5000000000
199133  19.317  -70.862  -27.737 0.5000000000
199414  27.108  -81.840  -10.000 0.4000000060
199448  7.925  -70.125  -15.387 0.6000000238
199767  8.438  -72.050  -14.558 0.5000000000
199819  19.823  -83.333  -10.131 0.4000000060
199934  17.197  -72.555  -28.577 0.6000000238
200034  17.693  -74.341  -21.934 0.8000000119
200064  26.224  -79.150  -28.167 0.4000000060
200161  24.142  -83.814  -11.078 0.3000000119
200226  28.302  -82.722  -13.899 0.4000000060
200237  17.679  -64.834  -20.421 0.4000000060
200317  25.164  -83.567  -11.385 0.4000000060
200421  16.932  -66.588  -25.449 0.5000000000
200528  25.003  -78.514  -28.775 0.4000000060
200594  27.341  -76.830  -25.363 0.3000000119
200754  14.766  -62.073  -18.264 0.6999999881
200777  8.590  -74.122  -18.124 0.4000000060
200805  12.064  -55.710  -15.266 0.4000000060
200822  10.155  -69.825  -24.884 0.6000000238
200886  14.275  -65.436  -20.057 0.6999999881
201215  19.578  -81.866  -7.629 0.4000000060
201475  11.562  -55.298  -18.402 0.4000000060
