#!ascii label  , from subject sub-v2s11x28721_ses-1 vox2ras=TkReg
1607
79653  -40.986  -31.556  22.788 0.0000000000
71584  -20.721  -36.946  24.558 0.0000000000
73773  -30.279  -36.104  21.663 0.0000000000
117277  -45.264  -5.373  4.247 0.0000000000
119667  -51.747  -4.734  -0.237 0.0000000000
71489  -11.697  -36.796  29.946 0.0000000000
114937  -41.276  -7.454  7.687 0.0000000000
196878  -40.161  -28.341  23.069 0.0000000000
75019  -36.556  -35.176  21.488 0.0000000000
71531  -16.249  -36.635  26.865 0.0000000000
68116  -16.101  -40.549  29.309 0.0000000000
79672  -36.307  -31.022  22.443 0.0000000000
84132  -35.841  -28.762  24.151 0.0000000000
76249  -25.255  -34.426  22.797 0.0000000000
78601  -32.251  -32.878  21.427 0.0000000000
98810  -37.690  -18.761  7.367 0.0000000000
105969  -40.317  -13.426  5.641 0.0000000000
203278  -44.185  -10.407  4.170 0.0000000000
61861  -8.318  -43.724  32.247 0.0000000000
58189  -5.535  -46.125  34.455 0.0000000000
210598  -33.736  -28.000  20.703 0.0000000000
87984  -33.867  -25.906  14.603 0.0000000000
93782  -34.942  -22.659  10.314 0.0000000000
64432  -11.978  -42.208  30.519 0.0000000000
69327  -21.132  -38.540  26.686 0.0000000000
70478  -23.422  -37.889  25.996 0.0000000000
76275  -39.127  -33.631  21.905 0.0000000000
76203  -19.081  -33.951  25.733 0.0000000000
71548  -18.528  -37.035  25.845 0.0000000000
70444  -18.401  -38.337  27.383 0.0000000000
78526  -35.476  -31.991  24.574 0.0000000000
78582  -34.949  -32.065  21.942 0.0000000000
103669  -36.100  -15.165  7.757 0.0000000000
102584  -39.017  -16.563  6.476 0.0000000000
108148  -37.588  -12.391  6.560 0.0000000000
113877  -41.847  -8.274  4.929 0.0000000000
113892  -44.105  -8.086  3.785 0.0000000000
111763  -46.898  -10.049  3.790 0.0000000000
114992  -46.500  -7.257  3.198 0.0000000000
198833  -48.520  -7.399  1.965 0.0000000000
84111  -33.186  -28.881  24.675 0.0000000000
85314  -34.769  -27.987  22.837 0.0000000000
86601  -31.449  -27.630  22.357 0.0000000000
89135  -31.500  -25.390  16.167 0.0000000000
91492  -31.569  -23.929  13.432 0.0000000000
90322  -34.306  -24.546  12.827 0.0000000000
94964  -32.905  -21.486  11.526 0.0000000000
97553  -33.852  -19.645  10.010 0.0000000000
75006  -27.763  -35.988  22.301 0.0000000000
66834  -9.350  -40.276  31.237 0.0000000000
68113  -11.490  -39.876  29.673 0.0000000000
54699  -6.945  -49.052  36.140 0.0000000000
52283  -5.162  -50.469  36.678 0.0000000000
112769  -39.593  -8.863  9.468 0.0000000000
85339  -39.792  -27.700  21.674 0.0000000000
73777  -33.645  -35.797  21.633 0.0000000000
72553  -13.450  -36.322  28.123 0.0000000000
208354  -13.140  -39.015  28.564 0.0000000000
70424  -15.999  -38.442  27.895 0.0000000000
120756  -52.975  -3.856  -0.668 0.0000000000
79674  -38.248  -31.266  22.074 0.0000000000
202690  -38.475  -29.808  22.756 0.0000000000
81843  -36.604  -29.645  24.067 0.0000000000
219768  -20.894  -33.366  24.044 0.0000000000
205098  -23.211  -35.194  23.511 0.0000000000
79663  -23.453  -31.775  22.793 0.0000000000
79685  -26.079  -31.473  21.782 0.0000000000
77444  -28.351  -32.935  20.338 0.0000000000
78575  -29.631  -31.692  22.227 0.0000000000
76293  -31.143  -33.928  20.045 0.0000000000
76295  -34.017  -33.749  20.398 0.0000000000
78606  -36.883  -32.446  21.132 0.0000000000
93817  -40.422  -22.396  8.751 0.0000000000
111721  -39.385  -9.757  6.196 0.0000000000
109378  -42.243  -11.693  4.847 0.0000000000
115013  -50.209  -7.722  1.024 0.0000000000
59342  -7.278  -45.397  33.192 0.0000000000
57066  -8.473  -47.364  35.304 0.0000000000
84134  -37.796  -28.414  23.601 0.0000000000
85338  -36.895  -27.831  22.005 0.0000000000
200609  -36.645  -27.748  19.451 0.0000000000
87920  -31.083  -26.119  19.257 0.0000000000
86672  -33.430  -27.342  17.636 0.0000000000
87941  -36.921  -26.976  16.630 0.0000000000
89167  -37.163  -25.575  14.921 0.0000000000
204595  -38.235  -24.992  12.465 0.0000000000
92691  -38.618  -23.458  10.340 0.0000000000
96282  -36.792  -20.841  8.607 0.0000000000
101401  -34.929  -17.568  8.455 0.0000000000
237262  -25.716  -35.997  25.333 0.0000000000
64404  -7.981  -41.602  32.520 0.0000000000
63198  -10.376  -42.818  31.219 0.0000000000
66880  -13.927  -41.031  29.481 0.0000000000
50324  -3.172  -51.605  37.218 0.0000000000
70487  -20.727  -37.855  25.231 0.0000000000
70476  -21.925  -37.766  26.162 0.0000000000
217314  -22.054  -37.179  25.062 0.0000000000
77428  -40.228  -32.927  22.172 0.0000000000
73714  -19.771  -35.337  24.661 0.0000000000
73694  -18.519  -35.642  25.540 0.0000000000
71564  -19.783  -36.716  25.145 0.0000000000
71534  -19.703  -37.672  26.012 0.0000000000
107005  -36.568  -13.548  8.738 0.0000000000
105928  -36.977  -13.462  7.644 0.0000000000
109319  -36.977  -11.763  8.618 0.0000000000
117267  -44.342  -5.497  5.215 0.0000000000
116036  -43.453  -6.550  5.044 0.0000000000
116041  -44.712  -6.331  3.946 0.0000000000
114990  -45.225  -7.321  3.520 0.0000000000
117282  -45.891  -5.985  3.449 0.0000000000
116049  -46.454  -6.415  3.280 0.0000000000
85291  -32.125  -28.001  23.759 0.0000000000
206336  -31.467  -22.378  14.978 0.0000000000
92637  -32.136  -22.737  12.841 0.0000000000
94943  -31.937  -21.115  12.842 0.0000000000
217438  -32.625  -19.849  11.737 0.0000000000
73771  -28.804  -36.103  22.168 0.0000000000
72645  -28.807  -37.041  22.899 0.0000000000
209527  -30.402  -37.222  22.454 0.0000000000
69242  -10.436  -38.722  30.471 0.0000000000
69256  -11.344  -38.338  29.735 0.0000000000
117312  -51.487  -5.900  -0.410 0.0000000000
231170  -6.102  -49.930  36.589 0.0000000000
84116  -41.193  -28.891  24.232 0.0000000000
85318  -40.139  -27.898  22.474 0.0000000000
210518  -35.058  -35.627  21.966 0.0000000000
72666  -36.540  -36.669  22.548 0.0000000000
73678  -16.269  -35.570  26.751 0.0000000000
74907  -15.165  -34.803  27.521 0.0000000000
73650  -14.081  -34.893  28.408 0.0000000000
235467  -14.846  -36.614  27.278 0.0000000000
70439  -14.842  -37.679  27.562 0.0000000000
71517  -15.929  -37.287  27.259 0.0000000000
200922  -20.230  -39.574  28.078 0.0000000000
198205  -18.220  -39.920  27.902 0.0000000000
79673  -37.520  -31.222  22.155 0.0000000000
81858  -37.297  -30.331  22.882 0.0000000000
81857  -36.357  -30.045  23.119 0.0000000000
78503  -21.540  -32.269  24.406 0.0000000000
77406  -21.980  -33.074  23.521 0.0000000000
79635  -22.571  -30.923  23.905 0.0000000000
80757  -25.412  -30.133  22.498 0.0000000000
80759  -26.799  -30.263  22.112 0.0000000000
78573  -26.958  -32.084  21.189 0.0000000000
79667  -27.955  -30.948  22.078 0.0000000000
77426  -31.484  -32.716  23.208 0.0000000000
78577  -31.010  -32.195  21.718 0.0000000000
78617  -30.332  -32.466  20.560 0.0000000000
77459  -31.791  -33.525  20.811 0.0000000000
75041  -32.545  -34.355  20.798 0.0000000000
78620  -33.063  -33.018  20.702 0.0000000000
79690  -35.646  -31.889  22.013 0.0000000000
78604  -35.561  -32.529  20.998 0.0000000000
79704  -36.682  -31.917  21.209 0.0000000000
79693  -37.781  -31.854  21.730 0.0000000000
96293  -38.582  -20.627  7.844 0.0000000000
95012  -40.425  -21.304  7.946 0.0000000000
213202  -39.663  -19.488  7.027 0.0000000000
104826  -39.850  -14.751  5.726 0.0000000000
102586  -40.533  -16.818  6.095 0.0000000000
199120  -40.585  -7.854  8.604 0.0000000000
111702  -38.798  -9.501  7.272 0.0000000000
113859  -39.968  -8.427  6.474 0.0000000000
111746  -42.983  -9.912  4.361 0.0000000000
223724  -41.958  -10.253  4.730 0.0000000000
110604  -43.335  -11.305  4.645 0.0000000000
108177  -43.189  -12.299  5.374 0.0000000000
115005  -49.123  -7.772  1.526 0.0000000000
116065  -49.014  -6.507  1.170 0.0000000000
209587  -50.027  -6.215  0.394 0.0000000000
63177  -7.414  -42.897  32.885 0.0000000000
60550  -6.935  -44.015  33.315 0.0000000000
60562  -7.479  -44.222  32.808 0.0000000000
58193  -9.281  -46.479  34.688 0.0000000000
55933  -8.496  -47.693  36.112 0.0000000000
82962  -36.997  -29.075  23.965 0.0000000000
82963  -37.598  -28.920  23.403 0.0000000000
84151  -36.307  -28.350  23.740 0.0000000000
208130  -34.614  -27.943  21.763 0.0000000000
85336  -35.736  -27.718  22.214 0.0000000000
85357  -35.502  -27.805  21.212 0.0000000000
85376  -36.338  -27.674  20.710 0.0000000000
85388  -35.441  -27.945  19.712 0.0000000000
89102  -30.382  -25.091  18.843 0.0000000000
87968  -32.310  -25.973  15.684 0.0000000000
86699  -31.763  -26.894  16.620 0.0000000000
86702  -34.025  -27.091  16.184 0.0000000000
86688  -35.312  -27.231  16.848 0.0000000000
87955  -35.205  -27.022  15.561 0.0000000000
87974  -36.922  -26.511  15.339 0.0000000000
89165  -35.487  -25.758  14.378 0.0000000000
91557  -34.556  -23.891  11.227 0.0000000000
90346  -36.296  -24.653  12.265 0.0000000000
214489  -36.558  -23.995  11.260 0.0000000000
91560  -38.542  -24.428  11.181 0.0000000000
92689  -36.739  -23.471  10.264 0.0000000000
93796  -37.746  -22.368  9.464 0.0000000000
93811  -35.693  -21.879  9.350 0.0000000000
213476  -34.251  -17.818  10.348 0.0000000000
98793  -34.415  -18.599  9.310 0.0000000000
102546  -34.846  -16.743  9.812 0.0000000000
74990  -24.352  -34.912  23.285 0.0000000000
73735  -24.497  -35.661  24.049 0.0000000000
74972  -25.465  -34.938  24.121 0.0000000000
65576  -10.707  -41.073  30.384 0.0000000000
64418  -9.935  -42.042  31.163 0.0000000000
64419  -10.759  -42.318  30.986 0.0000000000
69276  -14.768  -39.503  28.566 0.0000000000
66893  -13.665  -40.538  29.069 0.0000000000
66881  -14.951  -40.894  29.739 0.0000000000
202640  -21.264  -39.384  28.267 0.0000000000
69319  -22.585  -38.931  27.595 0.0000000000
210022  -23.594  -38.585  27.186 0.0000000000
71519  -24.835  -37.979  26.997 0.0000000000
75021  -37.829  -34.929  21.846 0.0000000000
73766  -37.897  -36.282  22.425 0.0000000000
76186  -18.133  -33.938  26.424 0.0000000000
74943  -17.452  -35.160  26.093 0.0000000000
72571  -17.403  -36.679  26.262 0.0000000000
71518  -17.317  -37.712  26.970 0.0000000000
202228  -18.301  -37.470  26.395 0.0000000000
70446  -19.900  -38.729  27.020 0.0000000000
80747  -35.696  -30.653  23.096 0.0000000000
80732  -35.776  -30.434  23.800 0.0000000000
78558  -32.621  -32.620  23.156 0.0000000000
78580  -33.237  -32.195  21.929 0.0000000000
79650  -34.771  -31.854  23.190 0.0000000000
101411  -36.715  -17.176  7.309 0.0000000000
101414  -38.344  -17.571  7.010 0.0000000000
210731  -37.712  -16.022  6.886 0.0000000000
104810  -38.306  -14.972  6.445 0.0000000000
107040  -38.631  -12.941  5.924 0.0000000000
114964  -41.336  -7.387  6.207 0.0000000000
114975  -42.699  -7.201  4.984 0.0000000000
113887  -43.061  -8.313  4.440 0.0000000000
112843  -44.340  -9.210  3.805 0.0000000000
110630  -45.767  -10.590  3.767 0.0000000000
206377  -45.290  -8.667  3.523 0.0000000000
203481  -46.477  -8.759  3.317 0.0000000000
113902  -47.739  -8.641  2.868 0.0000000000
115003  -47.474  -7.188  2.517 0.0000000000
227194  -47.478  -6.428  2.590 0.0000000000
60581  -9.580  -44.404  32.238 0.0000000000
59361  -8.801  -45.416  32.628 0.0000000000
60551  -10.583  -45.279  33.532 0.0000000000
84130  -34.413  -28.817  24.370 0.0000000000
85294  -35.165  -28.048  23.433 0.0000000000
84147  -33.697  -28.380  23.229 0.0000000000
85333  -32.795  -27.912  22.422 0.0000000000
204168  -32.545  -27.798  21.357 0.0000000000
90220  -30.670  -23.956  17.994 0.0000000000
91455  -30.896  -23.465  16.687 0.0000000000
90260  -31.345  -24.273  15.368 0.0000000000
205687  -32.558  -24.603  14.102 0.0000000000
89174  -33.777  -25.086  13.921 0.0000000000
91516  -32.843  -24.068  13.072 0.0000000000
92657  -32.894  -23.374  11.855 0.0000000000
220545  -34.016  -22.814  10.795 0.0000000000
94982  -34.137  -21.286  9.878 0.0000000000
96260  -33.360  -20.450  10.914 0.0000000000
76262  -26.454  -34.161  22.464 0.0000000000
219529  -26.898  -36.032  23.948 0.0000000000
73754  -27.725  -36.968  23.264 0.0000000000
66862  -10.278  -40.178  30.374 0.0000000000
65577  -11.609  -41.362  30.115 0.0000000000
55943  -6.676  -48.158  35.181 0.0000000000
57064  -4.929  -46.741  35.418 0.0000000000
54698  -5.561  -49.019  35.581 0.0000000000
53422  -4.490  -49.187  36.033 0.0000000000
53414  -3.739  -50.027  36.850 0.0000000000
207452  -40.344  -27.720  20.364 0.0000000000
73775  -31.809  -35.929  21.386 0.0000000000
71626  -32.419  -37.576  22.331 0.0000000000
73638  -13.074  -35.140  29.628 0.0000000000
71494  -12.496  -36.890  28.715 0.0000000000
70410  -12.472  -37.754  28.791 0.0000000000
70421  -13.613  -37.804  28.167 0.0000000000
69297  -14.848  -38.731  28.148 0.0000000000
215548  -16.171  -39.451  28.531 0.0000000000
70426  -17.460  -38.847  27.748 0.0000000000
69300  -17.323  -39.317  28.127 0.0000000000
68144  -17.315  -39.864  29.344 0.0000000000
200786  -52.421  -4.740  -0.580 0.0000000000
79676  -39.719  -31.396  22.157 0.0000000000
80765  -39.391  -30.732  22.378 0.0000000000
81859  -38.127  -30.301  22.691 0.0000000000
81844  -37.023  -29.699  23.323 0.0000000000
82961  -35.984  -29.369  23.988 0.0000000000
81810  -35.417  -30.292  24.911 0.0000000000
82946  -35.413  -29.828  24.615 0.0000000000
84114  -35.160  -28.929  24.537 0.0000000000
84099  -33.487  -29.324  25.806 0.0000000000
73732  -21.194  -35.461  23.874 0.0000000000
219587  -21.853  -35.926  23.603 0.0000000000
231722  -21.848  -34.312  23.498 0.0000000000
229338  -22.968  -33.580  23.210 0.0000000000
77421  -24.393  -33.178  22.296 0.0000000000
80742  -24.061  -30.216  23.381 0.0000000000
79664  -24.154  -31.550  22.421 0.0000000000
77423  -25.691  -33.329  21.928 0.0000000000
76270  -26.675  -33.722  21.819 0.0000000000
76280  -27.573  -33.744  20.971 0.0000000000
75027  -29.034  -35.129  21.011 0.0000000000
79668  -28.843  -30.613  22.609 0.0000000000
79703  -28.968  -31.569  20.793 0.0000000000
77456  -29.785  -33.399  20.194 0.0000000000
227552  -30.969  -35.100  20.686 0.0000000000
73787  -31.998  -35.360  21.023 0.0000000000
73796  -33.566  -35.120  20.617 0.0000000000
75032  -35.502  -34.715  21.011 0.0000000000
215344  -34.310  -32.598  20.677 0.0000000000
76297  -35.531  -33.541  20.568 0.0000000000
75034  -36.885  -34.206  21.140 0.0000000000
233272  -37.794  -32.970  21.496 0.0000000000
78588  -39.073  -32.377  21.853 0.0000000000
74958  -20.028  -34.487  24.646 0.0000000000
98821  -40.522  -18.504  6.628 0.0000000000
111700  -38.023  -10.264  7.939 0.0000000000
214452  -38.231  -11.176  6.412 0.0000000000
216111  -39.739  -12.073  5.417 0.0000000000
112818  -40.815  -9.020  5.534 0.0000000000
109376  -40.867  -11.292  5.101 0.0000000000
108164  -41.483  -12.675  5.348 0.0000000000
107061  -42.418  -13.281  5.837 0.0000000000
200056  -51.038  -7.660  -0.031 0.0000000000
116070  -50.465  -6.408  -0.073 0.0000000000
118514  -50.596  -5.262  0.097 0.0000000000
60535  -6.119  -44.263  34.261 0.0000000000
58209  -6.595  -45.860  33.930 0.0000000000
59343  -8.308  -45.846  33.056 0.0000000000
58191  -7.700  -46.625  33.898 0.0000000000
55955  -7.093  -47.528  34.493 0.0000000000
55932  -7.847  -48.114  35.831 0.0000000000
81846  -39.218  -29.996  22.592 0.0000000000
82964  -38.981  -29.320  22.839 0.0000000000
85278  -38.784  -28.421  23.004 0.0000000000
85295  -35.868  -28.081  23.287 0.0000000000
86602  -37.326  -27.868  22.787 0.0000000000
86589  -38.465  -27.927  22.476 0.0000000000
86618  -38.109  -27.771  21.895 0.0000000000
85379  -38.307  -27.812  20.215 0.0000000000
85406  -38.394  -27.482  18.905 0.0000000000
86630  -30.914  -26.972  21.288 0.0000000000
85373  -32.667  -27.497  19.881 0.0000000000
87929  -30.845  -26.150  17.984 0.0000000000
86670  -31.962  -27.128  18.110 0.0000000000
85401  -33.803  -27.767  18.821 0.0000000000
200612  -35.224  -27.848  18.536 0.0000000000
85419  -37.078  -27.555  18.108 0.0000000000
90297  -35.661  -25.201  13.443 0.0000000000
90298  -37.257  -25.133  13.675 0.0000000000
93798  -39.267  -22.659  9.355 0.0000000000
95009  -37.885  -21.146  8.574 0.0000000000
213486  -37.418  -19.925  7.899 0.0000000000
96280  -35.489  -20.561  9.061 0.0000000000
98801  -35.624  -19.055  8.266 0.0000000000
98808  -36.464  -18.591  7.494 0.0000000000
102559  -35.963  -16.119  8.302 0.0000000000
104773  -36.060  -14.469  8.893 0.0000000000
72609  -23.191  -36.767  24.755 0.0000000000
72610  -24.666  -36.756  25.153 0.0000000000
73720  -27.058  -36.472  25.002 0.0000000000
64409  -7.713  -42.384  32.119 0.0000000000
65548  -8.850  -40.680  31.512 0.0000000000
64417  -9.173  -42.086  31.426 0.0000000000
214491  -9.234  -43.413  31.717 0.0000000000
61864  -10.453  -43.842  32.027 0.0000000000
68139  -12.575  -39.445  28.908 0.0000000000
66878  -12.408  -40.697  29.455 0.0000000000
65579  -13.239  -41.965  30.195 0.0000000000
207261  -4.945  -51.463  38.069 0.0000000000
51238  -4.086  -51.308  37.261 0.0000000000
52273  -3.123  -50.218  37.157 0.0000000000
71566  -20.976  -37.282  24.812 0.0000000000
71551  -21.484  -37.438  25.399 0.0000000000
71585  -21.265  -36.848  24.292 0.0000000000
78562  -40.653  -32.236  22.290 0.0000000000
230171  -20.224  -35.948  24.638 0.0000000000
72607  -19.796  -36.112  24.906 0.0000000000
206384  -20.275  -36.572  24.817 0.0000000000
71565  -20.343  -37.252  25.066 0.0000000000
108105  -37.209  -12.513  9.875 0.0000000000
202306  -36.697  -12.404  8.710 0.0000000000
109307  -37.195  -11.595  9.242 0.0000000000
117268  -44.814  -5.284  4.849 0.0000000000
117275  -44.336  -5.961  4.509 0.0000000000
117276  -44.800  -5.736  4.150 0.0000000000
117281  -45.321  -6.077  3.818 0.0000000000
224415  -45.679  -5.561  3.837 0.0000000000
94922  -31.542  -20.855  13.606 0.0000000000
73772  -29.510  -36.297  21.678 0.0000000000
72657  -29.149  -36.622  22.418 0.0000000000
72669  -29.945  -36.641  22.198 0.0000000000
71481  -11.293  -37.112  30.344 0.0000000000
70399  -11.143  -37.737  30.124 0.0000000000
70400  -11.622  -37.646  29.680 0.0000000000
118519  -51.971  -5.311  -0.423 0.0000000000
117313  -52.172  -5.948  -0.630 0.0000000000
207687  -40.916  -28.335  23.371 0.0000000000
85300  -40.506  -28.141  22.867 0.0000000000
85299  -39.763  -28.095  22.711 0.0000000000
73778  -35.532  -35.671  21.815 0.0000000000
73764  -35.294  -36.004  22.140 0.0000000000
73765  -36.148  -36.119  22.034 0.0000000000
73670  -15.712  -35.087  27.217 0.0000000000
217463  -15.680  -35.984  27.015 0.0000000000
73668  -14.813  -35.485  27.393 0.0000000000
72561  -15.171  -36.219  27.297 0.0000000000
71516  -15.215  -37.050  27.376 0.0000000000
80773  -36.869  -31.064  22.125 0.0000000000
80762  -36.635  -30.615  22.686 0.0000000000
80761  -35.924  -30.455  22.817 0.0000000000
78521  -21.936  -32.020  24.089 0.0000000000
80729  -27.242  -29.419  23.624 0.0000000000
81842  -26.552  -29.505  22.985 0.0000000000
80744  -27.166  -29.998  22.849 0.0000000000
80772  -27.093  -30.888  21.766 0.0000000000
234016  -27.405  -30.488  22.321 0.0000000000
78557  -31.689  -32.723  22.660 0.0000000000
78556  -31.228  -32.688  22.605 0.0000000000
78578  -31.593  -32.598  22.029 0.0000000000
77445  -31.472  -33.069  21.002 0.0000000000
77446  -32.025  -33.339  21.292 0.0000000000
78619  -32.498  -33.186  21.009 0.0000000000
79671  -35.793  -31.266  22.551 0.0000000000
79691  -36.389  -31.522  21.839 0.0000000000
79692  -37.055  -31.522  21.605 0.0000000000
97575  -38.122  -19.947  7.608 0.0000000000
97576  -38.966  -20.118  7.490 0.0000000000
97584  -38.673  -19.475  7.362 0.0000000000
105957  -40.237  -13.974  5.707 0.0000000000
103702  -40.820  -15.330  5.967 0.0000000000
225011  -41.532  -13.976  5.992 0.0000000000
114926  -41.190  -7.548  8.498 0.0000000000
113835  -40.160  -8.228  7.818 0.0000000000
113847  -40.864  -7.775  7.073 0.0000000000
111747  -43.645  -10.032  4.276 0.0000000000
110619  -43.170  -10.580  4.501 0.0000000000
110620  -43.797  -10.816  4.426 0.0000000000
109380  -43.650  -11.901  4.949 0.0000000000
117300  -49.048  -5.755  1.113 0.0000000000
61851  -7.683  -43.660  32.573 0.0000000000
60563  -8.294  -44.467  32.424 0.0000000000
84133  -36.714  -28.709  24.096 0.0000000000
212902  -37.242  -28.648  23.837 0.0000000000
85355  -34.158  -27.967  21.261 0.0000000000
85356  -34.889  -27.987  21.260 0.0000000000
208166  -34.502  -28.044  20.744 0.0000000000
208165  -35.127  -28.042  20.812 0.0000000000
198680  -34.196  -28.093  20.172 0.0000000000
87983  -33.206  -25.852  14.705 0.0000000000
87953  -32.698  -26.373  16.082 0.0000000000
87970  -33.707  -26.262  15.132 0.0000000000
86717  -34.353  -26.795  15.486 0.0000000000
213052  -34.913  -26.493  15.041 0.0000000000
87972  -35.506  -26.594  14.981 0.0000000000
87985  -34.518  -25.737  14.669 0.0000000000
92686  -34.564  -23.261  10.680 0.0000000000
92671  -35.858  -23.837  11.045 0.0000000000
92688  -35.682  -23.458  10.581 0.0000000000
91571  -36.283  -23.725  10.654 0.0000000000
220724  -36.086  -23.373  10.226 0.0000000000
231105  -36.367  -22.455  9.546 0.0000000000
93793  -35.318  -22.164  9.997 0.0000000000
76248  -24.627  -34.414  22.904 0.0000000000
74991  -25.020  -34.683  23.379 0.0000000000
74992  -25.738  -34.666  23.633 0.0000000000
64431  -11.146  -41.892  30.579 0.0000000000
64420  -11.521  -42.532  30.987 0.0000000000
63200  -11.751  -42.964  31.425 0.0000000000
212317  -12.326  -42.849  31.087 0.0000000000
68142  -15.712  -39.937  28.795 0.0000000000
68115  -15.094  -40.290  29.260 0.0000000000
59328  -5.461  -45.337  34.590 0.0000000000
58171  -5.017  -45.782  35.052 0.0000000000
82947  -40.551  -29.443  23.722 0.0000000000
230148  -21.025  -39.044  27.022 0.0000000000
69318  -21.932  -38.937  27.678 0.0000000000
70447  -21.561  -38.673  27.216 0.0000000000
70477  -22.769  -37.985  26.018 0.0000000000
196691  -22.891  -38.652  27.072 0.0000000000
235569  -23.686  -37.993  26.327 0.0000000000
70450  -24.353  -38.435  27.432 0.0000000000
71535  -23.998  -37.713  26.137 0.0000000000
76264  -38.506  -34.729  22.006 0.0000000000
76202  -18.529  -34.303  25.946 0.0000000000
72586  -18.456  -36.331  25.532 0.0000000000
73693  -17.999  -35.636  25.810 0.0000000000
71547  -17.922  -36.462  25.941 0.0000000000
73692  -17.357  -35.959  26.088 0.0000000000
212657  -17.630  -37.264  26.544 0.0000000000
70462  -20.137  -38.180  26.492 0.0000000000
70461  -19.384  -38.119  26.594 0.0000000000
220028  -20.638  -38.904  26.675 0.0000000000
69316  -20.552  -39.362  27.322 0.0000000000
79638  -35.602  -31.264  23.779 0.0000000000
199813  -33.019  -32.350  22.793 0.0000000000
78540  -35.135  -31.907  23.797 0.0000000000
79651  -35.374  -31.451  23.131 0.0000000000
208889  -36.509  -15.952  7.868 0.0000000000
102569  -37.550  -16.495  6.941 0.0000000000
103670  -36.879  -15.399  7.529 0.0000000000
107024  -37.305  -13.132  6.905 0.0000000000
204741  -37.709  -14.424  6.569 0.0000000000
105940  -37.761  -13.724  6.393 0.0000000000
230671  -38.345  -13.509  6.150 0.0000000000
108149  -38.213  -12.323  6.006 0.0000000000
236807  -42.232  -6.800  6.373 0.0000000000
116035  -43.065  -6.669  5.639 0.0000000000
114983  -43.530  -7.009  4.361 0.0000000000
114982  -43.105  -7.556  4.589 0.0000000000
208746  -43.533  -7.977  4.190 0.0000000000
112833  -43.398  -8.844  4.169 0.0000000000
113888  -43.896  -8.702  3.912 0.0000000000
112844  -45.014  -9.180  3.634 0.0000000000
230063  -44.602  -8.526  3.611 0.0000000000
114991  -45.869  -7.655  3.345 0.0000000000
113894  -45.856  -8.408  3.394 0.0000000000
113901  -46.516  -8.101  3.086 0.0000000000
203270  -47.134  -8.304  2.847 0.0000000000
114998  -47.591  -7.888  2.669 0.0000000000
114997  -47.023  -7.629  2.751 0.0000000000
117288  -46.871  -5.865  2.782 0.0000000000
84129  -33.586  -29.138  24.186 0.0000000000
84148  -34.026  -28.711  23.770 0.0000000000
228600  -33.384  -28.814  23.696 0.0000000000
86588  -31.541  -27.622  22.964 0.0000000000
85311  -32.227  -28.171  22.992 0.0000000000
204118  -31.937  -28.190  22.471 0.0000000000
228849  -33.102  -27.889  21.874 0.0000000000
85332  -32.203  -28.054  21.957 0.0000000000
92609  -31.557  -23.330  14.481 0.0000000000
91476  -31.355  -23.760  14.950 0.0000000000
91477  -31.725  -24.068  14.130 0.0000000000
234491  -32.168  -24.320  14.288 0.0000000000
223689  -31.787  -24.317  13.564 0.0000000000
90320  -32.720  -24.304  13.686 0.0000000000
91493  -31.909  -24.159  13.342 0.0000000000
93773  -32.585  -22.055  11.733 0.0000000000
92656  -32.482  -22.760  12.013 0.0000000000
92668  -33.105  -22.675  11.544 0.0000000000
92685  -33.719  -22.913  11.279 0.0000000000
93774  -33.106  -22.051  11.396 0.0000000000
94973  -33.370  -21.708  11.039 0.0000000000
212629  -33.159  -21.021  11.206 0.0000000000
97542  -33.085  -19.670  11.240 0.0000000000
76263  -26.847  -34.670  22.226 0.0000000000
75005  -27.270  -35.424  22.705 0.0000000000
74995  -27.666  -36.091  23.110 0.0000000000
71605  -29.737  -38.090  23.548 0.0000000000
232029  -29.282  -37.754  23.811 0.0000000000
207243  -11.072  -38.969  29.910 0.0000000000
68089  -10.691  -39.584  30.122 0.0000000000
66863  -11.082  -40.472  30.029 0.0000000000
66877  -11.779  -40.667  29.731 0.0000000000
54711  -6.831  -48.701  35.657 0.0000000000
54710  -5.929  -48.470  35.306 0.0000000000
206505  -6.345  -49.112  35.834 0.0000000000
52291  -5.524  -50.011  36.329 0.0000000000
53423  -5.192  -49.464  35.896 0.0000000000
52290  -4.791  -49.939  36.182 0.0000000000
53415  -3.992  -49.387  36.460 0.0000000000
52282  -4.428  -50.407  36.563 0.0000000000
85319  -40.872  -27.977  22.302 0.0000000000
85340  -40.597  -27.920  21.683 0.0000000000
230094  -41.131  -27.819  21.127 0.0000000000
85362  -39.753  -27.714  20.890 0.0000000000
73776  -32.980  -35.871  21.407 0.0000000000
72661  -32.840  -36.988  22.007 0.0000000000
72673  -33.306  -36.412  21.801 0.0000000000
73659  -13.758  -35.674  28.149 0.0000000000
235325  -13.674  -35.274  28.599 0.0000000000
73648  -13.235  -35.618  28.673 0.0000000000
72547  -12.677  -36.002  29.110 0.0000000000
72552  -12.984  -36.379  28.539 0.0000000000
70420  -12.955  -37.559  28.461 0.0000000000
71502  -13.194  -36.995  28.278 0.0000000000
70423  -15.217  -38.268  27.833 0.0000000000
235333  -14.613  -38.159  27.807 0.0000000000
69277  -15.452  -39.251  28.471 0.0000000000
69298  -15.670  -38.825  28.222 0.0000000000
70443  -17.714  -38.314  27.359 0.0000000000
70442  -17.046  -38.190  27.443 0.0000000000
226797  -18.272  -39.845  28.628 0.0000000000
69280  -17.819  -39.635  28.400 0.0000000000
68145  -17.890  -39.765  29.062 0.0000000000
69279  -17.320  -39.568  28.718 0.0000000000
79675  -38.990  -31.243  22.040 0.0000000000
80764  -38.585  -30.721  22.366 0.0000000000
81828  -36.742  -29.585  24.007 0.0000000000
80713  -35.821  -30.392  24.920 0.0000000000
233675  -35.796  -30.129  23.970 0.0000000000
82933  -34.815  -30.112  25.650 0.0000000000
82945  -35.077  -29.653  24.911 0.0000000000
82944  -34.626  -29.477  25.252 0.0000000000
84100  -34.228  -29.377  25.331 0.0000000000
74967  -20.613  -34.716  24.102 0.0000000000
74968  -21.129  -34.342  23.715 0.0000000000
78534  -22.712  -32.134  23.025 0.0000000000
77407  -22.519  -33.008  23.159 0.0000000000
77408  -23.124  -33.028  22.924 0.0000000000
201758  -23.539  -33.731  22.973 0.0000000000
78549  -23.377  -32.508  22.734 0.0000000000
79666  -25.595  -30.884  22.071 0.0000000000
80756  -24.551  -30.664  22.680 0.0000000000
79665  -24.907  -31.349  22.237 0.0000000000
78551  -24.692  -32.327  22.020 0.0000000000
78552  -25.425  -32.623  21.739 0.0000000000
77424  -26.270  -33.445  21.886 0.0000000000
77434  -25.957  -32.767  21.437 0.0000000000
78574  -27.566  -32.109  21.003 0.0000000000
211365  -27.176  -32.669  21.159 0.0000000000
231298  -28.014  -33.461  20.483 0.0000000000
76281  -28.160  -34.152  20.720 0.0000000000
76290  -28.532  -33.710  20.218 0.0000000000
78554  -30.175  -32.037  22.822 0.0000000000
78535  -29.896  -31.515  23.753 0.0000000000
78553  -29.640  -31.693  23.074 0.0000000000
79649  -29.298  -31.106  23.348 0.0000000000
79669  -29.182  -31.220  22.479 0.0000000000
199193  -28.737  -30.938  21.978 0.0000000000
78597  -29.602  -31.798  21.409 0.0000000000
77457  -30.662  -33.344  20.343 0.0000000000
76292  -30.383  -33.983  20.301 0.0000000000
75039  -30.077  -34.594  20.407 0.0000000000
75040  -30.945  -34.565  20.151 0.0000000000
75029  -31.528  -34.871  20.749 0.0000000000
76294  -33.278  -34.053  20.470 0.0000000000
75042  -33.151  -34.733  20.615 0.0000000000
200827  -33.741  -34.504  20.435 0.0000000000
75031  -34.755  -34.993  21.121 0.0000000000
75044  -34.874  -34.529  20.635 0.0000000000
78581  -34.188  -32.025  21.836 0.0000000000
78603  -33.849  -32.263  21.033 0.0000000000
200699  -34.754  -32.296  21.143 0.0000000000
78605  -36.279  -32.562  20.979 0.0000000000
77463  -35.705  -32.930  20.687 0.0000000000
232926  -36.173  -32.949  20.771 0.0000000000
76298  -36.082  -33.334  20.701 0.0000000000
77447  -36.621  -33.065  20.883 0.0000000000
76285  -37.118  -33.673  21.045 0.0000000000
77448  -37.281  -33.021  21.205 0.0000000000
78587  -38.290  -32.536  21.624 0.0000000000
79694  -38.625  -31.827  21.828 0.0000000000
79695  -39.263  -31.792  21.945 0.0000000000
77387  -20.368  -33.025  24.662 0.0000000000
76216  -20.029  -33.572  24.975 0.0000000000
76231  -20.489  -33.929  24.333 0.0000000000
93800  -40.867  -22.987  9.218 0.0000000000
96296  -40.739  -20.717  7.639 0.0000000000
95014  -41.790  -21.676  7.813 0.0000000000
101423  -38.675  -17.093  6.709 0.0000000000
100097  -39.072  -17.808  6.773 0.0000000000
202253  -39.411  -17.211  6.518 0.0000000000
111676  -38.567  -9.741  9.236 0.0000000000
111689  -38.126  -10.211  8.722 0.0000000000
111690  -38.473  -9.661  8.373 0.0000000000
111710  -39.106  -9.626  6.681 0.0000000000
111709  -38.621  -10.040  6.823 0.0000000000
110577  -39.091  -10.254  6.266 0.0000000000
109361  -39.023  -11.582  5.504 0.0000000000
110587  -39.118  -10.875  5.607 0.0000000000
113862  -41.502  -7.714  5.552 0.0000000000
112808  -40.705  -8.517  5.903 0.0000000000
112819  -41.447  -9.055  5.144 0.0000000000
110602  -41.963  -10.915  4.822 0.0000000000
213390  -41.464  -10.343  5.041 0.0000000000
109377  -41.581  -11.510  5.018 0.0000000000
108174  -41.137  -12.027  5.162 0.0000000000
108175  -41.866  -12.225  5.109 0.0000000000
107060  -41.815  -13.171  5.614 0.0000000000
108165  -42.134  -12.781  5.448 0.0000000000
108150  -43.755  -12.814  6.492 0.0000000000
111762  -46.214  -9.988  3.634 0.0000000000
113912  -49.381  -8.451  1.990 0.0000000000
115012  -49.706  -7.592  1.121 0.0000000000
113922  -50.669  -8.245  1.186 0.0000000000
113930  -50.574  -7.561  0.501 0.0000000000
117307  -50.337  -5.829  0.094 0.0000000000
117311  -50.816  -5.855  -0.171 0.0000000000
60549  -6.709  -44.574  33.542 0.0000000000
60536  -6.463  -43.911  33.801 0.0000000000
59341  -6.550  -45.218  33.847 0.0000000000
59344  -9.347  -46.001  33.365 0.0000000000
58212  -8.901  -46.321  33.831 0.0000000000
58172  -8.933  -46.897  35.012 0.0000000000
58192  -8.593  -46.748  34.121 0.0000000000
57078  -8.208  -47.156  34.460 0.0000000000
57077  -7.316  -47.202  34.118 0.0000000000
57065  -7.771  -47.557  34.772 0.0000000000
55944  -7.368  -47.897  35.151 0.0000000000
55945  -8.030  -47.727  35.460 0.0000000000
55923  -8.017  -48.148  36.613 0.0000000000
81860  -38.938  -30.250  22.618 0.0000000000
80748  -39.810  -30.267  22.658 0.0000000000
84135  -38.362  -28.897  23.218 0.0000000000
84136  -39.168  -28.885  22.935 0.0000000000
85277  -38.349  -28.188  23.316 0.0000000000
85315  -35.472  -27.868  22.800 0.0000000000
85337  -36.250  -27.720  22.102 0.0000000000
196668  -36.723  -27.918  22.510 0.0000000000
85317  -37.882  -27.881  22.807 0.0000000000
234256  -37.244  -27.860  22.344 0.0000000000
86604  -38.653  -27.874  22.114 0.0000000000
86617  -37.513  -27.747  21.979 0.0000000000
198595  -36.840  -27.773  20.170 0.0000000000
85377  -37.053  -27.697  20.879 0.0000000000
85378  -37.561  -27.536  20.270 0.0000000000
85390  -37.334  -27.610  19.581 0.0000000000
87917  -30.885  -26.018  19.835 0.0000000000
86640  -30.896  -26.595  20.729 0.0000000000
86649  -31.101  -26.729  19.745 0.0000000000
86641  -32.077  -27.314  20.341 0.0000000000
86650  -31.744  -27.135  19.643 0.0000000000
89123  -30.980  -25.184  16.887 0.0000000000
89122  -30.503  -24.869  17.629 0.0000000000
87940  -30.771  -25.724  17.396 0.0000000000
86685  -32.835  -27.039  17.140 0.0000000000
86684  -31.890  -27.199  17.184 0.0000000000
86671  -32.624  -27.332  17.808 0.0000000000
85399  -32.559  -27.519  18.492 0.0000000000
85414  -33.235  -27.550  18.295 0.0000000000
85402  -34.570  -27.909  18.496 0.0000000000
210657  -34.540  -27.664  17.867 0.0000000000
199814  -35.949  -27.361  16.908 0.0000000000
85435  -36.050  -27.623  17.392 0.0000000000
86673  -36.987  -27.243  17.418 0.0000000000
207620  -37.516  -27.326  17.742 0.0000000000
86690  -37.591  -26.913  17.147 0.0000000000
89153  -37.149  -25.929  15.277 0.0000000000
90296  -34.822  -25.084  13.393 0.0000000000
90323  -35.231  -24.814  12.883 0.0000000000
90347  -37.097  -24.859  12.251 0.0000000000
90325  -36.811  -24.983  12.953 0.0000000000
90326  -37.665  -24.969  12.894 0.0000000000
210791  -38.427  -23.806  10.752 0.0000000000
90357  -39.631  -24.740  11.534 0.0000000000
91575  -39.658  -24.108  10.627 0.0000000000
92693  -39.989  -23.598  10.236 0.0000000000
92708  -39.615  -23.107  9.802 0.0000000000
92707  -38.878  -23.106  9.749 0.0000000000
93813  -37.150  -21.815  9.242 0.0000000000
210842  -37.853  -21.664  9.047 0.0000000000
94993  -37.295  -21.280  8.829 0.0000000000
95008  -37.400  -20.835  8.468 0.0000000000
96291  -37.121  -20.346  8.277 0.0000000000
96278  -34.151  -20.465  9.558 0.0000000000
94989  -34.435  -20.894  9.331 0.0000000000
96279  -34.899  -20.276  9.307 0.0000000000
98800  -34.628  -18.066  8.844 0.0000000000
98794  -34.948  -18.929  8.789 0.0000000000
100078  -35.233  -18.228  8.192 0.0000000000
210724  -35.891  -18.591  7.908 0.0000000000
100079  -35.841  -17.987  7.654 0.0000000000
210484  -36.006  -17.288  7.582 0.0000000000
101403  -35.655  -16.733  8.069 0.0000000000
103654  -35.457  -14.941  9.048 0.0000000000
74970  -22.468  -35.485  23.575 0.0000000000
72629  -22.769  -36.379  24.159 0.0000000000
73752  -23.193  -35.902  23.803 0.0000000000
73716  -24.726  -36.119  24.641 0.0000000000
234972  -25.566  -36.323  25.766 0.0000000000
208392  -25.735  -37.212  26.439 0.0000000000
72590  -26.291  -36.521  26.185 0.0000000000
73737  -27.299  -36.316  24.402 0.0000000000
74961  -26.803  -36.051  24.475 0.0000000000
73721  -27.480  -36.878  24.826 0.0000000000
71608  -32.019  -38.118  22.748 0.0000000000
66810  -8.862  -39.766  31.755 0.0000000000
63197  -9.715  -42.643  31.329 0.0000000000
63187  -9.109  -42.798  31.511 0.0000000000
63188  -9.918  -43.313  31.522 0.0000000000
61863  -9.757  -43.867  31.967 0.0000000000
69274  -13.070  -38.230  28.547 0.0000000000
69273  -12.432  -38.558  28.932 0.0000000000
66892  -12.879  -40.236  29.114 0.0000000000
66879  -13.214  -40.931  29.392 0.0000000000
65591  -12.851  -41.382  29.742 0.0000000000
65592  -13.684  -41.431  29.912 0.0000000000
119669  -52.852  -4.265  -0.610 0.0000000000
50325  -4.098  -51.909  37.567 0.0000000000
50326  -4.497  -51.774  37.943 0.0000000000
51237  -3.452  -50.807  37.179 0.0000000000
52274  -3.545  -50.539  37.078 0.0000000000
70475  -21.105  -38.029  26.001 0.0000000000
70463  -21.713  -38.166  26.731 0.0000000000
71552  -22.316  -37.480  25.596 0.0000000000
71568  -22.704  -37.169  25.142 0.0000000000
76266  -39.781  -33.844  22.240 0.0000000000
74957  -19.301  -34.662  25.125 0.0000000000
226492  -18.816  -34.586  25.569 0.0000000000
73713  -19.322  -35.638  25.046 0.0000000000
73712  -18.879  -36.053  25.237 0.0000000000
72587  -19.087  -36.769  25.342 0.0000000000
215019  -19.161  -37.279  25.730 0.0000000000
71549  -19.674  -37.246  25.457 0.0000000000
71550  -20.190  -37.635  25.501 0.0000000000
104781  -36.433  -14.171  8.339 0.0000000000
228701  -36.934  -14.035  7.721 0.0000000000
232752  -36.724  -13.623  8.180 0.0000000000
108133  -36.887  -12.371  8.042 0.0000000000
109332  -37.176  -11.807  7.782 0.0000000000
200963  -43.414  -6.135  5.678 0.0000000000
117266  -43.818  -5.890  5.232 0.0000000000
116040  -44.022  -6.603  3.950 0.0000000000
116046  -44.615  -6.976  3.705 0.0000000000
114989  -44.617  -7.695  3.577 0.0000000000
116047  -45.165  -6.701  3.696 0.0000000000
116048  -45.801  -6.780  3.479 0.0000000000
117283  -46.261  -5.679  3.006 0.0000000000
85276  -32.777  -28.466  24.160 0.0000000000
85275  -32.000  -27.887  24.492 0.0000000000
85290  -31.529  -27.444  24.088 0.0000000000
86600  -31.092  -26.836  22.888 0.0000000000
91491  -31.622  -23.039  13.366 0.0000000000
91515  -31.945  -23.572  13.093 0.0000000000
226165  -31.758  -21.899  13.275 0.0000000000
93759  -32.202  -21.969  12.429 0.0000000000
202688  -32.349  -21.224  12.046 0.0000000000
220169  -32.786  -20.900  11.686 0.0000000000
230411  -32.170  -20.598  12.559 0.0000000000
73770  -28.065  -36.384  22.100 0.0000000000
73762  -27.755  -36.934  22.503 0.0000000000
73763  -28.199  -36.982  22.374 0.0000000000
72658  -29.588  -37.198  22.697 0.0000000000
71606  -30.553  -38.107  23.346 0.0000000000
68114  -11.768  -39.094  29.285 0.0000000000
116077  -51.740  -6.564  -0.522 0.0000000000
116078  -52.316  -6.525  -0.730 0.0000000000
230483  -7.220  -49.001  36.632 0.0000000000
53416  -6.707  -49.510  36.614 0.0000000000
53407  -6.388  -49.978  37.250 0.0000000000
207885  -5.482  -50.751  37.305 0.0000000000
200013  -40.942  -28.112  22.550 0.0000000000
86605  -39.615  -27.809  22.133 0.0000000000
197538  -34.198  -35.712  21.815 0.0000000000
72674  -33.986  -36.214  22.029 0.0000000000
72675  -34.639  -35.922  22.176 0.0000000000
72665  -35.785  -36.599  22.493 0.0000000000
72648  -36.209  -37.121  22.913 0.0000000000
74926  -16.626  -34.858  26.733 0.0000000000
74908  -16.243  -34.582  27.171 0.0000000000
198577  -15.776  -34.118  27.743 0.0000000000
74892  -15.082  -34.144  28.115 0.0000000000
74891  -14.652  -34.838  27.908 0.0000000000
73667  -14.273  -35.559  27.695 0.0000000000
72559  -13.997  -36.291  27.618 0.0000000000
71503  -13.785  -37.040  27.779 0.0000000000
71515  -14.433  -36.971  27.314 0.0000000000
70440  -15.571  -37.801  27.562 0.0000000000
235657  -18.604  -39.004  27.453 0.0000000000
70427  -18.154  -39.082  27.662 0.0000000000
69303  -19.493  -39.776  28.172 0.0000000000
68147  -19.383  -39.827  29.023 0.0000000000
80763  -37.837  -30.767  22.483 0.0000000000
229177  -37.267  -30.788  22.535 0.0000000000
77389  -21.342  -32.848  23.850 0.0000000000
76246  -21.533  -33.625  23.556 0.0000000000
78520  -21.796  -32.532  23.823 0.0000000000
78533  -22.193  -32.405  23.481 0.0000000000
79646  -22.908  -31.252  23.310 0.0000000000
81840  -25.191  -29.383  23.550 0.0000000000
81841  -25.915  -29.337  23.179 0.0000000000
81854  -26.047  -29.518  22.510 0.0000000000
231887  -26.105  -30.751  21.908 0.0000000000
78572  -26.345  -32.163  21.414 0.0000000000
79686  -26.736  -31.452  21.500 0.0000000000
79687  -27.373  -31.463  21.318 0.0000000000
77425  -31.132  -32.547  23.108 0.0000000000
78555  -30.806  -32.268  22.650 0.0000000000
78576  -30.259  -31.981  21.976 0.0000000000
78598  -30.435  -31.813  21.057 0.0000000000
78599  -30.937  -32.515  21.070 0.0000000000
78618  -30.929  -32.967  20.644 0.0000000000
211873  -31.507  -33.820  20.404 0.0000000000
204222  -31.906  -34.428  20.957 0.0000000000
212455  -31.967  -33.954  20.975 0.0000000000
209240  -32.744  -33.636  20.713 0.0000000000
77460  -33.429  -33.301  20.493 0.0000000000
78583  -35.414  -32.240  21.513 0.0000000000
78584  -36.054  -32.237  21.505 0.0000000000
78585  -37.123  -31.974  21.355 0.0000000000
95010  -38.966  -21.215  8.119 0.0000000000
94996  -40.018  -21.910  8.278 0.0000000000
96294  -39.351  -20.752  7.675 0.0000000000
97577  -39.712  -20.184  7.276 0.0000000000
97586  -40.234  -19.811  6.954 0.0000000000
103700  -39.516  -15.395  5.984 0.0000000000
102585  -39.782  -16.617  6.112 0.0000000000
102601  -40.449  -16.085  5.813 0.0000000000
112781  -40.069  -8.504  9.141 0.0000000000
112779  -38.922  -9.253  8.310 0.0000000000
113834  -39.576  -8.663  7.792 0.0000000000
113845  -39.679  -8.498  7.062 0.0000000000
112806  -39.543  -9.078  6.449 0.0000000000
112832  -42.830  -9.156  4.369 0.0000000000
112831  -42.074  -9.099  4.668 0.0000000000
111745  -42.303  -9.783  4.533 0.0000000000
110618  -42.490  -10.453  4.469 0.0000000000
108176  -42.522  -12.316  5.225 0.0000000000
109379  -42.914  -11.820  4.903 0.0000000000
109364  -43.921  -12.247  5.360 0.0000000000
116059  -48.186  -6.708  1.988 0.0000000000
116060  -48.721  -6.975  1.520 0.0000000000
115011  -49.317  -7.114  1.051 0.0000000000
115020  -49.930  -7.080  0.676 0.0000000000
116066  -49.533  -6.400  0.841 0.0000000000
117301  -49.519  -5.675  0.642 0.0000000000
61850  -7.212  -43.451  33.147 0.0000000000
231323  -7.175  -44.652  33.034 0.0000000000
82973  -37.341  -29.338  23.329 0.0000000000
82974  -38.147  -29.306  22.985 0.0000000000
84152  -37.107  -28.221  23.755 0.0000000000
85334  -34.329  -27.963  22.293 0.0000000000
85335  -35.055  -27.854  22.280 0.0000000000
208192  -35.324  -27.826  21.745 0.0000000000
209532  -35.887  -27.610  21.679 0.0000000000
85358  -36.505  -27.681  21.465 0.0000000000
236747  -35.962  -27.588  21.137 0.0000000000
85375  -35.642  -27.822  20.557 0.0000000000
85389  -36.043  -27.872  19.364 0.0000000000
229337  -30.699  -25.712  18.943 0.0000000000
89148  -31.884  -25.463  15.560 0.0000000000
87951  -31.471  -26.043  16.598 0.0000000000
87952  -31.982  -26.524  16.133 0.0000000000
86701  -33.172  -26.719  16.533 0.0000000000
86686  -33.724  -27.027  17.014 0.0000000000
85432  -34.191  -27.390  17.447 0.0000000000
86687  -34.554  -27.246  16.717 0.0000000000
215433  -35.120  -27.133  16.293 0.0000000000
87956  -36.472  -26.839  15.904 0.0000000000
87957  -37.184  -26.634  16.007 0.0000000000
87973  -36.248  -26.690  15.057 0.0000000000
218489  -36.206  -26.016  14.279 0.0000000000
91543  -34.287  -24.045  12.064 0.0000000000
91518  -34.959  -24.477  12.286 0.0000000000
215124  -34.910  -24.147  11.766 0.0000000000
196789  -36.058  -24.202  11.607 0.0000000000
232364  -37.325  -24.673  11.749 0.0000000000
90355  -38.399  -24.796  11.888 0.0000000000
91559  -37.200  -24.327  11.288 0.0000000000
91573  -37.780  -24.036  10.898 0.0000000000
220859  -38.108  -23.545  10.445 0.0000000000
92706  -38.090  -23.113  9.888 0.0000000000
92705  -37.215  -22.977  9.924 0.0000000000
93812  -36.323  -22.039  9.260 0.0000000000
220546  -36.008  -21.564  9.007 0.0000000000
98792  -34.171  -19.015  9.649 0.0000000000
216784  -34.569  -19.144  9.232 0.0000000000
100067  -34.306  -17.795  9.667 0.0000000000
101394  -34.741  -17.266  9.136 0.0000000000
101402  -35.126  -16.918  8.507 0.0000000000
74989  -23.793  -34.968  23.306 0.0000000000
73753  -23.983  -35.540  23.541 0.0000000000
73736  -25.139  -35.493  24.366 0.0000000000
74959  -25.759  -35.586  24.524 0.0000000000
65575  -9.915  -40.732  30.740 0.0000000000
65559  -9.642  -41.156  31.149 0.0000000000
65560  -10.339  -41.589  30.788 0.0000000000
63189  -10.749  -43.328  31.646 0.0000000000
63199  -11.118  -42.880  31.337 0.0000000000
69275  -13.904  -39.331  28.485 0.0000000000
68140  -13.385  -39.784  28.780 0.0000000000
68141  -14.217  -40.123  28.813 0.0000000000
66894  -14.416  -40.757  29.324 0.0000000000
84115  -40.699  -28.889  23.777 0.0000000000
84137  -39.901  -28.847  23.153 0.0000000000
69284  -21.494  -39.484  28.742 0.0000000000
208334  -22.133  -39.360  28.698 0.0000000000
69285  -22.699  -39.265  28.559 0.0000000000
69286  -23.357  -39.164  28.726 0.0000000000
70448  -22.179  -38.646  27.133 0.0000000000
70449  -23.187  -38.859  27.573 0.0000000000
75020  -37.172  -35.097  21.648 0.0000000000
75007  -37.504  -35.679  22.072 0.0000000000
76185  -17.457  -34.013  26.701 0.0000000000
213889  -18.486  -35.020  25.766 0.0000000000
74944  -18.038  -34.719  25.985 0.0000000000
74927  -17.111  -34.632  26.488 0.0000000000
73679  -16.973  -35.440  26.530 0.0000000000
72570  -16.870  -36.233  26.564 0.0000000000
71532  -16.993  -37.016  26.661 0.0000000000
70460  -18.655  -38.028  26.730 0.0000000000
71533  -18.956  -37.606  26.185 0.0000000000
70445  -19.061  -38.719  27.215 0.0000000000
69315  -19.676  -39.286  27.561 0.0000000000
69304  -20.867  -39.607  27.943 0.0000000000
77427  -32.078  -32.764  23.307 0.0000000000
196809  -32.396  -32.419  22.546 0.0000000000
201332  -32.532  -32.490  21.795 0.0000000000
78559  -33.725  -32.170  22.819 0.0000000000
78560  -34.493  -31.969  22.595 0.0000000000
79670  -35.152  -31.749  22.581 0.0000000000
101412  -37.191  -17.666  7.117 0.0000000000
100088  -37.883  -18.082  7.174 0.0000000000
235427  -37.755  -17.450  7.047 0.0000000000
101413  -37.976  -16.997  6.868 0.0000000000
103683  -38.156  -15.654  6.691 0.0000000000
104794  -37.315  -14.510  7.286 0.0000000000
104809  -37.765  -15.039  7.006 0.0000000000
103684  -38.813  -15.495  6.284 0.0000000000
104825  -39.065  -14.841  6.110 0.0000000000
105956  -39.401  -14.153  5.888 0.0000000000
107057  -39.829  -13.431  5.563 0.0000000000
114951  -41.301  -7.329  6.920 0.0000000000
114952  -41.700  -6.912  6.594 0.0000000000
114965  -41.741  -7.007  5.834 0.0000000000
114974  -42.053  -7.422  5.173 0.0000000000
114976  -43.128  -6.988  4.857 0.0000000000
113886  -42.438  -8.502  4.503 0.0000000000
220495  -43.338  -9.467  4.230 0.0000000000
111748  -44.241  -9.838  3.993 0.0000000000
111749  -44.831  -10.411  3.766 0.0000000000
111760  -44.740  -9.694  3.747 0.0000000000
111761  -45.416  -9.863  3.657 0.0000000000
112845  -45.833  -9.167  3.544 0.0000000000
113893  -45.217  -8.065  3.422 0.0000000000
112846  -46.642  -9.404  3.502 0.0000000000
200578  -48.138  -8.090  2.638 0.0000000000
115004  -48.080  -7.430  2.357 0.0000000000
116054  -46.953  -6.827  2.801 0.0000000000
233222  -47.833  -6.790  2.338 0.0000000000
116058  -47.852  -6.158  2.276 0.0000000000
60580  -8.895  -44.282  32.229 0.0000000000
60564  -9.285  -44.853  32.474 0.0000000000
59362  -9.780  -45.447  33.005 0.0000000000
84131  -34.940  -28.656  24.354 0.0000000000
84150  -35.452  -28.364  23.963 0.0000000000
84149  -34.819  -28.395  23.911 0.0000000000
85293  -34.441  -28.265  23.323 0.0000000000
85313  -34.031  -28.096  22.790 0.0000000000
85292  -32.884  -28.325  23.408 0.0000000000
85312  -33.227  -28.126  22.810 0.0000000000
207274  -33.860  -27.917  21.809 0.0000000000
85354  -33.376  -27.888  21.300 0.0000000000
85353  -32.820  -27.727  20.671 0.0000000000
90233  -30.790  -24.274  17.042 0.0000000000
90246  -30.945  -24.202  16.107 0.0000000000
92596  -31.210  -22.978  15.359 0.0000000000
91465  -31.008  -23.570  15.732 0.0000000000
220070  -31.417  -24.859  15.746 0.0000000000
90261  -31.905  -24.879  15.162 0.0000000000
89149  -32.537  -25.493  15.075 0.0000000000
89162  -32.880  -25.333  14.390 0.0000000000
89163  -34.137  -25.489  14.292 0.0000000000
89173  -33.109  -24.913  14.029 0.0000000000
90321  -33.469  -24.391  13.208 0.0000000000
91517  -33.513  -24.182  12.526 0.0000000000
91540  -32.452  -23.342  12.505 0.0000000000
91541  -32.957  -23.778  12.472 0.0000000000
91542  -33.493  -23.840  11.955 0.0000000000
198332  -34.028  -23.773  11.584 0.0000000000
91556  -34.107  -23.428  11.132 0.0000000000
93781  -34.354  -22.631  10.377 0.0000000000
93792  -34.442  -22.113  9.942 0.0000000000
93780  -33.907  -22.050  10.477 0.0000000000
96270  -33.759  -20.497  10.251 0.0000000000
96259  -32.898  -20.380  11.463 0.0000000000
211025  -33.532  -19.883  10.657 0.0000000000
98777  -34.067  -18.084  10.553 0.0000000000
100060  -34.249  -17.423  10.993 0.0000000000
76250  -26.019  -34.450  22.936 0.0000000000
74993  -26.289  -35.100  23.676 0.0000000000
76251  -26.624  -35.099  23.043 0.0000000000
74975  -27.461  -36.282  23.759 0.0000000000
73738  -27.750  -36.855  24.142 0.0000000000
73755  -28.020  -37.266  22.894 0.0000000000
73739  -28.052  -37.365  23.629 0.0000000000
66861  -9.691  -39.840  30.916 0.0000000000
68088  -10.044  -39.293  30.649 0.0000000000
68118  -17.133  -40.210  30.052 0.0000000000
55954  -6.481  -47.569  34.758 0.0000000000
57075  -5.527  -46.836  34.711 0.0000000000
55942  -5.700  -47.666  34.929 0.0000000000
55941  -5.059  -47.718  35.324 0.0000000000
54709  -5.156  -48.377  35.444 0.0000000000
53424  -5.928  -49.579  36.043 0.0000000000
54697  -4.699  -48.587  35.817 0.0000000000
112753  -40.192  -8.905  10.073 0.0000000000
113814  -41.077  -8.245  9.615 0.0000000000
113825  -41.126  -7.809  9.162 0.0000000000
113826  -41.829  -7.315  9.124 0.0000000000
85394  -40.167  -27.613  19.770 0.0000000000
73774  -31.061  -36.018  21.527 0.0000000000
72659  -31.217  -37.082  22.335 0.0000000000
72660  -32.002  -37.033  22.146 0.0000000000
71627  -33.238  -37.586  22.113 0.0000000000
72667  -37.030  -36.288  22.386 0.0000000000
72541  -12.410  -35.502  29.946 0.0000000000
72546  -12.122  -36.400  29.487 0.0000000000
71493  -12.028  -37.247  29.241 0.0000000000
70409  -12.050  -37.923  29.147 0.0000000000
69296  -13.712  -38.598  28.349 0.0000000000
70438  -14.222  -37.703  27.681 0.0000000000
70422  -14.204  -38.326  28.037 0.0000000000
223584  -14.270  -38.892  28.286 0.0000000000
223959  -16.307  -40.046  28.937 0.0000000000
213056  -16.625  -37.486  27.058 0.0000000000
70441  -16.349  -38.020  27.523 0.0000000000
70425  -16.765  -38.807  27.849 0.0000000000
69301  -17.803  -39.367  27.986 0.0000000000
228398  -16.301  -38.961  28.218 0.0000000000
69299  -16.787  -39.353  28.302 0.0000000000
69278  -16.771  -39.614  28.919 0.0000000000
68143  -16.720  -40.077  29.411 0.0000000000
79677  -40.382  -31.637  22.282 0.0000000000
79652  -40.299  -30.897  22.625 0.0000000000
81845  -37.707  -29.770  22.933 0.0000000000
81856  -35.902  -30.077  23.328 0.0000000000
81827  -35.742  -29.949  24.304 0.0000000000
82960  -35.396  -29.112  24.431 0.0000000000
84113  -34.636  -29.080  24.800 0.0000000000
84112  -33.819  -29.286  24.921 0.0000000000
216587  -33.034  -28.742  25.364 0.0000000000
72626  -20.816  -36.275  24.291 0.0000000000
72627  -21.509  -36.489  23.803 0.0000000000
74969  -21.826  -35.072  23.572 0.0000000000
74988  -22.457  -34.712  23.432 0.0000000000
76247  -22.330  -33.815  23.307 0.0000000000
204791  -23.189  -34.355  23.261 0.0000000000
209268  -23.970  -34.420  23.058 0.0000000000
76259  -24.187  -33.840  22.678 0.0000000000
76260  -24.803  -33.986  22.311 0.0000000000
80708  -23.207  -30.522  24.569 0.0000000000
80727  -23.408  -30.685  23.757 0.0000000000
79647  -23.768  -31.036  23.059 0.0000000000
80743  -24.833  -29.904  23.135 0.0000000000
78550  -23.921  -32.405  22.389 0.0000000000
77422  -25.044  -33.275  22.003 0.0000000000
76261  -25.393  -33.993  22.264 0.0000000000
231340  -25.976  -33.922  22.233 0.0000000000
77435  -26.595  -32.854  21.314 0.0000000000
76271  -27.154  -34.185  21.536 0.0000000000
75016  -27.916  -35.604  21.672 0.0000000000
75017  -28.519  -35.678  21.636 0.0000000000
73783  -29.196  -35.802  21.406 0.0000000000
73784  -29.811  -35.709  21.162 0.0000000000
80760  -28.138  -30.248  22.865 0.0000000000
79688  -28.215  -31.513  21.398 0.0000000000
78596  -28.247  -32.120  20.606 0.0000000000
78616  -29.653  -32.001  20.739 0.0000000000
208958  -29.517  -32.745  20.485 0.0000000000
77455  -28.987  -33.228  20.132 0.0000000000
75038  -29.327  -34.543  20.416 0.0000000000
75028  -29.691  -35.074  20.816 0.0000000000
73785  -30.635  -35.547  21.150 0.0000000000
73786  -31.340  -35.462  21.055 0.0000000000
230211  -32.392  -35.755  21.289 0.0000000000
232527  -32.684  -34.797  20.805 0.0000000000
73788  -32.804  -35.239  20.951 0.0000000000
219121  -33.391  -35.483  21.075 0.0000000000
73789  -34.046  -35.315  21.199 0.0000000000
73791  -35.218  -35.238  21.599 0.0000000000
75018  -35.883  -35.168  21.457 0.0000000000
78602  -33.000  -32.558  21.102 0.0000000000
78621  -33.600  -32.659  20.577 0.0000000000
77461  -34.591  -33.137  20.536 0.0000000000
78622  -35.019  -32.733  20.728 0.0000000000
77462  -35.154  -33.195  20.600 0.0000000000
76296  -34.862  -33.851  20.477 0.0000000000
75045  -35.367  -34.206  20.600 0.0000000000
75033  -36.319  -34.593  21.172 0.0000000000
224717  -36.891  -34.670  21.315 0.0000000000
76273  -37.395  -34.301  21.434 0.0000000000
76274  -38.055  -34.129  21.736 0.0000000000
77437  -38.272  -33.342  21.670 0.0000000000
78586  -37.509  -32.476  21.456 0.0000000000
77438  -38.844  -33.056  21.789 0.0000000000
76276  -39.513  -32.988  21.964 0.0000000000
78561  -39.885  -32.183  21.992 0.0000000000
235901  -19.501  -33.478  25.884 0.0000000000
76215  -19.598  -33.870  25.287 0.0000000000
73731  -20.378  -35.355  24.239 0.0000000000
94998  -41.527  -22.034  8.284 0.0000000000
212812  -39.056  -18.546  6.892 0.0000000000
98813  -40.079  -19.083  6.853 0.0000000000
98814  -40.815  -19.331  6.792 0.0000000000
199576  -40.609  -17.870  6.469 0.0000000000
110532  -37.671  -10.640  9.102 0.0000000000
110547  -37.570  -10.630  8.443 0.0000000000
110575  -37.684  -11.176  6.974 0.0000000000
111701  -38.368  -9.842  7.509 0.0000000000
110563  -38.046  -10.488  7.016 0.0000000000
109347  -37.915  -11.757  6.446 0.0000000000
109348  -38.479  -11.723  5.885 0.0000000000
108161  -39.019  -12.315  5.609 0.0000000000
108162  -39.848  -12.759  5.303 0.0000000000
113860  -40.551  -8.134  6.436 0.0000000000
112807  -40.157  -8.913  6.016 0.0000000000
111722  -39.809  -9.566  5.926 0.0000000000
111734  -40.984  -9.752  5.296 0.0000000000
111733  -40.261  -10.103  5.622 0.0000000000
110588  -40.069  -10.904  5.464 0.0000000000
109363  -40.341  -11.737  5.331 0.0000000000
108163  -40.622  -12.518  5.277 0.0000000000
107059  -41.177  -12.997  5.586 0.0000000000
105960  -41.924  -13.694  5.985 0.0000000000
108166  -42.786  -12.712  5.676 0.0000000000
115021  -51.758  -7.910  -0.091 0.0000000000
210432  -50.351  -6.841  0.312 0.0000000000
115029  -50.774  -7.056  -0.047 0.0000000000
115030  -51.331  -7.221  -0.379 0.0000000000
116076  -51.039  -6.540  -0.339 0.0000000000
118518  -51.207  -5.182  -0.268 0.0000000000
119662  -51.013  -4.685  0.039 0.0000000000
59329  -5.873  -44.803  34.410 0.0000000000
217271  -6.156  -45.416  34.204 0.0000000000
58190  -6.174  -45.987  34.200 0.0000000000
59360  -7.856  -45.024  32.774 0.0000000000
58211  -7.959  -46.155  33.559 0.0000000000
58210  -7.090  -46.018  33.565 0.0000000000
57090  -6.893  -46.561  33.881 0.0000000000
57076  -6.425  -46.890  34.380 0.0000000000
54712  -7.321  -48.385  35.559 0.0000000000
54700  -7.481  -48.656  36.148 0.0000000000
231259  -38.897  -29.572  22.746 0.0000000000
85279  -39.388  -28.433  22.846 0.0000000000
196656  -36.732  -27.950  23.195 0.0000000000
85316  -36.115  -27.874  22.639 0.0000000000
85296  -37.692  -27.901  23.250 0.0000000000
85297  -38.364  -27.998  22.957 0.0000000000
85298  -38.958  -28.140  22.651 0.0000000000
86590  -39.264  -27.940  22.302 0.0000000000
235420  -39.201  -27.894  22.079 0.0000000000
221260  -39.118  -27.792  21.862 0.0000000000
85359  -37.259  -27.672  21.517 0.0000000000
86633  -38.315  -27.741  21.432 0.0000000000
86634  -39.053  -27.686  21.342 0.0000000000
233191  -39.215  -27.611  20.703 0.0000000000
85393  -39.486  -27.718  19.579 0.0000000000
86615  -30.932  -26.943  22.144 0.0000000000
87905  -30.780  -26.147  21.179 0.0000000000
86616  -31.498  -27.661  21.626 0.0000000000
86631  -31.880  -27.381  20.973 0.0000000000
85374  -33.415  -27.916  20.047 0.0000000000
87939  -30.439  -25.376  18.128 0.0000000000
86658  -30.984  -26.413  18.604 0.0000000000
86683  -31.285  -26.574  17.225 0.0000000000
86669  -31.282  -26.897  17.917 0.0000000000
213151  -31.360  -26.997  18.500 0.0000000000
86659  -31.961  -27.066  18.822 0.0000000000
85385  -33.264  -27.636  19.387 0.0000000000
85387  -34.666  -28.119  19.663 0.0000000000
196988  -35.005  -27.926  19.096 0.0000000000
85403  -35.646  -27.840  18.935 0.0000000000
85416  -35.085  -27.725  17.940 0.0000000000
85417  -35.791  -27.725  18.075 0.0000000000
85404  -36.402  -27.691  18.666 0.0000000000
85420  -37.793  -27.514  18.380 0.0000000000
86661  -39.604  -26.990  18.681 0.0000000000
87958  -37.748  -26.376  16.141 0.0000000000
89164  -34.813  -25.558  14.440 0.0000000000
89176  -35.218  -25.487  13.917 0.0000000000
236768  -36.758  -25.359  14.013 0.0000000000
90324  -36.035  -24.913  12.943 0.0000000000
90278  -36.439  -25.132  13.561 0.0000000000
92709  -40.363  -23.132  9.879 0.0000000000
93816  -39.660  -22.202  8.944 0.0000000000
93797  -38.541  -22.669  9.328 0.0000000000
93815  -38.965  -22.074  9.072 0.0000000000
94995  -39.301  -21.667  8.613 0.0000000000
230405  -38.369  -21.001  8.313 0.0000000000
96292  -37.848  -20.529  8.156 0.0000000000
97574  -37.489  -19.362  7.615 0.0000000000
94983  -35.019  -21.457  9.652 0.0000000000
94991  -35.580  -21.177  9.175 0.0000000000
96281  -36.063  -20.882  8.767 0.0000000000
97563  -35.019  -19.582  9.181 0.0000000000
97564  -35.488  -19.595  8.717 0.0000000000
96290  -36.405  -20.281  8.414 0.0000000000
97573  -36.803  -19.678  8.173 0.0000000000
98803  -36.869  -19.217  7.717 0.0000000000
98809  -37.088  -18.856  7.381 0.0000000000
100086  -36.499  -17.851  7.302 0.0000000000
102567  -36.371  -16.635  7.794 0.0000000000
103661  -35.641  -15.743  8.637 0.0000000000
103662  -35.723  -15.359  8.338 0.0000000000
104780  -35.946  -14.816  8.276 0.0000000000
232965  -36.412  -14.017  8.936 0.0000000000
105911  -36.644  -13.673  9.400 0.0000000000
71586  -21.661  -36.871  23.990 0.0000000000
72608  -22.274  -36.822  24.493 0.0000000000
71569  -23.315  -37.230  25.259 0.0000000000
73734  -23.972  -36.088  24.041 0.0000000000
213856  -23.894  -37.017  25.205 0.0000000000
230146  -23.691  -37.442  25.653 0.0000000000
71537  -25.325  -37.563  26.661 0.0000000000
74973  -26.017  -35.211  24.201 0.0000000000
74960  -26.351  -35.774  24.571 0.0000000000
73696  -26.400  -36.165  25.729 0.0000000000
72593  -27.670  -37.218  25.837 0.0000000000
72592  -27.129  -37.091  26.062 0.0000000000
72591  -26.667  -36.695  26.230 0.0000000000
72574  -26.683  -36.936  26.716 0.0000000000
71607  -31.297  -38.013  23.127 0.0000000000
202231  -7.595  -42.443  32.698 0.0000000000
63178  -7.779  -43.036  32.355 0.0000000000
65547  -8.405  -40.846  31.942 0.0000000000
233573  -9.282  -41.459  31.362 0.0000000000
65558  -8.650  -41.409  31.615 0.0000000000
64410  -8.254  -42.108  31.714 0.0000000000
63186  -8.386  -43.061  31.862 0.0000000000
61862  -9.033  -43.815  32.055 0.0000000000
60582  -10.198  -44.323  32.277 0.0000000000
61865  -11.173  -43.733  32.266 0.0000000000
69257  -11.826  -38.330  29.307 0.0000000000
66891  -12.141  -39.952  29.269 0.0000000000
234232  -11.953  -40.301  29.525 0.0000000000
65590  -12.206  -41.203  29.793 0.0000000000
65578  -12.450  -41.822  30.088 0.0000000000
66882  -15.600  -40.910  29.845 0.0000000000
66865  -15.178  -41.315  30.257 0.0000000000
64433  -12.808  -42.523  30.489 0.0000000000
118520  -52.574  -5.338  -0.871 0.0000000000
52275  -5.722  -50.794  38.077 0.0000000000
51240  -5.194  -51.170  37.682 0.0000000000
51239  -4.709  -51.422  37.539 0.0000000000
231458  -4.769  -51.017  37.043 0.0000000000
51247  -4.122  -50.744  36.942 0.0000000000
50323  -2.698  -51.417  37.011 0.0000000000
236612  -2.595  -50.824  36.878 0.0000000000
203780  -2.878  -50.816  37.094 0.0000000000
52272  -2.951  -50.119  37.047 0.0000000000
50315  -4.094  -52.262  37.840 0.0000000000
50322  -2.556  -51.051  36.943 0.0000000000
51230  -5.342  -51.135  38.466 0.0000000000
51235  -2.726  -50.856  37.009 0.0000000000
51236  -2.662  -51.161  37.042 0.0000000000
52284  -5.827  -50.316  36.935 0.0000000000
68117  -16.564  -40.359  29.912 0.0000000000
69281  -18.804  -39.995  28.359 0.0000000000
69302  -18.836  -39.560  27.627 0.0000000000
69305  -21.714  -39.154  28.239 0.0000000000
69306  -22.349  -39.195  28.114 0.0000000000
69307  -22.999  -39.067  28.085 0.0000000000
69317  -21.300  -39.145  27.696 0.0000000000
70459  -17.980  -37.864  26.866 0.0000000000
70464  -22.499  -38.364  26.536 0.0000000000
70465  -23.285  -38.323  26.490 0.0000000000
70466  -24.053  -38.035  26.764 0.0000000000
70474  -20.422  -38.021  25.838 0.0000000000
71520  -25.572  -37.796  27.185 0.0000000000
71536  -24.673  -37.678  26.376 0.0000000000
71553  -23.041  -37.553  25.597 0.0000000000
71567  -21.561  -37.079  24.593 0.0000000000
71623  -30.047  -37.826  22.908 0.0000000000
71624  -30.897  -37.617  22.823 0.0000000000
71625  -31.645  -37.523  22.627 0.0000000000
72560  -14.539  -36.192  27.262 0.0000000000
72563  -27.115  -36.979  27.259 0.0000000000
72572  -25.241  -37.244  26.121 0.0000000000
72588  -24.512  -37.296  25.713 0.0000000000
72589  -25.200  -36.731  25.715 0.0000000000
72606  -19.369  -36.290  25.100 0.0000000000
72611  -25.351  -36.248  25.358 0.0000000000
72628  -22.033  -36.420  23.913 0.0000000000
72630  -23.437  -36.393  24.228 0.0000000000
72646  -29.238  -37.610  23.253 0.0000000000
72662  -33.631  -36.830  22.106 0.0000000000
72670  -30.746  -36.599  22.015 0.0000000000
72671  -31.544  -36.550  21.830 0.0000000000
72672  -32.414  -36.419  21.671 0.0000000000
73669  -15.287  -35.511  27.247 0.0000000000
73695  -25.903  -36.166  25.710 0.0000000000
73697  -26.817  -36.551  25.617 0.0000000000
73698  -27.192  -37.119  25.409 0.0000000000
73715  -23.986  -36.548  24.660 0.0000000000
73717  -25.479  -35.906  24.885 0.0000000000
73718  -26.059  -35.916  25.156 0.0000000000
73719  -26.627  -36.065  25.121 0.0000000000
73733  -22.442  -35.997  23.824 0.0000000000
73779  -36.147  -35.633  21.694 0.0000000000
73780  -36.735  -35.663  21.949 0.0000000000
73790  -34.665  -35.425  21.722 0.0000000000
74928  -17.609  -34.413  26.253 0.0000000000
74945  -18.876  -35.243  25.415 0.0000000000
74971  -24.735  -35.059  23.857 0.0000000000
74974  -26.527  -35.745  24.057 0.0000000000
74994  -27.126  -35.779  23.396 0.0000000000
75015  -27.460  -35.068  21.972 0.0000000000
75026  -28.379  -34.932  21.154 0.0000000000
75030  -32.228  -34.841  20.921 0.0000000000
75043  -34.208  -34.802  20.700 0.0000000000
75057  -31.443  -34.266  20.295 0.0000000000
76272  -27.746  -34.640  21.296 0.0000000000
76282  -28.720  -34.458  20.349 0.0000000000
76283  -35.917  -34.057  20.797 0.0000000000
76284  -36.533  -33.816  20.910 0.0000000000
76291  -29.090  -33.974  19.981 0.0000000000
77420  -23.743  -33.131  22.629 0.0000000000
77436  -27.633  -32.867  20.713 0.0000000000
77458  -31.302  -33.452  20.328 0.0000000000
78570  -25.388  -31.827  21.862 0.0000000000
78571  -25.809  -32.216  21.572 0.0000000000
78579  -31.976  -32.731  22.006 0.0000000000
78600  -31.818  -32.877  21.504 0.0000000000
78615  -28.921  -32.392  20.484 0.0000000000
79645  -22.251  -31.489  23.554 0.0000000000
79689  -29.071  -31.388  21.676 0.0000000000
80758  -26.195  -30.070  22.048 0.0000000000
80771  -26.496  -30.765  21.788 0.0000000000
81798  -35.083  -30.227  25.354 0.0000000000
81811  -40.746  -29.741  24.044 0.0000000000
81853  -25.511  -29.518  22.893 0.0000000000
81855  -26.536  -29.661  22.304 0.0000000000
85259  -32.560  -28.269  24.920 0.0000000000
85360  -37.820  -27.644  21.001 0.0000000000
85361  -38.594  -27.851  20.821 0.0000000000
85380  -39.701  -27.762  20.191 0.0000000000
85384  -32.600  -27.278  19.180 0.0000000000
85386  -33.931  -28.016  19.537 0.0000000000
85391  -38.012  -27.664  19.583 0.0000000000
85392  -38.761  -27.787  19.507 0.0000000000
85400  -33.107  -27.542  18.846 0.0000000000
85405  -37.171  -27.653  18.875 0.0000000000
85415  -33.977  -27.620  18.073 0.0000000000
85418  -36.479  -27.585  17.757 0.0000000000
85433  -34.867  -27.484  17.364 0.0000000000
85434  -35.563  -27.592  17.389 0.0000000000
86603  -37.866  -27.825  22.354 0.0000000000
86606  -40.144  -27.775  22.187 0.0000000000
86619  -38.634  -27.776  21.761 0.0000000000
86632  -37.790  -27.664  21.587 0.0000000000
86648  -30.959  -26.533  20.243 0.0000000000
86674  -38.038  -27.046  17.795 0.0000000000
86689  -36.465  -27.362  17.079 0.0000000000
86700  -32.205  -26.931  16.532 0.0000000000
86703  -34.631  -27.255  15.946 0.0000000000
86704  -35.782  -27.094  16.210 0.0000000000
86705  -36.333  -27.114  16.539 0.0000000000
87928  -30.585  -25.767  18.520 0.0000000000
87954  -33.509  -26.516  15.859 0.0000000000
87967  -31.822  -25.940  15.953 0.0000000000
87969  -32.983  -26.082  15.405 0.0000000000
87971  -34.426  -26.139  14.898 0.0000000000
89150  -35.007  -25.931  14.724 0.0000000000
89151  -35.806  -26.306  14.527 0.0000000000
89152  -36.751  -26.291  14.633 0.0000000000
89161  -32.359  -24.821  14.644 0.0000000000
89166  -36.737  -25.732  14.368 0.0000000000
89175  -34.488  -25.253  13.918 0.0000000000
89177  -36.078  -25.533  14.009 0.0000000000
90277  -31.843  -24.326  14.789 0.0000000000
90295  -34.075  -24.728  13.541 0.0000000000
90345  -35.613  -24.633  12.459 0.0000000000
90348  -37.777  -24.818  12.138 0.0000000000
91544  -35.523  -24.344  11.956 0.0000000000
91545  -36.753  -24.576  11.667 0.0000000000
91546  -37.842  -24.572  11.502 0.0000000000
91558  -35.318  -24.005  11.409 0.0000000000
91561  -39.289  -24.536  11.071 0.0000000000
91562  -40.009  -24.502  11.070 0.0000000000
91572  -37.004  -23.845  10.801 0.0000000000
91574  -38.969  -23.963  10.690 0.0000000000
92669  -33.665  -23.298  11.631 0.0000000000
92670  -35.158  -23.624  10.901 0.0000000000
92684  -33.439  -22.396  10.986 0.0000000000
92687  -35.209  -23.146  10.517 0.0000000000
92690  -37.467  -23.571  10.318 0.0000000000
92692  -39.278  -23.582  10.195 0.0000000000
92703  -35.623  -22.883  10.143 0.0000000000
92704  -36.368  -22.893  9.866 0.0000000000
93794  -35.899  -22.447  9.617 0.0000000000
93795  -36.900  -22.395  9.578 0.0000000000
93799  -40.010  -22.756  9.304 0.0000000000
93814  -38.340  -22.088  9.118 0.0000000000
94974  -33.706  -21.159  10.691 0.0000000000
94990  -35.051  -20.865  9.244 0.0000000000
94992  -36.632  -21.365  9.010 0.0000000000
94994  -38.540  -21.505  8.753 0.0000000000
94997  -40.814  -21.914  8.303 0.0000000000
95011  -39.685  -21.342  7.962 0.0000000000
95013  -41.071  -21.466  7.905 0.0000000000
96225  -32.279  -20.059  12.645 0.0000000000
96247  -32.439  -20.353  12.061 0.0000000000
96289  -35.774  -20.229  8.590 0.0000000000
96295  -40.103  -20.756  7.687 0.0000000000
96297  -41.474  -21.076  7.466 0.0000000000
97562  -34.433  -19.669  9.458 0.0000000000
97572  -36.029  -19.694  8.287 0.0000000000
97583  -38.087  -19.258  7.445 0.0000000000
97585  -39.236  -19.694  7.224 0.0000000000
98782  -33.860  -18.796  10.229 0.0000000000
98783  -34.252  -18.375  9.968 0.0000000000
98802  -36.276  -19.148  7.960 0.0000000000
98811  -38.445  -18.752  7.277 0.0000000000
98812  -39.092  -19.146  7.091 0.0000000000
100087  -37.080  -18.331  7.183 0.0000000000
100089  -38.575  -18.156  7.044 0.0000000000
100090  -39.715  -18.400  6.684 0.0000000000
100098  -40.118  -18.022  6.449 0.0000000000
101422  -38.241  -16.410  6.683 0.0000000000
101424  -40.154  -17.434  6.234 0.0000000000
101425  -41.068  -17.360  6.161 0.0000000000
102558  -35.501  -16.215  8.723 0.0000000000
102568  -36.961  -16.555  7.335 0.0000000000
102600  -39.804  -15.937  5.755 0.0000000000
103653  -35.426  -15.509  8.955 0.0000000000
103671  -37.516  -15.538  7.132 0.0000000000
103685  -39.265  -16.009  6.164 0.0000000000
103701  -40.137  -15.394  5.705 0.0000000000
104793  -36.625  -14.734  7.741 0.0000000000
105929  -37.364  -13.889  7.083 0.0000000000
105941  -38.460  -14.201  6.187 0.0000000000
105958  -40.795  -13.413  5.887 0.0000000000
105959  -41.477  -13.499  5.816 0.0000000000
107006  -36.726  -12.908  9.196 0.0000000000
107023  -36.681  -12.862  7.513 0.0000000000
107039  -37.919  -12.991  6.227 0.0000000000
107056  -38.999  -13.579  5.941 0.0000000000
107058  -40.453  -13.042  5.445 0.0000000000
108113  -36.988  -12.142  9.258 0.0000000000
108134  -37.102  -12.391  7.242 0.0000000000
108167  -43.445  -12.573  5.902 0.0000000000
109308  -37.500  -11.220  9.464 0.0000000000
109333  -37.423  -11.790  7.041 0.0000000000
109362  -39.588  -11.444  5.413 0.0000000000
109394  -43.953  -11.447  4.604 0.0000000000
110531  -37.241  -11.102  8.903 0.0000000000
110546  -37.227  -11.152  8.154 0.0000000000
110562  -37.597  -10.800  7.641 0.0000000000
110576  -38.611  -10.682  6.320 0.0000000000
110586  -38.707  -11.231  5.936 0.0000000000
110600  -40.824  -10.568  5.286 0.0000000000
110601  -41.370  -10.896  5.052 0.0000000000
110603  -42.657  -11.158  4.623 0.0000000000
111664  -38.830  -9.674  9.881 0.0000000000
111735  -41.685  -9.723  4.850 0.0000000000
112751  -38.962  -9.242  9.606 0.0000000000
112752  -39.340  -9.288  10.034 0.0000000000
112768  -38.965  -9.205  8.972 0.0000000000
112780  -39.541  -8.927  8.568 0.0000000000
112789  -38.704  -9.462  7.837 0.0000000000
112790  -39.125  -9.171  7.801 0.0000000000
112797  -39.237  -9.061  7.137 0.0000000000
112817  -40.383  -9.483  5.686 0.0000000000
112834  -43.796  -9.342  4.091 0.0000000000
113813  -40.559  -8.140  9.185 0.0000000000
113824  -40.119  -8.400  8.553 0.0000000000
113836  -40.676  -7.747  7.841 0.0000000000
113846  -40.266  -8.086  7.085 0.0000000000
113861  -41.108  -8.043  6.046 0.0000000000
113876  -41.231  -8.441  5.463 0.0000000000
113878  -42.451  -7.820  4.612 0.0000000000
114966  -42.440  -6.920  5.735 0.0000000000
114988  -43.980  -7.349  3.782 0.0000000000
115031  -52.124  -7.211  -0.545 0.0000000000
117259  -44.120  -5.342  5.876 0.0000000000
117274  -43.780  -6.360  4.538 0.0000000000
118491  -46.152  -5.355  3.571 0.0000000000
196680  -25.770  -36.665  26.086 0.0000000000
197167  -34.385  -28.127  19.111 0.0000000000
197259  -39.688  -17.784  6.513 0.0000000000
198645  -36.135  -27.779  20.002 0.0000000000
198646  -34.952  -28.103  20.278 0.0000000000
199173  -27.101  -33.318  21.276 0.0000000000
199314  -40.973  -13.950  6.000 0.0000000000
199621  -35.377  -17.431  7.985 0.0000000000
200525  -39.547  -10.247  5.825 0.0000000000
200859  -38.919  -27.074  18.471 0.0000000000
201592  -36.635  -13.015  8.300 0.0000000000
201922  -41.703  -7.277  8.284 0.0000000000
202217  -31.429  -32.638  21.442 0.0000000000
202412  -38.669  -16.039  6.417 0.0000000000
202949  -41.025  -7.724  6.528 0.0000000000
203236  -40.422  -27.785  21.042 0.0000000000
203237  -31.316  -26.823  19.086 0.0000000000
203547  -32.432  -23.787  12.934 0.0000000000
203665  -37.674  -33.563  21.441 0.0000000000
205790  -38.632  -33.947  21.876 0.0000000000
207867  -35.887  -26.893  15.499 0.0000000000
211179  -37.172  -15.995  7.219 0.0000000000
212757  -37.968  -25.046  13.569 0.0000000000
214391  -40.824  -20.094  7.154 0.0000000000
215461  -20.692  -38.396  26.254 0.0000000000
215730  -37.316  -11.286  7.495 0.0000000000
216597  -26.666  -35.639  23.659 0.0000000000
216932  -15.643  -36.668  27.163 0.0000000000
217414  -30.372  -35.100  20.670 0.0000000000
218808  -13.971  -41.766  30.543 0.0000000000
219816  -35.409  -20.035  9.092 0.0000000000
224960  -31.637  -27.687  23.448 0.0000000000
224993  -40.328  -20.361  7.310 0.0000000000
225580  -29.717  -34.130  20.219 0.0000000000
225994  -31.137  -24.808  16.376 0.0000000000
226232  -33.571  -27.951  22.327 0.0000000000
226292  -28.583  -37.257  23.373 0.0000000000
226499  -33.446  -24.614  13.720 0.0000000000
226504  -37.347  -17.041  7.046 0.0000000000
227159  -34.337  -34.301  20.527 0.0000000000
227535  -32.202  -33.573  21.033 0.0000000000
227572  -37.308  -15.054  7.415 0.0000000000
228829  -40.285  -8.466  6.186 0.0000000000
229559  -39.012  -27.756  20.157 0.0000000000
230177  -33.985  -33.052  20.506 0.0000000000
230556  -8.265  -41.342  32.064 0.0000000000
231416  -31.169  -27.064  20.430 0.0000000000
231445  -33.448  -25.496  14.266 0.0000000000
231776  -39.328  -12.995  5.721 0.0000000000
231782  -25.124  -30.779  22.411 0.0000000000
232276  -38.716  -33.478  21.818 0.0000000000
233717  -29.414  -35.497  21.088 0.0000000000
234006  -34.548  -17.218  9.757 0.0000000000
234265  -37.150  -19.549  7.865 0.0000000000
234817  -39.521  -18.929  6.910 0.0000000000
234970  -17.969  -37.013  26.162 0.0000000000
236413  -37.755  -27.612  19.061 0.0000000000
