#!ascii label  , from subject sub-v2s11x28721_ses-1 vox2ras=TkReg
1412
8162  23.164  -85.160  -45.537 0.5000000000
22325  25.536  -74.523  -46.230 0.6000000238
23538  25.328  -73.844  -45.942 0.6000000238
23539  24.619  -73.812  -46.321 0.6000000238
24673  25.461  -73.144  -45.632 0.6999999881
24682  24.360  -73.082  -46.538 0.6000000238
25849  26.074  -72.392  -44.822 0.6999999881
25863  25.074  -72.570  -45.841 0.6000000238
13081  26.268  -81.068  -46.992 0.5000000000
11100  27.013  -82.546  -49.212 0.6000000238
11090  26.761  -82.240  -48.752 0.6000000238
13099  26.055  -81.286  -47.579 0.5000000000
230736  25.852  -83.982  -50.127 0.5000000000
10127  26.200  -83.464  -49.726 0.4000000060
228072  26.215  -82.373  -48.672 0.5000000000
13119  25.830  -81.574  -48.088 0.6000000238
19913  24.126  -76.730  -44.938 0.5000000000
9093  24.586  -84.205  -47.628 0.4000000060
18732  23.641  -77.216  -46.641 0.5000000000
199892  23.130  -76.416  -45.299 0.5000000000
18743  23.525  -77.099  -47.239 0.6000000238
21157  24.252  -75.702  -47.221 0.6000000238
22342  25.666  -74.989  -46.712 0.6000000238
23536  26.642  -74.117  -45.858 0.6999999881
22343  24.974  -75.015  -46.695 0.6000000238
23522  26.366  -73.738  -45.363 0.6999999881
24669  28.012  -72.874  -45.469 0.6000000238
24671  26.705  -73.228  -45.039 0.6999999881
27049  28.784  -71.861  -45.636 0.6000000238
25848  27.671  -72.417  -44.901 0.6000000238
25838  27.029  -72.709  -44.736 0.6999999881
27039  28.426  -71.477  -45.181 0.6999999881
25864  24.559  -72.535  -46.304 0.6000000238
14148  26.933  -80.585  -46.076 0.5000000000
13098  26.701  -81.178  -47.377 0.6000000238
13080  26.859  -80.936  -46.761 0.5000000000
10126  26.919  -83.086  -49.733 0.6000000238
11099  27.456  -82.479  -49.557 0.6999999881
12074  27.073  -81.612  -48.412 0.6000000238
10148  25.514  -84.490  -50.108 0.4000000060
18741  24.818  -77.356  -47.365 0.5000000000
18731  24.453  -77.131  -46.184 0.5000000000
10064  24.019  -83.418  -45.776 0.5000000000
18742  24.180  -77.338  -47.158 0.5000000000
21182  24.733  -76.259  -47.832 0.6999999881
18758  23.931  -77.008  -47.617 0.6000000238
21181  25.624  -75.677  -47.709 0.6999999881
21156  25.252  -75.510  -47.161 0.6000000238
21183  23.953  -76.583  -47.672 0.6000000238
209787  26.045  -75.242  -47.014 0.6999999881
23551  26.997  -74.482  -46.362 0.6999999881
24680  27.631  -73.533  -45.840 0.6000000238
227933  27.171  -73.994  -45.946 0.6000000238
25862  28.523  -72.542  -45.883 0.6000000238
23521  26.976  -73.641  -45.498 0.6000000238
27048  29.033  -71.573  -46.100 0.6000000238
28289  28.899  -71.019  -45.686 0.6999999881
28278  25.907  -71.024  -44.886 0.6999999881
25865  24.270  -72.022  -46.673 0.5000000000
27025  27.514  -71.783  -44.585 0.6999999881
27026  26.931  -71.701  -44.503 0.6999999881
208618  25.129  -72.087  -45.545 0.6000000238
14182  28.186  -80.306  -47.403 0.5000000000
14166  27.711  -80.459  -46.899 0.5000000000
14147  27.538  -80.215  -46.214 0.5000000000
220875  28.095  -81.274  -49.281 0.6999999881
14183  27.743  -80.867  -47.562 0.6000000238
11128  27.322  -83.255  -50.923 0.5000000000
12095  27.773  -82.237  -50.096 0.6999999881
13148  27.857  -81.823  -49.488 0.6999999881
13133  27.700  -81.451  -48.863 0.6000000238
13117  27.692  -81.141  -48.248 0.6000000238
9152  26.304  -84.971  -50.853 0.4000000060
209356  26.661  -84.246  -50.690 0.4000000060
10146  27.016  -83.544  -50.376 0.5000000000
18740  25.538  -77.264  -47.103 0.5000000000
197891  24.959  -76.984  -48.320 0.5000000000
199537  25.141  -77.251  -47.786 0.5000000000
197382  24.482  -77.114  -47.769 0.5000000000
226401  26.232  -75.596  -47.838 0.6000000238
19966  24.366  -76.837  -48.064 0.5000000000
22359  26.780  -75.302  -47.627 0.6999999881
23567  28.033  -74.337  -47.603 0.6000000238
22358  27.473  -74.824  -47.419 0.6999999881
22341  26.789  -74.977  -46.963 0.6999999881
23580  28.468  -73.912  -47.790 0.6000000238
200935  27.845  -74.300  -46.979 0.6000000238
22340  27.395  -74.590  -46.817 0.6999999881
25881  29.412  -72.432  -47.441 0.6999999881
24692  28.514  -73.336  -46.788 0.6000000238
24693  28.033  -73.739  -46.530 0.6000000238
27059  29.909  -71.112  -47.321 0.6000000238
232219  29.411  -71.990  -47.085 0.6999999881
217889  29.128  -72.383  -46.841 0.6999999881
30865  29.697  -69.054  -48.469 0.6000000238
28300  29.651  -70.627  -47.070 0.6000000238
27060  29.566  -71.402  -46.982 0.6999999881
28280  24.642  -70.880  -45.662 0.6000000238
28301  29.228  -70.993  -46.475 0.6999999881
220926  26.598  -70.993  -44.572 0.6999999881
27042  24.906  -71.542  -45.586 0.6000000238
30871  29.067  -68.462  -49.070 0.6999999881
29601  29.664  -69.750  -47.551 0.6000000238
29598  29.211  -70.121  -46.772 0.8000000119
29587  28.767  -69.752  -46.426 0.6999999881
28276  28.320  -70.659  -45.208 0.6999999881
29577  27.674  -70.323  -44.890 0.6999999881
14165  28.094  -79.852  -46.872 0.6000000238
13147  28.263  -81.314  -49.829 0.6999999881
197792  28.498  -80.923  -49.462 0.6999999881
13116  28.238  -80.938  -48.796 0.6000000238
12106  27.622  -82.529  -50.836 0.5000000000
12105  27.955  -81.885  -50.718 0.6999999881
10162  26.801  -84.569  -51.453 0.4000000060
10161  27.068  -83.826  -51.093 0.5000000000
18739  26.403  -77.284  -46.795 0.5000000000
17615  26.890  -77.642  -46.076 0.5000000000
202152  25.900  -77.297  -47.567 0.5000000000
18776  25.175  -76.857  -48.783 0.6000000238
197170  26.004  -75.994  -49.096 0.6000000238
21192  25.754  -75.877  -48.405 0.6999999881
21193  25.204  -76.218  -48.308 0.6999999881
22369  27.574  -75.109  -48.563 0.6999999881
21191  26.520  -75.647  -48.297 0.6999999881
229638  28.224  -74.276  -48.222 0.6000000238
23581  27.948  -74.684  -48.724 0.6000000238
22370  27.188  -75.207  -48.129 0.6999999881
25890  29.993  -72.307  -48.447 0.6999999881
25891  29.534  -72.664  -48.097 0.6999999881
233887  28.790  -73.479  -47.984 0.6999999881
30840  25.422  -68.969  -45.256 0.6000000238
207461  30.195  -71.694  -48.141 0.6000000238
24703  29.140  -73.038  -47.726 0.6999999881
30876  30.180  -68.331  -49.628 0.6000000238
29605  30.422  -69.106  -48.791 0.6000000238
28313  30.353  -70.849  -48.110 0.6000000238
27069  29.796  -71.752  -47.499 0.6999999881
29579  26.014  -69.815  -45.021 0.6000000238
30870  29.506  -68.410  -49.461 0.6000000238
29606  30.183  -69.885  -48.111 0.6000000238
30850  27.583  -69.175  -45.735 0.6999999881
30838  26.929  -69.128  -45.368 0.6000000238
29569  26.634  -70.278  -44.712 0.6999999881
211472  25.625  -70.395  -45.070 0.6000000238
32127  29.530  -67.730  -50.247 0.5000000000
32128  28.816  -68.046  -49.886 0.6000000238
30867  28.459  -68.625  -47.940 0.8000000119
30861  28.414  -69.047  -46.881 0.8000000119
30849  28.259  -69.461  -46.052 0.8000000119
29576  28.043  -69.872  -45.367 0.6999999881
30837  27.402  -69.658  -45.030 0.6999999881
30866  29.021  -68.918  -48.232 0.8000000119
30860  29.014  -69.321  -47.198 0.8000000119
206314  28.751  -80.398  -48.526 0.6999999881
200173  28.667  -80.040  -47.889 0.6999999881
16484  28.680  -78.985  -47.266 0.6999999881
15344  27.875  -79.512  -46.340 0.6000000238
13158  28.310  -81.290  -50.601 0.6999999881
17618  28.339  -78.571  -46.985 0.6000000238
12116  27.673  -82.026  -51.509 0.6000000238
17614  27.539  -78.105  -46.239 0.5000000000
17619  27.468  -77.702  -46.934 0.5000000000
35496  23.518  -64.783  -46.363 0.6000000238
18756  26.312  -77.402  -48.001 0.5000000000
34308  23.347  -65.640  -47.120 0.5000000000
18774  25.937  -77.325  -48.681 0.5000000000
35506  23.400  -65.505  -47.538 0.6000000238
18797  25.575  -76.937  -49.669 0.6999999881
230397  25.374  -76.910  -49.197 0.6000000238
21198  27.119  -75.557  -49.530 0.6999999881
203767  25.565  -76.608  -49.474 0.6999999881
33236  24.163  -66.990  -47.225 0.6000000238
23589  28.422  -74.218  -48.881 0.6999999881
22376  27.554  -75.181  -49.202 0.6000000238
24720  29.788  -72.771  -49.387 0.6999999881
24721  29.380  -73.211  -49.335 0.6999999881
24722  28.920  -73.717  -49.013 0.6999999881
32102  25.557  -68.307  -45.571 0.6000000238
32109  25.529  -67.771  -46.377 0.6000000238
27079  30.354  -71.866  -48.871 0.6000000238
25900  29.711  -72.805  -48.771 0.6999999881
32108  26.543  -67.972  -46.586 0.6000000238
29610  31.184  -69.714  -48.999 0.6000000238
28312  30.727  -70.289  -48.525 0.6000000238
30851  26.978  -68.709  -45.947 0.6000000238
30839  26.207  -69.079  -45.255 0.6000000238
32122  27.916  -67.947  -48.612 0.6000000238
32123  27.307  -67.600  -48.175 0.6000000238
30862  27.824  -68.819  -46.558 0.6999999881
32107  27.268  -68.581  -46.356 0.6000000238
29578  26.744  -69.689  -44.986 0.6000000238
199755  28.057  -67.649  -49.266 0.6000000238
32116  27.925  -68.323  -47.481 0.8000000119
32121  28.474  -68.194  -49.111 0.6000000238
15369  29.073  -79.802  -49.879 0.6999999881
15370  29.047  -79.940  -49.080 0.6999999881
15358  29.021  -79.157  -48.664 0.6999999881
14243  28.635  -80.666  -50.821 0.6999999881
14227  28.601  -80.837  -50.109 0.6999999881
17627  28.585  -78.362  -47.687 0.6000000238
17628  27.945  -77.958  -47.307 0.6000000238
36749  25.297  -63.454  -45.331 0.6000000238
36750  25.169  -64.366  -44.938 0.6000000238
36762  24.721  -62.896  -46.418 0.6000000238
35487  24.451  -64.022  -45.908 0.6000000238
18773  26.891  -77.339  -48.395 0.6000000238
35495  23.741  -64.050  -47.069 0.5000000000
18814  25.907  -76.969  -50.205 0.6999999881
203403  25.678  -77.148  -49.222 0.6999999881
35505  24.155  -64.839  -48.321 0.4000000060
229895  26.851  -75.737  -50.013 0.6999999881
20000  26.217  -76.232  -50.287 0.8000000119
22382  27.437  -75.274  -50.016 0.6000000238
21199  25.982  -76.317  -49.723 0.6999999881
34316  24.126  -66.245  -48.403 0.6000000238
23593  28.622  -74.059  -49.527 0.6999999881
23594  28.058  -74.658  -49.552 0.6999999881
33243  25.555  -66.543  -48.664 0.6999999881
33235  25.440  -67.171  -47.479 0.6000000238
25904  30.166  -72.535  -49.718 0.6999999881
24725  29.707  -72.985  -50.045 0.6999999881
34326  25.908  -66.159  -49.387 0.5000000000
27085  31.179  -71.431  -50.034 0.6000000238
27082  30.840  -71.497  -49.365 0.6000000238
25898  30.512  -72.099  -49.461 0.6999999881
32118  26.476  -67.355  -47.809 0.6999999881
28322  31.237  -71.022  -49.643 0.6000000238
28318  31.029  -70.748  -49.108 0.6000000238
33246  27.964  -67.222  -49.437 0.6000000238
33247  27.446  -67.249  -49.063 0.5000000000
32117  27.258  -68.121  -47.115 0.6999999881
34335  28.514  -66.802  -49.122 0.6000000238
16501  29.046  -79.026  -50.247 0.6999999881
16493  29.038  -79.060  -49.440 0.6999999881
205544  28.830  -78.371  -48.984 0.6000000238
17635  28.333  -78.012  -48.495 0.6000000238
36740  25.995  -64.501  -44.392 0.5000000000
17644  27.518  -77.487  -48.801 0.6000000238
36748  25.529  -62.391  -45.848 0.5000000000
17653  27.224  -77.418  -50.180 0.6999999881
18813  26.457  -77.245  -50.549 0.6999999881
18795  26.426  -77.376  -49.204 0.6000000238
35494  24.687  -63.190  -47.637 0.5000000000
21204  26.861  -75.774  -50.617 0.6999999881
35504  25.333  -64.238  -48.714 0.4000000060
23596  28.873  -73.741  -51.094 0.6999999881
23597  28.413  -74.192  -50.747 0.6999999881
22385  27.478  -75.230  -50.889 0.6999999881
34315  24.995  -65.634  -49.241 0.6000000238
24729  29.816  -73.072  -50.942 0.6999999881
228118  28.373  -74.267  -50.089 0.6999999881
22381  27.921  -74.669  -50.397 0.6999999881
201864  31.001  -71.879  -50.527 0.6000000238
25909  30.183  -72.618  -50.498 0.6999999881
24726  29.333  -73.410  -50.595 0.6999999881
233568  29.264  -73.394  -49.961 0.6999999881
29614  31.942  -70.056  -50.114 0.5000000000
234955  30.832  -71.845  -49.879 0.6000000238
16502  28.665  -78.371  -50.698 0.6999999881
16494  28.652  -78.210  -49.823 0.6999999881
37978  26.326  -63.719  -44.770 0.4000000060
17660  28.024  -77.902  -51.176 0.6999999881
17643  28.132  -77.830  -49.227 0.6999999881
17652  27.987  -77.829  -50.413 0.6999999881
36741  25.567  -65.096  -44.215 0.6000000238
220483  26.129  -76.895  -51.342 0.8000000119
18829  26.472  -77.242  -51.202 0.6999999881
21207  26.844  -75.800  -51.505 0.6000000238
21208  26.319  -76.357  -51.021 0.6000000238
35478  25.534  -66.216  -42.796 0.6000000238
22384  28.020  -74.664  -51.213 0.6999999881
22389  27.535  -75.115  -51.758 0.6999999881
23600  28.935  -73.689  -52.067 0.6000000238
25913  30.301  -72.750  -51.453 0.6000000238
33207  24.994  -67.188  -41.864 0.5000000000
27084  31.515  -71.440  -50.839 0.6000000238
25908  30.684  -72.322  -50.996 0.6999999881
28327  32.010  -70.886  -51.334 0.5000000000
221502  27.180  -77.567  -51.694 0.6999999881
36733  26.845  -64.700  -43.521 0.4000000060
18843  26.438  -77.137  -51.866 0.8000000119
36734  26.251  -65.198  -43.409 0.5000000000
21210  26.513  -76.191  -52.211 0.8000000119
205879  26.742  -65.254  -42.707 0.4000000060
231424  26.323  -76.471  -51.641 0.6999999881
35473  25.938  -66.112  -42.196 0.4000000060
24734  29.553  -73.430  -52.518 0.6000000238
23601  28.457  -74.133  -51.593 0.6000000238
22388  28.026  -74.531  -52.121 0.6999999881
36729  26.838  -65.389  -41.817 0.4000000060
25917  30.383  -72.820  -52.653 0.6000000238
24733  29.945  -73.164  -51.906 0.6000000238
34284  25.333  -66.844  -41.391 0.4000000060
34291  25.405  -66.629  -42.173 0.6000000238
27089  31.147  -71.906  -51.544 0.6000000238
27092  31.669  -71.437  -52.031 0.5000000000
37970  27.646  -64.535  -42.980 0.4000000060
18842  26.905  -77.371  -52.420 0.8000000119
18849  26.483  -76.982  -52.554 0.6999999881
36728  27.240  -64.937  -42.389 0.4000000060
21212  27.141  -75.257  -53.062 0.6000000238
21209  27.020  -75.500  -52.328 0.6999999881
23604  28.530  -74.074  -52.621 0.6000000238
22391  28.046  -74.380  -53.062 0.6000000238
36724  27.408  -64.795  -41.384 0.4000000060
35466  26.096  -66.101  -41.382 0.4000000060
25912  30.807  -72.433  -52.178 0.6000000238
34275  25.785  -66.534  -40.778 0.4000000060
27093  31.220  -71.854  -53.162 0.4000000060
37969  28.219  -64.215  -42.508 0.4000000060
18854  26.502  -76.824  -53.309 0.6999999881
37963  27.764  -64.482  -42.024 0.4000000060
21215  27.363  -75.196  -53.750 0.6999999881
21213  26.726  -75.871  -52.904 0.6000000238
23603  29.179  -73.723  -53.356 0.6000000238
23609  28.601  -74.023  -53.649 0.6000000238
36725  26.988  -65.260  -40.941 0.4000000060
25916  30.780  -72.397  -53.676 0.6000000238
226568  26.502  -65.553  -40.545 0.3000000119
210630  31.865  -71.444  -53.233 0.4000000060
27098  31.172  -71.893  -54.594 0.4000000060
37957  27.790  -64.154  -41.322 0.4000000060
220062  27.473  -64.223  -40.774 0.4000000060
24737  29.854  -73.443  -53.740 0.6000000238
24736  30.361  -72.808  -54.057 0.6000000238
24740  30.343  -73.382  -54.640 0.6000000238
25919  31.409  -72.060  -54.786 0.4000000060
24738  31.016  -72.734  -54.649 0.5000000000
25918  31.986  -71.729  -54.603 0.4000000060
37936  26.272  -64.555  -38.501 0.3000000119
25915  31.921  -72.080  -54.559 0.4000000060
224283  28.884  -62.663  -41.206 0.4000000060
40295  27.184  -63.165  -39.217 0.3000000119
37908  25.899  -64.286  -37.361 0.4000000060
41538  29.699  -61.800  -41.358 0.4000000060
42793  29.238  -61.355  -40.887 0.4000000060
41534  27.823  -62.017  -39.617 0.3000000119
41533  28.290  -62.030  -40.184 0.3000000119
224750  26.518  -64.036  -38.533 0.3000000119
39110  26.793  -63.633  -38.908 0.3000000119
37924  26.215  -64.135  -37.963 0.3000000119
43995  29.305  -60.555  -40.722 0.4000000060
41532  28.682  -61.654  -40.635 0.4000000060
40294  27.448  -62.595  -39.446 0.3000000119
40290  27.122  -62.584  -39.007 0.3000000119
41511  26.141  -62.246  -36.662 0.4000000060
41493  26.051  -61.708  -36.108 0.3000000119
42759  26.340  -61.207  -36.122 0.3000000119
40291  26.867  -62.990  -38.654 0.3000000119
40280  26.679  -62.768  -38.008 0.3000000119
42788  28.735  -60.879  -40.525 0.4000000060
42789  28.405  -61.210  -40.202 0.3000000119
41529  28.133  -61.505  -39.781 0.3000000119
42785  27.744  -61.337  -39.413 0.3000000119
40261  26.096  -63.134  -36.905 0.3000000119
41525  27.386  -61.961  -39.052 0.3000000119
41492  26.478  -61.538  -36.557 0.3000000119
41526  26.963  -62.337  -38.530 0.3000000119
43977  27.044  -60.529  -36.944 0.4000000060
42758  26.656  -60.905  -36.483 0.3000000119
45159  27.629  -59.456  -37.282 0.3000000119
43967  27.288  -59.914  -36.782 0.3000000119
43988  28.725  -60.059  -40.455 0.4000000060
43989  28.313  -60.410  -40.206 0.4000000060
42784  28.094  -60.838  -39.772 0.3000000119
41510  26.675  -61.865  -37.162 0.4000000060
43985  27.706  -60.603  -39.419 0.3000000119
42779  26.989  -61.428  -37.733 0.3000000119
42772  26.838  -61.177  -37.067 0.4000000060
42771  27.273  -60.786  -37.582 0.4000000060
45172  28.432  -59.308  -40.727 0.4000000060
45173  28.085  -59.653  -40.450 0.4000000060
43984  27.892  -60.107  -39.974 0.4000000060
42782  27.460  -61.158  -38.924 0.3000000119
42778  27.312  -60.973  -38.301 0.3000000119
43979  27.514  -60.285  -38.173 0.3000000119
45161  27.639  -59.586  -38.043 0.5000000000
43976  27.478  -60.121  -37.432 0.4000000060
46344  27.751  -58.794  -37.147 0.3000000119
46362  27.925  -58.981  -40.695 0.4000000060
45167  27.768  -59.398  -40.123 0.4000000060
45168  27.694  -59.888  -39.479 0.3000000119
46351  27.587  -58.482  -39.462 0.3000000119
47502  27.745  -57.698  -39.389 0.3000000119
43981  27.544  -60.434  -38.873 0.3000000119
221530  27.575  -59.175  -39.506 0.3000000119
46352  27.591  -59.010  -38.735 0.3000000119
47498  27.636  -58.307  -38.608 0.3000000119
45164  27.621  -59.719  -38.812 0.3000000119
46347  27.687  -58.897  -37.915 0.3000000119
47490  27.986  -58.095  -36.978 0.3000000119
46360  28.881  -58.367  -41.075 0.3000000119
46361  28.310  -58.656  -40.995 0.3000000119
46355  27.888  -58.213  -40.725 0.3000000119
47501  27.839  -57.509  -40.304 0.3000000119
48637  27.762  -56.918  -39.774 0.3000000119
46350  27.604  -58.107  -40.114 0.3000000119
48638  27.744  -57.075  -38.963 0.3000000119
47497  27.746  -57.624  -38.414 0.3000000119
47494  27.765  -58.213  -37.768 0.3000000119
47493  28.055  -57.589  -37.643 0.3000000119
47517  29.686  -58.096  -40.858 0.3000000119
47511  28.854  -57.547  -41.069 0.3000000119
47512  28.368  -58.047  -41.028 0.3000000119
48643  27.913  -56.836  -40.621 0.3000000119
49773  27.788  -56.374  -39.081 0.3000000119
48632  27.871  -56.976  -38.258 0.3000000119
47489  28.252  -57.488  -37.069 0.3000000119
48636  27.806  -56.217  -40.101 0.3000000119
49767  28.165  -56.365  -38.113 0.3000000119
48629  28.265  -57.007  -37.504 0.3000000119
49772  27.887  -55.632  -39.670 0.3000000119
49766  28.063  -55.706  -38.796 0.3000000119
234381  27.942  -55.619  -40.421 0.3000000119
49765  28.033  -55.145  -39.393 0.3000000119
49760  28.523  -55.711  -37.849 0.3000000119
49761  28.445  -56.429  -37.251 0.3000000119
9074  23.173  -84.039  -45.355 0.5000000000
10065  23.210  -83.614  -46.122 0.5000000000
10091  23.889  -83.914  -47.311 0.4000000060
24672  26.043  -73.120  -45.110 0.6999999881
27027  26.264  -71.690  -44.647 0.6999999881
8220  25.814  -85.219  -50.348 0.4000000060
10074  24.582  -83.390  -46.238 0.5000000000
25873  28.723  -72.766  -46.509 0.6000000238
18757  25.535  -77.260  -48.251 0.5000000000
24691  28.992  -72.924  -47.091 0.6000000238
18830  25.967  -76.760  -50.642 0.8000000119
202955  26.410  -77.312  -49.919 0.6999999881
28321  31.716  -70.825  -50.244 0.5000000000
34283  25.687  -66.413  -41.571 0.4000000060
29620  32.326  -70.271  -50.824 0.5000000000
217536  30.013  -73.192  -52.930 0.6000000238
28332  32.275  -71.012  -52.708 0.4000000060
22397  27.712  -74.839  -53.382 0.6000000238
23608  29.332  -73.987  -54.255 0.6000000238
37958  27.237  -64.755  -40.685 0.3000000119
24739  30.879  -73.022  -54.453 0.4000000060
41539  29.109  -62.060  -41.041 0.4000000060
47510  29.760  -57.342  -40.984 0.3000000119
20020  27.281  -75.969  -54.923 0.5000000000
18857  26.834  -76.732  -54.751 0.5000000000
18858  26.611  -76.583  -54.016 0.6999999881
17682  27.234  -77.674  -53.222 0.6999999881
17674  28.042  -78.028  -51.961 0.6000000238
221709  27.149  -75.559  -54.640 0.5000000000
20017  26.650  -76.157  -53.609 0.6000000238
18848  26.760  -77.152  -53.042 0.6000000238
15396  28.822  -79.642  -51.824 0.6000000238
14242  28.940  -80.219  -50.912 0.6000000238
16547  27.121  -77.829  -54.461 0.6999999881
15408  28.459  -79.315  -52.609 0.6000000238
16519  28.808  -79.068  -51.865 0.6000000238
17681  27.831  -78.219  -52.806 0.6999999881
16520  28.382  -78.663  -52.320 0.6000000238
211957  28.996  -79.183  -51.123 0.6000000238
21226  27.851  -75.518  -54.759 0.5000000000
15420  27.230  -79.104  -54.784 0.6999999881
15409  27.856  -79.547  -53.790 0.6999999881
14273  27.662  -80.158  -53.904 0.6000000238
13181  27.956  -80.670  -52.645 0.6000000238
16546  27.072  -78.429  -55.083 0.6000000238
231867  27.482  -78.627  -54.329 0.6999999881
15397  28.339  -79.931  -52.687 0.6000000238
16551  27.095  -78.287  -55.305 0.6000000238
21224  29.339  -75.517  -55.095 0.5000000000
22402  27.888  -74.877  -54.043 0.5000000000
15425  27.183  -79.113  -55.362 0.6999999881
13171  27.761  -81.426  -52.062 0.6000000238
22403  29.793  -75.283  -55.067 0.5000000000
22401  28.524  -74.845  -54.464 0.5000000000
22393  30.491  -75.152  -53.822 0.5000000000
22400  29.337  -74.828  -54.837 0.5000000000
204271  30.664  -74.024  -53.884 0.4000000060
23552  24.045  -73.766  -46.738 0.4000000060
22326  24.810  -74.422  -46.344 0.4000000060
212613  24.223  -74.345  -46.481 0.4000000060
22344  24.208  -74.923  -46.665 0.5000000000
200775  23.629  -75.430  -46.911 0.5000000000
21159  22.953  -75.633  -46.989 0.5000000000
23611  30.178  -74.387  -54.581 0.5000000000
21158  23.387  -76.258  -47.238 0.5000000000
226324  22.068  -76.204  -45.044 0.6000000238
23610  30.468  -74.528  -54.323 0.4000000060
19967  23.532  -76.824  -47.485 0.5000000000
19945  23.117  -76.785  -47.240 0.5000000000
19924  22.651  -76.579  -45.957 0.5000000000
23554  22.796  -74.028  -47.300 0.5000000000
22345  23.493  -74.610  -46.890 0.5000000000
200653  22.459  -75.034  -47.043 0.5000000000
198772  22.420  -75.991  -46.990 0.5000000000
22346  21.770  -75.355  -47.253 0.5000000000
226530  22.886  -76.371  -47.050 0.5000000000
21160  22.192  -76.100  -46.842 0.5000000000
19925  22.161  -76.309  -45.770 0.5000000000
23606  30.415  -73.852  -54.680 0.5000000000
19946  22.735  -76.557  -46.892 0.5000000000
23599  30.788  -74.481  -52.567 0.4000000060
23602  30.998  -73.702  -53.554 0.4000000060
27051  24.340  -71.481  -46.224 0.5000000000
23607  29.964  -73.940  -54.589 0.5000000000
23605  30.667  -73.277  -54.502 0.4000000060
211987  24.941  -70.292  -45.363 0.5000000000
236661  24.016  -70.206  -45.941 0.5000000000
28303  22.895  -71.057  -46.644 0.5000000000
197647  23.945  -71.294  -46.492 0.5000000000
237303  31.030  -73.161  -54.158 0.4000000060
29581  24.553  -69.567  -45.630 0.5000000000
29589  23.944  -69.668  -45.935 0.5000000000
30841  24.675  -68.820  -45.509 0.5000000000
30852  23.838  -68.638  -46.010 0.5000000000
197356  22.898  -70.277  -46.016 0.5000000000
28304  21.988  -71.029  -46.625 0.4000000060
32111  24.049  -67.796  -46.219 0.5000000000
29590  23.094  -68.981  -45.929 0.6000000238
28292  22.140  -70.291  -46.054 0.6000000238
32110  24.712  -67.637  -46.347 0.5000000000
199170  24.248  -67.348  -46.530 0.5000000000
32113  22.884  -67.564  -46.307 0.6000000238
29591  22.338  -69.221  -46.083 0.6000000238
28305  21.112  -71.031  -46.701 0.6000000238
27065  20.726  -71.437  -47.779 0.5000000000
199988  19.873  -71.423  -48.100 0.5000000000
27067  18.178  -70.909  -49.167 0.5000000000
33237  24.009  -66.995  -47.140 0.5000000000
34318  23.846  -66.847  -46.821 0.5000000000
32112  23.298  -67.673  -46.159 0.5000000000
33239  23.558  -66.898  -46.716 0.6000000238
30853  22.182  -67.481  -46.676 0.6000000238
29592  21.453  -69.297  -46.083 0.6000000238
28306  20.370  -70.936  -46.780 0.6000000238
27054  18.919  -71.005  -47.564 0.5000000000
28266  15.901  -66.644  -46.276 0.5000000000
25866  16.690  -69.939  -49.466 0.5000000000
235315  23.993  -66.337  -48.074 0.5000000000
34317  23.519  -66.637  -47.333 0.5000000000
228430  23.209  -66.106  -46.758 0.6000000238
33227  22.767  -65.466  -46.187 0.6000000238
30854  21.502  -67.677  -46.785 0.6000000238
30843  21.362  -66.114  -47.492 0.6000000238
29593  20.689  -69.335  -46.172 0.6000000238
30855  20.752  -68.006  -46.411 0.6000000238
28295  19.540  -70.303  -46.582 0.6000000238
27055  17.449  -70.106  -47.599 0.5000000000
28297  17.178  -69.177  -46.906 0.5000000000
238006  16.045  -69.219  -48.145 0.5000000000
27043  16.057  -68.886  -47.104 0.5000000000
34309  24.078  -66.292  -45.981 0.6000000238
34310  23.857  -65.925  -46.122 0.6000000238
34303  24.046  -65.962  -45.466 0.6000000238
33228  22.446  -65.536  -45.727 0.6000000238
32094  21.751  -65.931  -46.030 0.6000000238
30844  20.783  -66.113  -47.580 0.6000000238
32096  20.797  -64.878  -47.513 0.6000000238
30856  19.937  -68.047  -46.515 0.5000000000
211679  20.073  -66.725  -47.009 0.5000000000
29595  18.744  -68.909  -46.532 0.5000000000
30845  19.198  -66.071  -47.154 0.5000000000
30834  18.521  -65.372  -46.812 0.6000000238
29583  17.758  -66.946  -46.740 0.5000000000
30846  18.158  -65.645  -46.911 0.5000000000
199762  17.561  -65.303  -46.522 0.5000000000
29559  17.662  -66.087  -45.202 0.5000000000
34304  23.187  -65.893  -45.527 0.6000000238
34297  23.949  -66.375  -44.645 0.6000000238
221149  21.216  -64.882  -46.810 0.6000000238
30832  19.718  -65.261  -47.299 0.6000000238
32098  19.421  -65.795  -45.747 0.6000000238
30828  18.655  -65.855  -45.563 0.5000000000
34296  24.470  -66.099  -44.331 0.6000000238
32090  20.775  -65.212  -46.486 0.6000000238
32091  20.143  -65.984  -45.326 0.6000000238
32092  19.636  -66.570  -44.454 0.5000000000
35477  25.808  -65.759  -43.282 0.6000000238
35483  25.161  -66.075  -43.611 0.6000000238
34293  24.774  -66.684  -43.350 0.6000000238
200073  23.184  -67.048  -43.931 0.6000000238
33223  21.959  -66.707  -44.214 0.6000000238
32084  21.840  -67.282  -43.185 0.5000000000
205591  25.231  -66.553  -42.893 0.6000000238
33215  24.437  -67.230  -43.086 0.6000000238
203002  23.985  -67.580  -42.761 0.6000000238
33209  23.273  -67.712  -42.322 0.6000000238
33210  22.444  -67.751  -42.385 0.5000000000
205298  24.646  -67.550  -41.644 0.4000000060
16509  28.580  -78.507  -51.497 0.6000000238
204420  27.470  -77.785  -52.383 0.6999999881
22396  28.142  -74.382  -53.894 0.5000000000
22395  28.864  -74.290  -54.381 0.5000000000
21217  30.476  -75.472  -54.679 0.5000000000
22399  30.037  -74.968  -54.848 0.5000000000
21133  21.909  -76.121  -46.326 0.6000000238
32104  22.870  -66.158  -47.109 0.6000000238
29594  19.808  -69.227  -46.329 0.6000000238
29582  18.965  -67.582  -46.582 0.5000000000
34298  23.276  -66.260  -44.848 0.6000000238
32089  21.693  -65.897  -45.671 0.6000000238
33217  22.663  -67.325  -43.378 0.6000000238
7232  23.735  -85.279  -45.287 0.4000000060
7229  26.146  -86.299  -44.557 0.5000000000
8142  25.890  -85.035  -43.950 0.5000000000
7215  24.982  -85.543  -44.700 0.4000000060
8144  24.575  -84.752  -44.511 0.4000000060
9072  24.309  -84.049  -44.601 0.4000000060
8152  23.416  -84.576  -45.179 0.4000000060
8126  27.054  -84.852  -43.593 0.5000000000
7199  27.117  -85.585  -43.669 0.5000000000
10047  25.396  -83.731  -44.507 0.5000000000
10055  25.108  -83.483  -44.999 0.5000000000
10056  24.305  -83.600  -45.125 0.4000000060
218480  27.453  -83.922  -43.989 0.5000000000
215824  26.542  -83.568  -44.695 0.5000000000
235353  26.240  -83.460  -45.215 0.5000000000
238568  25.829  -83.445  -45.989 0.5000000000
10063  24.796  -83.272  -45.560 0.4000000060
229490  25.332  -83.412  -46.090 0.4000000060
9071  28.028  -83.854  -45.119 0.5000000000
10052  27.487  -83.687  -45.411 0.5000000000
235542  28.040  -84.041  -46.489 0.5000000000
10060  27.208  -83.644  -46.035 0.5000000000
9084  26.790  -83.858  -46.683 0.5000000000
9086  25.195  -83.797  -46.900 0.4000000060
12124  27.355  -82.113  -52.536 0.5000000000
11137  27.367  -82.877  -51.848 0.4000000060
10170  27.163  -84.066  -51.908 0.4000000060
9167  26.833  -85.009  -52.086 0.4000000060
215562  26.555  -85.336  -51.617 0.4000000060
8219  25.872  -85.645  -50.488 0.4000000060
9090  27.321  -84.360  -46.974 0.5000000000
7296  26.209  -86.068  -50.133 0.4000000060
8198  25.439  -85.549  -49.524 0.4000000060
9103  25.535  -84.973  -48.435 0.4000000060
8177  27.475  -84.970  -47.506 0.4000000060
9091  26.756  -84.501  -47.339 0.5000000000
204502  25.362  -84.448  -47.753 0.4000000060
9085  26.033  -84.172  -47.134 0.4000000060
10180  27.118  -83.552  -52.551 0.4000000060
8232  26.839  -85.433  -52.201 0.4000000060
7310  26.525  -85.911  -50.991 0.4000000060
7263  28.648  -85.338  -47.870 0.4000000060
7282  26.555  -86.165  -49.355 0.4000000060
8179  26.186  -85.107  -48.334 0.4000000060
7272  28.336  -85.667  -48.516 0.4000000060
8185  27.259  -85.465  -48.251 0.4000000060
7274  26.941  -86.011  -48.757 0.4000000060
8178  26.767  -84.960  -48.017 0.4000000060
225969  27.010  -82.214  -53.647 0.4000000060
11147  27.031  -83.292  -53.386 0.4000000060
10192  27.405  -83.956  -53.822 0.4000000060
8230  27.977  -85.372  -52.508 0.4000000060
7308  27.603  -86.140  -51.501 0.4000000060
7294  27.793  -86.190  -50.643 0.4000000060
7295  26.929  -86.258  -50.474 0.4000000060
7279  28.635  -85.548  -49.057 0.4000000060
203327  28.319  -85.873  -49.791 0.4000000060
213768  27.509  -86.157  -49.825 0.4000000060
13182  27.374  -81.397  -53.324 0.5000000000
14274  27.454  -80.741  -53.896 0.6000000238
11154  26.951  -82.246  -54.536 0.5000000000
9198  27.937  -84.401  -53.361 0.4000000060
8229  28.653  -85.110  -52.199 0.4000000060
9151  29.446  -84.875  -51.126 0.4000000060
9133  29.401  -84.889  -50.392 0.4000000060
12147  27.381  -82.074  -54.897 0.4000000060
13206  27.089  -80.973  -55.247 0.5000000000
11153  28.386  -82.953  -54.034 0.4000000060
204973  29.010  -83.989  -52.790 0.4000000060
12146  28.090  -81.716  -54.688 0.5000000000
12136  28.834  -82.210  -53.801 0.4000000060
10190  28.590  -83.578  -53.422 0.4000000060
10179  29.268  -83.401  -52.589 0.4000000060
235854  27.392  -80.713  -55.324 0.6000000238
14285  27.043  -79.771  -55.263 0.6000000238
13196  28.842  -81.427  -53.997 0.5000000000
12135  29.399  -81.774  -53.188 0.4000000060
17690  26.837  -77.512  -55.054 0.5000000000
34301  24.083  -65.333  -45.662 0.5000000000
35489  24.632  -65.545  -44.637 0.5000000000
35488  24.562  -64.881  -45.081 0.5000000000
35482  25.210  -65.517  -44.166 0.5000000000
34302  24.153  -65.643  -45.384 0.5000000000
8127  26.436  -84.407  -43.833 0.5000000000
9065  25.646  -84.257  -44.115 0.5000000000
226772  27.075  -83.877  -52.924 0.4000000060
8251  27.575  -84.940  -52.862 0.4000000060
7280  27.977  -86.000  -49.106 0.4000000060
10201  27.342  -83.380  -54.343 0.4000000060
10191  28.155  -83.876  -53.647 0.4000000060
224594  28.324  -85.716  -51.788 0.4000000060
8217  28.964  -85.456  -50.953 0.4000000060
224614  26.995  -81.613  -54.952 0.5000000000
10168  29.448  -84.011  -52.091 0.4000000060
13205  27.291  -81.168  -55.283 0.5000000000
13204  28.012  -80.997  -54.877 0.6000000238
11144  29.613  -82.764  -52.314 0.5000000000
14291  28.812  -80.094  -54.389 0.5000000000
18827  32.292  -77.142  -51.477 0.3000000119
18840  32.703  -77.085  -52.507 0.3000000119
18841  32.060  -76.955  -52.215 0.3000000119
18828  31.874  -77.057  -50.826 0.3000000119
18812  31.808  -77.012  -50.209 0.3000000119
18793  32.582  -77.343  -48.820 0.3000000119
19991  32.123  -77.030  -48.980 0.3000000119
18846  33.225  -77.012  -53.407 0.3000000119
18851  32.892  -76.912  -53.906 0.4000000060
18852  32.171  -76.729  -53.949 0.4000000060
227903  33.017  -77.204  -51.921 0.3000000119
18856  31.270  -76.466  -54.833 0.4000000060
20024  29.649  -75.904  -55.377 0.4000000060
20025  28.919  -75.699  -55.252 0.4000000060
219444  33.115  -77.612  -50.288 0.3000000119
20015  31.640  -76.456  -53.399 0.3000000119
20019  30.998  -75.924  -54.502 0.4000000060
21203  31.391  -75.988  -50.041 0.3000000119
20010  31.153  -76.149  -51.888 0.3000000119
16544  31.362  -78.570  -53.715 0.4000000060
16545  30.398  -79.103  -53.605 0.4000000060
16550  28.698  -78.661  -54.847 0.4000000060
16554  28.410  -78.077  -55.273 0.4000000060
18850  33.435  -77.199  -53.816 0.4000000060
17687  31.981  -77.306  -54.587 0.4000000060
16548  31.429  -77.777  -54.444 0.4000000060
16553  29.614  -77.952  -54.818 0.4000000060
17693  29.118  -77.388  -55.334 0.4000000060
18839  33.690  -77.155  -52.743 0.3000000119
17688  31.440  -77.143  -54.797 0.4000000060
17692  30.166  -77.179  -55.154 0.4000000060
214974  27.026  -77.201  -55.372 0.4000000060
197784  33.712  -77.306  -51.801 0.3000000119
20023  30.340  -76.048  -55.246 0.4000000060
18861  27.706  -77.094  -55.512 0.4000000060
17651  33.872  -77.601  -50.260 0.3000000119
21222  30.632  -75.793  -54.888 0.4000000060
21211  30.731  -75.541  -53.273 0.4000000060
14270  30.914  -80.096  -52.550 0.4000000060
15419  29.643  -79.680  -53.847 0.4000000060
16535  31.728  -79.236  -52.887 0.4000000060
15417  30.999  -79.440  -53.074 0.4000000060
15423  28.747  -79.408  -54.676 0.4000000060
17679  34.796  -77.483  -52.483 0.3000000119
16533  33.524  -78.508  -53.251 0.4000000060
18790  35.067  -77.244  -49.735 0.3000000119
210219  34.425  -77.467  -50.891 0.3000000119
17695  27.123  -77.734  -55.425 0.4000000060
198956  34.538  -77.295  -48.979 0.3000000119
14284  28.822  -80.736  -54.158 0.4000000060
14283  29.755  -80.470  -53.424 0.4000000060
22390  30.596  -74.892  -53.318 0.3000000119
22387  30.876  -75.021  -51.642 0.3000000119
219752  30.760  -75.420  -52.315 0.3000000119
16552  26.961  -78.024  -55.244 0.4000000060
15424  27.658  -79.268  -55.375 0.4000000060
210943  27.986  -79.828  -55.235 0.4000000060
13195  29.575  -81.201  -53.266 0.4000000060
18847  32.335  -76.812  -53.215 0.3000000119
20007  31.490  -76.522  -50.576 0.3000000119
19999  31.628  -76.603  -49.802 0.3000000119
17684  32.283  -77.792  -54.217 0.4000000060
20018  31.487  -76.416  -54.123 0.4000000060
17691  30.945  -76.991  -55.176 0.4000000060
20022  30.838  -76.096  -54.961 0.4000000060
18863  29.130  -76.308  -55.498 0.4000000060
20013  31.101  -76.054  -52.799 0.4000000060
205072  32.186  -78.526  -53.566 0.4000000060
212967  29.649  -78.955  -54.255 0.4000000060
236166  29.670  -78.513  -54.565 0.4000000060
16541  34.181  -77.549  -53.377 0.3000000119
17689  30.706  -77.573  -54.757 0.4000000060
18838  34.490  -77.281  -52.348 0.3000000119
16534  32.589  -78.882  -52.961 0.4000000060
16532  34.149  -78.050  -53.191 0.3000000119
18837  35.142  -77.345  -51.903 0.3000000119
3260  28.096  -89.968  -44.660 0.3000000119
3833  27.444  -89.945  -46.058 0.3000000119
235336  28.472  -90.085  -44.134 0.3000000119
3261  27.690  -90.522  -44.934 0.3000000119
227650  28.064  -89.030  -45.409 0.3000000119
219288  27.813  -89.298  -46.084 0.3000000119
3816  29.216  -89.646  -43.369 0.3000000119
3232  28.688  -90.477  -42.756 0.3000000119
215236  28.287  -90.514  -43.807 0.3000000119
4425  29.491  -89.183  -43.536 0.3000000119
3830  28.837  -89.185  -44.570 0.3000000119
5056  28.013  -88.508  -46.401 0.3000000119
7230  25.480  -86.232  -44.997 0.3000000119
3191  29.781  -90.404  -40.499 0.3000000119
3223  28.910  -90.652  -41.690 0.3000000119
216108  29.658  -89.769  -42.320 0.3000000119
226314  29.659  -90.107  -41.801 0.3000000119
3233  28.129  -90.902  -42.617 0.3000000119
226075  28.012  -87.548  -45.458 0.3000000119
6353  27.502  -86.665  -44.361 0.3000000119
6367  26.553  -86.846  -45.162 0.3000000119
4424  29.996  -88.856  -43.052 0.3000000119
216611  28.901  -88.595  -44.703 0.3000000119
5043  29.414  -88.351  -43.951 0.3000000119
5670  29.312  -87.820  -43.906 0.3000000119
227275  28.501  -87.220  -44.403 0.3000000119
6366  27.978  -87.009  -44.865 0.3000000119
6338  28.158  -86.618  -43.799 0.3000000119
200065  29.784  -84.721  -45.112 0.4000000060
8140  28.509  -84.608  -43.767 0.4000000060
4413  24.857  -89.665  -42.645 0.3000000119
4427  23.853  -89.297  -44.064 0.3000000119
2706  27.723  -91.070  -43.107 0.3000000119
2708  27.119  -91.316  -43.804 0.3000000119
3182  27.897  -90.503  -39.858 0.3000000119
3195  26.921  -90.542  -40.500 0.3000000119
3799  25.391  -90.442  -41.586 0.3000000119
3226  25.439  -90.857  -42.134 0.3000000119
225788  24.287  -90.078  -43.592 0.3000000119
3730  29.397  -89.997  -39.033 0.3000000119
2668  27.792  -91.000  -40.899 0.3000000119
2677  26.768  -91.175  -41.361 0.3000000119
2700  25.442  -91.453  -43.090 0.3000000119
3817  24.587  -90.618  -43.248 0.3000000119
3206  28.442  -90.867  -40.852 0.3000000119
2690  27.431  -91.301  -41.877 0.3000000119
201821  26.371  -91.454  -42.356 0.3000000119
2699  25.989  -91.540  -42.961 0.3000000119
2707  27.151  -91.403  -43.074 0.3000000119
234942  26.652  -91.508  -43.432 0.3000000119
5052  28.165  -88.386  -45.823 0.3000000119
5688  27.847  -87.733  -46.013 0.3000000119
3180  29.150  -90.538  -39.956 0.3000000119
5678  28.877  -87.758  -44.495 0.3000000119
4405  24.843  -88.945  -42.450 0.3000000119
2216  26.085  -91.687  -44.679 0.3000000119
3181  28.580  -90.544  -39.912 0.3000000119
3766  26.557  -89.890  -40.173 0.3000000119
2676  27.332  -91.251  -41.356 0.3000000119
3234  25.778  -91.316  -42.377 0.3000000119
2199  25.303  -91.943  -44.122 0.3000000119
7197  28.519  -85.953  -43.388 0.3000000119
12053  31.763  -81.347  -47.000 0.3000000119
12043  31.867  -81.607  -46.211 0.3000000119
10071  31.634  -83.460  -46.527 0.3000000119
226192  31.151  -83.979  -47.422 0.4000000060
8174  30.460  -84.563  -47.502 0.4000000060
7262  29.250  -85.144  -47.619 0.3000000119
8176  28.249  -85.147  -47.355 0.3000000119
12054  31.577  -81.959  -47.442 0.3000000119
11083  31.173  -82.977  -48.024 0.4000000060
9100  30.550  -84.035  -48.330 0.4000000060
9117  29.749  -84.540  -49.188 0.4000000060
8184  29.121  -85.153  -48.855 0.3000000119
10145  30.121  -83.785  -49.974 0.4000000060
9132  29.795  -84.417  -49.828 0.4000000060
8206  29.111  -85.344  -50.222 0.3000000119
9165  29.635  -84.184  -51.270 0.3000000119
13030  34.051  -80.687  -44.463 0.3000000119
13043  34.021  -80.465  -45.084 0.3000000119
11062  31.777  -82.930  -46.094 0.4000000060
8166  30.801  -84.645  -46.595 0.3000000119
7253  29.527  -85.080  -46.786 0.3000000119
8160  29.631  -84.988  -46.007 0.3000000119
13056  34.092  -80.329  -45.925 0.3000000119
13057  33.173  -80.325  -46.223 0.3000000119
201366  32.394  -80.626  -47.407 0.3000000119
12063  31.889  -81.288  -47.811 0.3000000119
11089  31.096  -82.619  -48.629 0.3000000119
10105  30.747  -83.381  -48.579 0.4000000060
12072  31.894  -81.252  -48.538 0.3000000119
12080  31.866  -81.194  -49.132 0.3000000119
12073  31.461  -81.948  -48.819 0.3000000119
10124  30.812  -82.919  -49.023 0.4000000060
9116  30.145  -83.937  -49.286 0.4000000060
12092  31.350  -81.631  -49.830 0.3000000119
12093  30.911  -82.119  -50.098 0.4000000060
10160  30.065  -83.535  -50.674 0.4000000060
13169  30.717  -81.211  -51.735 0.3000000119
12113  30.468  -82.012  -51.462 0.4000000060
11135  30.426  -82.501  -51.056 0.4000000060
10167  29.785  -83.589  -51.397 0.4000000060
14258  31.138  -80.488  -51.777 0.3000000119
228435  29.914  -82.263  -52.060 0.4000000060
12114  30.013  -81.708  -52.401 0.3000000119
11025  36.452  -82.216  -41.870 0.3000000119
10038  35.332  -82.579  -41.689 0.3000000119
10034  34.209  -83.016  -41.442 0.3000000119
9051  33.040  -83.685  -42.383 0.3000000119
12015  35.476  -81.346  -44.180 0.3000000119
11050  34.881  -81.857  -43.540 0.3000000119
11042  33.432  -82.096  -42.948 0.3000000119
10043  32.659  -83.755  -43.379 0.3000000119
13053  35.898  -80.452  -45.641 0.3000000119
12027  35.322  -80.701  -44.767 0.3000000119
12017  33.603  -80.985  -43.872 0.3000000119
12018  32.700  -81.709  -44.046 0.3000000119
10050  32.447  -83.291  -44.460 0.3000000119
9076  32.088  -84.109  -45.497 0.3000000119
8158  31.314  -84.852  -45.921 0.3000000119
8159  29.982  -84.938  -45.403 0.3000000119
8151  30.325  -85.009  -44.560 0.3000000119
8138  29.791  -85.294  -43.746 0.3000000119
13054  35.496  -80.541  -46.181 0.3000000119
13146  31.766  -81.066  -50.051 0.3000000119
12103  31.214  -81.565  -50.272 0.3000000119
13155  32.229  -80.625  -50.142 0.3000000119
13157  31.017  -81.480  -50.883 0.3000000119
14257  31.936  -80.247  -51.372 0.3000000119
15407  31.547  -79.930  -52.189 0.3000000119
14271  30.680  -80.680  -52.233 0.3000000119
11023  37.021  -81.928  -41.673 0.3000000119
11030  36.644  -82.218  -42.476 0.3000000119
11032  35.815  -82.278  -42.405 0.3000000119
11033  34.677  -82.295  -42.160 0.3000000119
12012  36.104  -80.823  -43.993 0.3000000119
11041  34.459  -81.887  -42.881 0.3000000119
7196  29.306  -85.963  -43.301 0.3000000119
11981  37.733  -81.155  -41.239 0.3000000119
11993  37.212  -81.658  -42.149 0.3000000119
13012  37.207  -80.728  -42.795 0.3000000119
11037  36.625  -81.756  -42.869 0.3000000119
11039  35.850  -82.078  -42.923 0.3000000119
12024  36.252  -80.380  -44.419 0.3000000119
14068  38.019  -80.008  -41.968 0.3000000119
14078  37.905  -79.918  -42.246 0.3000000119
13018  37.393  -80.165  -42.923 0.3000000119
12003  36.574  -81.058  -43.312 0.3000000119
227886  28.790  -84.297  -44.315 0.3000000119
9077  28.448  -84.138  -45.566 0.3000000119
8168  29.058  -84.952  -46.455 0.3000000119
7270  29.506  -85.051  -47.996 0.3000000119
8196  29.379  -84.931  -49.075 0.4000000060
11136  30.045  -82.622  -51.596 0.4000000060
15406  32.249  -79.557  -52.123 0.3000000119
232115  32.610  -80.577  -45.827 0.3000000119
11073  31.448  -82.596  -47.541 0.3000000119
13058  32.512  -80.973  -45.267 0.3000000119
203373  30.936  -83.694  -47.929 0.4000000060
9089  30.421  -84.423  -48.104 0.4000000060
9102  29.734  -84.660  -48.665 0.4000000060
10144  30.468  -83.324  -49.622 0.4000000060
13041  35.278  -80.658  -45.341 0.3000000119
13044  33.164  -80.833  -44.626 0.3000000119
10059  31.961  -83.506  -45.841 0.3000000119
11054  32.198  -82.456  -44.713 0.3000000119
8165  31.398  -84.460  -46.424 0.4000000060
7251  30.460  -84.791  -46.236 0.3000000119
225068  34.526  -80.381  -46.574 0.3000000119
13077  33.218  -80.379  -47.003 0.3000000119
13096  32.559  -80.653  -48.204 0.3000000119
11112  30.979  -82.178  -49.627 0.4000000060
13168  31.386  -80.871  -51.070 0.3000000119
11034  33.782  -82.277  -42.391 0.3000000119
11043  32.760  -82.378  -43.490 0.3000000119
211672  32.475  -83.857  -44.208 0.3000000119
14256  32.532  -80.247  -50.871 0.3000000119
19931  23.107  -76.994  -46.850 0.4000000060
2191  26.160  -91.678  -43.468 0.3000000119
2198  25.843  -91.855  -44.069 0.3000000119
2207  26.430  -91.612  -43.972 0.3000000119
2674  28.443  -90.900  -41.494 0.3000000119
2675  27.902  -91.157  -41.385 0.3000000119
2689  28.006  -91.153  -41.961 0.3000000119
2691  26.848  -91.338  -41.841 0.3000000119
2692  26.275  -91.276  -41.823 0.3000000119
2697  27.561  -91.239  -42.493 0.3000000119
2698  26.960  -91.398  -42.407 0.3000000119
2709  25.646  -91.783  -43.563 0.3000000119
2716  27.472  -90.992  -44.422 0.3000000119
3179  29.686  -90.460  -39.980 0.3000000119
3192  29.168  -90.629  -40.503 0.3000000119
3193  28.206  -90.774  -40.372 0.3000000119
3194  27.560  -90.714  -40.417 0.3000000119
3205  28.967  -90.716  -41.145 0.3000000119
3207  27.191  -91.036  -40.892 0.3000000119
3208  26.708  -90.790  -40.984 0.3000000119
3209  26.145  -90.781  -41.319 0.3000000119
3222  29.375  -90.483  -41.501 0.3000000119
3224  28.556  -90.734  -42.115 0.3000000119
3225  25.780  -91.013  -41.819 0.3000000119
3231  29.159  -90.327  -42.155 0.3000000119
3235  25.157  -90.922  -42.704 0.3000000119
3242  28.750  -90.149  -43.471 0.3000000119
3243  28.229  -90.668  -43.256 0.3000000119
3244  24.872  -91.213  -43.194 0.3000000119
3253  28.032  -90.580  -44.322 0.3000000119
3266  27.836  -89.800  -45.394 0.3000000119
3267  27.315  -90.487  -45.610 0.3000000119
3716  29.768  -89.753  -38.716 0.3000000119
3746  28.980  -90.247  -39.477 0.3000000119
3747  28.284  -90.070  -39.464 0.3000000119
3748  27.604  -89.889  -39.505 0.3000000119
3765  27.218  -90.260  -39.942 0.3000000119
3783  26.341  -90.353  -40.731 0.3000000119
3784  25.855  -90.079  -41.077 0.3000000119
3806  30.212  -89.136  -42.374 0.3000000119
3807  29.638  -89.418  -42.933 0.3000000119
3808  29.154  -89.934  -42.821 0.3000000119
3809  25.195  -90.247  -42.337 0.3000000119
3810  24.863  -90.254  -42.808 0.3000000119
3818  24.070  -89.864  -44.049 0.3000000119
3824  29.026  -89.588  -44.016 0.3000000119
3831  28.225  -89.335  -44.824 0.3000000119
4346  29.229  -89.596  -38.527 0.3000000119
4426  24.172  -89.571  -43.586 0.3000000119
4433  29.713  -88.670  -43.543 0.3000000119
4434  29.276  -88.931  -44.106 0.3000000119
4439  28.316  -88.548  -45.301 0.3000000119
4444  28.053  -88.756  -46.000 0.3000000119
5023  25.128  -88.702  -41.811 0.3000000119
5044  29.065  -88.202  -44.484 0.3000000119
5049  28.658  -88.196  -45.175 0.3000000119
5053  28.037  -88.137  -46.337 0.3000000119
5057  27.621  -88.416  -46.737 0.3000000119
5669  29.726  -87.860  -43.440 0.3000000119
5679  28.407  -87.635  -45.056 0.3000000119
5687  28.215  -87.947  -45.732 0.3000000119
5689  27.182  -87.448  -46.081 0.3000000119
6352  28.930  -87.186  -43.799 0.3000000119
6354  26.872  -86.534  -44.447 0.3000000119
7195  29.849  -86.122  -43.304 0.3000000119
7198  27.780  -85.836  -43.534 0.3000000119
7211  30.604  -85.602  -43.893 0.3000000119
7212  27.323  -86.220  -43.925 0.3000000119
7213  26.637  -85.990  -43.965 0.5000000000
7214  25.618  -85.650  -44.387 0.4000000060
7231  24.354  -85.401  -45.015 0.4000000060
7239  30.779  -84.984  -45.572 0.3000000119
7240  30.356  -84.910  -45.861 0.3000000119
7241  29.925  -84.990  -46.228 0.3000000119
7244  23.494  -85.832  -45.828 0.4000000060
7245  22.872  -85.596  -46.079 0.5000000000
7250  31.058  -85.052  -46.052 0.3000000119
7252  30.003  -84.915  -46.572 0.3000000119
7254  28.899  -85.142  -47.171 0.3000000119
7261  29.745  -84.957  -47.299 0.3000000119
7264  27.971  -85.501  -48.011 0.4000000060
7271  28.976  -85.259  -48.363 0.3000000119
7273  27.646  -85.968  -48.593 0.4000000060
7275  26.369  -85.860  -48.996 0.4000000060
7281  27.225  -86.190  -49.166 0.4000000060
7283  25.926  -85.893  -49.504 0.4000000060
7293  28.670  -85.781  -50.408 0.4000000060
7307  28.321  -85.945  -51.081 0.4000000060
7309  27.083  -86.222  -51.145 0.4000000060
7319  26.990  -86.009  -51.739 0.4000000060
8124  28.924  -85.267  -43.500 0.4000000060
8125  28.147  -85.244  -43.444 0.3000000119
8139  29.198  -84.724  -44.036 0.3000000119
8141  26.505  -85.290  -43.718 0.5000000000
8143  25.247  -84.885  -44.275 0.5000000000
8153  22.984  -84.575  -45.467 0.5000000000
8157  31.786  -84.647  -45.658 0.3000000119
8161  29.074  -84.582  -45.567 0.4000000060
8163  22.643  -84.915  -45.832 0.5000000000
8167  30.194  -84.728  -46.980 0.3000000119
8169  28.547  -84.912  -46.830 0.3000000119
8170  27.978  -84.526  -46.862 0.3000000119
8175  29.937  -84.822  -47.727 0.3000000119
8182  30.057  -84.649  -48.165 0.4000000060
8183  29.561  -84.914  -48.409 0.4000000060
8186  26.575  -85.477  -48.536 0.4000000060
8187  25.862  -85.473  -48.930 0.4000000060
8197  29.007  -85.415  -49.620 0.4000000060
8205  29.389  -84.938  -49.721 0.3000000119
8208  25.376  -85.244  -49.956 0.4000000060
8218  26.315  -85.535  -51.017 0.4000000060
8231  27.403  -85.828  -52.193 0.4000000060
8242  28.269  -84.815  -52.825 0.4000000060
8243  27.366  -85.271  -52.584 0.4000000060
8244  27.112  -84.981  -52.625 0.4000000060
8250  28.115  -84.858  -52.899 0.4000000060
9055  32.825  -83.768  -42.931 0.3000000119
9056  27.715  -84.515  -43.656 0.5000000000
9057  27.125  -84.202  -43.772 0.5000000000
9062  29.285  -84.384  -44.672 0.3000000119
9063  28.107  -84.035  -44.291 0.5000000000
9064  26.857  -83.826  -44.128 0.5000000000
9066  24.969  -84.173  -44.388 0.5000000000
9069  32.316  -83.760  -44.806 0.3000000119
9070  28.679  -84.104  -44.892 0.5000000000
9073  23.714  -83.970  -44.982 0.4000000060
9078  27.933  -83.875  -45.988 0.5000000000
9079  22.719  -84.259  -45.734 0.5000000000
9080  31.947  -83.870  -46.225 0.4000000060
9081  31.531  -83.838  -47.064 0.4000000060
9082  28.485  -84.405  -46.283 0.3000000119
9083  27.614  -83.915  -46.564 0.5000000000
9088  30.748  -84.223  -47.747 0.4000000060
9092  26.132  -84.660  -47.858 0.4000000060
9101  30.100  -84.294  -48.629 0.4000000060
9134  26.145  -84.542  -50.415 0.4000000060
9150  29.773  -84.301  -50.541 0.4000000060
9166  29.231  -84.690  -51.807 0.4000000060
9185  28.871  -84.537  -52.500 0.4000000060
9186  27.027  -84.561  -52.416 0.4000000060
9197  28.406  -84.246  -53.148 0.4000000060
9199  27.432  -84.454  -53.217 0.4000000060
9200  27.143  -84.652  -52.933 0.4000000060
10029  36.374  -82.480  -41.228 0.3000000119
10036  36.190  -82.263  -42.198 0.3000000119
10037  35.948  -82.399  -41.959 0.3000000119
10040  33.163  -82.965  -42.612 0.3000000119
10042  32.891  -83.082  -43.190 0.3000000119
10044  32.611  -83.332  -43.791 0.3000000119
10045  27.355  -83.654  -44.622 0.5000000000
10046  26.117  -83.807  -44.323 0.5000000000
10048  24.792  -83.743  -44.670 0.4000000060
10051  32.258  -83.388  -45.160 0.3000000119
10053  26.870  -83.536  -45.307 0.5000000000
10054  25.820  -83.491  -44.809 0.5000000000
10057  23.542  -83.673  -45.481 0.5000000000
10058  23.013  -83.808  -45.727 0.5000000000
10061  26.371  -83.508  -45.905 0.5000000000
10062  25.633  -83.339  -45.472 0.5000000000
10072  31.396  -83.369  -47.324 0.4000000060
10073  25.949  -83.634  -46.488 0.5000000000
10075  23.837  -83.487  -46.453 0.5000000000
10090  24.411  -83.738  -46.902 0.4000000060
10106  30.372  -83.823  -48.793 0.4000000060
10125  30.555  -83.397  -49.140 0.4000000060
10147  26.561  -83.825  -50.169 0.5000000000
10159  30.402  -83.217  -50.093 0.4000000060
10169  27.196  -83.749  -51.641 0.5000000000
10178  29.744  -83.236  -51.856 0.4000000060
10193  27.175  -84.129  -53.422 0.4000000060
10202  27.155  -83.497  -54.118 0.4000000060
11015  37.047  -82.009  -41.097 0.3000000119
11016  36.968  -82.101  -41.096 0.3000000119
11024  36.776  -82.099  -41.781 0.3000000119
11028  37.106  -81.852  -42.111 0.3000000119
11029  36.987  -81.844  -42.585 0.3000000119
11031  36.128  -82.209  -42.551 0.3000000119
11038  36.330  -81.949  -42.904 0.3000000119
11040  35.406  -81.981  -42.967 0.3000000119
11048  35.870  -81.623  -43.525 0.3000000119
11049  35.651  -81.965  -43.547 0.3000000119
11051  32.488  -82.643  -44.065 0.3000000119
11055  32.030  -82.766  -45.533 0.4000000060
11072  31.616  -82.458  -46.752 0.3000000119
11097  31.038  -82.342  -49.176 0.4000000060
11098  30.757  -82.810  -49.426 0.4000000060
11113  30.699  -82.721  -49.881 0.4000000060
11114  27.400  -82.882  -50.182 0.6000000238
11126  30.531  -82.743  -50.507 0.4000000060
11127  30.089  -83.017  -51.144 0.4000000060
11145  29.081  -82.880  -53.197 0.4000000060
11146  27.072  -82.877  -53.066 0.4000000060
11155  26.954  -82.925  -54.078 0.4000000060
11164  28.088  -82.383  -54.461 0.5000000000
11165  27.605  -82.904  -54.505 0.4000000060
11166  27.219  -82.732  -54.732 0.4000000060
11167  27.079  -82.902  -54.580 0.5000000000
11982  37.324  -81.601  -41.444 0.3000000119
11992  37.619  -81.117  -41.758 0.3000000119
11997  37.133  -81.465  -42.577 0.3000000119
11998  36.866  -81.486  -42.844 0.3000000119
12002  36.989  -80.973  -42.995 0.3000000119
12004  36.203  -81.399  -43.382 0.3000000119
12005  34.235  -81.425  -43.507 0.3000000119
12006  33.304  -81.680  -43.516 0.3000000119
12013  35.919  -81.059  -44.045 0.3000000119
12014  35.681  -81.198  -44.148 0.3000000119
12016  34.502  -80.947  -44.168 0.3000000119
12025  36.090  -80.506  -44.755 0.3000000119
12026  35.667  -80.652  -44.798 0.3000000119
12028  35.055  -80.873  -44.464 0.3000000119
12029  32.431  -81.540  -44.761 0.3000000119
12030  32.029  -81.818  -45.419 0.3000000119
12042  35.582  -80.586  -45.541 0.3000000119
12064  31.473  -82.110  -48.121 0.3000000119
12075  26.372  -81.940  -48.313 0.6000000238
12081  31.427  -81.741  -49.392 0.3000000119
12082  27.342  -82.052  -49.010 0.6999999881
12094  28.092  -81.721  -50.123 0.6999999881
12104  30.793  -82.062  -50.680 0.3000000119
12115  28.000  -81.513  -51.248 0.6000000238
12123  29.486  -82.253  -52.767 0.5000000000
12148  27.136  -82.180  -54.916 0.4000000060
12152  27.100  -81.564  -55.229 0.5000000000
12988  37.971  -80.573  -41.550 0.3000000119
13002  37.835  -80.427  -41.971 0.3000000119
13003  37.380  -81.069  -42.280 0.3000000119
13011  37.520  -80.322  -42.562 0.3000000119
13019  37.146  -80.306  -43.269 0.3000000119
13020  36.804  -80.508  -43.509 0.3000000119
13029  34.694  -80.614  -44.804 0.3000000119
13042  34.702  -80.505  -45.430 0.3000000119
13055  34.898  -80.498  -45.992 0.3000000119
13076  34.248  -80.343  -47.278 0.3000000119
13078  32.298  -80.684  -46.485 0.3000000119
13079  27.279  -80.951  -47.136 0.5000000000
13095  33.391  -80.405  -47.807 0.3000000119
13097  27.159  -81.184  -47.799 0.6000000238
13118  26.542  -81.466  -47.926 0.6000000238
13156  31.625  -81.084  -50.458 0.3000000119
13170  28.266  -80.984  -51.466 0.6000000238
13197  27.084  -81.121  -54.589 0.6000000238
14077  38.265  -79.288  -42.152 0.3000000119
14097  37.362  -79.669  -43.131 0.3000000119
14146  33.880  -80.342  -46.635 0.3000000119
14149  26.241  -80.643  -45.854 0.5000000000
14197  28.314  -80.743  -48.017 0.5000000000
14212  28.881  -80.437  -49.656 0.6999999881
14213  28.749  -80.581  -49.102 0.6999999881
14226  28.931  -80.326  -50.323 0.6000000238
14241  32.073  -80.593  -50.629 0.3000000119
14259  28.663  -80.290  -51.619 0.6000000238
14272  30.227  -80.989  -52.584 0.3000000119
14282  30.384  -80.426  -52.750 0.3000000119
14286  27.047  -80.479  -55.081 0.5000000000
14292  27.781  -80.349  -55.187 0.6000000238
14293  27.154  -80.421  -55.369 0.6000000238
15270  38.383  -78.681  -42.215 0.3000000119
15338  27.206  -80.150  -45.679 0.5000000000
15350  28.526  -79.604  -47.316 0.6000000238
15359  28.961  -79.771  -48.386 0.6999999881
15378  29.092  -79.779  -50.604 0.6000000238
15388  29.010  -79.881  -51.204 0.6000000238
15418  30.341  -79.865  -53.150 0.4000000060
15426  27.594  -78.595  -55.365 0.4000000060
16479  28.313  -79.196  -46.826 0.6000000238
16480  28.001  -78.734  -46.450 0.6000000238
16531  34.906  -77.910  -52.382 0.3000000119
16536  27.905  -78.841  -53.467 0.6999999881
16542  33.691  -77.673  -53.722 0.4000000060
16543  32.898  -78.098  -53.672 0.4000000060
16549  30.419  -78.311  -54.216 0.4000000060
16555  27.614  -77.966  -55.450 0.6000000238
17620  27.091  -77.515  -46.612 0.5000000000
17636  27.784  -77.683  -48.047 0.6000000238
17661  27.239  -77.452  -50.863 0.6999999881
17680  34.565  -77.679  -52.995 0.3000000119
17683  33.044  -77.391  -54.056 0.4000000060
17685  27.546  -78.269  -53.867 0.6999999881
17686  32.504  -77.059  -54.351 0.4000000060
17694  28.049  -77.550  -55.481 0.4000000060
18725  23.940  -76.893  -45.828 0.5000000000
18738  26.782  -77.298  -47.239 0.5000000000
18755  27.277  -77.353  -47.630 0.5000000000
18772  32.635  -77.169  -48.231 0.3000000119
18775  25.376  -77.112  -48.792 0.5000000000
18794  32.034  -77.154  -49.607 0.3000000119
18796  25.914  -77.139  -49.658 0.6999999881
18809  34.736  -77.353  -50.385 0.3000000119
18811  32.323  -77.336  -50.425 0.3000000119
18825  35.157  -77.228  -51.206 0.3000000119
18826  33.755  -77.529  -50.955 0.3000000119
18844  34.366  -77.354  -53.039 0.3000000119
18845  33.865  -77.270  -53.486 0.4000000060
18853  26.810  -77.183  -53.950 0.6999999881
18855  31.884  -76.797  -54.480 0.4000000060
18859  30.628  -76.519  -55.280 0.4000000060
18860  29.723  -76.629  -55.375 0.4000000060
18862  27.490  -76.496  -55.361 0.5000000000
18864  28.367  -76.387  -55.519 0.4000000060
19923  23.187  -76.954  -46.125 0.4000000060
19932  22.747  -76.834  -46.544 0.5000000000
19933  22.353  -76.525  -46.507 0.5000000000
19981  24.922  -76.708  -48.428 0.6999999881
19992  31.796  -76.699  -49.247 0.3000000119
19993  25.370  -76.494  -48.884 0.6000000238
20001  25.752  -76.723  -50.052 0.8000000119
20011  26.219  -76.796  -52.076 0.6999999881
20012  31.651  -76.555  -52.488 0.3000000119
20014  26.508  -76.534  -52.762 0.6999999881
20016  31.116  -75.995  -53.713 0.4000000060
20021  26.738  -75.992  -54.462 0.5000000000
20026  28.137  -75.904  -55.105 0.5000000000
21180  26.346  -75.408  -47.368 0.6999999881
21214  30.702  -75.555  -54.086 0.5000000000
21216  26.956  -75.608  -53.496 0.6999999881
21218  28.948  -75.398  -54.811 0.5000000000
21219  28.318  -75.263  -54.548 0.5000000000
21220  27.530  -75.198  -54.386 0.5000000000
21221  26.982  -75.575  -54.148 0.6999999881
21223  30.134  -75.598  -55.154 0.5000000000
21225  28.676  -75.576  -54.762 0.5000000000
22324  26.284  -74.708  -46.373 0.6000000238
22392  27.578  -74.914  -52.603 0.6000000238
22394  29.664  -74.378  -54.651 0.5000000000
22398  30.417  -75.044  -54.422 0.5000000000
23523  25.839  -73.641  -45.511 0.6999999881
23537  26.009  -74.100  -45.845 0.6000000238
23550  27.536  -74.143  -46.384 0.6000000238
23566  28.320  -73.913  -47.166 0.6000000238
23592  28.844  -73.792  -50.228 0.6999999881
24661  26.476  -72.806  -44.696 0.6999999881
24670  27.367  -73.095  -45.208 0.6999999881
24679  28.265  -73.155  -46.151 0.6000000238
24681  24.917  -73.160  -46.069 0.6999999881
24704  28.714  -73.474  -47.419 0.6000000238
24713  29.206  -73.283  -48.466 0.6999999881
24714  28.679  -73.823  -48.383 0.6000000238
24730  29.404  -73.407  -51.462 0.6000000238
24741  29.699  -73.694  -54.316 0.6000000238
25839  26.667  -72.277  -44.581 0.6999999881
25847  28.295  -72.205  -45.265 0.6000000238
25850  25.539  -72.516  -45.319 0.6000000238
25861  28.907  -72.186  -46.279 0.6000000238
25874  24.178  -72.464  -46.809 0.6000000238
25880  29.817  -72.211  -47.880 0.6999999881
25899  30.092  -72.410  -49.059 0.6999999881
25903  30.574  -72.224  -50.145 0.6000000238
25920  31.011  -72.437  -54.545 0.4000000060
27040  27.979  -71.827  -44.907 0.6999999881
27041  25.552  -71.749  -45.087 0.6999999881
27050  24.695  -72.036  -46.035 0.6000000238
27052  23.995  -71.748  -46.970 0.5000000000
27053  19.869  -71.177  -47.192 0.6000000238
27066  19.480  -71.334  -49.441 0.5000000000
27078  30.644  -71.229  -48.659 0.6000000238
27099  31.878  -71.728  -54.621 0.4000000060
28265  27.176  -70.662  -44.616 0.6999999881
28277  27.792  -71.147  -44.792 0.6999999881
28279  25.248  -70.983  -45.200 0.6000000238
28281  17.515  -68.332  -46.643 0.5000000000
28288  28.981  -70.400  -46.169 0.6999999881
28290  24.089  -70.727  -46.037 0.5000000000
28291  23.508  -70.866  -46.240 0.5000000000
28293  21.327  -70.277  -46.104 0.6000000238
28294  20.523  -70.206  -46.337 0.6000000238
28296  18.310  -69.862  -46.791 0.5000000000
28309  30.026  -70.557  -47.603 0.6000000238
28317  31.513  -70.345  -49.557 0.6000000238
29568  27.141  -70.085  -44.739 0.6999999881
29570  17.083  -65.436  -46.602 0.5000000000
29580  25.235  -69.629  -45.231 0.6000000238
29584  16.538  -66.352  -46.590 0.5000000000
29588  28.616  -70.175  -45.754 0.6999999881
30833  19.100  -65.063  -46.747 0.6000000238
30842  22.111  -66.233  -47.275 0.6000000238
32095  21.628  -65.098  -46.338 0.6000000238
32097  19.908  -65.204  -46.792 0.6000000238
32101  26.347  -68.500  -45.759 0.6000000238
32103  24.790  -68.222  -45.886 0.5000000000
32105  20.997  -65.679  -46.443 0.6000000238
33208  24.540  -67.429  -42.266 0.5000000000
33214  24.915  -67.019  -42.620 0.6000000238
33216  23.430  -67.497  -43.204 0.6000000238
33221  23.815  -67.036  -43.698 0.6000000238
33222  22.590  -66.456  -44.700 0.6000000238
33224  21.116  -66.570  -44.503 0.6000000238
33232  23.156  -66.396  -46.646 0.6000000238
33238  23.809  -66.945  -46.787 0.5000000000
34294  24.273  -66.691  -43.731 0.6000000238
34311  23.408  -65.764  -45.764 0.6000000238
35456  26.109  -65.996  -40.237 0.3000000119
35465  26.523  -65.703  -41.198 0.4000000060
35472  26.382  -65.823  -41.799 0.4000000060
35476  26.332  -65.600  -42.495 0.4000000060
39096  26.531  -63.490  -38.140 0.3000000119
47506  28.182  -57.487  -40.860 0.3000000119
197671  24.084  -67.685  -41.877 0.4000000060
198857  32.971  -77.343  -51.125 0.3000000119
199522  27.247  -86.909  -44.979 0.3000000119
199875  29.718  -84.775  -44.389 0.3000000119
200403  26.114  -85.709  -43.998 0.5000000000
200655  34.531  -77.362  -51.582 0.3000000119
201062  28.931  -79.219  -47.867 0.6999999881
201238  27.260  -79.766  -55.486 0.4000000060
201240  28.991  -85.213  -51.584 0.4000000060
201270  35.797  -82.678  -41.452 0.3000000119
201893  26.975  -75.573  -48.888 0.6999999881
202323  27.313  -80.705  -46.584 0.5000000000
202558  23.951  -84.622  -44.809 0.4000000060
204019  29.446  -90.539  -40.953 0.3000000119
204755  24.467  -89.915  -43.122 0.3000000119
205094  26.571  -85.688  -51.580 0.4000000060
205095  31.031  -84.339  -47.117 0.4000000060
205558  36.208  -82.595  -41.336 0.3000000119
205964  33.195  -80.403  -45.457 0.3000000119
205989  23.520  -70.105  -45.979 0.5000000000
207835  34.904  -81.290  -43.929 0.3000000119
208550  29.293  -85.059  -48.421 0.3000000119
211758  27.211  -71.253  -44.552 0.6999999881
213077  28.695  -76.934  -55.513 0.4000000060
214505  31.683  -71.648  -54.154 0.4000000060
214569  26.503  -75.869  -49.614 0.6999999881
216311  27.782  -74.753  -48.085 0.6000000238
218943  29.216  -71.800  -46.637 0.6999999881
219413  30.117  -71.254  -47.707 0.6000000238
219735  26.144  -70.506  -44.815 0.6000000238
220855  34.561  -78.191  -52.672 0.3000000119
220978  33.599  -82.870  -42.016 0.3000000119
221100  30.788  -85.182  -44.839 0.3000000119
221218  26.833  -86.247  -49.777 0.4000000060
221436  37.712  -79.180  -42.778 0.3000000119
221600  27.297  -77.436  -49.519 0.6000000238
225316  31.357  -73.216  -53.676 0.4000000060
226057  27.547  -85.211  -43.521 0.5000000000
226580  27.924  -78.219  -46.734 0.6000000238
226926  24.366  -70.247  -45.721 0.5000000000
227792  27.204  -72.210  -44.523 0.6999999881
227838  32.331  -77.290  -49.225 0.3000000119
228017  23.621  -76.614  -45.388 0.5000000000
228455  26.513  -91.521  -42.921 0.3000000119
229727  36.984  -82.012  -42.101 0.3000000119
229947  28.852  -78.599  -48.313 0.6999999881
230116  27.892  -83.416  -54.122 0.4000000060
230582  31.801  -82.322  -45.985 0.4000000060
230804  26.146  -76.994  -50.795 0.6999999881
231095  32.191  -81.106  -45.819 0.3000000119
231110  27.889  -77.725  -49.817 0.6999999881
231259  31.409  -72.513  -54.487 0.5000000000
232967  26.977  -81.700  -54.264 0.5000000000
233031  28.593  -89.652  -44.483 0.3000000119
233586  27.834  -80.028  -46.558 0.5000000000
234096  27.462  -91.216  -43.438 0.3000000119
234663  31.276  -79.677  -52.650 0.4000000060
235054  29.004  -73.599  -49.626 0.6999999881
236106  26.188  -65.966  -40.825 0.4000000060
236432  28.469  -88.879  -44.897 0.3000000119
236720  37.306  -81.527  -41.877 0.3000000119
237190  32.117  -71.568  -54.502 0.4000000060
237578  28.725  -90.680  -40.313 0.3000000119
237887  27.790  -90.940  -43.751 0.3000000119
238067  22.982  -69.734  -45.996 0.5000000000
238254  17.775  -65.468  -46.709 0.5000000000
