#!ascii label  , from subject sub-v2s11x28677_ses-1 vox2ras=TkReg
673
115313  17.539  -5.629  -38.271 0.0000000000
122431  25.268  -0.426  -37.184 0.0000000000
217780  26.900  7.702  -33.721 0.0000000000
135263  23.107  9.906  -39.017 0.0000000000
107967  20.354  -11.566  -38.121 0.0000000000
111331  23.310  -9.085  -37.088 0.0000000000
119317  21.710  -2.849  -38.803 0.0000000000
196150  21.662  3.017  -38.841 0.0000000000
128292  26.134  4.327  -37.148 0.0000000000
130133  29.889  6.382  -32.991 0.0000000000
136982  28.240  11.487  -35.756 0.0000000000
112397  19.501  -8.289  -38.132 0.0000000000
110209  21.739  -10.259  -37.984 0.0000000000
114384  20.721  -6.927  -38.790 0.0000000000
203480  19.950  1.619  -38.772 0.0000000000
129235  20.295  5.256  -38.794 0.0000000000
199523  25.240  7.855  -37.151 0.0000000000
131228  24.260  6.705  -39.023 0.0000000000
131214  25.955  6.466  -35.804 0.0000000000
129175  27.338  4.784  -33.815 0.0000000000
131179  27.935  7.212  -33.313 0.0000000000
138744  26.383  13.018  -35.905 0.0000000000
216331  27.212  11.367  -34.936 0.0000000000
137832  27.258  12.806  -35.902 0.0000000000
120386  23.347  -1.683  -39.222 0.0000000000
117206  23.716  -4.639  -38.058 0.0000000000
118147  25.089  -3.363  -36.508 0.0000000000
134258  26.452  8.657  -34.620 0.0000000000
220121  26.301  0.817  -35.406 0.0000000000
119303  17.484  -2.942  -37.652 0.0000000000
117226  19.548  -4.213  -38.656 0.0000000000
217199  18.935  -1.020  -38.335 0.0000000000
123490  21.715  0.144  -38.705 0.0000000000
124493  24.213  1.031  -39.111 0.0000000000
131247  22.489  6.569  -38.420 0.0000000000
207592  24.768  4.551  -38.889 0.0000000000
125496  25.593  2.107  -37.388 0.0000000000
126457  26.682  2.951  -35.042 0.0000000000
136045  27.319  10.240  -34.463 0.0000000000
134257  28.279  9.367  -34.656 0.0000000000
137839  28.886  12.445  -36.294 0.0000000000
199997  29.568  10.879  -35.780 0.0000000000
134246  29.327  8.864  -34.147 0.0000000000
132191  30.814  7.747  -33.904 0.0000000000
115320  22.628  -5.481  -39.202 0.0000000000
116215  16.863  -5.148  -37.563 0.0000000000
114362  16.988  -6.636  -37.090 0.0000000000
114361  18.699  -6.914  -37.838 0.0000000000
113407  19.889  -7.823  -38.488 0.0000000000
114375  19.361  -6.562  -38.374 0.0000000000
132209  26.017  7.817  -36.003 0.0000000000
193785  25.763  7.004  -36.609 0.0000000000
132202  26.541  7.226  -34.068 0.0000000000
131181  27.017  6.651  -33.816 0.0000000000
132195  27.317  7.274  -33.605 0.0000000000
138743  26.540  13.547  -36.224 0.0000000000
201221  26.638  13.014  -36.027 0.0000000000
138748  27.015  13.342  -36.378 0.0000000000
121410  24.403  -0.952  -38.727 0.0000000000
119298  23.673  -2.577  -37.453 0.0000000000
120352  24.710  -1.960  -36.735 0.0000000000
135216  24.995  9.108  -36.586 0.0000000000
134265  26.041  8.866  -35.402 0.0000000000
109092  18.907  -10.973  -38.025 0.0000000000
106932  18.938  -11.996  -38.298 0.0000000000
105835  20.458  -12.896  -37.493 0.0000000000
106896  21.684  -12.549  -36.761 0.0000000000
196864  22.554  -9.604  -37.905 0.0000000000
201554  23.413  -11.451  -36.349 0.0000000000
120374  17.966  -2.252  -38.187 0.0000000000
122450  17.727  -0.492  -38.609 0.0000000000
126502  20.726  2.599  -38.470 0.0000000000
123473  20.530  0.664  -38.121 0.0000000000
124507  21.805  1.832  -38.722 0.0000000000
123470  22.705  0.758  -39.288 0.0000000000
125523  22.990  1.901  -38.404 0.0000000000
213486  21.109  8.226  -38.961 0.0000000000
190329  22.389  8.580  -39.136 0.0000000000
206420  26.500  5.697  -38.524 0.0000000000
206419  24.559  5.620  -39.064 0.0000000000
128307  25.511  4.631  -38.422 0.0000000000
127400  26.068  3.688  -39.200 0.0000000000
127387  26.103  3.368  -37.575 0.0000000000
206494  26.045  2.467  -36.365 0.0000000000
127379  26.374  3.492  -35.989 0.0000000000
129158  28.367  5.255  -33.068 0.0000000000
128255  27.946  4.598  -33.265 0.0000000000
136983  27.559  11.703  -35.645 0.0000000000
216242  27.103  10.804  -34.539 0.0000000000
136051  27.549  10.719  -34.845 0.0000000000
135193  27.670  9.567  -34.526 0.0000000000
136050  28.179  10.570  -35.056 0.0000000000
135197  29.804  9.713  -35.174 0.0000000000
133255  30.428  9.275  -35.083 0.0000000000
133244  29.881  8.512  -33.979 0.0000000000
199107  20.181  -3.189  -38.822 0.0000000000
222843  21.121  -5.145  -38.612 0.0000000000
117223  21.909  -4.670  -39.484 0.0000000000
116209  24.915  -5.514  -36.910 0.0000000000
204771  24.075  -5.883  -37.519 0.0000000000
111359  18.768  -9.168  -37.707 0.0000000000
110227  19.601  -10.160  -38.367 0.0000000000
109078  21.078  -11.221  -38.049 0.0000000000
193905  20.271  -9.088  -38.904 0.0000000000
112396  20.704  -8.598  -38.634 0.0000000000
112404  21.817  -7.732  -38.335 0.0000000000
125527  19.367  2.195  -38.642 0.0000000000
127415  19.916  3.427  -38.739 0.0000000000
128329  21.122  4.117  -38.781 0.0000000000
134302  24.357  9.371  -38.856 0.0000000000
133317  24.159  8.593  -40.040 0.0000000000
132240  25.349  7.627  -38.351 0.0000000000
131220  26.080  6.491  -37.479 0.0000000000
207364  26.182  5.378  -37.062 0.0000000000
129188  26.813  4.734  -35.371 0.0000000000
207759  26.589  5.364  -35.274 0.0000000000
130141  27.551  6.124  -33.084 0.0000000000
200988  28.544  6.304  -33.049 0.0000000000
185692  25.449  12.109  -34.729 0.0000000000
137826  26.610  12.251  -35.230 0.0000000000
212934  27.160  12.197  -35.716 0.0000000000
217809  28.009  11.811  -36.078 0.0000000000
207916  23.170  -2.250  -39.563 0.0000000000
118193  23.418  -3.599  -39.438 0.0000000000
119300  24.084  -3.276  -39.280 0.0000000000
118160  24.245  -3.822  -37.365 0.0000000000
136100  23.990  10.816  -38.309 0.0000000000
135235  24.580  9.637  -37.723 0.0000000000
133282  25.771  8.236  -36.113 0.0000000000
133257  26.575  8.150  -34.147 0.0000000000
106911  22.243  -12.139  -36.929 0.0000000000
123421  25.659  0.241  -35.902 0.0000000000
121372  25.057  -1.312  -35.883 0.0000000000
117210  16.648  -4.065  -38.410 0.0000000000
117208  18.973  -4.809  -38.522 0.0000000000
222715  18.038  -3.525  -38.597 0.0000000000
119319  19.484  -2.862  -38.634 0.0000000000
120389  20.346  -2.034  -39.106 0.0000000000
123474  19.498  0.081  -38.741 0.0000000000
122463  20.298  -0.395  -39.086 0.0000000000
121430  21.873  -1.503  -38.854 0.0000000000
121443  22.790  -0.724  -39.663 0.0000000000
123468  23.964  0.076  -38.890 0.0000000000
123453  24.833  0.237  -39.148 0.0000000000
130213  20.794  6.073  -38.893 0.0000000000
129232  21.992  5.036  -39.014 0.0000000000
132257  23.695  7.375  -40.547 0.0000000000
129231  23.419  5.141  -39.545 0.0000000000
127413  23.060  3.815  -38.159 0.0000000000
126498  24.923  3.093  -39.702 0.0000000000
124483  25.292  1.744  -39.393 0.0000000000
123437  25.356  0.742  -37.258 0.0000000000
124453  26.013  1.421  -36.357 0.0000000000
125481  26.378  1.751  -35.406 0.0000000000
128273  27.132  3.985  -35.062 0.0000000000
134249  27.309  9.137  -33.915 0.0000000000
133246  27.522  8.490  -33.947 0.0000000000
137840  28.237  12.303  -36.179 0.0000000000
137830  28.576  11.858  -36.084 0.0000000000
137829  29.361  12.016  -35.987 0.0000000000
136057  28.557  10.976  -35.373 0.0000000000
136049  28.879  10.485  -35.053 0.0000000000
134247  28.594  8.809  -34.345 0.0000000000
133245  28.205  8.303  -33.943 0.0000000000
132187  28.398  7.686  -33.534 0.0000000000
132185  29.833  7.504  -33.342 0.0000000000
132184  30.485  7.409  -33.401 0.0000000000
116249  20.655  -5.588  -38.168 0.0000000000
115322  21.575  -6.168  -38.738 0.0000000000
205793  22.371  -7.343  -38.662 0.0000000000
116260  23.274  -5.034  -39.043 0.0000000000
114359  23.105  -6.569  -37.555 0.0000000000
115295  16.733  -5.941  -37.545 0.0000000000
115294  17.678  -6.376  -37.769 0.0000000000
115312  18.545  -6.111  -38.075 0.0000000000
132201  26.778  7.760  -34.161 0.0000000000
132208  26.815  7.277  -34.938 0.0000000000
139615  26.732  13.895  -36.803 0.0000000000
122443  25.014  -0.454  -37.966 0.0000000000
206392  24.551  -1.240  -37.233 0.0000000000
121390  25.083  -0.890  -37.296 0.0000000000
109091  19.531  -10.860  -38.284 0.0000000000
107984  19.193  -11.562  -38.228 0.0000000000
107968  19.406  -11.887  -38.221 0.0000000000
106914  19.732  -12.540  -37.873 0.0000000000
208782  20.551  -12.266  -37.812 0.0000000000
106897  21.040  -13.052  -36.962 0.0000000000
107966  21.135  -11.941  -37.891 0.0000000000
110207  22.905  -9.729  -37.171 0.0000000000
110195  23.348  -10.222  -36.570 0.0000000000
110194  24.102  -9.847  -36.519 0.0000000000
197644  17.462  -1.149  -38.135 0.0000000000
123459  17.268  0.467  -38.613 0.0000000000
126514  21.145  3.145  -38.785 0.0000000000
125535  21.227  2.037  -38.612 0.0000000000
126512  21.968  2.528  -38.655 0.0000000000
125533  22.309  2.090  -38.613 0.0000000000
126511  22.619  2.590  -38.411 0.0000000000
207733  22.150  9.791  -39.220 0.0000000000
134316  22.710  9.113  -39.261 0.0000000000
207713  26.030  4.978  -37.407 0.0000000000
129204  26.184  5.233  -38.220 0.0000000000
128299  25.721  4.571  -37.611 0.0000000000
207710  26.012  3.876  -37.760 0.0000000000
219653  26.124  3.858  -37.198 0.0000000000
127380  25.995  3.452  -36.699 0.0000000000
128291  26.234  4.051  -36.480 0.0000000000
130134  28.743  5.758  -33.036 0.0000000000
129152  28.948  5.173  -32.918 0.0000000000
136976  27.885  11.150  -35.243 0.0000000000
135200  27.841  10.106  -34.838 0.0000000000
135204  30.249  9.892  -35.695 0.0000000000
204423  21.110  -3.433  -38.810 0.0000000000
117224  21.560  -4.173  -39.211 0.0000000000
118195  22.098  -3.535  -39.157 0.0000000000
115275  24.983  -5.844  -36.373 0.0000000000
115276  24.501  -5.920  -36.857 0.0000000000
112382  18.558  -8.154  -38.009 0.0000000000
112398  18.267  -8.565  -37.742 0.0000000000
191481  19.230  -8.695  -37.713 0.0000000000
110228  18.980  -9.824  -37.854 0.0000000000
111358  19.456  -9.414  -38.142 0.0000000000
111357  20.206  -9.742  -38.876 0.0000000000
192451  19.796  -8.966  -38.711 0.0000000000
212548  20.345  -7.339  -38.677 0.0000000000
113406  20.527  -7.888  -38.710 0.0000000000
112405  21.199  -7.844  -38.482 0.0000000000
112395  21.548  -8.460  -38.295 0.0000000000
113418  20.937  -7.331  -38.722 0.0000000000
128322  20.007  4.842  -38.568 0.0000000000
127416  19.715  3.492  -38.660 0.0000000000
213454  19.919  4.001  -38.597 0.0000000000
193426  20.270  3.893  -38.595 0.0000000000
129234  20.956  4.936  -39.000 0.0000000000
133300  25.207  8.801  -38.489 0.0000000000
225180  25.270  8.715  -38.847 0.0000000000
133304  25.425  8.233  -38.355 0.0000000000
131215  25.991  6.509  -36.622 0.0000000000
206998  25.829  6.920  -37.438 0.0000000000
130181  26.183  5.974  -37.392 0.0000000000
130174  25.985  5.859  -36.253 0.0000000000
130173  26.180  5.912  -35.556 0.0000000000
131180  27.494  6.741  -33.199 0.0000000000
130142  27.114  6.151  -33.378 0.0000000000
131172  28.005  6.609  -32.920 0.0000000000
131171  28.605  7.001  -33.016 0.0000000000
137827  26.431  12.645  -35.490 0.0000000000
137833  26.650  12.538  -35.656 0.0000000000
137831  27.660  12.196  -36.006 0.0000000000
194430  23.187  -1.654  -39.673 0.0000000000
200414  23.466  -2.516  -39.488 0.0000000000
119313  23.822  -2.537  -39.234 0.0000000000
119281  24.280  -2.636  -36.993 0.0000000000
119282  23.816  -3.207  -37.312 0.0000000000
118159  24.677  -3.291  -36.977 0.0000000000
117184  24.840  -4.017  -36.906 0.0000000000
137864  23.859  11.785  -38.264 0.0000000000
137001  24.136  10.935  -37.847 0.0000000000
136081  24.430  10.301  -37.634 0.0000000000
136080  24.897  10.057  -37.235 0.0000000000
208317  25.621  8.635  -36.149 0.0000000000
133264  25.941  8.373  -35.811 0.0000000000
133263  26.987  7.985  -34.697 0.0000000000
110210  21.186  -10.575  -38.365 0.0000000000
212535  21.615  -11.594  -37.740 0.0000000000
109077  21.851  -10.957  -37.803 0.0000000000
105816  23.333  -12.448  -35.877 0.0000000000
118178  16.784  -3.367  -37.827 0.0000000000
118177  17.391  -3.500  -38.282 0.0000000000
117209  17.567  -4.040  -38.563 0.0000000000
121415  18.055  -1.404  -38.403 0.0000000000
120373  18.307  -2.151  -38.330 0.0000000000
120372  19.403  -2.088  -38.518 0.0000000000
198764  19.974  -2.458  -39.107 0.0000000000
215897  19.920  -1.848  -39.147 0.0000000000
198756  19.382  1.594  -38.472 0.0000000000
123475  18.725  0.275  -38.478 0.0000000000
123456  19.527  0.895  -38.484 0.0000000000
123472  21.244  0.727  -38.324 0.0000000000
204494  20.137  0.087  -38.901 0.0000000000
123491  20.983  -0.054  -38.372 0.0000000000
121447  20.801  -0.821  -39.007 0.0000000000
122480  21.621  -0.607  -38.618 0.0000000000
121445  22.099  -0.886  -39.397 0.0000000000
122479  22.245  -0.311  -39.603 0.0000000000
123469  23.486  0.467  -38.949 0.0000000000
207475  24.580  0.765  -39.326 0.0000000000
208479  25.018  1.079  -39.428 0.0000000000
132260  21.724  7.487  -38.820 0.0000000000
132261  21.003  7.011  -38.791 0.0000000000
131253  21.752  6.583  -38.553 0.0000000000
130212  21.826  5.665  -38.826 0.0000000000
130221  22.213  6.089  -38.683 0.0000000000
132241  24.225  7.491  -39.049 0.0000000000
132251  23.934  7.809  -40.309 0.0000000000
131238  24.304  6.905  -40.488 0.0000000000
129224  24.391  5.197  -39.084 0.0000000000
206412  24.147  5.504  -40.296 0.0000000000
128320  24.314  4.612  -38.956 0.0000000000
128321  23.530  4.523  -39.090 0.0000000000
205675  23.909  4.173  -38.140 0.0000000000
127412  23.539  3.521  -38.075 0.0000000000
127411  24.349  3.835  -38.737 0.0000000000
126488  26.274  2.940  -39.035 0.0000000000
125512  25.665  2.531  -39.356 0.0000000000
125497  25.937  2.156  -38.701 0.0000000000
124482  25.505  1.394  -38.855 0.0000000000
124466  25.328  1.467  -37.794 0.0000000000
124465  25.336  1.455  -36.930 0.0000000000
126458  26.334  2.467  -35.630 0.0000000000
125482  26.389  1.874  -36.212 0.0000000000
207089  26.823  2.295  -35.022 0.0000000000
125475  26.880  1.631  -34.823 0.0000000000
129176  27.002  4.676  -34.578 0.0000000000
128272  27.370  4.134  -34.495 0.0000000000
136965  26.800  11.708  -34.983 0.0000000000
135194  27.164  9.734  -33.982 0.0000000000
220989  26.587  8.861  -34.031 0.0000000000
218039  28.029  9.709  -34.837 0.0000000000
134248  28.021  8.931  -34.367 0.0000000000
190058  28.417  13.026  -36.390 0.0000000000
136980  29.735  11.481  -35.968 0.0000000000
136981  29.028  11.377  -35.736 0.0000000000
136056  29.091  10.814  -35.467 0.0000000000
134255  29.670  9.290  -34.629 0.0000000000
134256  28.934  9.372  -34.579 0.0000000000
133231  28.918  8.256  -33.844 0.0000000000
222891  29.425  8.439  -33.859 0.0000000000
133243  30.540  8.328  -34.150 0.0000000000
132193  29.569  8.073  -33.614 0.0000000000
132192  30.220  7.964  -33.661 0.0000000000
116250  19.655  -5.504  -38.250 0.0000000000
116264  20.252  -4.768  -38.542 0.0000000000
116263  21.796  -4.908  -39.332 0.0000000000
189287  21.404  -5.610  -38.607 0.0000000000
115321  22.174  -5.986  -38.661 0.0000000000
114382  21.805  -6.688  -38.585 0.0000000000
114373  22.300  -6.645  -38.500 0.0000000000
118192  23.758  -3.587  -39.324 0.0000000000
117221  23.155  -4.311  -39.111 0.0000000000
116247  23.562  -5.289  -38.632 0.0000000000
114345  23.908  -6.429  -36.827 0.0000000000
115292  23.721  -6.145  -37.673 0.0000000000
220481  23.751  -7.080  -36.761 0.0000000000
113393  23.542  -7.273  -37.257 0.0000000000
113396  18.359  -7.616  -37.832 0.0000000000
113395  19.161  -7.729  -37.775 0.0000000000
205799  19.658  -7.210  -38.181 0.0000000000
114374  20.192  -6.785  -38.595 0.0000000000
208304  25.607  7.863  -36.492 0.0000000000
132233  25.468  7.415  -36.826 0.0000000000
132226  25.906  7.725  -36.158 0.0000000000
201079  26.137  7.172  -35.857 0.0000000000
131199  26.403  6.712  -35.037 0.0000000000
131187  26.611  6.543  -34.282 0.0000000000
139608  26.291  13.794  -36.128 0.0000000000
120371  23.626  -1.435  -38.588 0.0000000000
121409  23.939  -1.196  -37.883 0.0000000000
120369  24.020  -2.026  -37.259 0.0000000000
119270  24.970  -2.677  -36.602 0.0000000000
109093  18.501  -10.170  -37.720 0.0000000000
110211  17.808  -10.000  -37.070 0.0000000000
109080  18.340  -10.831  -37.602 0.0000000000
107969  18.771  -11.616  -38.082 0.0000000000
190566  20.932  -13.689  -36.495 0.0000000000
105818  21.577  -13.231  -36.302 0.0000000000
110208  22.498  -10.299  -37.785 0.0000000000
109076  22.519  -10.998  -37.248 0.0000000000
110196  22.821  -10.422  -37.029 0.0000000000
120359  16.037  -2.288  -37.322 0.0000000000
120375  17.284  -2.241  -37.408 0.0000000000
121416  17.925  -1.458  -38.134 0.0000000000
122449  18.396  -0.588  -38.347 0.0000000000
202095  20.130  2.424  -39.256 0.0000000000
124497  20.052  1.342  -38.686 0.0000000000
125524  20.480  2.017  -38.512 0.0000000000
191540  20.842  1.269  -38.442 0.0000000000
123471  22.015  0.804  -38.794 0.0000000000
123489  22.403  0.296  -39.600 0.0000000000
124495  22.352  1.544  -38.965 0.0000000000
124494  23.290  1.221  -38.521 0.0000000000
125522  23.982  1.857  -38.579 0.0000000000
199515  21.931  8.319  -39.277 0.0000000000
132259  22.185  7.692  -39.098 0.0000000000
130188  25.877  6.073  -38.130 0.0000000000
130189  24.923  6.070  -38.617 0.0000000000
206417  25.386  5.655  -38.388 0.0000000000
129210  25.114  5.171  -38.695 0.0000000000
128308  24.994  4.720  -38.741 0.0000000000
127401  25.295  3.908  -39.520 0.0000000000
207702  25.814  3.980  -38.452 0.0000000000
127388  26.118  3.366  -38.353 0.0000000000
126473  26.134  2.787  -38.137 0.0000000000
126472  25.789  2.813  -36.933 0.0000000000
126466  26.132  2.952  -36.211 0.0000000000
126465  26.423  3.047  -35.564 0.0000000000
129159  27.685  5.376  -33.203 0.0000000000
212542  28.568  4.639  -33.018 0.0000000000
198501  29.962  10.455  -35.881 0.0000000000
135205  29.515  10.294  -35.438 0.0000000000
223924  29.767  8.955  -34.199 0.0000000000
214526  30.214  8.869  -34.418 0.0000000000
117225  20.479  -3.989  -38.815 0.0000000000
200215  21.342  -4.547  -39.026 0.0000000000
116262  22.210  -5.004  -39.460 0.0000000000
207745  24.247  -4.913  -37.516 0.0000000000
116246  24.022  -5.330  -37.918 0.0000000000
205446  18.056  -9.499  -37.328 0.0000000000
216898  18.519  -9.539  -37.602 0.0000000000
187230  19.033  -10.418  -38.137 0.0000000000
107983  19.912  -11.242  -38.485 0.0000000000
109079  20.594  -10.851  -38.681 0.0000000000
187461  20.266  -10.558  -38.694 0.0000000000
110226  20.722  -10.237  -38.985 0.0000000000
110225  21.241  -9.731  -38.255 0.0000000000
199724  20.090  -8.467  -38.788 0.0000000000
215639  21.561  -9.146  -38.073 0.0000000000
111343  22.283  -8.941  -38.200 0.0000000000
112381  22.609  -8.421  -38.081 0.0000000000
125526  19.750  2.221  -39.082 0.0000000000
126505  19.686  2.768  -39.018 0.0000000000
126504  19.916  2.641  -39.243 0.0000000000
126503  20.423  2.915  -38.723 0.0000000000
127423  20.636  3.598  -38.631 0.0000000000
127422  21.565  3.633  -38.896 0.0000000000
135262  23.511  9.934  -38.886 0.0000000000
134315  23.523  9.254  -39.089 0.0000000000
133316  24.594  9.035  -39.814 0.0000000000
203674  25.066  8.606  -39.078 0.0000000000
132234  25.610  7.369  -37.859 0.0000000000
131221  25.805  6.701  -37.961 0.0000000000
207436  25.097  6.803  -38.219 0.0000000000
130182  26.334  6.019  -38.128 0.0000000000
206415  26.559  5.594  -38.122 0.0000000000
207711  26.319  4.720  -36.692 0.0000000000
207138  26.219  4.500  -35.968 0.0000000000
129197  26.039  5.133  -35.904 0.0000000000
212550  26.810  5.210  -34.081 0.0000000000
130160  26.532  5.968  -34.778 0.0000000000
129166  26.815  5.985  -34.066 0.0000000000
208691  27.117  5.643  -33.526 0.0000000000
130135  28.154  5.913  -32.991 0.0000000000
131149  29.164  6.245  -33.070 0.0000000000
136977  26.892  11.917  -35.427 0.0000000000
120387  22.292  -2.182  -38.895 0.0000000000
206036  22.924  -3.416  -39.471 0.0000000000
119315  23.436  -2.988  -39.653 0.0000000000
119314  23.860  -3.130  -39.477 0.0000000000
118175  23.277  -3.846  -38.480 0.0000000000
119299  23.324  -2.926  -38.203 0.0000000000
195590  23.624  -3.549  -38.040 0.0000000000
118174  23.880  -4.071  -37.830 0.0000000000
117185  24.350  -4.377  -37.438 0.0000000000
136115  23.456  10.853  -39.331 0.0000000000
135249  24.105  9.873  -38.165 0.0000000000
134294  24.732  9.271  -38.390 0.0000000000
133299  24.960  8.426  -37.457 0.0000000000
135234  24.732  9.523  -37.282 0.0000000000
134292  24.987  8.773  -36.949 0.0000000000
133298  25.478  8.225  -36.474 0.0000000000
222308  22.225  -12.481  -36.571 0.0000000000
107964  22.720  -11.618  -36.707 0.0000000000
123427  25.466  0.022  -36.662 0.0000000000
121378  25.187  -0.739  -36.357 0.0000000000
122420  25.422  -0.353  -35.963 0.0000000000
117191  16.939  -4.511  -37.541 0.0000000000
116232  17.397  -4.709  -38.219 0.0000000000
116251  18.068  -5.077  -38.533 0.0000000000
218253  18.083  -4.525  -38.625 0.0000000000
117227  18.614  -3.981  -38.664 0.0000000000
119302  18.030  -2.873  -38.422 0.0000000000
118176  18.701  -3.247  -38.646 0.0000000000
118196  19.489  -3.570  -38.667 0.0000000000
119318  20.707  -2.715  -38.844 0.0000000000
123476  17.986  0.288  -38.700 0.0000000000
207169  18.748  -0.146  -38.497 0.0000000000
122465  19.248  -0.541  -38.764 0.0000000000
215997  19.921  0.585  -38.643 0.0000000000
122464  19.776  -0.438  -39.187 0.0000000000
205647  20.103  -0.823  -39.270 0.0000000000
121432  20.274  -1.381  -39.210 0.0000000000
121431  20.991  -1.537  -38.904 0.0000000000
120388  21.301  -2.153  -38.685 0.0000000000
121429  22.710  -1.350  -39.448 0.0000000000
195850  22.852  -1.099  -39.605 0.0000000000
121428  23.098  -1.120  -39.470 0.0000000000
123488  22.643  0.196  -39.530 0.0000000000
122477  23.123  -0.258  -39.294 0.0000000000
122462  23.487  -0.639  -39.010 0.0000000000
122461  24.435  -0.572  -38.863 0.0000000000
122444  24.759  -0.540  -38.797 0.0000000000
123452  24.895  0.192  -38.539 0.0000000000
185889  19.772  6.409  -38.862 0.0000000000
130214  20.354  6.036  -38.935 0.0000000000
188981  21.200  5.475  -38.902 0.0000000000
129233  21.167  5.014  -39.035 0.0000000000
128327  21.827  3.933  -39.010 0.0000000000
133324  23.440  8.871  -39.545 0.0000000000
133318  23.305  8.146  -39.260 0.0000000000
131246  23.024  6.689  -39.450 0.0000000000
130202  23.998  6.185  -40.688 0.0000000000
130209  23.691  6.366  -40.723 0.0000000000
206485  22.943  6.125  -39.240 0.0000000000
130211  22.745  5.634  -39.078 0.0000000000
128326  22.627  4.345  -38.911 0.0000000000
127421  22.192  3.843  -38.685 0.0000000000
202521  22.991  3.192  -38.207 0.0000000000
126499  24.132  2.884  -39.110 0.0000000000
125521  24.635  2.346  -39.881 0.0000000000
126489  25.690  3.146  -39.555 0.0000000000
125513  25.114  2.435  -39.867 0.0000000000
124492  24.751  1.645  -39.715 0.0000000000
207994  25.303  0.839  -39.194 0.0000000000
200967  25.233  0.778  -38.293 0.0000000000
123438  25.208  0.131  -37.620 0.0000000000
204355  25.604  0.777  -36.474 0.0000000000
207912  25.836  0.941  -35.768 0.0000000000
125487  25.668  2.074  -36.701 0.0000000000
124447  26.346  1.314  -35.819 0.0000000000
124446  26.624  1.127  -35.183 0.0000000000
128283  26.522  4.023  -35.664 0.0000000000
127372  26.714  3.469  -35.323 0.0000000000
128263  27.638  4.052  -33.869 0.0000000000
126448  27.315  2.905  -34.856 0.0000000000
133247  26.919  8.706  -33.898 0.0000000000
133256  27.035  8.128  -33.873 0.0000000000
139614  27.350  13.742  -36.819 0.0000000000
138747  27.719  13.248  -36.309 0.0000000000
202534  27.861  12.689  -36.183 0.0000000000
135199  28.509  9.964  -34.843 0.0000000000
135198  29.215  9.873  -34.915 0.0000000000
132194  27.655  7.778  -33.747 0.0000000000
132186  29.097  7.625  -33.283 0.0000000000
131170  29.448  6.960  -33.121 0.0000000000
131169  30.133  6.916  -33.142 0.0000000000
131178  31.018  7.117  -33.767 0.0000000000
131168  30.720  6.800  -33.233 0.0000000000
131148  30.452  6.421  -32.753 0.0000000000
193627  18.535  -5.580  -38.579 0.0000000000
115310  19.998  -6.164  -38.355 0.0000000000
115323  20.854  -6.398  -38.606 0.0000000000
114383  21.211  -6.778  -38.683 0.0000000000
203790  21.501  -7.230  -38.359 0.0000000000
113416  22.242  -7.652  -38.512 0.0000000000
216548  22.883  -7.995  -37.800 0.0000000000
118194  22.415  -4.036  -39.238 0.0000000000
117222  22.620  -4.504  -39.358 0.0000000000
115308  23.802  -5.811  -38.315 0.0000000000
114372  23.344  -5.979  -38.234 0.0000000000
115309  22.713  -5.909  -38.625 0.0000000000
114360  22.657  -7.013  -38.262 0.0000000000
204306  23.387  -7.918  -37.331 0.0000000000
112380  23.057  -8.499  -37.440 0.0000000000
202737  25.030  -1.358  -36.669 0.0000000000
120338  25.130  -2.038  -36.306 0.0000000000
106885  23.900  -12.775  -35.628 0.0000000000
106895  22.670  -12.345  -36.338 0.0000000000
106912  21.704  -12.075  -37.423 0.0000000000
106913  21.116  -12.466  -37.437 0.0000000000
106915  19.043  -12.518  -38.218 0.0000000000
107965  22.136  -11.582  -37.344 0.0000000000
109067  23.066  -10.946  -36.687 0.0000000000
110224  22.078  -9.678  -37.969 0.0000000000
111342  22.783  -9.063  -37.671 0.0000000000
111355  21.067  -9.037  -38.448 0.0000000000
111356  20.639  -9.481  -38.855 0.0000000000
111360  18.243  -9.110  -37.568 0.0000000000
112394  22.224  -8.138  -38.387 0.0000000000
113394  22.982  -7.346  -37.697 0.0000000000
113405  22.553  -7.737  -38.390 0.0000000000
113417  22.053  -7.240  -38.502 0.0000000000
114358  23.675  -6.715  -37.304 0.0000000000
115311  19.161  -6.002  -38.465 0.0000000000
116226  24.406  -5.397  -37.266 0.0000000000
116248  23.353  -5.563  -38.971 0.0000000000
116261  22.892  -5.067  -39.286 0.0000000000
117207  23.208  -4.471  -38.827 0.0000000000
119301  18.845  -2.650  -38.354 0.0000000000
119304  16.280  -3.020  -37.685 0.0000000000
119316  22.755  -2.918  -39.382 0.0000000000
120370  23.512  -2.019  -38.091 0.0000000000
120390  18.948  -1.551  -38.279 0.0000000000
121427  23.604  -1.020  -38.880 0.0000000000
121433  19.605  -1.184  -39.006 0.0000000000
121444  22.526  -0.713  -39.772 0.0000000000
121446  21.514  -1.186  -38.853 0.0000000000
122451  17.258  -0.339  -38.555 0.0000000000
122478  22.534  -0.273  -39.715 0.0000000000
123420  26.072  0.301  -35.399 0.0000000000
123457  17.860  -0.122  -38.766 0.0000000000
123458  17.364  -0.018  -38.903 0.0000000000
124496  21.708  1.483  -38.744 0.0000000000
125525  19.997  2.095  -39.243 0.0000000000
125534  22.013  2.042  -38.662 0.0000000000
125548  21.653  2.157  -38.562 0.0000000000
126500  23.313  2.664  -38.386 0.0000000000
126501  22.231  3.248  -38.528 0.0000000000
126513  21.410  2.580  -38.726 0.0000000000
127414  20.213  3.296  -38.701 0.0000000000
128300  25.650  4.396  -38.019 0.0000000000
128328  21.169  4.246  -38.908 0.0000000000
128330  20.230  4.531  -38.701 0.0000000000
128331  19.890  4.048  -38.582 0.0000000000
129209  25.612  5.235  -38.193 0.0000000000
129225  24.020  5.066  -39.940 0.0000000000
129230  23.916  5.670  -40.560 0.0000000000
129236  20.065  5.327  -38.687 0.0000000000
130201  24.374  6.075  -39.971 0.0000000000
130210  23.326  5.844  -40.311 0.0000000000
130215  20.163  6.031  -38.663 0.0000000000
130222  21.384  6.090  -38.750 0.0000000000
131239  23.809  6.949  -40.775 0.0000000000
131245  23.453  6.916  -40.644 0.0000000000
131254  21.112  6.667  -38.778 0.0000000000
132250  23.798  7.629  -40.286 0.0000000000
132258  23.135  7.457  -39.243 0.0000000000
132266  22.157  7.044  -38.361 0.0000000000
132267  21.468  6.979  -38.660 0.0000000000
133305  25.069  8.957  -39.198 0.0000000000
133325  21.302  7.992  -38.998 0.0000000000
133326  21.005  7.819  -38.845 0.0000000000
134293  24.791  9.016  -37.703 0.0000000000
134314  23.921  9.303  -39.199 0.0000000000
134322  21.089  8.656  -39.133 0.0000000000
135250  23.708  10.414  -38.733 0.0000000000
135261  23.765  9.684  -38.663 0.0000000000
135264  22.186  9.448  -39.267 0.0000000000
136065  24.617  10.433  -37.316 0.0000000000
136101  23.708  11.189  -39.159 0.0000000000
137022  23.972  11.552  -38.565 0.0000000000
137846  24.169  11.776  -37.817 0.0000000000
137865  23.589  11.930  -38.466 0.0000000000
138749  23.105  12.726  -37.503 0.0000000000
138754  24.190  12.257  -37.342 0.0000000000
138755  24.139  12.280  -37.235 0.0000000000
138756  23.999  12.465  -37.248 0.0000000000
138769  24.139  12.078  -37.490 0.0000000000
138770  23.606  13.019  -38.156 0.0000000000
139617  23.795  13.472  -37.025 0.0000000000
139624  23.863  12.850  -37.263 0.0000000000
139625  23.683  12.949  -37.494 0.0000000000
139626  22.906  12.564  -37.561 0.0000000000
140361  23.672  13.156  -37.574 0.0000000000
140362  23.597  13.447  -37.451 0.0000000000
140363  23.625  13.267  -37.470 0.0000000000
141074  23.553  13.764  -37.246 0.0000000000
185665  20.076  6.484  -38.879 0.0000000000
186314  23.562  13.572  -37.686 0.0000000000
187681  23.706  13.068  -37.985 0.0000000000
189621  19.850  4.620  -38.563 0.0000000000
189838  20.942  4.895  -38.949 0.0000000000
191780  24.334  8.582  -39.822 0.0000000000
193372  22.018  -5.466  -38.945 0.0000000000
194437  20.689  5.583  -39.125 0.0000000000
194726  21.814  9.219  -39.363 0.0000000000
196130  26.778  5.306  -34.707 0.0000000000
197490  23.542  -9.586  -36.762 0.0000000000
198649  21.274  7.596  -38.828 0.0000000000
198843  24.093  11.503  -38.073 0.0000000000
204572  22.702  7.045  -38.497 0.0000000000
206830  23.178  6.395  -40.496 0.0000000000
207371  18.094  -6.905  -37.346 0.0000000000
207432  24.752  -0.895  -38.067 0.0000000000
207703  25.557  4.224  -39.007 0.0000000000
214699  24.013  9.024  -39.749 0.0000000000
216482  22.695  -6.325  -38.121 0.0000000000
219499  23.563  12.868  -37.947 0.0000000000
219564  21.191  3.809  -38.798 0.0000000000
220511  19.954  -12.005  -37.811 0.0000000000
221502  23.105  -0.709  -39.407 0.0000000000
221794  23.094  -11.899  -36.131 0.0000000000
221802  24.925  8.851  -39.609 0.0000000000
223210  24.138  8.103  -40.198 0.0000000000
