#!ascii label  , from subject sub-v2s11x28677_ses-1 vox2ras=TkReg
1857
17400  27.609  -71.754  -54.241 0.5000000000
202361  21.700  -63.914  -41.655 0.6000000238
224850  21.185  -64.193  -40.577 0.6000000238
29502  19.600  -64.259  -40.654 0.6000000238
206373  20.471  -64.252  -40.291 0.6999999881
216757  19.164  -64.525  -40.261 0.6000000238
30828  21.566  -64.004  -39.436 0.6999999881
29475  20.300  -64.015  -39.632 0.6000000238
23551  24.849  -68.551  -49.280 0.5000000000
26024  24.466  -66.544  -51.306 0.6000000238
193509  24.585  -66.877  -50.691 0.6000000238
196856  24.771  -68.104  -49.692 0.5000000000
26046  24.333  -66.436  -53.508 0.5000000000
26035  24.341  -66.498  -52.016 0.4000000060
24774  24.660  -67.674  -50.934 0.5000000000
199826  24.790  -68.248  -50.423 0.6000000238
188541  21.699  -66.943  -42.963 0.5000000000
23606  27.046  -68.486  -55.051 0.4000000060
25929  21.088  -66.384  -43.384 0.5000000000
24676  21.750  -67.529  -42.496 0.5000000000
27124  20.437  -65.780  -43.823 0.6000000238
29564  20.041  -64.651  -43.259 0.6000000238
29535  21.550  -64.168  -42.340 0.6000000238
30868  22.259  -63.708  -41.859 0.6999999881
203118  20.382  -64.449  -41.838 0.6000000238
29521  22.378  -64.041  -40.901 0.6999999881
30845  23.996  -63.481  -40.894 0.6000000238
30846  23.173  -63.901  -40.883 0.6999999881
30843  24.915  -63.021  -40.494 0.6000000238
186151  23.539  -63.805  -40.267 0.6000000238
30827  23.124  -64.024  -39.666 0.6999999881
30826  24.401  -63.142  -39.590 0.6999999881
224639  19.380  -64.100  -39.327 0.6000000238
193183  24.579  -67.182  -47.978 0.5000000000
24744  24.673  -67.397  -49.380 0.6000000238
24729  24.672  -67.270  -48.605 0.5000000000
27251  24.384  -65.629  -52.214 0.6000000238
27231  24.406  -66.051  -50.896 0.6999999881
192849  24.592  -66.815  -49.852 0.6000000238
27260  24.633  -66.185  -54.003 0.4000000060
27158  20.944  -65.198  -44.873 0.5000000000
25940  21.892  -66.263  -44.209 0.5000000000
19815  27.817  -70.321  -54.479 0.5000000000
27139  20.515  -65.414  -44.382 0.5000000000
30930  21.612  -63.842  -44.486 0.6999999881
28311  20.222  -65.019  -44.284 0.6000000238
30915  22.576  -63.442  -43.824 0.6999999881
30916  21.714  -64.021  -43.760 0.6000000238
29563  20.287  -64.613  -43.912 0.6000000238
30902  22.347  -63.811  -43.244 0.6999999881
29549  20.627  -64.318  -43.102 0.6000000238
216799  23.246  -63.355  -42.476 0.6999999881
30865  24.293  -63.410  -41.486 0.6000000238
30883  23.779  -63.291  -42.121 0.6000000238
30864  24.832  -63.366  -41.092 0.6000000238
30866  23.534  -63.419  -41.483 0.6000000238
30842  25.320  -63.520  -40.404 0.6000000238
30824  25.239  -63.071  -39.958 0.6999999881
204118  20.403  -63.682  -38.053 0.6999999881
29460  18.346  -64.633  -38.586 0.5000000000
30802  23.162  -63.890  -38.921 0.6999999881
30803  21.752  -64.121  -38.784 0.6999999881
30806  19.468  -63.811  -38.828 0.6000000238
28403  23.982  -65.144  -48.595 0.5000000000
25982  24.514  -66.475  -48.238 0.5000000000
25975  24.359  -66.745  -47.558 0.5000000000
28424  23.831  -64.837  -49.891 0.6999999881
27200  24.380  -65.906  -48.831 0.6000000238
29726  24.704  -64.364  -52.305 0.5000000000
28438  24.477  -64.894  -51.924 0.6999999881
28433  24.211  -65.345  -50.902 0.6999999881
27220  24.227  -65.564  -50.205 0.6000000238
202643  24.461  -66.094  -49.583 0.6000000238
27256  25.656  -65.643  -53.662 0.4000000060
28458  24.745  -65.236  -53.298 0.4000000060
221831  24.464  -65.517  -52.957 0.5000000000
224093  21.370  -64.973  -45.643 0.5000000000
197709  21.326  -63.594  -45.208 0.5000000000
28344  20.771  -64.198  -45.879 0.5000000000
28310  20.469  -64.838  -44.797 0.5000000000
32301  23.250  -62.827  -44.192 0.6000000238
30944  20.733  -64.159  -45.013 0.5000000000
30914  24.005  -62.790  -43.407 0.6999999881
200377  24.977  -64.247  -43.370 0.6000000238
30912  24.618  -63.654  -43.037 0.6999999881
30900  23.742  -63.094  -42.808 0.6999999881
28283  25.331  -64.882  -42.975 0.6000000238
29547  25.014  -64.189  -42.640 0.6000000238
222325  24.031  -63.145  -42.450 0.6999999881
28268  26.931  -65.569  -41.730 0.6999999881
28270  25.273  -64.806  -42.334 0.6000000238
30898  24.650  -63.644  -42.360 0.6000000238
28241  27.108  -65.014  -40.565 0.6000000238
28256  26.570  -65.233  -41.131 0.6999999881
29520  25.154  -64.123  -40.923 0.6999999881
30820  28.258  -63.620  -39.582 0.6000000238
29471  27.274  -64.248  -39.653 0.6000000238
29498  26.014  -64.238  -40.097 0.6999999881
30767  18.660  -63.571  -37.329 0.6000000238
29472  26.521  -64.044  -39.679 0.6999999881
30780  21.842  -63.937  -38.130 0.6999999881
30783  19.591  -63.645  -38.141 0.6000000238
30797  27.945  -63.222  -39.094 0.6999999881
30798  27.330  -63.294  -38.987 0.6000000238
30799  26.605  -63.172  -39.072 0.8000000119
202390  25.108  -62.861  -39.022 0.6999999881
32229  24.201  -63.289  -38.454 0.6999999881
30779  22.726  -63.722  -38.179 0.6999999881
27194  23.763  -65.343  -47.901 0.6000000238
29707  23.844  -63.923  -51.058 0.6999999881
29696  23.657  -64.061  -50.285 0.6999999881
27206  24.177  -65.382  -49.365 0.6000000238
29712  24.783  -63.499  -51.952 0.5000000000
29713  24.268  -64.089  -51.724 0.6999999881
28457  25.268  -65.109  -53.361 0.4000000060
28449  24.993  -64.691  -52.920 0.5000000000
28343  21.222  -64.505  -46.015 0.5000000000
25962  22.845  -65.659  -46.143 0.5000000000
29603  20.760  -63.899  -46.322 0.5000000000
30942  21.861  -62.919  -45.414 0.6000000238
30941  24.440  -62.872  -45.028 0.6000000238
32313  22.953  -62.733  -44.951 0.6999999881
30929  22.333  -63.242  -44.683 0.6999999881
30927  24.763  -63.368  -44.644 0.6999999881
30928  24.373  -62.924  -44.327 0.6999999881
28294  25.717  -65.513  -43.284 0.6000000238
28295  25.332  -64.860  -43.750 0.6000000238
219067  24.583  -63.435  -44.068 0.6999999881
28282  28.673  -65.695  -42.529 0.6999999881
27092  27.242  -65.833  -42.320 0.6999999881
27105  26.768  -65.983  -42.917 0.6999999881
32167  19.509  -62.881  -36.280 0.6000000238
28266  28.481  -65.505  -41.846 0.6000000238
28267  27.744  -65.582  -41.754 0.6999999881
27093  26.411  -65.866  -42.309 0.6999999881
33567  29.162  -62.321  -40.216 0.6000000238
30819  28.838  -63.369  -39.933 0.6000000238
204883  28.943  -63.848  -40.516 0.6000000238
29518  28.462  -64.798  -40.819 0.6000000238
28255  27.441  -65.344  -41.141 0.6999999881
32194  19.824  -63.193  -36.855 0.6000000238
32238  28.771  -62.648  -39.738 0.6000000238
29495  28.215  -64.577  -40.250 0.6000000238
32189  23.450  -62.867  -37.217 0.6999999881
32191  21.951  -62.922  -37.121 0.6000000238
30763  21.537  -63.450  -37.553 0.6999999881
30765  20.104  -63.489  -37.451 0.6000000238
192755  29.186  -61.667  -40.027 0.5000000000
32222  28.558  -62.387  -39.130 0.6000000238
32204  27.905  -62.322  -38.251 0.8000000119
33540  26.818  -62.095  -37.734 0.8000000119
33541  26.128  -62.241  -37.739 0.8000000119
32208  25.152  -62.631  -38.422 0.8000000119
32210  23.807  -63.110  -37.868 0.6999999881
30762  22.297  -63.324  -37.646 0.6999999881
32225  26.954  -62.851  -38.609 0.8000000119
32207  25.829  -62.448  -38.367 0.8000000119
29676  23.449  -64.151  -49.584 0.6999999881
28416  23.422  -64.368  -48.818 0.6999999881
28404  23.354  -64.680  -48.166 0.6999999881
27186  23.460  -65.503  -47.302 0.6000000238
31062  24.314  -63.049  -51.380 0.6999999881
28387  22.755  -64.779  -47.347 0.6000000238
32417  24.974  -62.491  -51.590 0.6000000238
27187  22.832  -65.178  -46.835 0.5000000000
29618  21.652  -63.873  -47.170 0.5000000000
38311  17.908  -59.377  -35.000 0.6000000238
29619  21.030  -63.547  -46.806 0.5000000000
37159  17.517  -59.706  -34.652 0.5000000000
32340  21.848  -62.150  -46.326 0.5000000000
36006  19.307  -59.818  -34.394 0.6000000238
30956  24.423  -62.757  -45.720 0.6999999881
32326  22.571  -62.492  -45.749 0.6000000238
29577  25.062  -64.076  -44.935 0.6999999881
195911  24.003  -62.589  -45.453 0.6999999881
33464  19.654  -61.613  -34.922 0.6000000238
27136  26.612  -65.847  -44.157 0.6999999881
192436  25.882  -65.044  -44.799 0.6000000238
27102  28.828  -65.865  -43.189 0.6999999881
27119  28.388  -66.047  -43.668 0.6999999881
27121  27.028  -66.065  -43.550 0.6999999881
32141  19.874  -62.412  -35.813 0.6000000238
33485  20.202  -61.752  -35.357 0.6000000238
28265  29.083  -65.292  -42.086 0.6000000238
27104  27.509  -66.011  -42.946 0.6999999881
33484  21.326  -62.177  -36.020 0.6000000238
32142  19.187  -62.580  -35.700 0.6000000238
29533  29.687  -64.270  -42.007 0.6000000238
29534  29.220  -64.258  -41.569 0.6000000238
33506  22.708  -62.094  -36.140 0.6999999881
32164  21.629  -62.504  -36.609 0.6000000238
32165  20.953  -62.698  -36.418 0.6000000238
32266  29.466  -62.997  -41.414 0.6000000238
34812  26.616  -61.310  -36.752 0.6000000238
33503  25.409  -61.509  -36.704 0.6000000238
33527  24.399  -62.122  -37.107 0.6999999881
32162  23.096  -62.513  -36.635 0.6000000238
32192  21.250  -63.008  -37.019 0.6000000238
34811  27.315  -61.122  -36.810 0.6000000238
203873  25.739  -61.949  -37.248 0.8000000119
33523  27.739  -61.405  -37.352 0.6000000238
33525  26.398  -61.825  -37.251 0.6999999881
32187  24.751  -62.408  -37.709 0.8000000119
31042  23.523  -62.206  -50.272 0.6999999881
31022  22.896  -62.228  -49.620 0.6999999881
31005  22.663  -62.821  -48.784 0.6999999881
32402  24.548  -61.492  -50.632 0.6999999881
31041  23.619  -63.216  -50.608 0.6999999881
29660  22.288  -63.084  -48.229 0.6000000238
28388  22.277  -64.151  -47.356 0.6000000238
219040  18.501  -58.924  -36.682 0.6000000238
38394  17.940  -59.278  -36.940 0.6000000238
224895  18.531  -59.007  -36.124 0.6000000238
38365  17.426  -59.373  -35.954 0.6000000238
29638  21.444  -63.239  -47.278 0.6000000238
38310  18.719  -59.137  -35.067 0.5000000000
194655  24.329  -62.742  -46.426 0.6999999881
32339  22.773  -62.117  -46.317 0.6999999881
220347  20.121  -59.025  -34.898 0.4000000060
37157  19.046  -59.406  -34.561 0.5000000000
29589  25.772  -64.601  -45.830 0.6999999881
30955  24.845  -63.440  -46.085 0.8000000119
220383  20.334  -59.511  -34.708 0.5000000000
28323  26.074  -65.075  -45.325 0.6000000238
30940  24.851  -63.362  -45.337 0.6999999881
36019  20.412  -60.296  -34.770 0.6000000238
191357  27.274  -66.104  -44.178 0.6999999881
209391  26.885  -65.872  -44.776 0.6999999881
188055  22.470  -60.611  -35.307 0.6999999881
196411  20.711  -61.083  -35.084 0.6000000238
28292  29.927  -65.560  -43.321 0.6999999881
27117  29.640  -65.966  -43.859 0.6999999881
36033  23.541  -60.274  -35.659 0.5000000000
34784  21.012  -61.726  -35.496 0.6000000238
29545  30.812  -64.604  -42.545 0.6000000238
29546  30.206  -64.816  -42.293 0.6000000238
28281  29.350  -65.501  -42.787 0.6999999881
33483  22.352  -61.668  -35.706 0.6999999881
29532  30.284  -64.236  -42.277 0.6000000238
201038  29.346  -64.816  -41.815 0.6000000238
34780  24.837  -60.638  -35.926 0.5000000000
33481  23.461  -61.326  -35.844 0.6000000238
30880  29.492  -63.555  -41.767 0.6000000238
34794  27.390  -60.530  -36.602 0.6000000238
36050  25.971  -60.553  -36.317 0.5000000000
192495  24.125  -61.858  -36.523 0.6999999881
37214  28.337  -59.851  -37.464 0.6000000238
32386  23.680  -61.305  -49.806 0.6999999881
32376  23.067  -61.508  -49.272 0.6999999881
31006  22.464  -62.439  -48.397 0.6000000238
30986  21.942  -62.715  -47.829 0.6000000238
38393  18.446  -59.138  -37.490 0.4000000060
218701  17.647  -59.480  -37.878 0.5000000000
32361  22.304  -61.975  -47.612 0.6000000238
39615  19.072  -58.553  -36.996 0.5000000000
38396  16.561  -59.360  -37.122 0.6000000238
32359  23.950  -62.081  -47.511 0.6999999881
223042  24.295  -62.594  -46.985 0.6999999881
32352  22.001  -62.081  -46.858 0.6000000238
38334  19.813  -58.694  -35.352 0.5000000000
217873  26.086  -64.682  -46.425 0.6999999881
38332  21.283  -58.899  -35.504 0.4000000060
27169  29.604  -65.938  -45.827 0.6999999881
201089  28.925  -65.956  -45.627 0.6999999881
27171  27.691  -65.785  -45.878 0.6999999881
37180  21.297  -59.411  -35.109 0.6000000238
28306  31.221  -65.618  -44.579 0.6999999881
205874  30.807  -65.768  -45.093 0.6999999881
27154  27.773  -65.933  -45.241 0.6999999881
27155  27.229  -65.807  -45.331 0.6999999881
37178  22.560  -59.406  -35.573 0.5000000000
36035  22.245  -59.967  -35.133 0.5000000000
189271  31.304  -65.404  -43.781 0.6000000238
195262  30.825  -65.691  -44.013 0.6999999881
27132  29.909  -65.994  -44.483 0.6999999881
27134  28.587  -66.075  -44.289 0.6999999881
36034  22.878  -60.107  -35.410 0.5000000000
190130  31.182  -63.335  -42.562 0.5000000000
29560  31.863  -64.602  -43.056 0.6000000238
28279  30.554  -65.054  -42.817 0.6000000238
32366  24.430  -61.897  -49.360 0.6999999881
33624  23.433  -61.361  -48.977 0.6999999881
38453  18.742  -59.501  -38.998 0.4000000060
31003  24.966  -62.881  -49.000 0.6999999881
33619  22.794  -61.516  -48.272 0.6999999881
37229  17.636  -59.564  -38.652 0.4000000060
31004  24.553  -62.820  -48.374 0.6999999881
38424  16.850  -59.639  -37.784 0.6000000238
29617  25.298  -63.931  -47.056 0.8000000119
30984  24.978  -63.520  -47.594 0.6999999881
28363  27.762  -65.423  -47.060 0.6000000238
28365  26.484  -64.787  -47.010 0.6000000238
191900  15.621  -59.220  -39.129 0.6000000238
27184  29.080  -65.885  -46.384 0.6999999881
28362  28.510  -65.618  -46.939 0.6999999881
199178  26.748  -65.080  -46.461 0.6000000238
27150  30.730  -65.710  -45.705 0.6000000238
28304  32.263  -65.087  -44.421 0.6000000238
38457  14.304  -58.836  -39.183 0.5000000000
29559  32.442  -64.500  -43.271 0.6000000238
28291  31.943  -64.988  -43.643 0.6999999881
29542  32.891  -64.016  -42.913 0.5000000000
29658  25.263  -63.583  -48.337 0.6999999881
218368  17.826  -60.002  -40.342 0.4000000060
28386  26.184  -64.595  -47.615 0.8000000119
37230  17.064  -59.668  -38.496 0.5000000000
28383  28.191  -65.286  -47.640 0.8000000119
37267  16.660  -60.475  -39.961 0.4000000060
37247  17.266  -59.882  -39.464 0.4000000060
28385  26.822  -64.944  -47.607 0.6999999881
38478  15.564  -59.804  -39.946 0.4000000060
38455  16.131  -59.400  -38.714 0.5000000000
28338  31.775  -65.305  -45.849 0.6000000238
27167  30.667  -65.547  -46.269 0.6000000238
28361  29.299  -65.612  -47.069 0.6999999881
37284  15.957  -60.774  -41.578 0.4000000060
29601  32.895  -64.770  -45.420 0.6000000238
28320  31.881  -65.323  -45.037 0.6000000238
186693  14.506  -59.087  -40.567 0.4000000060
38456  14.950  -59.131  -39.433 0.6000000238
29575  32.623  -64.731  -43.942 0.6000000238
30911  33.432  -63.850  -43.324 0.5000000000
33588  33.634  -62.484  -42.737 0.5000000000
37265  18.256  -60.233  -41.174 0.4000000060
186508  26.699  -64.682  -48.788 0.8000000119
37266  17.162  -60.626  -40.756 0.4000000060
28402  27.131  -65.016  -48.238 0.6999999881
226005  16.732  -60.862  -41.002 0.4000000060
219023  30.259  -65.350  -47.666 0.6000000238
28382  28.918  -65.308  -47.630 0.6999999881
28358  31.668  -65.230  -46.576 0.6000000238
28359  30.957  -65.386  -46.814 0.6000000238
223076  16.295  -60.873  -42.207 0.4000000060
37285  15.450  -60.380  -41.536 0.4000000060
29573  33.637  -64.216  -44.677 0.6000000238
38501  14.828  -59.613  -41.496 0.4000000060
30910  33.889  -63.601  -43.702 0.4000000060
37293  18.325  -60.429  -42.634 0.4000000060
28400  28.611  -64.979  -48.183 0.6999999881
37295  17.454  -60.789  -42.316 0.4000000060
28398  30.658  -65.113  -48.155 0.6999999881
28381  29.595  -65.247  -47.651 0.6000000238
37296  16.804  -60.907  -42.336 0.4000000060
29615  32.769  -64.850  -46.564 0.6000000238
28378  32.262  -64.966  -47.038 0.6000000238
37305  16.019  -60.745  -42.238 0.4000000060
29586  33.581  -64.331  -45.480 0.6000000238
37307  15.173  -60.435  -43.012 0.3000000119
30924  34.454  -63.493  -44.722 0.4000000060
32297  34.555  -62.680  -43.837 0.4000000060
32310  34.813  -62.924  -44.658 0.4000000060
38518  17.361  -60.614  -42.417 0.4000000060
38519  16.527  -59.898  -42.111 0.4000000060
29599  33.747  -64.284  -46.304 0.6000000238
30954  34.183  -63.872  -45.835 0.6000000238
30953  34.635  -63.420  -46.163 0.6000000238
33609  35.335  -62.366  -44.898 0.4000000060
33608  35.540  -62.283  -45.541 0.5000000000
33603  35.499  -61.988  -44.519 0.4000000060
42253  16.051  -56.311  -43.195 0.3000000119
33602  35.972  -61.860  -45.033 0.4000000060
42161  18.986  -56.548  -39.193 0.4000000060
43496  16.833  -55.647  -40.333 0.3000000119
44826  15.094  -54.829  -42.498 0.4000000060
43466  19.948  -56.117  -38.505 0.4000000060
42145  18.856  -56.165  -38.522 0.4000000060
43481  17.158  -55.544  -39.622 0.3000000119
43468  17.491  -55.668  -39.057 0.3000000119
188864  16.468  -54.986  -41.761 0.3000000119
43514  16.375  -55.498  -42.197 0.3000000119
44825  15.945  -54.883  -42.510 0.3000000119
43452  19.479  -55.879  -38.095 0.4000000060
43453  18.836  -55.677  -38.042 0.4000000060
42146  18.263  -55.924  -38.417 0.4000000060
187628  16.971  -55.113  -40.307 0.3000000119
44777  16.730  -54.923  -41.048 0.3000000119
207434  16.336  -51.635  -40.522 0.4000000060
50021  15.772  -51.858  -39.113 0.3000000119
200195  16.701  -50.931  -39.180 0.3000000119
44794  17.184  -54.366  -41.380 0.3000000119
44796  16.240  -54.583  -41.877 0.3000000119
44727  19.140  -54.995  -37.226 0.4000000060
43454  18.361  -55.297  -38.224 0.4000000060
44753  17.978  -54.733  -38.712 0.3000000119
44765  17.724  -54.499  -39.555 0.3000000119
48802  16.322  -52.692  -40.977 0.3000000119
46128  17.663  -54.293  -40.514 0.3000000119
51206  16.735  -50.800  -40.526 0.3000000119
46142  17.634  -54.042  -41.438 0.3000000119
51205  17.132  -50.175  -40.360 0.4000000060
51192  16.658  -50.805  -39.675 0.3000000119
52301  17.423  -49.596  -40.097 0.3000000119
51190  17.370  -49.769  -39.310 0.3000000119
46078  18.909  -54.516  -37.534 0.4000000060
46094  18.253  -54.160  -38.525 0.4000000060
46112  18.049  -54.043  -39.166 0.3000000119
220602  16.191  -52.061  -40.825 0.4000000060
47439  18.216  -53.544  -39.586 0.3000000119
218213  17.559  -52.277  -41.834 0.3000000119
51218  16.939  -51.036  -41.427 0.4000000060
50061  17.525  -51.471  -41.893 0.4000000060
52283  17.960  -49.239  -39.841 0.3000000119
47417  19.012  -53.777  -37.393 0.4000000060
47426  18.879  -53.290  -38.146 0.4000000060
197294  18.738  -52.776  -38.910 0.4000000060
47438  18.532  -53.020  -39.672 0.4000000060
47448  18.335  -53.325  -40.441 0.3000000119
47460  18.346  -52.178  -41.600 0.3000000119
48799  18.395  -51.659  -41.873 0.3000000119
51227  18.372  -50.277  -42.091 0.3000000119
51215  18.619  -49.592  -41.748 0.5000000000
209427  17.994  -49.782  -41.712 0.4000000060
52313  18.335  -49.230  -41.729 0.4000000060
52269  18.647  -48.971  -39.357 0.3000000119
48748  19.136  -52.574  -38.324 0.4000000060
48759  19.002  -52.222  -38.992 0.4000000060
48773  18.834  -52.201  -39.842 0.3000000119
50035  19.649  -50.894  -40.098 0.3000000119
51202  20.294  -49.951  -39.905 0.3000000119
52281  20.379  -49.463  -39.506 0.3000000119
47447  18.581  -52.623  -40.692 0.3000000119
198890  19.027  -51.241  -40.498 0.3000000119
194323  19.135  -50.187  -41.006 0.3000000119
51204  19.190  -49.268  -41.264 0.3000000119
53433  19.866  -48.410  -40.827 0.3000000119
50049  18.693  -50.711  -41.676 0.3000000119
52299  18.898  -48.742  -41.503 0.3000000119
52282  18.679  -48.581  -40.686 0.3000000119
53400  18.672  -48.547  -38.812 0.3000000119
47403  20.598  -53.273  -36.388 0.3000000119
48738  20.376  -52.567  -36.843 0.3000000119
48746  20.203  -52.146  -37.609 0.3000000119
50002  20.304  -51.427  -37.895 0.3000000119
51174  20.382  -50.685  -38.167 0.3000000119
204288  20.354  -49.236  -38.731 0.3000000119
48747  19.731  -52.369  -37.941 0.3000000119
50016  20.189  -51.096  -38.684 0.3000000119
51189  20.094  -50.651  -39.591 0.3000000119
52268  20.352  -49.918  -38.461 0.3000000119
53416  20.450  -48.594  -39.535 0.3000000119
207204  20.118  -48.034  -40.444 0.3000000119
186187  19.399  -48.379  -40.993 0.3000000119
215972  19.818  -47.822  -40.590 0.3000000119
53417  19.138  -48.115  -40.264 0.3000000119
54524  18.955  -47.616  -39.479 0.3000000119
47386  21.389  -52.918  -35.513 0.3000000119
49984  20.665  -52.014  -36.310 0.3000000119
49993  20.490  -51.722  -37.149 0.3000000119
51163  20.468  -50.939  -37.403 0.3000000119
201986  20.421  -49.411  -37.950 0.3000000119
54546  20.324  -47.700  -39.736 0.3000000119
55739  20.265  -46.823  -40.137 0.3000000119
55730  19.615  -46.903  -39.881 0.3000000119
54509  18.652  -48.008  -38.322 0.3000000119
53386  20.509  -48.785  -37.563 0.3000000119
53399  20.415  -48.643  -38.500 0.3000000119
55741  20.091  -46.162  -40.113 0.3000000119
57017  19.950  -45.969  -39.929 0.3000000119
55719  19.120  -46.710  -39.038 0.3000000119
54508  20.568  -48.095  -37.252 0.3000000119
223651  20.448  -47.739  -37.784 0.3000000119
55729  20.332  -47.036  -39.413 0.3000000119
53376  20.609  -48.834  -36.761 0.3000000119
55690  20.526  -47.589  -36.796 0.3000000119
55704  20.361  -47.386  -37.559 0.3000000119
191934  20.049  -46.537  -38.157 0.3000000119
57002  20.064  -45.679  -39.022 0.3000000119
57003  19.842  -45.467  -39.265 0.3000000119
55705  19.060  -46.283  -38.358 0.3000000119
18621  28.043  -71.340  -54.237 0.5000000000
21052  27.284  -69.884  -55.057 0.5000000000
22323  27.171  -69.006  -55.006 0.4000000060
29499  21.850  -64.138  -40.449 0.6999999881
30804  21.122  -63.820  -39.024 0.6999999881
27259  25.378  -66.292  -54.134 0.4000000060
21043  27.643  -69.784  -54.407 0.5000000000
214547  25.040  -64.143  -41.782 0.6000000238
30943  20.893  -63.309  -45.862 0.5000000000
221556  25.437  -65.061  -41.852 0.6000000238
29602  25.353  -64.034  -46.382 0.8000000119
32350  23.754  -62.151  -46.937 0.6999999881
28341  26.383  -65.068  -45.893 0.6000000238
30894  32.351  -63.612  -42.640 0.5000000000
27152  29.445  -66.017  -45.078 0.6999999881
38479  15.056  -59.633  -40.470 0.4000000060
201428  32.975  -62.390  -42.688 0.5000000000
29600  33.157  -64.613  -46.099 0.6000000238
32298  34.127  -63.103  -43.423 0.4000000060
28380  30.874  -65.276  -47.540 0.6000000238
191557  32.866  -64.725  -47.095 0.6000000238
38529  15.688  -60.121  -42.774 0.3000000119
30938  34.669  -63.386  -45.390 0.4000000060
32338  34.943  -63.029  -45.888 0.4000000060
42160  19.493  -56.287  -38.778 0.4000000060
48739  19.905  -52.812  -37.275 0.3000000119
48731  20.941  -52.538  -35.786 0.3000000119
29669  31.526  -64.476  -49.129 0.5000000000
29671  30.025  -64.558  -49.223 0.5000000000
28414  28.991  -64.763  -48.773 0.6999999881
29673  27.914  -64.579  -49.491 0.6999999881
31002  25.563  -63.434  -49.141 0.6000000238
29652  31.072  -64.816  -48.653 0.5000000000
202575  29.965  -65.019  -48.180 0.6000000238
29656  27.476  -64.899  -48.900 0.6000000238
32384  24.849  -61.491  -50.571 0.6000000238
32403  24.054  -61.349  -50.397 0.6000000238
29692  28.856  -64.164  -50.082 0.6999999881
29695  27.107  -63.627  -50.197 0.6000000238
31020  25.826  -63.132  -49.927 0.6000000238
29694  27.714  -63.910  -50.056 0.6999999881
32375  24.395  -61.339  -50.078 0.6000000238
29651  31.791  -64.706  -48.459 0.5000000000
31036  29.079  -63.568  -50.651 0.6999999881
31038  27.464  -63.091  -50.764 0.6999999881
31053  27.038  -62.205  -51.448 0.6000000238
32383  25.419  -62.050  -51.038 0.6000000238
31037  28.295  -63.436  -50.625 0.6999999881
31039  26.732  -62.916  -50.677 0.6000000238
31034  30.397  -63.827  -50.427 0.6000000238
29667  33.029  -64.161  -48.710 0.5000000000
28397  31.346  -65.067  -48.013 0.5000000000
31049  30.108  -63.257  -50.969 0.6999999881
31052  27.913  -62.142  -51.510 0.6000000238
32401  25.151  -61.979  -51.060 0.6000000238
31000  34.090  -63.465  -48.475 0.5000000000
29649  33.017  -64.391  -48.029 0.5000000000
33618  35.454  -62.376  -47.960 0.5000000000
31001  33.575  -63.984  -48.108 0.5000000000
33614  36.179  -61.843  -46.965 0.4000000060
28244  18.848  -65.134  -40.418 0.4000000060
29523  20.112  -64.435  -41.388 0.4000000060
221311  19.347  -64.887  -41.079 0.4000000060
29537  19.861  -64.852  -41.808 0.5000000000
29550  20.006  -64.725  -42.553 0.5000000000
212611  19.470  -65.676  -41.809 0.5000000000
30982  34.533  -63.168  -47.444 0.5000000000
28284  19.937  -65.163  -43.067 0.5000000000
23422  20.602  -68.667  -41.465 0.6000000238
32357  35.283  -62.324  -47.266 0.4000000060
28296  20.045  -65.058  -43.736 0.5000000000
25920  20.316  -66.302  -42.417 0.5000000000
196114  20.643  -67.318  -41.661 0.5000000000
27077  18.652  -65.804  -40.142 0.5000000000
27084  19.284  -65.731  -41.274 0.5000000000
25896  19.024  -66.470  -40.260 0.5000000000
191518  19.337  -66.344  -40.886 0.5000000000
25895  19.467  -67.113  -40.430 0.5000000000
27095  19.816  -65.870  -42.107 0.5000000000
25905  19.787  -66.893  -41.095 0.5000000000
24659  20.193  -67.471  -41.325 0.5000000000
30965  34.587  -63.300  -46.815 0.5000000000
25904  20.230  -66.640  -41.656 0.5000000000
199172  36.649  -61.648  -47.103 0.4000000060
32348  35.316  -62.471  -46.654 0.4000000060
34888  36.662  -61.685  -46.511 0.4000000060
29449  18.114  -64.356  -37.972 0.5000000000
24640  18.249  -67.263  -39.604 0.5000000000
29613  33.776  -64.155  -46.971 0.5000000000
32337  35.273  -62.616  -46.029 0.4000000060
30745  18.402  -63.368  -36.721 0.5000000000
30746  17.728  -63.499  -36.609 0.5000000000
29429  15.994  -64.373  -36.448 0.5000000000
30768  17.993  -63.688  -37.206 0.5000000000
33611  35.636  -62.176  -46.201 0.4000000060
32169  18.118  -63.046  -36.170 0.5000000000
30733  16.813  -63.480  -35.749 0.5000000000
32144  17.861  -62.864  -35.523 0.5000000000
32146  16.469  -63.095  -35.236 0.5000000000
30749  15.648  -63.891  -36.019 0.5000000000
29430  15.193  -64.372  -36.362 0.4000000060
32128  17.569  -62.607  -34.909 0.5000000000
30735  15.288  -63.434  -35.603 0.6000000238
30750  14.880  -63.777  -36.029 0.6000000238
33487  18.841  -62.308  -35.190 0.5000000000
33467  17.209  -62.106  -34.458 0.5000000000
32130  16.110  -62.708  -34.688 0.5000000000
32131  15.375  -62.563  -34.808 0.6000000238
30736  14.618  -63.196  -35.790 0.6000000238
29432  13.725  -63.857  -36.903 0.6000000238
29451  12.978  -64.217  -37.979 0.5000000000
29452  12.273  -63.665  -38.260 0.5000000000
30808  11.833  -63.780  -38.813 0.5000000000
186336  18.381  -61.557  -34.525 0.5000000000
34749  18.240  -60.919  -34.115 0.5000000000
34751  16.845  -60.975  -34.180 0.5000000000
33469  15.822  -62.132  -34.271 0.5000000000
34768  15.489  -61.361  -34.181 0.6000000238
213403  14.134  -62.881  -35.495 0.6000000238
32171  13.353  -63.174  -36.039 0.6000000238
30771  12.474  -63.544  -37.485 0.6000000238
189368  11.984  -63.428  -37.847 0.5000000000
34799  9.035  -61.671  -35.908 0.5000000000
30811  9.806  -63.564  -38.567 0.5000000000
34766  19.662  -60.427  -34.581 0.5000000000
202779  17.845  -60.437  -34.132 0.5000000000
36009  16.518  -60.383  -34.156 0.6000000238
36010  15.784  -60.264  -34.007 0.6000000238
36020  14.461  -60.538  -34.111 0.6000000238
33472  13.722  -61.638  -34.908 0.6000000238
34771  13.339  -61.009  -34.523 0.6000000238
32150  12.987  -62.621  -35.704 0.6000000238
33491  12.580  -62.033  -35.254 0.6000000238
30753  12.426  -63.305  -36.799 0.6000000238
215419  11.821  -63.214  -37.150 0.5000000000
30788  10.942  -63.534  -38.202 0.5000000000
30773  10.562  -63.439  -37.533 0.5000000000
32196  10.115  -63.272  -36.874 0.5000000000
30790  9.569  -63.559  -37.956 0.5000000000
32197  9.346  -63.245  -36.783 0.5000000000
37160  16.646  -59.614  -34.642 0.6000000238
37162  15.301  -59.321  -34.321 0.6000000238
217950  14.673  -59.353  -34.276 0.6000000238
38317  13.445  -59.132  -34.806 0.6000000238
36022  13.114  -60.311  -34.586 0.6000000238
34785  12.218  -61.393  -34.914 0.6000000238
36023  12.581  -60.237  -34.833 0.6000000238
33492  11.809  -61.903  -35.283 0.5000000000
34786  11.373  -61.155  -35.006 0.5000000000
32173  11.270  -62.775  -36.515 0.5000000000
33494  10.365  -61.767  -35.712 0.5000000000
36038  10.789  -60.514  -35.229 0.6000000238
33510  10.069  -62.268  -36.086 0.5000000000
33495  9.717  -61.737  -35.839 0.5000000000
36039  10.063  -60.645  -35.611 0.5000000000
193034  9.476  -59.741  -36.405 0.5000000000
38340  14.244  -58.865  -35.257 0.6000000238
190202  13.667  -58.617  -35.670 0.6000000238
36036  12.161  -59.892  -35.050 0.6000000238
36037  11.513  -60.292  -35.140 0.6000000238
37183  10.437  -59.939  -35.696 0.6000000238
37203  10.113  -59.451  -36.209 0.5000000000
38368  14.836  -58.830  -36.363 0.6000000238
195178  11.724  -59.579  -35.432 0.6000000238
38373  11.196  -58.957  -36.668 0.6000000238
38374  10.463  -58.999  -36.681 0.5000000000
38426  15.597  -58.847  -38.285 0.6000000238
188720  15.184  -58.665  -36.975 0.6000000238
38398  14.605  -58.373  -37.482 0.6000000238
38400  13.015  -58.373  -36.757 0.6000000238
38342  11.992  -58.980  -35.881 0.6000000238
38402  11.600  -58.479  -37.162 0.5000000000
38427  14.877  -58.457  -38.191 0.6000000238
220262  13.714  -58.406  -37.278 0.6000000238
38428  14.492  -58.703  -38.738 0.6000000238
38401  12.315  -58.374  -36.995 0.6000000238
39657  12.993  -58.434  -38.792 0.6000000238
39658  12.286  -57.981  -38.935 0.5000000000
39702  13.871  -58.679  -40.162 0.4000000060
31021  25.067  -62.242  -49.877 0.6000000238
29674  27.090  -64.285  -49.550 0.6999999881
29632  32.662  -64.682  -47.609 0.5000000000
29631  33.281  -64.367  -47.443 0.5000000000
32364  35.012  -62.675  -48.366 0.5000000000
32365  34.548  -63.091  -48.110 0.5000000000
23388  19.249  -67.873  -40.441 0.6000000238
33470  15.063  -61.927  -34.542 0.6000000238
34769  14.756  -61.239  -34.330 0.6000000238
32172  12.011  -62.894  -36.400 0.6000000238
33509  10.790  -62.269  -36.031 0.5000000000
200190  13.662  -58.523  -36.384 0.6000000238
38341  12.575  -58.705  -35.749 0.6000000238
39636  13.339  -58.313  -38.104 0.6000000238
39638  11.835  -58.023  -38.134 0.6000000238
17391  28.759  -72.147  -53.217 0.4000000060
17361  29.151  -72.634  -51.178 0.5000000000
17362  28.266  -72.499  -50.930 0.5000000000
17372  28.746  -72.214  -51.635 0.4000000060
18612  28.850  -71.760  -52.966 0.4000000060
18606  28.582  -71.387  -52.765 0.4000000060
18613  28.580  -71.583  -53.457 0.4000000060
17351  27.472  -72.393  -49.937 0.5000000000
17350  27.978  -72.737  -50.202 0.5000000000
19783  27.909  -71.145  -52.312 0.5000000000
19792  28.030  -70.772  -52.784 0.5000000000
209249  28.167  -70.743  -53.663 0.4000000060
19761  26.980  -70.977  -49.914 0.5000000000
202967  27.031  -70.333  -51.163 0.5000000000
222557  27.213  -69.960  -51.665 0.5000000000
21026  27.649  -69.679  -53.019 0.5000000000
21034  27.909  -70.300  -53.994 0.4000000060
22311  27.535  -69.116  -53.426 0.4000000060
20990  27.319  -70.205  -49.820 0.5000000000
21002  27.162  -69.673  -50.498 0.5000000000
22284  27.306  -68.938  -50.951 0.5000000000
21010  27.094  -69.558  -51.353 0.5000000000
22302  27.387  -69.044  -52.574 0.5000000000
206545  27.515  -69.128  -54.253 0.4000000060
31061  25.482  -63.108  -51.982 0.5000000000
29725  25.223  -63.983  -52.455 0.4000000060
29734  25.546  -64.463  -52.954 0.4000000060
28447  26.657  -65.016  -52.896 0.4000000060
27255  26.326  -65.656  -53.332 0.4000000060
26045  26.033  -66.284  -53.775 0.4000000060
23580  27.290  -68.210  -51.266 0.5000000000
26042  26.716  -66.770  -53.230 0.4000000060
26047  26.553  -67.276  -54.189 0.4000000060
24799  26.933  -67.682  -54.428 0.4000000060
24773  27.688  -67.494  -51.217 0.4000000060
23590  27.082  -68.405  -52.124 0.5000000000
222300  27.381  -68.540  -54.389 0.4000000060
23596  27.309  -68.484  -52.937 0.4000000060
29724  25.910  -63.668  -52.448 0.4000000060
28446  27.182  -65.326  -52.611 0.4000000060
27250  26.793  -66.067  -52.906 0.4000000060
24761  28.769  -67.564  -50.214 0.4000000060
24792  26.901  -67.239  -53.021 0.4000000060
24794  27.140  -67.858  -53.216 0.4000000060
24772  28.296  -67.215  -50.748 0.4000000060
197341  27.272  -67.821  -51.766 0.4000000060
24791  27.106  -67.288  -52.468 0.4000000060
202493  27.116  -67.862  -52.392 0.4000000060
31060  25.721  -62.229  -51.649 0.5000000000
32429  26.936  -62.126  -52.234 0.4000000060
31071  27.426  -62.615  -52.506 0.4000000060
29722  28.090  -63.268  -52.558 0.4000000060
201576  27.810  -64.526  -52.438 0.4000000060
27248  27.862  -65.418  -52.143 0.4000000060
27238  27.881  -66.010  -51.899 0.4000000060
27249  27.403  -66.044  -52.373 0.4000000060
26023  28.546  -66.650  -50.872 0.4000000060
26033  28.057  -66.366  -51.408 0.4000000060
26034  27.561  -66.626  -52.096 0.4000000060
32399  26.702  -61.852  -51.805 0.5000000000
32416  27.167  -61.673  -52.045 0.5000000000
32398  27.413  -61.669  -51.955 0.6000000238
32428  27.482  -61.861  -52.247 0.5000000000
199076  28.558  -64.278  -52.325 0.4000000060
28444  29.258  -64.276  -52.247 0.4000000060
28436  29.700  -64.941  -51.775 0.4000000060
206549  30.181  -65.488  -51.351 0.4000000060
32427  28.685  -62.120  -52.310 0.4000000060
32397  28.410  -61.874  -51.926 0.5000000000
31069  29.200  -62.613  -52.551 0.4000000060
32426  29.467  -62.283  -52.449 0.5000000000
31068  29.913  -62.767  -52.736 0.4000000060
29720  29.590  -63.465  -52.560 0.4000000060
29719  30.391  -63.629  -52.681 0.4000000060
32412  30.120  -62.327  -51.882 0.6000000238
31051  28.711  -62.650  -51.318 0.6000000238
31078  30.952  -62.507  -53.018 0.5000000000
204128  31.231  -62.828  -53.107 0.4000000060
29672  29.385  -64.535  -49.495 0.5000000000
38313  16.362  -59.288  -35.017 0.5000000000
38338  16.000  -58.906  -35.748 0.5000000000
38425  16.240  -59.378  -37.925 0.5000000000
38366  16.673  -59.242  -36.273 0.5000000000
191008  15.905  -59.002  -36.644 0.5000000000
38314  15.581  -59.130  -34.950 0.5000000000
18589  27.266  -71.683  -50.793 0.5000000000
18598  28.294  -71.690  -52.057 0.5000000000
29723  26.910  -64.278  -52.710 0.4000000060
219393  27.197  -64.612  -52.678 0.4000000060
24784  27.579  -67.211  -51.813 0.4000000060
31070  28.576  -62.563  -52.491 0.4000000060
29721  28.861  -63.389  -52.496 0.4000000060
28437  28.914  -64.953  -51.841 0.4000000060
27236  29.275  -65.526  -51.426 0.4000000060
32414  28.183  -61.820  -52.177 0.5000000000
28443  30.071  -64.332  -52.281 0.4000000060
189091  28.799  -62.031  -52.170 0.5000000000
33647  30.049  -62.208  -52.451 0.6000000238
29733  31.474  -63.450  -53.196 0.5000000000
32411  30.943  -62.417  -51.881 0.5000000000
37367  39.503  -59.897  -49.875 0.3000000119
36170  38.517  -60.499  -50.023 0.3000000119
224998  37.885  -60.644  -49.699 0.3000000119
37363  39.069  -60.016  -49.762 0.3000000119
37362  39.560  -59.754  -49.375 0.3000000119
38599  41.684  -59.134  -49.233 0.3000000119
38600  40.938  -59.038  -49.094 0.3000000119
36177  37.930  -60.980  -50.494 0.3000000119
34907  36.637  -61.257  -51.138 0.4000000060
33636  35.617  -61.567  -50.607 0.4000000060
36175  39.192  -60.519  -50.323 0.3000000119
219110  35.345  -61.841  -50.109 0.4000000060
34903  36.727  -61.172  -49.979 0.4000000060
219750  33.970  -63.341  -49.142 0.4000000060
29668  32.259  -64.360  -48.928 0.4000000060
37370  40.270  -60.310  -50.119 0.3000000119
34900  36.854  -61.259  -49.118 0.3000000119
33623  35.421  -62.235  -48.675 0.4000000060
212512  39.177  -60.421  -48.237 0.3000000119
34896  37.259  -61.204  -48.483 0.3000000119
34910  35.269  -61.510  -51.657 0.4000000060
33638  33.956  -61.956  -51.549 0.4000000060
32392  32.132  -62.863  -51.265 0.4000000060
31047  31.793  -63.484  -50.702 0.4000000060
34915  37.234  -61.348  -51.015 0.4000000060
34909  35.712  -61.429  -51.246 0.4000000060
31046  32.568  -63.285  -50.681 0.4000000060
31032  32.284  -63.717  -50.069 0.4000000060
36181  38.754  -60.978  -50.293 0.3000000119
206886  35.134  -61.827  -50.538 0.4000000060
32382  33.711  -63.030  -49.862 0.4000000060
29670  30.716  -64.483  -49.340 0.4000000060
36179  40.043  -60.807  -50.550 0.3000000119
32374  34.306  -62.942  -49.494 0.4000000060
29689  31.963  -64.126  -49.567 0.4000000060
36174  40.489  -60.790  -50.040 0.3000000119
195794  34.545  -62.948  -48.858 0.4000000060
33622  35.973  -61.910  -48.264 0.4000000060
33655  33.889  -61.975  -52.337 0.4000000060
33644  31.998  -62.127  -52.365 0.4000000060
33653  35.370  -61.840  -52.195 0.4000000060
218819  34.235  -61.567  -52.077 0.4000000060
33642  33.529  -61.966  -52.155 0.4000000060
32410  31.691  -62.428  -51.847 0.4000000060
33640  38.699  -61.988  -50.382 0.3000000119
34919  37.121  -61.607  -51.280 0.4000000060
32378  40.142  -61.831  -49.471 0.3000000119
34906  40.134  -61.217  -50.195 0.3000000119
225439  31.691  -63.882  -50.080 0.4000000060
33632  40.622  -61.368  -49.356 0.3000000119
33658  31.622  -62.095  -52.829 0.4000000060
33657  32.305  -62.014  -52.758 0.4000000060
33617  36.364  -61.772  -47.586 0.3000000119
34892  37.390  -61.242  -47.758 0.3000000119
186507  36.724  -61.531  -48.224 0.3000000119
216389  30.059  -64.230  -49.878 0.4000000060
31048  31.116  -63.347  -50.905 0.4000000060
32394  30.587  -62.916  -51.382 0.4000000060
33664  31.971  -62.291  -53.092 0.4000000060
36171  37.261  -61.018  -50.022 0.3000000119
37358  39.118  -60.103  -49.135 0.3000000119
37357  40.239  -59.166  -48.621 0.3000000119
34917  35.832  -61.481  -51.622 0.4000000060
34897  36.289  -61.547  -49.569 0.4000000060
32381  34.456  -62.670  -50.121 0.4000000060
33629  35.298  -62.131  -49.467 0.4000000060
31018  32.654  -63.935  -49.430 0.4000000060
213608  36.355  -61.680  -48.865 0.4000000060
34922  35.310  -61.538  -51.983 0.4000000060
32409  32.410  -62.258  -51.799 0.4000000060
218917  33.434  -62.425  -51.162 0.4000000060
34918  38.018  -61.772  -50.862 0.3000000119
32390  33.922  -62.535  -50.676 0.4000000060
34912  38.887  -61.385  -50.291 0.3000000119
33652  35.905  -62.106  -51.941 0.4000000060
33650  37.480  -62.097  -51.157 0.3000000119
32388  39.448  -62.046  -50.072 0.3000000119
11324  30.681  -76.018  -48.150 0.3000000119
10295  29.338  -76.030  -48.446 0.3000000119
12317  31.496  -75.596  -47.625 0.3000000119
10284  30.064  -76.161  -47.028 0.3000000119
12326  30.620  -75.419  -49.047 0.3000000119
11329  29.711  -75.902  -48.928 0.3000000119
13488  31.751  -74.704  -47.414 0.3000000119
11318  31.558  -75.682  -46.951 0.3000000119
11312  30.824  -76.159  -46.978 0.3000000119
14801  31.586  -74.113  -48.029 0.3000000119
12324  31.472  -74.868  -48.448 0.3000000119
12330  30.197  -75.201  -49.542 0.3000000119
17370  29.502  -72.898  -51.618 0.3000000119
12308  32.863  -74.734  -45.392 0.3000000119
11302  32.167  -75.720  -45.778 0.3000000119
13487  31.894  -74.287  -46.919 0.3000000119
12312  32.182  -75.075  -46.121 0.3000000119
11303  31.718  -76.157  -45.882 0.3000000119
14820  30.300  -73.793  -49.656 0.3000000119
16095  28.895  -73.232  -49.915 0.3000000119
16106  29.812  -73.278  -50.771 0.3000000119
14795  31.703  -73.510  -47.406 0.3000000119
13500  31.107  -74.272  -48.989 0.3000000119
16080  31.260  -73.821  -48.492 0.3000000119
16071  30.784  -73.248  -48.374 0.3000000119
16083  29.999  -73.508  -49.318 0.3000000119
16093  30.397  -73.604  -49.704 0.3000000119
17339  28.421  -73.003  -48.999 0.3000000119
20989  27.852  -69.902  -49.128 0.4000000060
18573  27.196  -71.437  -49.276 0.4000000060
7419  28.703  -77.958  -42.879 0.3000000119
191590  27.413  -78.398  -43.365 0.3000000119
10273  31.080  -76.318  -46.182 0.3000000119
10275  29.783  -76.041  -46.393 0.3000000119
10232  32.763  -76.795  -43.406 0.3000000119
9253  31.703  -77.255  -43.739 0.3000000119
9247  30.595  -77.777  -43.375 0.3000000119
9256  29.681  -77.196  -43.490 0.3000000119
218318  27.596  -78.007  -43.576 0.3000000119
12297  33.363  -75.216  -44.020 0.3000000119
10243  32.148  -76.929  -44.283 0.3000000119
10245  30.643  -77.100  -44.259 0.3000000119
10247  28.941  -76.506  -44.093 0.3000000119
8317  27.882  -77.470  -43.762 0.3000000119
11296  32.193  -76.108  -45.310 0.3000000119
10265  31.314  -76.574  -45.503 0.3000000119
10256  30.172  -76.697  -44.490 0.3000000119
10257  29.436  -76.216  -44.746 0.3000000119
10266  30.677  -76.512  -45.641 0.3000000119
10268  29.298  -76.031  -45.760 0.3000000119
12329  30.758  -74.863  -49.203 0.3000000119
13514  30.134  -74.521  -50.290 0.3000000119
225811  32.643  -75.546  -44.790 0.3000000119
16082  30.686  -73.554  -49.099 0.3000000119
8305  29.746  -78.290  -42.372 0.3000000119
11304  28.540  -75.763  -46.094 0.3000000119
11287  33.005  -76.368  -44.202 0.3000000119
9246  31.285  -77.638  -43.290 0.3000000119
10255  30.896  -76.812  -44.921 0.3000000119
10246  29.577  -76.609  -43.931 0.3000000119
11305  27.717  -75.640  -45.625 0.3000000119
17331  27.804  -72.487  -48.660 0.3000000119
23576  33.962  -68.335  -50.677 0.3000000119
22291  33.130  -68.564  -50.753 0.3000000119
22292  32.899  -68.567  -50.682 0.3000000119
197715  31.370  -68.306  -50.242 0.4000000060
23578  30.683  -68.052  -50.108 0.4000000060
23566  28.205  -68.224  -50.123 0.3000000119
23567  27.615  -68.375  -50.607 0.3000000119
24781  33.419  -67.517  -51.465 0.3000000119
24782  32.637  -67.542  -51.273 0.4000000060
26020  31.851  -67.127  -51.112 0.4000000060
26031  31.158  -66.414  -51.072 0.4000000060
24771  28.871  -66.988  -50.509 0.3000000119
195511  31.142  -65.800  -51.611 0.4000000060
212743  30.530  -65.991  -51.104 0.4000000060
27230  29.730  -66.024  -51.059 0.3000000119
28435  30.630  -65.014  -51.856 0.3000000119
22255  34.975  -68.804  -49.134 0.3000000119
22267  34.373  -68.851  -49.876 0.3000000119
22282  32.943  -68.948  -50.428 0.4000000060
23562  31.712  -68.786  -50.152 0.4000000060
23563  30.898  -68.670  -49.959 0.3000000119
23565  29.137  -68.245  -49.861 0.3000000119
22258  28.202  -69.235  -49.449 0.3000000119
22265  35.229  -68.178  -49.713 0.3000000119
23574  34.756  -67.909  -50.423 0.3000000119
23585  34.571  -67.501  -50.896 0.3000000119
24787  34.031  -66.747  -51.681 0.3000000119
24789  33.307  -66.925  -51.728 0.3000000119
26029  32.445  -66.884  -51.561 0.4000000060
26028  34.532  -66.567  -51.580 0.3000000119
27243  33.949  -65.921  -52.106 0.3000000119
202138  33.725  -66.307  -51.938 0.3000000119
26039  33.072  -66.366  -52.021 0.4000000060
26030  31.905  -66.428  -51.590 0.4000000060
27253  33.662  -65.532  -52.447 0.3000000119
27254  33.220  -65.521  -52.516 0.4000000060
224504  32.147  -65.214  -52.501 0.4000000060
199674  33.129  -63.954  -53.285 0.3000000119
29731  32.798  -64.825  -53.138 0.4000000060
28455  32.451  -64.832  -52.974 0.4000000060
28442  30.943  -64.513  -52.470 0.4000000060
202108  33.567  -63.643  -53.117 0.3000000119
29732  32.087  -63.804  -53.377 0.4000000060
31077  32.489  -63.436  -53.391 0.3000000119
20905  34.491  -69.534  -46.221 0.3000000119
20925  34.217  -69.684  -46.846 0.3000000119
20943  32.908  -69.600  -47.322 0.3000000119
20944  32.578  -69.746  -48.062 0.3000000119
20981  34.757  -69.129  -48.797 0.3000000119
19751  34.364  -69.474  -48.458 0.3000000119
19752  33.875  -69.865  -48.841 0.3000000119
22242  31.888  -69.565  -48.171 0.3000000119
22241  35.880  -67.942  -48.110 0.3000000119
20980  35.241  -68.696  -48.697 0.3000000119
20982  34.187  -69.478  -49.122 0.3000000119
20983  33.370  -69.995  -49.314 0.3000000119
20984  32.220  -69.822  -49.354 0.3000000119
20986  31.126  -69.646  -49.138 0.3000000119
22256  30.385  -69.419  -49.190 0.3000000119
20988  28.833  -69.563  -49.011 0.3000000119
20969  28.302  -70.087  -48.644 0.3000000119
18564  27.591  -71.165  -48.528 0.3000000119
23550  35.524  -68.000  -49.186 0.3000000119
28451  34.445  -64.827  -52.268 0.3000000119
28453  33.066  -64.984  -52.930 0.3000000119
29727  35.056  -64.338  -52.061 0.3000000119
29729  34.017  -64.636  -52.623 0.3000000119
202928  35.269  -63.182  -52.470 0.3000000119
33661  34.247  -62.241  -52.617 0.3000000119
33662  33.419  -62.295  -52.767 0.3000000119
20884  34.808  -69.365  -45.586 0.3000000119
20924  34.731  -69.947  -46.650 0.3000000119
20941  34.408  -69.892  -47.311 0.3000000119
221100  33.408  -69.779  -47.519 0.3000000119
19741  35.253  -69.214  -47.853 0.3000000119
217770  34.161  -69.845  -48.018 0.3000000119
215849  27.687  -71.866  -48.287 0.3000000119
20865  35.384  -69.512  -44.555 0.3000000119
20904  34.888  -69.682  -45.973 0.3000000119
18520  35.439  -70.116  -46.063 0.3000000119
19734  34.904  -69.960  -47.016 0.3000000119
19742  34.789  -69.672  -47.765 0.3000000119
20959  35.748  -68.590  -47.706 0.3000000119
19684  35.329  -69.591  -45.151 0.3000000119
19683  35.720  -70.227  -45.049 0.3000000119
18538  36.166  -70.138  -45.967 0.3000000119
19732  35.579  -69.589  -47.098 0.3000000119
19754  27.396  -70.673  -49.175 0.3000000119
21001  27.617  -69.536  -49.755 0.3000000119
22274  27.733  -68.911  -50.113 0.3000000119
24770  30.444  -67.393  -50.270 0.3000000119
215517  30.311  -66.446  -50.784 0.4000000060
29717  31.908  -64.250  -53.132 0.4000000060
32422  35.510  -62.423  -52.291 0.3000000119
22279  34.174  -68.469  -50.396 0.3000000119
23588  32.774  -67.888  -51.006 0.3000000119
22268  33.896  -69.106  -50.225 0.3000000119
24768  32.176  -67.773  -50.805 0.4000000060
24769  31.359  -67.748  -50.601 0.4000000060
26021  30.894  -67.007  -50.745 0.4000000060
27235  31.950  -65.876  -51.945 0.4000000060
22254  35.281  -68.456  -49.188 0.3000000119
20996  33.990  -69.530  -49.787 0.3000000119
22270  31.983  -69.085  -50.086 0.3000000119
21009  32.972  -69.398  -50.139 0.3000000119
22271  31.217  -69.236  -49.670 0.4000000060
22272  30.309  -68.951  -49.561 0.3000000119
24759  35.605  -67.271  -49.803 0.3000000119
24766  35.348  -67.078  -50.328 0.3000000119
24778  34.860  -66.937  -51.104 0.3000000119
27244  33.208  -66.041  -52.230 0.4000000060
218716  34.113  -64.134  -52.708 0.3000000119
20963  33.023  -69.989  -48.663 0.3000000119
192601  32.942  -69.893  -48.994 0.3000000119
20985  31.612  -69.787  -49.145 0.3000000119
31066  35.518  -63.711  -52.064 0.3000000119
25919  21.038  -66.800  -42.612 0.4000000060
7420  27.804  -78.582  -43.038 0.3000000119
8310  29.494  -77.931  -42.756 0.3000000119
8315  29.157  -77.580  -43.074 0.3000000119
8316  28.330  -77.753  -43.287 0.3000000119
9240  31.493  -77.743  -42.666 0.3000000119
9245  31.939  -77.404  -43.107 0.3000000119
9248  29.922  -77.695  -43.214 0.3000000119
9254  30.987  -77.382  -43.808 0.3000000119
9255  30.321  -77.457  -43.763 0.3000000119
9257  28.824  -77.125  -43.585 0.3000000119
9258  28.215  -76.836  -44.028 0.3000000119
10233  32.345  -77.057  -43.578 0.3000000119
10242  32.824  -76.899  -44.009 0.3000000119
10244  31.349  -77.035  -44.321 0.3000000119
10252  32.646  -76.648  -44.441 0.3000000119
10253  32.229  -76.560  -44.865 0.3000000119
10254  31.664  -76.820  -44.916 0.3000000119
10258  28.481  -76.241  -44.493 0.3000000119
10264  31.829  -76.463  -45.302 0.3000000119
10267  30.024  -76.307  -45.677 0.3000000119
10274  30.420  -76.224  -46.317 0.3000000119
11271  33.301  -75.453  -43.344 0.3000000119
11272  33.323  -75.960  -43.835 0.3000000119
11286  33.077  -75.647  -44.435 0.3000000119
11294  32.727  -75.059  -44.944 0.3000000119
11295  32.652  -76.102  -44.768 0.3000000119
11297  28.539  -75.876  -45.209 0.3000000119
11298  27.841  -76.154  -44.926 0.3000000119
11309  32.093  -75.445  -46.082 0.3000000119
11310  31.796  -75.745  -46.313 0.3000000119
11311  31.422  -76.027  -46.636 0.3000000119
11319  31.284  -75.953  -47.337 0.3000000119
11320  30.357  -76.143  -47.637 0.3000000119
11323  31.227  -75.909  -47.965 0.3000000119
11325  30.017  -76.050  -48.272 0.3000000119
11328  30.376  -75.827  -48.723 0.3000000119
11335  30.053  -75.642  -49.329 0.3000000119
12309  32.529  -75.238  -45.681 0.3000000119
12311  32.634  -74.770  -45.726 0.3000000119
12313  31.778  -75.330  -46.534 0.3000000119
12315  31.815  -74.834  -46.691 0.3000000119
12316  31.681  -75.219  -47.186 0.3000000119
12319  31.668  -75.099  -47.872 0.3000000119
12320  31.394  -75.422  -48.233 0.3000000119
12321  30.937  -75.652  -48.503 0.3000000119
12325  31.117  -75.140  -48.767 0.3000000119
12331  29.844  -75.528  -49.992 0.3000000119
12337  30.081  -75.116  -50.251 0.3000000119
13483  32.176  -74.559  -46.195 0.3000000119
13491  31.758  -74.315  -47.593 0.3000000119
13492  31.680  -74.581  -48.044 0.3000000119
13495  31.148  -74.625  -48.911 0.3000000119
13501  30.823  -74.404  -49.264 0.3000000119
13502  30.208  -74.680  -49.594 0.3000000119
13513  30.237  -74.185  -49.603 0.3000000119
14794  31.990  -73.751  -46.862 0.3000000119
14800  31.748  -73.987  -47.367 0.3000000119
14808  31.445  -74.411  -48.591 0.3000000119
14809  31.033  -73.996  -48.950 0.3000000119
14819  30.836  -74.180  -49.229 0.3000000119
16061  31.572  -73.119  -47.612 0.3000000119
16069  31.418  -73.593  -47.941 0.3000000119
16070  31.228  -73.387  -48.171 0.3000000119
16072  30.064  -73.081  -48.178 0.3000000119
16073  29.621  -73.380  -48.676 0.3000000119
16081  30.985  -73.683  -48.771 0.3000000119
16084  29.214  -73.384  -49.363 0.3000000119
16085  28.497  -73.101  -49.763 0.5000000000
16092  30.718  -73.815  -49.229 0.3000000119
16094  29.874  -73.419  -50.136 0.3000000119
16105  30.117  -73.560  -50.291 0.3000000119
16107  29.505  -73.011  -50.720 0.3000000119
16123  29.434  -73.241  -51.823 0.3000000119
16132  28.350  -72.587  -53.242 0.4000000060
17320  27.993  -72.274  -47.895 0.3000000119
17330  28.978  -73.110  -48.638 0.3000000119
17332  27.521  -71.807  -48.794 0.4000000060
17340  27.817  -72.779  -49.472 0.5000000000
17341  27.385  -72.170  -49.355 0.5000000000
17349  28.793  -72.872  -50.509 0.5000000000
17360  29.597  -72.856  -51.228 0.3000000119
17363  27.523  -72.235  -50.555 0.5000000000
17371  29.299  -72.561  -51.698 0.3000000119
17399  28.180  -72.037  -53.759 0.5000000000
17410  27.644  -71.048  -54.670 0.5000000000
18539  35.840  -70.165  -46.155 0.3000000119
18540  35.330  -70.126  -46.549 0.3000000119
18553  35.733  -69.924  -46.628 0.3000000119
18563  27.888  -71.521  -47.874 0.3000000119
18581  27.067  -71.756  -50.081 0.5000000000
18588  27.824  -71.980  -51.276 0.5000000000
18597  29.000  -72.053  -52.306 0.4000000060
18599  27.419  -71.233  -51.494 0.5000000000
19669  35.704  -70.046  -44.474 0.3000000119
19701  35.456  -70.021  -45.750 0.3000000119
19718  34.928  -70.008  -46.433 0.3000000119
19733  35.253  -69.951  -47.137 0.3000000119
19743  28.172  -70.603  -48.121 0.3000000119
19750  34.858  -69.327  -48.188 0.3000000119
19753  27.793  -70.469  -48.662 0.3000000119
19772  26.971  -71.102  -50.639 0.5000000000
19784  27.512  -70.452  -52.071 0.5000000000
19800  28.187  -70.870  -53.116 0.4000000060
19807  28.095  -70.784  -54.019 0.4000000060
19808  27.981  -70.844  -54.408 0.5000000000
19820  27.208  -70.128  -55.140 0.5000000000
20926  33.625  -69.487  -47.099 0.3000000119
20942  33.819  -69.885  -47.723 0.3000000119
20960  35.380  -68.789  -48.094 0.3000000119
20961  35.071  -69.024  -48.388 0.3000000119
20962  33.591  -70.080  -48.461 0.3000000119
20964  32.366  -69.900  -48.766 0.3000000119
20965  31.696  -69.899  -48.820 0.3000000119
20979  35.603  -68.388  -48.203 0.3000000119
20995  34.562  -69.100  -49.398 0.3000000119
20997  33.458  -69.460  -50.207 0.3000000119
20998  32.849  -69.719  -49.686 0.3000000119
20999  32.459  -69.534  -49.854 0.3000000119
21000  31.823  -69.633  -49.570 0.3000000119
21017  27.414  -69.649  -52.148 0.5000000000
21025  27.961  -70.364  -53.340 0.4000000060
21035  27.687  -69.752  -53.784 0.4000000060
21049  27.457  -69.858  -54.811 0.5000000000
22253  35.589  -68.235  -48.720 0.3000000119
22257  29.632  -69.150  -49.213 0.3000000119
22266  34.924  -68.644  -49.566 0.3000000119
22269  32.652  -69.216  -50.155 0.4000000060
22273  29.470  -68.753  -49.558 0.3000000119
22278  34.784  -68.333  -50.015 0.3000000119
22280  33.671  -69.032  -50.458 0.3000000119
22281  33.213  -69.006  -50.521 0.3000000119
22283  32.509  -68.783  -50.358 0.3000000119
22290  33.404  -68.531  -50.841 0.3000000119
22293  27.102  -68.958  -51.748 0.5000000000
22322  27.371  -69.336  -54.773 0.4000000060
22326  27.201  -69.447  -55.076 0.4000000060
23405  20.014  -68.347  -41.225 0.6000000238
23406  19.464  -68.324  -40.851 0.6000000238
23549  35.741  -67.663  -48.611 0.3000000119
23561  35.474  -67.749  -49.604 0.3000000119
23564  30.073  -68.422  -49.796 0.3000000119
23573  35.217  -67.683  -50.099 0.3000000119
23575  34.263  -67.965  -50.746 0.3000000119
23577  32.030  -68.268  -50.460 0.4000000060
23579  27.885  -67.784  -50.644 0.4000000060
23586  34.240  -67.639  -50.983 0.3000000119
23587  33.579  -67.932  -51.143 0.3000000119
23589  32.605  -68.207  -50.790 0.4000000060
23601  27.416  -68.532  -53.769 0.4000000060
23604  27.288  -68.795  -54.761 0.4000000060
23605  27.179  -68.214  -54.685 0.4000000060
24650  18.868  -67.320  -40.016 0.5000000000
24660  19.738  -67.696  -40.884 0.5000000000
24666  21.176  -67.607  -41.940 0.5000000000
24667  20.674  -68.002  -41.483 0.5000000000
24760  29.791  -67.776  -49.993 0.4000000060
24762  24.709  -67.534  -50.173 0.6000000238
24767  35.178  -66.908  -50.756 0.3000000119
24779  34.334  -67.159  -51.368 0.3000000119
24780  33.824  -67.355  -51.501 0.3000000119
24783  28.015  -66.937  -51.165 0.4000000060
24788  33.604  -66.880  -51.767 0.3000000119
24790  32.931  -66.930  -51.688 0.3000000119
24795  26.885  -67.380  -53.722 0.4000000060
24798  27.266  -68.002  -54.082 0.4000000060
25912  20.717  -66.929  -42.027 0.5000000000
25928  21.998  -66.664  -43.571 0.5000000000
25993  24.615  -66.648  -49.072 0.6000000238
26011  24.490  -66.288  -50.237 0.6000000238
26019  35.203  -66.535  -51.023 0.3000000119
26022  29.404  -66.597  -50.731 0.4000000060
26027  34.994  -66.304  -51.349 0.3000000119
26032  28.865  -66.073  -51.097 0.3000000119
26037  34.159  -66.171  -51.857 0.3000000119
26038  33.414  -66.375  -51.958 0.3000000119
26040  32.567  -66.302  -52.005 0.4000000060
26041  27.040  -66.704  -52.642 0.4000000060
26044  26.474  -66.813  -53.812 0.4000000060
27076  19.072  -65.759  -40.654 0.5000000000
27083  19.639  -66.118  -41.453 0.5000000000
27091  27.994  -65.778  -42.383 0.6999999881
27094  25.678  -65.483  -42.464 0.6999999881
27096  19.470  -65.262  -41.498 0.5000000000
27103  28.200  -65.973  -43.022 0.6999999881
27106  26.145  -65.840  -42.882 0.6999999881
27107  20.457  -66.042  -43.118 0.6000000238
27108  19.998  -65.664  -42.796 0.5000000000
27116  30.284  -65.871  -43.902 0.6999999881
27118  29.006  -66.002  -43.791 0.6999999881
27120  27.728  -66.105  -43.587 0.6999999881
27122  26.333  -65.865  -43.489 0.6000000238
27123  21.167  -66.032  -44.011 0.5000000000
27125  20.057  -65.501  -43.516 0.5000000000
27131  30.560  -65.862  -44.533 0.6999999881
27133  29.232  -66.067  -44.394 0.6999999881
27135  27.953  -66.067  -44.208 0.6999999881
27138  21.311  -65.808  -44.627 0.5000000000
27140  20.134  -65.362  -44.025 0.6000000238
27151  30.192  -65.902  -45.252 0.6999999881
27153  28.274  -65.974  -45.438 0.6999999881
27157  21.544  -65.490  -45.276 0.5000000000
27168  30.208  -65.767  -46.048 0.6000000238
27170  28.391  -65.862  -46.144 0.6999999881
27172  26.988  -65.473  -45.909 0.6000000238
27182  30.320  -65.579  -46.666 0.6000000238
27183  29.741  -65.801  -46.541 0.6000000238
27185  27.926  -65.696  -46.520 0.6999999881
27193  24.164  -65.970  -47.642 0.5000000000
27237  28.452  -65.604  -51.632 0.4000000060
27239  24.389  -66.063  -51.561 0.6000000238
27245  32.877  -65.765  -52.412 0.4000000060
27246  32.345  -65.609  -52.317 0.4000000060
27247  31.586  -65.264  -52.201 0.4000000060
27252  34.111  -65.358  -52.259 0.3000000119
27257  25.001  -65.675  -53.721 0.4000000060
27258  24.544  -65.804  -53.456 0.4000000060
28240  27.871  -65.020  -40.633 0.6000000238
28242  26.244  -64.811  -40.545 0.6999999881
28243  19.173  -64.663  -40.672 0.4000000060
28253  28.896  -64.991  -41.403 0.6000000238
28254  28.191  -65.268  -41.223 0.6999999881
28257  25.596  -64.907  -41.137 0.6000000238
28264  29.623  -65.034  -42.243 0.6000000238
28269  26.062  -65.418  -41.756 0.6000000238
28271  19.766  -65.396  -42.282 0.5000000000
28278  31.289  -65.020  -43.022 0.6000000238
28280  29.988  -65.192  -42.733 0.6000000238
28293  29.341  -65.772  -43.399 0.6999999881
28305  31.744  -65.323  -44.284 0.6999999881
28307  26.281  -65.533  -44.784 0.6999999881
28308  25.953  -65.345  -44.123 0.6999999881
28309  25.431  -64.698  -44.512 0.6000000238
28319  32.445  -65.046  -45.043 0.6000000238
28321  31.259  -65.519  -45.397 0.6000000238
28322  26.590  -65.546  -45.363 0.6000000238
28324  20.954  -64.706  -45.388 0.5000000000
28337  32.334  -65.104  -45.626 0.6000000238
28339  31.174  -65.430  -46.104 0.6000000238
28340  27.375  -65.430  -46.480 0.6000000238
28342  22.089  -64.793  -46.391 0.5000000000
28357  32.264  -65.099  -46.290 0.6000000238
28360  29.943  -65.558  -47.146 0.6000000238
28364  27.098  -65.176  -47.056 0.6000000238
28366  22.201  -64.403  -46.944 0.5000000000
28367  21.443  -64.128  -46.605 0.5000000000
28379  31.528  -65.138  -47.298 0.6000000238
28384  27.474  -65.183  -47.645 0.8000000119
28399  29.286  -64.913  -48.153 0.6000000238
28401  27.867  -65.058  -48.230 0.6999999881
28415  23.804  -64.796  -49.228 0.6000000238
28440  32.504  -65.232  -52.657 0.4000000060
28441  31.868  -64.754  -52.705 0.4000000060
28445  28.350  -64.982  -52.057 0.4000000060
28448  26.299  -64.356  -52.756 0.4000000060
28450  24.588  -65.016  -52.681 0.5000000000
28452  33.524  -64.862  -52.856 0.3000000119
28454  32.865  -65.201  -52.798 0.4000000060
28456  25.960  -65.056  -53.186 0.4000000060
29428  16.743  -64.230  -36.665 0.5000000000
29431  14.459  -64.156  -36.543 0.6000000238
29438  17.775  -64.126  -37.459 0.5000000000
29442  14.774  -64.734  -36.881 0.4000000060
29444  13.404  -64.418  -37.480 0.5000000000
29447  21.298  -64.085  -38.426 0.6999999881
29448  18.534  -63.988  -38.352 0.5000000000
29458  19.908  -63.854  -39.249 0.6000000238
29459  18.874  -64.226  -38.970 0.6000000238
29470  27.986  -64.246  -39.749 0.6000000238
29473  22.656  -64.157  -40.218 0.6999999881
29474  21.330  -64.177  -40.027 0.6999999881
29476  19.679  -64.298  -39.863 0.6000000238
29477  18.712  -64.754  -40.154 0.4000000060
29496  27.586  -64.679  -40.095 0.6000000238
29497  26.793  -64.564  -40.069 0.6999999881
29500  20.706  -64.300  -41.119 0.6000000238
29501  19.983  -64.138  -40.985 0.6000000238
29517  28.911  -64.336  -41.015 0.6000000238
29519  25.618  -64.392  -40.568 0.6999999881
29522  21.560  -64.051  -41.101 0.6999999881
29524  19.617  -64.587  -41.175 0.4000000060
29536  20.585  -64.319  -42.415 0.6000000238
29543  32.157  -64.183  -42.764 0.6000000238
29544  31.476  -64.370  -42.675 0.6000000238
29548  21.687  -64.148  -43.103 0.6000000238
29558  33.040  -64.320  -43.555 0.6000000238
29561  24.839  -64.165  -44.168 0.6000000238
29562  20.823  -64.288  -44.297 0.6000000238
29574  33.154  -64.470  -44.260 0.6000000238
29576  25.588  -64.588  -45.196 0.6999999881
29578  20.449  -64.632  -44.649 0.5000000000
29587  33.230  -64.545  -44.902 0.6000000238
29588  32.797  -64.821  -44.657 0.6000000238
29590  25.314  -63.964  -45.623 0.6999999881
29591  20.721  -63.786  -45.959 0.5000000000
29592  20.737  -64.270  -45.316 0.5000000000
29614  33.261  -64.501  -46.751 0.6000000238
29616  25.771  -64.442  -47.012 0.8000000119
29630  33.798  -63.978  -47.509 0.5000000000
29633  32.025  -64.897  -47.788 0.5000000000
29634  26.553  -64.751  -48.121 0.8000000119
29635  25.509  -64.178  -47.668 0.8000000119
29636  22.725  -64.314  -47.735 0.6000000238
29637  22.067  -63.606  -47.709 0.6000000238
29650  32.468  -64.545  -48.249 0.5000000000
29653  30.348  -64.821  -48.726 0.5000000000
29654  29.658  -64.732  -48.729 0.6999999881
29655  28.266  -64.849  -48.830 0.6000000238
29657  25.990  -64.238  -48.417 0.8000000119
29659  22.824  -63.768  -48.361 0.6999999881
29675  26.252  -63.998  -49.314 0.6000000238
29677  22.949  -63.436  -49.261 0.6999999881
29690  31.304  -64.238  -49.768 0.4000000060
29691  30.717  -64.145  -49.953 0.4000000060
29693  28.290  -64.205  -49.940 0.6999999881
29697  23.169  -63.231  -50.042 0.6999999881
29718  31.199  -63.933  -52.924 0.4000000060
29728  34.576  -64.314  -52.385 0.3000000119
29730  33.150  -64.615  -53.127 0.4000000060
30734  16.077  -63.467  -35.673 0.5000000000
30744  19.115  -63.361  -36.746 0.6000000238
30747  17.111  -63.752  -36.366 0.5000000000
30748  16.415  -63.864  -36.157 0.5000000000
30751  14.215  -63.581  -36.238 0.6000000238
30752  13.045  -63.509  -36.752 0.6000000238
30764  20.827  -63.316  -37.551 0.6999999881
30766  19.346  -63.498  -37.430 0.6000000238
30769  17.364  -63.885  -37.021 0.5000000000
30770  13.001  -63.893  -37.418 0.5000000000
30772  11.344  -63.430  -37.703 0.5000000000
30774  9.809  -63.503  -37.382 0.5000000000
30778  23.504  -63.512  -38.296 0.6999999881
30781  21.090  -63.758  -38.031 0.6999999881
30782  20.096  -63.755  -38.661 0.6000000238
30784  18.873  -63.663  -37.957 0.6000000238
30785  18.343  -63.905  -37.716 0.5000000000
30786  12.668  -63.803  -37.923 0.5000000000
30787  11.664  -63.520  -38.332 0.5000000000
30789  10.201  -63.525  -38.064 0.5000000000
30800  25.814  -62.995  -39.365 0.8000000119
30801  23.920  -63.368  -39.003 0.6999999881
30805  20.520  -63.720  -39.140 0.6999999881
30807  19.011  -63.778  -38.501 0.6000000238
30809  11.225  -63.608  -38.848 0.5000000000
30810  10.515  -63.587  -38.738 0.5000000000
30821  27.636  -63.723  -39.420 0.6000000238
30822  26.968  -63.674  -39.382 0.6000000238
30823  25.838  -63.572  -39.782 0.6999999881
30825  24.850  -62.896  -40.076 0.6000000238
30841  28.565  -64.075  -40.012 0.6000000238
30844  24.674  -63.091  -40.751 0.6000000238
30863  29.191  -63.677  -41.206 0.6000000238
30867  22.734  -63.668  -41.412 0.6999999881
30879  30.021  -63.469  -42.142 0.6000000238
30881  24.623  -63.549  -41.788 0.6000000238
30882  24.233  -63.394  -42.160 0.6000000238
30884  23.008  -63.421  -41.959 0.6999999881
30885  22.459  -63.660  -42.535 0.6999999881
30893  33.354  -63.478  -42.970 0.5000000000
30895  31.677  -63.797  -42.528 0.5000000000
30896  30.878  -63.885  -42.392 0.5000000000
30899  24.209  -63.229  -42.806 0.6999999881
30901  22.997  -63.309  -43.033 0.6999999881
30913  24.351  -63.081  -43.581 0.6999999881
30925  33.995  -63.766  -44.381 0.4000000060
30926  33.547  -64.081  -43.949 0.4000000060
30939  34.138  -63.880  -45.088 0.6000000238
30957  20.679  -63.146  -46.409 0.5000000000
30966  34.180  -63.781  -46.553 0.6000000238
30967  24.798  -63.391  -46.781 0.6999999881
30968  21.037  -62.964  -46.834 0.5000000000
30983  34.105  -63.541  -47.799 0.5000000000
30985  24.474  -62.832  -47.531 0.6999999881
31017  33.337  -63.645  -49.321 0.4000000060
31019  26.500  -63.576  -50.037 0.6000000238
31023  22.718  -62.096  -48.980 0.6999999881
31031  32.974  -63.471  -50.005 0.4000000060
31033  31.099  -63.796  -50.361 0.6000000238
31035  29.750  -63.724  -50.548 0.6000000238
31040  25.517  -62.166  -50.604 0.6000000238
31050  29.427  -63.014  -51.176 0.6999999881
31054  26.178  -62.057  -51.127 0.6000000238
31055  24.074  -62.299  -50.826 0.6999999881
31065  35.996  -63.508  -51.553 0.3000000119
31067  30.768  -63.022  -52.931 0.4000000060
31072  26.736  -63.342  -52.488 0.4000000060
31073  26.183  -62.594  -52.169 0.4000000060
31074  35.078  -63.906  -52.311 0.3000000119
31075  34.648  -63.751  -52.515 0.3000000119
31076  34.074  -63.663  -52.803 0.3000000119
32129  16.847  -62.700  -34.780 0.5000000000
32132  14.710  -62.442  -34.980 0.6000000238
32140  20.623  -62.333  -35.842 0.6000000238
32143  18.491  -62.656  -35.694 0.6000000238
32145  17.195  -63.049  -35.328 0.5000000000
32147  15.699  -63.047  -35.230 0.6000000238
32148  14.946  -63.008  -35.253 0.6000000238
32149  14.059  -63.124  -35.870 0.6000000238
32151  12.278  -62.488  -35.797 0.6000000238
32163  22.363  -62.576  -36.567 0.6000000238
32166  20.240  -62.805  -36.323 0.6000000238
32168  18.783  -62.918  -36.254 0.6000000238
32170  17.501  -63.342  -35.932 0.5000000000
32174  10.480  -62.777  -36.489 0.5000000000
32175  9.681  -62.849  -36.373 0.5000000000
32188  24.082  -62.536  -37.518 0.8000000119
32190  22.710  -62.910  -37.154 0.6000000238
32193  20.560  -63.116  -36.923 0.6000000238
32195  10.952  -63.135  -37.065 0.5000000000
32205  27.258  -62.434  -38.180 0.8000000119
32206  26.534  -62.421  -38.266 0.8000000119
32209  24.491  -62.908  -38.119 0.8000000119
32211  23.129  -63.379  -37.635 0.6999999881
32212  9.083  -63.263  -37.518 0.5000000000
32223  28.170  -62.671  -38.799 0.6999999881
32224  27.638  -62.820  -38.635 0.8000000119
32226  26.190  -62.716  -38.784 0.8000000119
32227  25.538  -62.674  -38.971 0.6999999881
32228  24.776  -63.087  -38.714 0.6999999881
32239  28.431  -62.993  -39.376 0.6000000238
32240  25.200  -62.935  -39.499 0.6999999881
32241  24.808  -62.992  -39.365 0.6999999881
32242  24.435  -63.173  -39.064 0.6999999881
32251  29.215  -63.087  -40.601 0.6000000238
32282  33.780  -63.028  -42.968 0.5000000000
32283  33.215  -62.965  -42.767 0.5000000000
32284  32.512  -62.909  -42.677 0.5000000000
32288  23.475  -62.932  -43.499 0.6999999881
32299  24.079  -62.626  -43.997 0.6999999881
32300  23.820  -62.632  -43.871 0.6999999881
32311  34.326  -63.272  -44.115 0.4000000060
32312  23.712  -62.647  -44.442 0.6999999881
32323  35.102  -62.770  -45.395 0.4000000060
32324  24.060  -62.666  -44.714 0.6999999881
32325  23.540  -62.621  -45.204 0.6999999881
32327  21.342  -62.640  -46.101 0.5000000000
32349  34.966  -62.941  -46.446 0.4000000060
32351  22.978  -61.970  -46.947 0.6999999881
32353  21.209  -62.465  -46.627 0.5000000000
32358  34.974  -62.760  -47.709 0.5000000000
32360  23.213  -61.632  -47.692 0.6000000238
32362  21.572  -62.582  -47.162 0.6000000238
32367  23.936  -61.891  -48.788 0.6999999881
32368  23.569  -61.661  -48.221 0.6999999881
32369  22.431  -62.100  -48.157 0.6000000238
32373  35.009  -62.503  -48.956 0.4000000060
32377  22.717  -61.752  -48.692 0.6000000238
32380  34.782  -62.598  -49.510 0.4000000060
32385  24.224  -61.296  -50.184 0.6000000238
32387  39.920  -61.826  -49.729 0.3000000119
32391  33.231  -62.915  -50.585 0.4000000060
32393  31.387  -62.910  -51.335 0.4000000060
32395  29.811  -62.606  -51.633 0.4000000060
32396  29.103  -62.189  -51.808 0.5000000000
32400  25.959  -62.031  -51.443 0.5000000000
32408  33.144  -62.119  -51.745 0.4000000060
32413  29.541  -62.117  -52.136 0.5000000000
32415  27.697  -61.720  -52.154 0.5000000000
32418  24.652  -62.074  -51.133 0.6999999881
32423  34.977  -62.290  -52.541 0.3000000119
32424  31.365  -62.385  -53.068 0.4000000060
32425  30.234  -62.426  -52.759 0.5000000000
32430  34.527  -62.990  -52.640 0.3000000119
32431  33.814  -62.918  -52.893 0.3000000119
32432  33.046  -62.972  -53.195 0.3000000119
32433  32.340  -62.715  -53.267 0.3000000119
33454  17.773  -61.558  -34.170 0.5000000000
33455  17.191  -61.475  -34.206 0.5000000000
33456  16.526  -61.645  -34.293 0.5000000000
33465  19.028  -61.736  -34.795 0.6000000238
33466  17.957  -62.075  -34.643 0.5000000000
33468  16.490  -62.332  -34.414 0.5000000000
33471  14.394  -61.730  -34.854 0.6000000238
33473  12.943  -61.564  -34.829 0.6000000238
33482  22.954  -61.519  -35.806 0.6999999881
33486  19.487  -62.106  -35.245 0.6000000238
33488  18.209  -62.442  -35.126 0.5000000000
33489  14.054  -62.475  -35.094 0.6000000238
33490  13.313  -62.256  -35.162 0.6000000238
33493  11.023  -61.841  -35.362 0.5000000000
33504  24.724  -61.715  -36.661 0.6000000238
33505  23.452  -61.908  -36.234 0.6999999881
33507  22.009  -62.120  -36.106 0.6000000238
33508  11.514  -62.385  -35.864 0.5000000000
33512  8.581  -62.205  -36.081 0.5000000000
33524  27.081  -61.658  -37.225 0.6999999881
33526  25.063  -62.006  -37.208 0.8000000119
33528  23.792  -62.375  -36.804 0.6999999881
33538  28.140  -61.755  -37.907 0.6000000238
33539  27.503  -61.943  -37.767 0.6000000238
33542  25.443  -62.319  -37.758 0.8000000119
33550  28.666  -61.728  -38.966 0.6000000238
33551  28.369  -62.089  -38.516 0.6000000238
33559  28.815  -61.992  -39.627 0.5000000000
33598  34.269  -62.488  -43.058 0.4000000060
33604  35.030  -62.290  -44.265 0.4000000060
33615  35.694  -62.088  -46.817 0.4000000060
33625  23.106  -61.341  -48.876 0.6999999881
33628  35.850  -61.901  -49.124 0.4000000060
33630  23.906  -61.128  -49.634 0.6999999881
33631  23.530  -61.355  -49.353 0.6999999881
33633  35.763  -61.748  -49.890 0.4000000060
33634  40.195  -61.503  -49.801 0.3000000119
33635  39.949  -61.740  -49.971 0.3000000119
33637  35.102  -61.729  -50.981 0.4000000060
33639  39.172  -61.685  -50.194 0.3000000119
33641  34.838  -61.467  -51.989 0.4000000060
33643  32.728  -61.975  -52.289 0.4000000060
33645  31.286  -62.188  -52.374 0.4000000060
33646  30.618  -62.222  -52.381 0.6000000238
33648  38.503  -61.630  -50.555 0.3000000119
33649  38.070  -61.913  -50.906 0.3000000119
33651  36.944  -62.190  -51.544 0.3000000119
33654  34.698  -61.700  -52.282 0.4000000060
33656  33.040  -62.035  -52.558 0.4000000060
33659  30.994  -62.187  -52.816 0.4000000060
33660  30.515  -62.301  -52.752 0.5000000000
33663  32.626  -62.255  -52.974 0.3000000119
34748  18.922  -60.465  -34.278 0.5000000000
34750  17.554  -61.007  -34.040 0.5000000000
34752  16.100  -61.001  -34.061 0.6000000238
34753  15.195  -60.670  -34.136 0.6000000238
34763  21.828  -60.553  -35.139 0.5000000000
34764  21.426  -61.132  -35.243 0.6999999881
34765  20.019  -61.055  -34.882 0.6000000238
34767  18.802  -61.155  -34.437 0.5000000000
34770  14.022  -61.109  -34.368 0.6000000238
34772  12.713  -60.883  -34.762 0.6000000238
34773  12.092  -60.641  -34.948 0.6000000238
34781  24.348  -61.018  -35.970 0.6000000238
34782  23.104  -60.826  -35.591 0.5000000000
34783  22.073  -61.154  -35.376 0.6999999881
34787  10.594  -61.220  -35.379 0.5000000000
34788  10.040  -61.292  -35.650 0.5000000000
34795  26.924  -60.867  -36.526 0.6000000238
34796  25.990  -61.134  -36.523 0.6000000238
34797  24.876  -61.223  -36.241 0.5000000000
34798  23.933  -61.418  -36.091 0.6000000238
34891  37.915  -61.180  -47.162 0.3000000119
34893  36.861  -61.514  -47.519 0.3000000119
34895  37.831  -61.020  -48.331 0.3000000119
34899  37.547  -60.979  -49.033 0.3000000119
34902  37.237  -60.956  -49.653 0.3000000119
34904  36.019  -61.519  -50.211 0.4000000060
34905  40.622  -61.191  -49.749 0.3000000119
34908  36.220  -61.328  -51.268 0.4000000060
34911  39.556  -61.233  -50.299 0.3000000119
34913  38.350  -61.141  -50.314 0.3000000119
34914  37.719  -61.493  -50.931 0.4000000060
34916  36.406  -61.436  -51.415 0.4000000060
34920  36.444  -61.792  -51.674 0.4000000060
34921  35.947  -61.687  -51.850 0.4000000060
36007  18.352  -60.265  -34.083 0.5000000000
36008  17.212  -60.469  -34.207 0.5000000000
36018  21.158  -60.466  -34.990 0.5000000000
36021  13.724  -60.419  -34.202 0.6000000238
36040  9.493  -61.100  -35.789 0.5000000000
36049  26.662  -60.282  -36.477 0.5000000000
36065  28.245  -60.433  -37.331 0.6000000238
36066  27.867  -60.155  -36.968 0.6000000238
36163  39.697  -59.950  -48.619 0.3000000119
36168  38.612  -60.359  -49.450 0.3000000119
36172  36.594  -61.201  -50.773 0.3000000119
36173  40.922  -60.813  -49.651 0.3000000119
36176  38.658  -60.756  -50.263 0.3000000119
36178  36.980  -61.161  -50.780 0.4000000060
36180  39.348  -60.925  -50.426 0.3000000119
36182  38.032  -60.955  -50.278 0.3000000119
36183  37.519  -61.166  -50.724 0.3000000119
37144  18.678  -59.844  -34.269 0.6000000238
37145  18.081  -59.940  -34.267 0.5000000000
37146  16.921  -59.981  -34.425 0.6000000238
37147  16.250  -59.792  -34.225 0.6000000238
37148  15.676  -59.655  -34.149 0.6000000238
37149  15.045  -59.883  -34.073 0.6000000238
37154  21.560  -59.934  -35.035 0.5000000000
37155  20.955  -59.737  -34.843 0.6000000238
37156  19.676  -59.382  -34.638 0.4000000060
37158  18.343  -59.568  -34.637 0.5000000000
37161  15.970  -59.369  -34.432 0.6000000238
37163  14.222  -59.797  -34.193 0.6000000238
37164  13.522  -59.650  -34.402 0.6000000238
37165  12.891  -59.569  -34.900 0.6000000238
37177  23.263  -59.747  -35.766 0.5000000000
37179  21.824  -59.418  -35.328 0.6000000238
37181  13.097  -58.809  -35.342 0.6000000238
37182  12.361  -59.199  -35.308 0.6000000238
37195  27.301  -59.834  -36.623 0.6000000238
37201  11.457  -59.331  -36.090 0.6000000238
37202  10.825  -59.348  -36.089 0.6000000238
37204  8.723  -60.127  -36.546 0.5000000000
37217  9.741  -59.182  -36.786 0.5000000000
37231  16.552  -59.592  -38.369 0.5000000000
37246  18.025  -59.610  -39.236 0.4000000060
37248  16.611  -59.766  -39.067 0.5000000000
37249  16.128  -59.998  -39.474 0.4000000060
37268  16.147  -60.536  -40.608 0.4000000060
37269  15.567  -60.373  -40.792 0.4000000060
37281  17.656  -60.687  -41.794 0.4000000060
37282  17.017  -60.915  -41.913 0.4000000060
37283  16.533  -60.919  -41.795 0.4000000060
37294  17.953  -60.711  -42.547 0.4000000060
37297  15.836  -60.715  -42.303 0.4000000060
37298  15.280  -60.497  -42.494 0.4000000060
37306  15.418  -60.464  -42.708 0.3000000119
37361  39.965  -59.555  -49.457 0.3000000119
37368  39.081  -60.250  -50.111 0.3000000119
37371  39.485  -60.162  -50.202 0.3000000119
38308  20.821  -59.068  -34.859 0.4000000060
38309  19.429  -58.994  -34.888 0.5000000000
38312  17.126  -59.437  -34.988 0.6000000238
38315  14.798  -59.070  -34.742 0.6000000238
38316  14.048  -59.122  -34.552 0.6000000238
38335  18.849  -58.826  -35.692 0.5000000000
38336  18.166  -59.256  -35.622 0.6000000238
38337  17.500  -59.336  -35.329 0.6000000238
38339  15.015  -58.962  -35.643 0.6000000238
38358  23.026  -59.277  -36.109 0.5000000000
38363  18.978  -58.595  -36.287 0.6000000238
38364  18.011  -59.279  -36.326 0.6000000238
38367  15.392  -58.875  -36.298 0.6000000238
38369  14.297  -58.768  -36.022 0.6000000238
38370  13.074  -58.414  -36.005 0.6000000238
38371  12.437  -58.530  -36.327 0.6000000238
38372  11.803  -58.802  -36.548 0.6000000238
38395  17.333  -59.369  -36.636 0.6000000238
38397  15.772  -58.959  -37.436 0.5000000000
38399  14.364  -58.707  -36.754 0.6000000238
38423  18.944  -59.022  -38.298 0.4000000060
38454  18.261  -59.473  -38.349 0.4000000060
38480  14.446  -58.989  -39.832 0.5000000000
38500  17.591  -59.401  -41.818 0.4000000060
38517  17.962  -60.648  -42.277 0.4000000060
38601  40.357  -59.138  -49.060 0.3000000119
39590  20.105  -58.310  -35.893 0.5000000000
39614  19.854  -58.364  -37.345 0.5000000000
39616  12.820  -58.182  -37.474 0.6000000238
39617  12.084  -58.069  -37.606 0.5000000000
39635  14.149  -58.349  -38.077 0.6000000238
39637  12.470  -58.183  -38.229 0.6000000238
39656  13.826  -58.409  -38.779 0.6000000238
39674  13.856  -58.534  -39.469 0.4000000060
39726  17.146  -58.967  -41.543 0.4000000060
42159  20.019  -56.127  -39.153 0.4000000060
43439  19.844  -55.585  -37.474 0.4000000060
43440  19.253  -55.468  -37.496 0.4000000060
43467  17.864  -55.465  -38.677 0.3000000119
43497  16.496  -55.718  -41.205 0.3000000119
43536  16.144  -55.564  -42.765 0.3000000119
44742  18.843  -55.141  -37.736 0.4000000060
44743  18.492  -54.648  -38.103 0.4000000060
44754  17.427  -55.087  -39.145 0.3000000119
44766  17.316  -54.880  -39.954 0.3000000119
44776  17.289  -54.644  -40.889 0.3000000119
44795  16.658  -54.505  -41.568 0.3000000119
44824  16.331  -54.973  -42.184 0.3000000119
46093  18.647  -53.992  -38.060 0.4000000060
46111  18.381  -53.511  -38.810 0.3000000119
46127  18.008  -53.903  -40.038 0.3000000119
46141  18.007  -53.646  -41.004 0.3000000119
46160  17.257  -54.033  -41.500 0.3000000119
46178  15.515  -54.483  -41.966 0.4000000060
47425  19.281  -53.025  -37.563 0.3000000119
48786  18.702  -51.626  -40.775 0.3000000119
48798  18.529  -51.440  -41.864 0.3000000119
48800  17.924  -52.022  -41.867 0.3000000119
48801  16.812  -51.980  -41.366 0.4000000060
50018  19.382  -51.692  -39.528 0.3000000119
50020  16.253  -51.288  -38.940 0.3000000119
50036  16.283  -51.413  -39.684 0.3000000119
50059  18.436  -50.897  -42.325 0.3000000119
50060  18.203  -51.076  -42.350 0.4000000060
51188  20.257  -50.328  -39.024 0.3000000119
51191  17.016  -50.416  -39.413 0.3000000119
51203  19.859  -49.830  -40.620 0.3000000119
51216  18.384  -49.837  -41.953 0.4000000060
51217  17.374  -50.238  -41.460 0.4000000060
51228  18.189  -50.371  -42.266 0.4000000060
51229  17.681  -50.758  -42.105 0.4000000060
52297  20.166  -49.180  -40.497 0.3000000119
52298  19.571  -48.779  -41.076 0.3000000119
52300  18.095  -49.086  -40.837 0.3000000119
52314  17.656  -49.548  -41.075 0.4000000060
53432  20.265  -48.719  -40.291 0.3000000119
54523  20.497  -48.080  -38.035 0.3000000119
54536  20.519  -47.866  -38.887 0.3000000119
54537  19.562  -47.491  -40.267 0.3000000119
54547  20.119  -47.163  -40.419 0.3000000119
54548  20.002  -46.953  -40.399 0.3000000119
55718  20.318  -47.291  -38.420 0.3000000119
55740  20.117  -46.478  -40.255 0.3000000119
57001  20.325  -46.245  -39.272 0.3000000119
57015  20.285  -46.284  -39.997 0.3000000119
57016  20.095  -45.946  -39.785 0.3000000119
186020  22.386  -64.180  -39.349 0.6999999881
186065  24.172  -64.757  -51.295 0.6999999881
186129  34.693  -61.582  -51.630 0.4000000060
187245  21.699  -61.661  -35.654 0.6000000238
187371  23.793  -63.605  -39.606 0.6999999881
187901  28.631  -64.656  -49.486 0.6999999881
188042  25.425  -60.906  -36.226 0.5000000000
188176  34.951  -62.195  -50.095 0.4000000060
188223  35.786  -62.013  -47.464 0.4000000060
188463  24.306  -63.253  -40.234 0.6000000238
188750  18.971  -64.451  -39.698 0.6000000238
188798  15.241  -58.502  -37.681 0.6000000238
188897  18.472  -62.002  -34.894 0.5000000000
189315  23.739  -62.309  -46.210 0.6999999881
189397  11.120  -59.846  -35.570 0.6000000238
189587  13.684  -63.449  -36.360 0.6000000238
189667  33.248  -69.723  -49.886 0.3000000119
190264  30.654  -65.437  -43.399 0.6999999881
190421  12.709  -62.990  -36.289 0.6000000238
190573  28.380  -71.129  -53.594 0.4000000060
191599  37.245  -61.432  -46.933 0.4000000060
191974  24.469  -67.112  -51.443 0.6000000238
192480  24.163  -62.239  -48.042 0.6999999881
193029  34.626  -62.084  -50.820 0.4000000060
193131  36.045  -61.832  -46.323 0.4000000060
193288  34.152  -63.641  -47.186 0.5000000000
193530  12.757  -58.337  -39.423 0.5000000000
193934  33.241  -69.965  -47.977 0.3000000119
194080  14.426  -62.900  -35.454 0.6000000238
194345  24.629  -67.930  -48.110 0.5000000000
194346  34.921  -62.787  -47.061 0.5000000000
194670  28.570  -68.711  -49.698 0.3000000119
195081  26.458  -66.314  -53.421 0.4000000060
195381  28.022  -62.057  -52.415 0.5000000000
195452  21.095  -64.212  -41.726 0.6000000238
195819  26.449  -60.885  -36.446 0.5000000000
196099  33.635  -63.761  -48.769 0.5000000000
197299  20.676  -52.725  -36.239 0.3000000119
197367  22.102  -63.829  -41.391 0.6999999881
197391  24.875  -67.982  -48.933 0.5000000000
197879  30.108  -77.063  -44.019 0.3000000119
198205  27.383  -63.778  -52.679 0.4000000060
198410  29.117  -78.401  -42.149 0.3000000119
198489  28.156  -66.004  -44.803 0.6999999881
198523  34.983  -67.348  -50.597 0.3000000119
198729  29.568  -67.159  -50.295 0.3000000119
198776  33.671  -64.312  -53.021 0.3000000119
198808  13.644  -62.832  -35.496 0.6000000238
198878  23.901  -64.791  -50.638 0.6999999881
199853  33.584  -69.845  -49.806 0.3000000119
200263  32.494  -75.631  -45.237 0.3000000119
200419  26.944  -70.464  -50.423 0.5000000000
200608  32.824  -62.633  -51.192 0.4000000060
201046  17.818  -55.985  -38.821 0.4000000060
201568  18.440  -67.768  -39.867 0.5000000000
201708  23.773  -60.878  -35.790 0.6000000238
201764  35.938  -61.964  -45.749 0.4000000060
202206  19.196  -65.198  -40.951 0.4000000060
202394  39.731  -60.384  -50.411 0.3000000119
202432  34.958  -69.261  -44.978 0.3000000119
203198  27.916  -61.688  -52.044 0.5000000000
203302  24.328  -65.457  -51.458 0.6999999881
203730  33.809  -69.872  -49.451 0.3000000119
203909  26.492  -61.900  -51.871 0.5000000000
203985  33.868  -65.047  -52.536 0.3000000119
204013  39.979  -59.439  -49.069 0.3000000119
204429  18.053  -60.645  -42.185 0.4000000060
204469  13.688  -58.860  -35.096 0.6000000238
205151  38.847  -60.995  -50.363 0.3000000119
205778  28.769  -66.073  -44.932 0.6999999881
206005  27.547  -65.998  -44.760 0.6999999881
206266  20.985  -64.269  -43.657 0.6000000238
206486  32.682  -64.905  -46.013 0.6000000238
206762  33.985  -69.734  -47.242 0.3000000119
207160  26.126  -62.765  -50.487 0.6000000238
208022  27.899  -60.801  -36.998 0.6000000238
208425  23.170  -64.968  -47.691 0.6999999881
208749  32.921  -67.378  -51.438 0.4000000060
208838  32.679  -64.236  -53.287 0.4000000060
209209  28.289  -71.253  -53.924 0.5000000000
209451  26.340  -63.495  -39.437 0.6999999881
209471  33.301  -68.059  -51.022 0.3000000119
209581  30.661  -63.456  -50.796 0.4000000060
209588  33.514  -65.956  -52.255 0.4000000060
209612  27.996  -78.201  -43.127 0.3000000119
209616  13.423  -58.336  -39.253 0.6000000238
212543  21.969  -64.181  -39.892 0.6999999881
212723  19.234  -58.769  -35.331 0.5000000000
213195  20.900  -63.926  -39.569 0.6999999881
214345  23.412  -62.420  -45.816 0.6000000238
214370  33.063  -76.484  -43.603 0.3000000119
214506  29.429  -64.112  -50.147 0.4000000060
214670  28.561  -71.393  -53.215 0.4000000060
215185  31.262  -74.142  -48.670 0.3000000119
215471  17.360  -59.454  -37.259 0.5000000000
215564  27.749  -70.160  -52.679 0.5000000000
215610  19.367  -61.098  -34.636 0.6000000238
215729  24.333  -66.079  -52.844 0.5000000000
215885  15.125  -58.793  -38.782 0.6000000238
216295  30.935  -76.082  -47.639 0.3000000119
216672  20.753  -63.810  -38.543 0.6999999881
216818  31.800  -62.944  -53.330 0.4000000060
217077  30.287  -76.513  -45.104 0.3000000119
217250  20.020  -46.337  -40.250 0.3000000119
217274  24.637  -63.719  -43.643 0.6999999881
217482  22.369  -63.969  -38.661 0.6999999881
217860  12.683  -63.954  -38.353 0.5000000000
217975  16.849  -59.318  -35.538 0.5000000000
217998  28.956  -69.075  -49.367 0.3000000119
218015  17.528  -60.111  -34.404 0.5000000000
218169  15.641  -60.817  -34.071 0.6000000238
218654  32.884  -63.415  -42.771 0.5000000000
218920  26.024  -61.543  -36.900 0.6000000238
218962  9.900  -60.051  -36.005 0.5000000000
219106  30.274  -65.282  -43.078 0.6000000238
219433  30.341  -73.331  -48.758 0.3000000119
219442  24.405  -61.455  -36.290 0.6999999881
219584  33.772  -63.451  -43.209 0.5000000000
219892  23.180  -61.336  -48.445 0.6999999881
220396  35.133  -69.607  -47.655 0.3000000119
220899  26.726  -65.534  -52.950 0.4000000060
221172  34.872  -64.763  -51.882 0.3000000119
221379  30.138  -66.882  -50.497 0.4000000060
221441  33.439  -65.210  -52.647 0.3000000119
221662  32.976  -67.739  -51.192 0.3000000119
221875  39.212  -60.251  -48.689 0.3000000119
221899  28.633  -64.344  -40.516 0.6000000238
222098  20.227  -64.464  -42.867 0.5000000000
222623  24.228  -65.746  -48.205 0.5000000000
222997  35.021  -68.037  -50.082 0.3000000119
223558  35.832  -61.455  -50.900 0.4000000060
223820  19.884  -59.855  -34.602 0.5000000000
224132  15.966  -61.573  -34.127 0.6000000238
224173  23.903  -63.173  -50.992 0.6999999881
224250  34.568  -69.812  -47.508 0.3000000119
224873  30.474  -65.511  -47.202 0.6000000238
224911  22.597  -61.162  -35.531 0.6999999881
224954  25.011  -63.634  -46.393 0.8000000119
225053  28.993  -62.849  -40.106 0.6000000238
225219  20.579  -48.211  -39.168 0.3000000119
225241  17.877  -59.384  -37.358 0.5000000000
225291  32.407  -64.442  -53.170 0.4000000060
225293  10.093  -63.630  -39.151 0.5000000000
225331  20.673  -63.832  -45.544 0.5000000000
225441  37.965  -60.785  -50.177 0.3000000119
