#!ascii label  , from subject sub-v2s11x28720_ses-1 vox2ras=TkReg
837
92189  20.746  -12.321  -18.951 0.1428571492
92172  19.397  -12.848  -18.861 0.1428571492
93375  20.762  -11.772  -20.140 0.1428571492
92170  21.739  -12.844  -18.549 0.1428571492
93374  21.116  -11.852  -20.256 0.2857142985
93357  19.501  -11.820  -19.197 0.1428571492
93356  22.284  -12.306  -19.383 0.1428571492
94612  20.829  -11.035  -21.450 0.5714285970
93388  22.553  -11.489  -20.479 0.1428571492
94589  24.458  -11.058  -20.421 0.2857142985
208866  23.718  -11.085  -20.554 0.2857142985
95809  25.711  -10.631  -20.976 0.1428571492
94588  25.223  -11.038  -20.363 0.2857142985
209059  26.082  -8.695  -22.504 0.2857142985
97195  25.715  -9.060  -22.157 0.1428571492
97196  25.027  -9.097  -22.117 0.2857142985
101195  27.038  -7.337  -23.437 0.2857142985
99770  27.142  -8.181  -22.671 0.2857142985
101226  27.071  -6.615  -24.203 0.2857142985
101212  26.702  -7.130  -24.027 0.2857142985
102563  27.761  -5.389  -25.683 0.2857142985
106380  28.291  -3.554  -27.281 0.8571428657
105108  28.099  -4.782  -26.706 0.4285714328
225609  28.269  -5.774  -24.408 0.2857142985
233342  28.939  -1.779  -28.172 0.7142857313
108768  28.786  -2.592  -27.386 0.7142857313
107580  28.521  -3.170  -27.386 0.7142857313
106381  27.937  -3.667  -27.184 0.7142857313
219576  29.937  -1.006  -27.994 0.8571428657
109925  29.542  -1.435  -27.625 0.5714285970
109926  28.761  -1.407  -28.417 0.8571428657
108769  28.380  -2.485  -27.655 0.7142857313
108770  27.963  -2.678  -27.588 0.7142857313
112130  30.773  -0.082  -28.759 0.4285714328
111056  29.596  -0.662  -28.560 0.7142857313
109943  29.035  -0.847  -28.530 0.8571428657
113216  31.968  1.578  -29.529 0.2857142985
113217  31.181  1.431  -29.919 0.5714285970
112144  30.307  0.507  -29.334 0.8571428657
112145  29.445  -0.262  -28.727 0.8571428657
114273  31.843  2.313  -31.089 0.1428571492
113215  32.539  1.365  -30.430 0.1428571492
114261  31.860  1.635  -30.442 0.4285714328
113204  30.348  1.191  -29.780 0.5714285970
113205  29.553  0.991  -29.888 0.8571428657
116513  32.734  3.961  -32.931 0.1428571492
114272  32.801  2.397  -31.758 0.1428571492
240070  29.496  1.408  -29.884 0.8571428657
204155  33.458  5.227  -32.926 0.1428571492
116512  33.446  4.068  -33.205 0.1428571492
117600  33.156  4.601  -33.002 0.1428571492
115358  32.469  3.237  -31.886 0.1428571492
116504  31.706  3.847  -31.855 0.4285714328
115351  31.012  2.548  -30.299 0.5714285970
114263  30.149  2.514  -29.842 0.7142857313
114252  29.342  1.424  -29.549 0.8571428657
118664  32.715  5.388  -32.521 0.1428571492
119744  32.921  6.024  -32.541 0.1428571492
117590  32.129  4.547  -32.281 0.1428571492
117591  31.118  4.380  -31.501 0.5714285970
115352  30.536  3.275  -30.455 0.8571428657
115338  29.542  2.018  -29.570 0.8571428657
115353  29.648  2.803  -29.450 0.8571428657
226118  33.018  6.441  -32.063 0.1428571492
118665  31.683  5.671  -31.778 0.8571428657
116506  30.796  4.078  -30.522 0.8571428657
117577  30.553  4.465  -29.830 0.8571428657
216497  33.120  8.288  -31.411 0.1428571492
124577  33.426  8.795  -31.100 0.1428571492
120992  32.790  6.869  -32.314 0.4285714328
202092  31.290  6.850  -32.014 0.8571428657
118666  30.828  5.953  -31.065 0.8571428657
117592  30.639  4.781  -30.803 0.8571428657
117593  30.550  4.891  -29.808 0.8571428657
123430  32.720  7.859  -31.767 0.4285714328
210528  30.472  5.636  -30.450 0.8571428657
119733  30.388  5.989  -30.232 0.8571428657
125716  33.359  9.461  -31.273 0.1428571492
125726  33.275  10.090  -31.499 0.2857142985
123440  32.564  8.214  -31.834 0.5714285970
123441  32.083  8.197  -31.661 0.8571428657
123431  32.265  7.841  -31.703 0.8571428657
122219  31.257  7.421  -32.097 0.8571428657
120994  30.888  6.594  -31.306 0.8571428657
216615  30.914  7.310  -31.304 0.8571428657
120975  30.550  6.399  -30.433 0.8571428657
127826  33.862  11.271  -31.438 0.2857142985
212062  32.813  10.014  -32.269 0.7142857313
125727  32.930  9.407  -32.074 0.5714285970
124588  32.451  8.743  -32.206 0.8571428657
123442  31.512  8.237  -31.801 0.8571428657
123443  30.873  8.251  -31.611 0.8571428657
120995  30.472  7.073  -30.291 0.8571428657
226926  32.224  9.988  -32.630 0.8571428657
124590  31.572  8.837  -31.512 0.8571428657
125728  31.624  9.519  -32.181 0.7142857313
211423  31.192  9.391  -31.407 0.7142857313
126858  32.635  10.605  -32.371 0.8571428657
127847  32.400  11.248  -32.592 0.8571428657
125738  31.864  9.752  -32.715 0.8571428657
127848  31.671  11.187  -33.113 0.8571428657
128836  32.158  11.932  -33.103 0.8571428657
126860  31.529  10.678  -32.857 0.7142857313
129805  33.517  13.301  -32.921 0.7142857313
129794  33.018  12.715  -32.615 0.8571428657
129806  32.703  13.271  -32.973 0.8571428657
131931  32.607  14.094  -34.550 0.7142857313
126859  31.957  10.512  -32.808 0.8571428657
129795  32.303  12.665  -33.209 0.8571428657
131948  35.814  14.221  -37.372 0.1428571492
130845  33.194  13.655  -33.361 0.8571428657
131930  33.224  14.263  -34.683 0.7142857313
131937  33.534  14.641  -35.041 0.7142857313
130855  32.763  13.952  -33.682 0.8571428657
201587  35.148  14.851  -39.389 0.1428571492
131944  33.495  14.540  -35.771 0.5714285970
131951  33.545  14.845  -37.460 0.5714285970
133046  32.417  15.555  -37.321 0.5714285970
131959  33.422  14.839  -38.683 0.1428571492
201802  34.804  15.456  -38.225 0.1428571492
225216  32.125  15.496  -38.625 0.5714285970
134138  33.663  16.378  -37.840 0.1428571492
209309  34.532  16.504  -36.417 0.1428571492
134155  32.894  15.382  -40.280 0.1428571492
135182  34.540  17.020  -35.319 0.1428571492
133052  32.782  14.941  -39.086 0.5714285970
134126  33.947  16.504  -36.686 0.1428571492
134127  33.343  16.730  -37.073 0.1428571492
135174  34.175  17.393  -35.009 0.1428571492
135184  33.363  17.096  -35.560 0.1428571492
91003  20.220  -13.159  -18.148 0.1428571492
227097  19.655  -13.117  -18.489 0.1428571492
93389  21.568  -11.636  -20.507 0.2857142985
93372  22.338  -11.697  -19.837 0.1428571492
93370  24.408  -12.066  -19.938 0.2857142985
93387  23.398  -11.550  -20.375 0.2857142985
97194  26.406  -9.208  -21.950 0.2857142985
215633  26.318  -9.647  -21.499 0.2857142985
95823  26.007  -10.185  -21.359 0.1428571492
102564  27.394  -5.818  -25.246 0.2857142985
102565  26.791  -6.509  -25.607 0.2857142985
105107  28.630  -4.316  -26.539 0.4285714328
103825  27.587  -5.091  -26.236 0.5714285970
111055  30.364  -0.603  -28.461 0.2857142985
107564  27.548  -3.138  -27.237 0.7142857313
112143  31.195  0.662  -28.813 0.1428571492
112146  29.323  0.243  -28.769 0.8571428657
114262  30.699  1.898  -29.927 0.7142857313
118663  33.358  5.621  -32.468 0.1428571492
118651  31.344  5.020  -31.809 0.8571428657
241100  30.350  4.324  -29.357 0.8571428657
118653  30.447  5.290  -30.213 0.8571428657
126849  33.238  10.659  -31.790 0.8571428657
130844  33.937  13.569  -33.497 0.8571428657
131950  34.237  14.756  -36.977 0.2857142985
131967  33.190  15.039  -39.609 0.1428571492
133044  33.976  15.881  -38.605 0.1428571492
135172  35.703  17.438  -35.306 0.1428571492
90986  19.599  -13.470  -17.993 0.1428571492
94591  21.964  -11.273  -21.012 0.4285714328
94608  24.110  -10.653  -21.054 0.2857142985
94610  22.394  -10.677  -21.179 0.4285714328
94611  21.451  -10.861  -21.418 0.2857142985
95824  25.347  -10.196  -21.472 0.1428571492
98460  27.497  -8.543  -22.116 0.2857142985
99784  27.445  -7.654  -22.923 0.2857142985
99786  26.185  -7.785  -23.483 0.2857142985
98478  25.666  -8.201  -22.952 0.2857142985
99785  26.690  -7.710  -23.141 0.2857142985
105109  27.532  -4.691  -26.608 0.7142857313
115364  33.359  3.689  -32.912 0.1428571492
118650  33.285  5.509  -31.127 0.1428571492
120991  33.240  6.932  -31.246 0.1428571492
122217  33.082  7.433  -31.618 0.2857142985
123414  33.370  8.086  -31.024 0.1428571492
119746  31.721  6.309  -32.082 0.8571428657
223124  29.925  3.240  -29.710 0.8571428657
116482  29.503  3.475  -29.052 1.0000000000
125715  33.858  10.142  -30.733 0.1428571492
126848  33.705  10.624  -31.226 0.1428571492
128824  33.781  11.845  -31.921 0.2857142985
124591  30.660  8.866  -31.382 0.8571428657
202048  34.273  13.366  -32.923 0.5714285970
130863  33.965  14.426  -34.637 0.7142857313
205455  34.306  14.826  -36.025 0.4285714328
130871  34.993  14.450  -35.241 0.2857142985
131943  34.959  14.658  -35.761 0.2857142985
202493  34.941  14.384  -37.692 0.1428571492
200967  34.218  14.849  -38.081 0.1428571492
201694  34.147  14.949  -39.171 0.1428571492
135216  31.418  16.473  -39.028 0.2857142985
200969  34.422  15.198  -39.107 0.1428571492
135207  32.537  16.873  -37.726 0.1428571492
135198  32.974  17.191  -36.579 0.1428571492
204204  34.465  16.100  -37.309 0.1428571492
236833  33.594  17.421  -35.020 0.1428571492
136279  33.103  17.752  -35.306 0.1428571492
137423  34.118  18.351  -34.477 0.1428571492
129785  34.377  12.719  -32.059 0.4285714328
129792  34.651  12.977  -32.553 0.4285714328
129804  34.664  13.431  -33.472 0.4285714328
130852  35.007  13.608  -34.531 0.4285714328
130853  34.400  13.837  -34.106 0.5714285970
131936  34.317  14.762  -35.216 0.5714285970
92188  21.531  -12.447  -19.103 0.1428571492
92201  20.446  -11.759  -19.192 0.1428571492
91010  20.263  -12.750  -18.542 0.1428571492
91004  19.094  -13.224  -18.573 0.1428571492
93390  20.848  -11.670  -20.779 0.4285714328
231468  20.440  -11.335  -19.582 0.2857142985
94592  21.052  -11.370  -21.151 0.5714285970
237953  23.050  -11.718  -20.043 0.1428571492
94609  23.282  -10.568  -20.960 0.1428571492
95825  24.484  -10.117  -21.392 0.1428571492
98461  26.824  -8.683  -22.344 0.2857142985
232023  27.802  -2.162  -27.387 0.7142857313
111066  29.987  -0.181  -28.914 0.8571428657
112131  29.111  -0.455  -28.498 0.8571428657
113203  31.054  0.974  -29.471 0.5714285970
215852  31.344  1.944  -30.237 0.5714285970
115359  31.239  3.081  -31.279 0.1428571492
225344  32.620  6.444  -32.557 0.5714285970
116498  30.382  3.870  -29.708 0.8571428657
118652  30.803  5.358  -30.990 0.8571428657
120993  32.004  6.839  -32.257 0.8571428657
124589  31.822  8.715  -32.009 0.8571428657
123432  31.730  7.781  -31.828 0.8571428657
122220  30.745  7.917  -31.698 0.8571428657
124599  32.045  9.127  -32.493 0.8571428657
128835  33.075  11.904  -32.399 0.8571428657
201344  35.024  14.620  -38.677 0.1428571492
133045  32.881  14.976  -38.054 0.5714285970
133033  33.166  14.923  -36.883 0.5714285970
133031  35.715  15.982  -36.774 0.1428571492
133053  32.295  15.698  -39.417 0.4285714328
134139  33.031  16.296  -39.315 0.1428571492
210472  35.201  17.162  -35.464 0.1428571492
208101  35.561  16.428  -36.214 0.1428571492
134146  33.366  15.617  -39.662 0.1428571492
135183  33.835  16.936  -35.325 0.1428571492
97175  27.032  -9.697  -21.647 0.1428571492
128834  33.764  12.417  -32.210 0.5714285970
95828  21.920  -10.231  -21.663 0.4285714328
101196  25.787  -7.146  -23.355 0.5714285970
135208  31.525  17.083  -38.344 0.1428571492
101215  24.369  -7.268  -24.190 0.5714285970
101217  23.070  -6.967  -23.799 0.5714285970
101218  22.111  -7.116  -23.957 0.2857142985
101230  24.663  -6.698  -24.214 0.5714285970
102540  23.371  -6.564  -24.258 0.5714285970
99791  22.327  -7.840  -23.294 0.4285714328
101231  24.069  -6.793  -24.478 0.5714285970
101219  20.874  -6.832  -24.139 0.2857142985
102557  22.013  -6.281  -24.512 0.4285714328
103795  26.345  -6.525  -25.673 0.4285714328
103797  24.753  -5.696  -24.881 0.5714285970
103798  23.957  -5.744  -25.111 0.5714285970
103815  22.702  -5.138  -25.344 0.4285714328
218531  25.976  -5.574  -25.655 0.5714285970
105095  24.784  -4.450  -25.653 0.5714285970
103813  24.415  -5.029  -25.267 0.4285714328
234960  25.725  -4.631  -26.455 0.7142857313
244730  24.722  -4.111  -26.073 0.4285714328
220579  25.725  -4.104  -26.499 0.4285714328
102556  22.741  -6.083  -24.654 0.4285714328
103778  21.396  -5.963  -24.418 0.2857142985
102543  20.916  -6.311  -24.323 0.2857142985
103814  23.518  -5.138  -25.438 0.4285714328
103827  26.128  -5.131  -26.198 0.7142857313
106352  26.432  -2.988  -26.413 0.7142857313
108752  24.898  -2.163  -26.343 0.4285714328
109910  25.723  -1.533  -26.270 0.7142857313
237881  25.280  -1.126  -26.168 0.5714285970
111028  25.599  -0.794  -26.131 0.7142857313
111029  24.898  -0.800  -26.142 0.2857142985
216923  26.969  -3.156  -26.642 0.5714285970
107565  26.922  -2.792  -26.752 0.5714285970
108751  25.970  -2.175  -26.580 0.7142857313
111039  27.361  -0.741  -26.917 0.7142857313
112116  26.443  0.287  -26.646 0.7142857313
211027  27.018  0.768  -26.796 0.7142857313
113174  26.140  1.144  -26.780 0.7142857313
112117  25.622  0.446  -26.633 0.4285714328
113192  26.162  1.764  -27.239 0.4285714328
202284  28.609  -1.902  -28.127 0.5714285970
109909  27.336  -1.930  -26.867 0.5714285970
111038  28.344  -0.840  -27.844 0.5714285970
112115  27.641  0.313  -27.207 0.5714285970
113172  27.514  1.025  -27.195 0.7142857313
114226  27.239  1.561  -27.272 0.7142857313
115325  27.778  2.492  -27.088 0.7142857313
113191  26.658  1.803  -27.239 0.7142857313
114242  26.267  2.228  -27.310 0.5714285970
116472  26.971  3.454  -27.425 0.5714285970
222138  29.589  0.364  -29.255 0.7142857313
113170  28.921  0.325  -28.172 0.5714285970
113171  28.132  0.525  -27.760 0.5714285970
113190  28.584  1.046  -27.952 0.7142857313
114225  27.986  1.272  -27.382 0.7142857313
115324  28.350  2.665  -27.433 0.8571428657
116471  28.636  3.065  -27.843 0.7142857313
116484  28.517  3.734  -27.647 0.7142857313
117564  28.720  4.264  -28.047 0.7142857313
117551  27.366  3.985  -27.376 0.5714285970
117565  27.969  4.273  -27.508 0.7142857313
113189  29.083  0.798  -28.461 0.5714285970
114239  28.552  1.884  -27.304 0.7142857313
240669  28.964  2.760  -28.425 0.8571428657
116483  29.025  3.463  -28.331 0.8571428657
117580  29.308  4.775  -27.682 0.7142857313
118620  27.944  5.362  -27.679 0.5714285970
119722  28.617  6.205  -27.996 0.2857142985
115339  29.389  2.746  -28.852 0.7142857313
117563  29.848  4.096  -27.820 0.7142857313
244734  28.811  7.252  -28.739 0.7142857313
244234  29.859  3.635  -29.377 0.7142857313
117579  30.056  4.741  -27.987 0.8571428657
118636  28.836  5.270  -27.685 0.8571428657
120963  30.290  7.088  -29.074 0.8571428657
119721  29.605  5.868  -28.187 0.8571428657
224834  29.175  6.490  -28.462 0.5714285970
120977  29.889  6.914  -28.722 0.8571428657
122194  29.753  7.547  -28.914 0.8571428657
118635  30.078  5.204  -28.417 0.8571428657
120976  30.039  6.470  -29.609 0.8571428657
122192  30.541  8.233  -30.220 0.8571428657
122193  30.309  7.753  -29.903 0.8571428657
123433  30.632  8.548  -31.372 0.8571428657
123416  30.351  8.746  -29.843 0.7142857313
127849  31.139  11.233  -33.238 0.7142857313
128837  31.376  11.721  -33.497 0.5714285970
127850  30.780  11.371  -33.028 0.7142857313
226567  30.900  11.760  -33.392 0.7142857313
128845  31.653  12.359  -33.556 0.7142857313
129807  31.931  13.156  -33.464 0.8571428657
131923  32.040  14.565  -33.375 0.7142857313
128846  30.874  12.970  -33.831 0.7142857313
131924  31.569  15.047  -33.417 0.7142857313
133013  31.567  15.307  -33.635 0.7142857313
131925  30.742  14.893  -33.406 0.5714285970
131932  32.338  14.333  -33.651 0.7142857313
237843  32.184  15.040  -34.707 0.7142857313
133006  30.962  15.420  -33.483 0.5714285970
134093  32.102  15.755  -34.487 0.4285714328
134094  31.455  15.584  -34.205 0.5714285970
133014  30.918  15.652  -33.844 0.5714285970
131938  32.494  14.445  -35.036 0.5714285970
205430  31.403  15.900  -35.230 0.5714285970
134101  31.164  15.783  -34.838 0.5714285970
134095  30.917  15.951  -34.339 0.5714285970
133007  30.457  15.819  -33.419 0.4285714328
133008  30.168  15.937  -32.884 0.5714285970
131926  30.313  15.249  -33.165 0.4285714328
134096  30.290  17.035  -33.907 0.5714285970
134090  30.512  16.357  -33.753 0.5714285970
134112  30.794  16.221  -35.542 0.5714285970
134087  29.827  16.586  -32.775 0.4285714328
131920  29.549  14.820  -32.328 0.4285714328
218794  30.125  16.990  -33.284 0.5714285970
215957  30.232  16.372  -33.196 0.5714285970
135162  28.939  17.224  -32.640 0.4285714328
106379  28.697  -3.741  -26.984 0.2857142985
112113  28.650  -0.287  -27.986 0.5714285970
136254  29.806  17.936  -33.677 0.2857142985
135165  29.795  17.420  -33.155 0.4285714328
99789  23.880  -8.243  -23.796 0.5714285970
98482  22.679  -8.365  -22.963 0.5714285970
101228  25.913  -6.718  -24.353 0.2857142985
242954  25.775  -6.908  -23.898 0.4285714328
99801  22.724  -7.479  -23.606 0.5714285970
101227  26.546  -6.723  -24.615 0.2857142985
212174  25.835  -6.414  -24.650 0.5714285970
217630  21.212  -7.145  -23.824 0.2857142985
210119  22.484  -5.543  -24.989 0.4285714328
105096  23.863  -4.570  -25.785 0.4285714328
106354  24.233  -4.044  -26.032 0.5714285970
224142  21.189  -5.487  -24.810 0.2857142985
103816  21.858  -5.119  -25.053 0.2857142985
107567  25.420  -2.849  -26.565 0.5714285970
108747  29.607  -2.029  -26.397 0.2857142985
109929  23.966  -1.001  -27.309 0.2857142985
224535  25.922  -0.153  -26.529 0.7142857313
218414  29.117  5.665  -27.848 0.7142857313
125729  31.062  9.995  -31.582 0.7142857313
126851  30.980  10.857  -32.768 0.7142857313
125730  30.345  10.325  -31.369 0.7142857313
130848  30.976  14.009  -33.775 0.7142857313
204008  33.019  14.628  -35.400 0.5714285970
133011  32.330  15.505  -34.955 0.5714285970
133020  32.741  15.318  -35.560 0.5714285970
133021  32.223  15.725  -36.264 0.5714285970
231978  30.589  16.582  -34.381 0.5714285970
135175  30.103  16.979  -34.824 0.2857142985
106355  23.358  -3.787  -25.852 0.4285714328
101213  26.312  -7.201  -24.138 0.2857142985
111037  28.751  -1.006  -28.441 0.7142857313
108749  27.413  -2.553  -27.121 0.5714285970
230889  29.169  2.116  -28.845 0.7142857313
114238  28.990  1.507  -28.519 0.7142857313
119720  29.792  5.705  -29.148 0.7142857313
130856  32.315  14.110  -33.456 0.8571428657
236038  26.898  -4.319  -26.236 0.5714285970
106370  26.487  -3.651  -26.148 0.5714285970
124563  30.134  9.170  -30.314 0.7142857313
204285  27.899  -1.393  -27.343 0.5714285970
101214  25.104  -6.798  -23.923 0.5714285970
101216  23.755  -7.275  -24.244 0.5714285970
99800  23.959  -7.753  -24.139 0.4285714328
233871  22.027  -7.353  -23.528 0.5714285970
102542  21.541  -6.626  -24.189 0.4285714328
102553  25.146  -6.178  -24.411 0.5714285970
102555  23.640  -6.240  -24.804 0.5714285970
102554  24.352  -6.276  -24.614 0.5714285970
103799  23.190  -5.577  -24.945 0.4285714328
103800  21.977  -5.660  -24.595 0.4285714328
103812  25.247  -5.061  -25.152 0.5714285970
105098  22.202  -4.567  -25.411 0.4285714328
106372  25.301  -3.582  -26.464 0.5714285970
107568  24.727  -2.969  -26.188 0.4285714328
106371  25.853  -3.311  -26.515 0.5714285970
215066  25.545  -2.362  -26.714 0.7142857313
207978  25.340  -1.992  -26.575 0.5714285970
109912  24.793  -1.600  -27.020 0.4285714328
108753  24.030  -1.794  -26.319 0.4285714328
202983  24.062  -2.542  -26.046 0.4285714328
205001  26.575  -1.750  -26.525 0.7142857313
111027  26.338  -1.160  -26.462 0.7142857313
111030  24.429  -0.914  -26.916 0.2857142985
111040  26.577  -0.550  -26.647 0.7142857313
223185  27.834  -0.469  -27.233 0.7142857313
217573  27.173  -0.050  -26.869 0.7142857313
113173  26.824  1.463  -27.173 0.7142857313
112114  28.147  -0.138  -27.602 0.5714285970
114241  27.065  2.271  -27.001 0.7142857313
231239  27.242  2.892  -27.158 0.7142857313
116485  27.880  3.351  -27.416 0.7142857313
117566  26.663  4.046  -27.627 0.2857142985
118637  28.458  5.669  -27.763 0.5714285970
119723  27.731  5.946  -27.808 0.2857142985
119735  29.483  6.099  -29.156 0.8571428657
243679  31.292  12.796  -33.749 0.7142857313
129808  31.132  13.384  -33.932 0.7142857313
131933  31.957  14.847  -33.571 0.8571428657
134102  30.496  16.375  -35.124 0.7142857313
220573  30.117  17.532  -33.512 0.5714285970
241912  29.702  16.990  -32.979 0.4285714328
217406  21.676  -4.056  -25.552 0.1428571492
107547  22.807  -3.425  -25.814 0.4285714328
94569  20.553  -10.853  -20.246 0.4285714328
101193  28.506  -6.947  -22.931 0.1428571492
101211  27.360  -6.785  -23.652 0.1428571492
102524  28.017  -6.440  -23.286 0.1428571492
103809  28.303  -5.216  -25.551 0.1428571492
103823  28.476  -4.835  -26.079 0.1428571492
102538  28.447  -6.000  -23.691 0.1428571492
105080  29.168  -4.429  -24.937 0.1428571492
103794  28.577  -5.359  -24.818 0.1428571492
103777  28.824  -5.536  -24.086 0.1428571492
106351  29.294  -3.721  -25.659 0.1428571492
108766  30.060  -1.819  -27.022 0.2857142985
109924  30.488  -1.559  -27.476 0.1428571492
138512  32.930  19.497  -33.811 0.1428571492
124548  29.841  9.034  -29.922 0.4285714328
139620  31.949  20.242  -34.247 0.1428571492
136280  32.295  18.060  -35.802 0.1428571492
126842  30.097  10.960  -31.017 0.4285714328
126852  30.682  10.749  -31.738 0.5714285970
128825  30.301  11.935  -32.749 0.4285714328
138543  29.283  19.268  -36.857 0.2857142985
135187  29.383  16.849  -35.907 0.2857142985
134130  30.205  16.580  -36.651 0.2857142985
135211  30.358  16.896  -37.702 0.2857142985
127815  29.134  12.015  -30.816 0.1428571492
129809  30.596  13.571  -33.984 0.5714285970
137426  28.954  18.154  -35.610 0.2857142985
134128  31.494  16.015  -37.271 0.4285714328
129787  29.858  13.138  -31.942 0.4285714328
130839  30.521  13.926  -33.381 0.5714285970
136282  29.646  17.860  -35.759 0.2857142985
130834  29.649  13.710  -32.063 0.4285714328
136260  29.767  18.462  -34.339 0.1428571492
135176  29.834  17.290  -35.332 0.1428571492
136271  29.874  18.136  -34.994 0.1428571492
130841  29.391  14.258  -32.095 0.1428571492
240029  30.083  14.852  -32.705 0.4285714328
136255  29.281  17.709  -33.432 0.1428571492
136261  29.411  18.354  -33.922 0.1428571492
137415  28.836  18.860  -34.621 0.1428571492
136256  28.297  17.688  -33.105 0.2857142985
136248  28.439  17.608  -31.611 0.1428571492
136262  28.462  18.030  -33.706 0.1428571492
137416  28.456  18.773  -34.295 0.1428571492
213147  27.800  17.782  -32.962 0.1428571492
137402  27.097  18.002  -33.251 0.1428571492
137406  27.512  18.209  -33.720 0.1428571492
138502  26.937  18.873  -32.719 0.1428571492
95830  20.788  -10.491  -21.328 0.4285714328
98450  20.086  -8.726  -21.569 0.2857142985
99783  28.192  -7.491  -22.705 0.1428571492
107546  29.287  -3.257  -25.950 0.1428571492
125718  29.980  10.388  -30.891 0.2857142985
131945  33.236  14.715  -36.021 0.4285714328
134150  30.373  16.433  -38.616 0.2857142985
137427  28.646  18.728  -35.935 0.2857142985
136293  30.194  17.884  -36.937 0.2857142985
138515  28.840  19.685  -34.303 0.2857142985
98422  20.194  -8.799  -21.137 0.2857142985
95822  26.643  -10.019  -21.156 0.1428571492
95808  26.347  -10.599  -20.900 0.1428571492
98444  28.209  -8.358  -21.809 0.1428571492
99769  27.814  -7.973  -22.363 0.1428571492
107563  29.027  -3.117  -26.734 0.1428571492
129782  29.493  13.269  -31.478 0.1428571492
125700  29.770  9.776  -30.451 0.4285714328
129781  29.743  12.933  -31.202 0.2857142985
131919  30.540  14.543  -33.067 0.5714285970
138535  28.692  19.169  -36.355 0.2857142985
137445  29.630  18.651  -36.337 0.2857142985
135210  30.381  16.748  -38.497 0.2857142985
136302  30.383  17.324  -37.805 0.2857142985
138542  30.112  19.047  -36.562 0.2857142985
138531  30.727  19.340  -35.972 0.1428571492
138523  30.568  19.886  -35.524 0.1428571492
137434  32.174  18.677  -35.292 0.1428571492
137407  27.252  18.900  -34.089 0.2857142985
138524  28.635  19.622  -35.469 0.2857142985
137435  31.408  18.965  -35.523 0.1428571492
137425  32.066  19.250  -34.916 0.1428571492
135199  32.218  17.715  -36.738 0.1428571492
136291  31.467  18.222  -36.886 0.1428571492
218107  30.790  -0.887  -27.701 0.2857142985
133054  31.430  15.978  -38.866 0.4285714328
138533  29.220  19.862  -36.454 0.2857142985
135200  31.232  17.547  -37.807 0.2857142985
136292  30.662  17.874  -37.373 0.1428571492
95829  21.116  -10.289  -21.623 0.4285714328
94594  20.659  -10.965  -21.039 0.4285714328
108767  29.215  -1.984  -27.320 0.4285714328
245248  32.883  15.365  -36.342 0.4285714328
233424  31.488  15.832  -38.291 0.2857142985
135209  30.755  16.865  -38.664 0.2857142985
127839  30.513  11.372  -32.151 0.4285714328
129796  30.597  13.345  -33.687 0.5714285970
130849  30.627  14.071  -33.752 0.5714285970
134129  30.761  16.379  -37.136 0.2857142985
125717  30.554  9.743  -31.109 0.5714285970
240757  30.554  13.714  -34.015 0.5714285970
130840  30.102  14.263  -32.483 0.5714285970
135186  29.526  16.494  -35.797 0.2857142985
103808  28.824  -4.922  -25.300 0.1428571492
101210  28.797  -6.344  -23.133 0.1428571492
106336  29.452  -3.943  -25.102 0.1428571492
127840  30.048  11.440  -31.292 0.2857142985
137436  28.777  18.277  -36.433 0.2857142985
136294  29.819  17.772  -36.130 0.2857142985
135201  29.464  16.413  -36.136 0.2857142985
134140  30.442  16.535  -38.007 0.2857142985
245502  29.703  12.512  -31.209 0.2857142985
129786  30.429  12.877  -32.587 0.4285714328
129797  30.355  13.565  -32.529 0.4285714328
97158  20.248  -9.370  -20.782 0.2857142985
106350  29.786  -3.336  -25.373 0.1428571492
125683  29.535  9.281  -29.888 0.2857142985
137444  30.452  18.403  -36.660 0.2857142985
238875  30.991  18.571  -36.846 0.2857142985
138522  31.346  19.571  -35.198 0.1428571492
115326  26.505  2.865  -27.320 0.4285714328
119707  27.250  5.621  -27.897 0.2857142985
140598  28.282  21.110  -33.851 0.1428571492
139631  28.955  20.163  -35.479 0.1428571492
140586  28.758  21.873  -32.989 0.1428571492
139609  26.528  19.654  -32.931 0.1428571492
141602  27.680  21.696  -33.496 0.1428571492
139622  28.624  20.332  -34.176 0.1428571492
139621  28.981  20.305  -34.604 0.1428571492
139612  27.435  20.003  -33.411 0.1428571492
216794  26.697  20.220  -33.026 0.1428571492
139623  27.813  20.297  -33.949 0.1428571492
141593  27.112  21.721  -33.145 0.1428571492
141592  27.698  22.457  -33.112 0.1428571492
138516  28.161  19.659  -34.199 0.1428571492
140590  27.405  20.881  -33.319 0.1428571492
141586  27.271  21.860  -31.826 0.1428571492
215139  27.229  4.515  -27.612 0.2857142985
140587  26.532  20.922  -32.826 0.1428571492
215814  27.381  22.539  -32.919 0.1428571492
141588  28.999  22.399  -32.598 0.1428571492
103810  27.082  -5.591  -25.799 0.2857142985
139639  29.131  20.283  -36.075 0.1428571492
213254  28.976  20.834  -34.179 0.1428571492
140607  29.255  20.908  -34.816 0.1428571492
141589  26.965  21.736  -32.768 0.1428571492
243293  26.601  21.273  -32.346 0.1428571492
103811  26.510  -5.878  -25.926 0.4285714328
98465  23.282  -8.479  -22.236 0.4285714328
97198  23.778  -9.320  -22.208 0.2857142985
97177  24.793  -9.596  -21.725 0.1428571492
98480  24.168  -8.776  -23.415 0.2857142985
98464  23.916  -9.099  -22.895 0.1428571492
98479  24.871  -8.509  -23.232 0.2857142985
98446  23.112  -8.731  -21.922 0.2857142985
99787  25.291  -7.896  -23.400 0.2857142985
98466  22.471  -8.866  -22.647 0.4285714328
98463  24.565  -8.830  -22.686 0.1428571492
97178  24.029  -9.820  -21.924 0.1428571492
99788  24.548  -8.182  -23.656 0.2857142985
99790  23.143  -8.046  -23.470 0.4285714328
98481  23.552  -8.575  -23.233 0.2857142985
222077  29.718  11.899  -31.810 0.2857142985
98448  21.437  -8.861  -21.817 0.2857142985
97182  20.836  -9.528  -21.751 0.2857142985
98447  22.153  -9.218  -22.273 0.2857142985
99772  21.195  -8.106  -21.812 0.2857142985
98467  22.095  -8.784  -22.508 0.2857142985
106373  24.046  -3.348  -26.085 0.2857142985
112118  24.774  0.386  -26.803 0.1428571492
113176  24.396  0.956  -27.402 0.1428571492
113193  25.568  1.609  -27.020 0.2857142985
208693  25.792  2.610  -27.791 0.1428571492
119708  26.540  5.567  -28.128 0.1428571492
120965  27.261  6.584  -28.167 0.1428571492
122205  27.948  7.551  -28.347 0.1428571492
120979  27.535  7.031  -28.154 0.1428571492
123399  29.103  8.063  -28.972 0.1428571492
123400  28.346  8.450  -28.757 0.1428571492
126823  29.404  11.197  -30.496 0.1428571492
127827  29.527  11.501  -30.733 0.1428571492
131927  29.813  15.383  -32.670 0.1428571492
133002  29.799  16.175  -32.412 0.1428571492
133003  29.315  15.458  -32.174 0.1428571492
134084  29.794  16.700  -31.995 0.1428571492
135160  29.503  16.868  -32.430 0.1428571492
95811  20.576  -10.159  -20.837 0.2857142985
97180  22.507  -9.501  -21.770 0.1428571492
123398  30.010  8.265  -29.529 0.2857142985
124550  28.252  8.976  -28.902 0.1428571492
226595  29.455  11.984  -31.121 0.1428571492
95790  20.465  -9.960  -19.961 0.2857142985
105097  23.029  -4.618  -25.722 0.2857142985
107569  23.391  -3.064  -25.977 0.2857142985
210941  23.354  -2.535  -26.553 0.2857142985
114227  24.963  1.439  -27.611 0.1428571492
115327  25.949  3.173  -27.734 0.1428571492
116486  25.976  3.705  -28.021 0.1428571492
209626  26.619  4.631  -27.778 0.1428571492
119725  26.039  6.044  -28.516 0.1428571492
119724  26.921  6.085  -28.164 0.1428571492
120980  27.087  7.256  -28.116 0.1428571492
122207  26.539  7.883  -28.346 0.1428571492
124549  29.023  9.186  -29.462 0.1428571492
126809  29.155  11.383  -30.078 0.1428571492
107570  22.599  -3.081  -26.492 0.2857142985
97181  21.631  -9.660  -21.888 0.2857142985
114243  25.532  1.992  -27.589 0.1428571492
120978  28.328  6.891  -28.220 0.1428571492
131915  28.902  14.718  -31.843 0.1428571492
106356  22.522  -3.946  -25.615 0.1428571492
206210  28.764  8.623  -29.256 0.1428571492
126808  29.596  10.463  -30.353 0.1428571492
98449  20.466  -8.830  -21.644 0.2857142985
108771  23.184  -1.769  -26.895 0.1428571492
123418  27.827  7.987  -28.609 0.1428571492
120967  25.782  6.750  -28.821 0.1428571492
97136  20.283  -9.241  -19.790 0.1428571492
98405  19.612  -8.661  -19.577 0.1428571492
98404  20.404  -8.734  -20.179 0.1428571492
111054  31.177  -0.367  -28.027 0.1428571492
207631  32.060  -0.424  -27.874 0.1428571492
129791  35.355  12.793  -32.785 0.1428571492
95773  19.211  -10.432  -19.392 0.1428571492
205335  19.953  -8.395  -21.541 0.1428571492
99755  20.050  -8.350  -21.831 0.1428571492
99771  21.904  -8.077  -22.728 0.1428571492
101220  20.602  -6.987  -23.805 0.1428571492
128823  34.719  12.354  -31.695 0.1428571492
129803  35.282  13.179  -33.336 0.1428571492
101232  20.620  -6.580  -24.115 0.1428571492
127837  34.302  11.984  -31.390 0.1428571492
94570  20.304  -10.503  -19.399 0.1428571492
112129  31.680  0.088  -28.386 0.1428571492
101198  21.658  -7.327  -22.946 0.1428571492
97183  20.370  -9.153  -21.399 0.1428571492
95791  20.009  -9.755  -19.414 0.1428571492
99792  21.202  -7.616  -22.420 0.1428571492
91011  18.961  -12.766  -18.770 0.1428571492
92171  21.078  -12.711  -18.684 0.1428571492
92190  20.159  -12.092  -18.969 0.1428571492
92200  21.051  -12.029  -19.635 0.1428571492
93355  23.109  -12.015  -19.518 0.1428571492
93371  23.744  -11.890  -20.016 0.1428571492
93373  21.592  -12.140  -19.878 0.1428571492
93386  24.099  -11.747  -20.247 0.2857142985
93391  20.673  -11.480  -20.672 0.4285714328
94590  22.911  -11.242  -20.881 0.4285714328
94593  20.758  -11.391  -21.137 0.5714285970
95810  24.885  -10.455  -20.787 0.2857142985
95826  23.693  -10.156  -21.430 0.2857142985
97176  25.676  -9.725  -21.896 0.2857142985
97197  24.215  -9.366  -22.290 0.1428571492
98462  25.309  -8.660  -22.566 0.1428571492
98477  26.407  -8.177  -22.844 0.2857142985
99797  26.493  -7.678  -23.883 0.2857142985
99798  24.854  -7.465  -23.713 0.5714285970
99799  24.320  -7.792  -23.942 0.4285714328
101194  27.827  -7.195  -23.222 0.1428571492
101197  23.492  -7.694  -23.874 0.5714285970
101229  25.318  -6.585  -24.199 0.5714285970
102541  22.454  -6.669  -24.328 0.4285714328
102550  28.052  -5.615  -25.092 0.2857142985
102551  27.133  -6.249  -24.704 0.2857142985
102552  26.361  -6.636  -25.216 0.2857142985
103796  25.646  -5.773  -24.790 0.5714285970
103824  28.095  -5.140  -26.207 0.5714285970
103826  26.824  -5.055  -26.202 0.5714285970
103828  25.579  -4.832  -26.078 0.5714285970
105094  28.999  -4.308  -25.718 0.1428571492
105110  26.204  -4.553  -26.385 0.4285714328
105111  25.252  -4.209  -26.278 0.7142857313
105119  28.245  -4.037  -26.924 0.7142857313
105120  27.894  -4.246  -26.832 0.7142857313
106335  30.396  -3.227  -24.808 0.1428571492
106353  24.726  -3.719  -26.178 0.4285714328
106368  29.057  -3.813  -26.346 0.2857142985
106369  27.310  -3.774  -26.487 0.5714285970
107566  26.090  -2.676  -26.599 0.7142857313
107581  28.081  -3.184  -27.586 0.7142857313
108748  29.221  -2.387  -26.708 0.1428571492
108750  26.757  -2.392  -26.620 0.7142857313
109911  24.868  -1.615  -26.842 0.5714285970
109927  28.498  -1.496  -28.171 0.5714285970
109928  27.076  -1.252  -26.721 0.7142857313
109942  29.183  -1.155  -28.294 0.8571428657
112103  25.215  -0.179  -26.461 0.7142857313
113175  25.241  1.025  -26.984 0.2857142985
113206  29.300  0.875  -29.286 0.5714285970
114240  27.714  1.896  -27.074 0.7142857313
114251  29.793  1.564  -29.881 0.8571428657
115323  28.646  2.339  -28.193 0.8571428657
116473  26.387  3.469  -27.596 0.2857142985
116505  31.051  3.743  -31.108 0.4285714328
117562  29.841  4.141  -29.034 0.7142857313
117567  26.071  4.340  -28.115 0.1428571492
117578  30.226  4.743  -29.109 0.8571428657
117589  33.692  5.245  -32.276 0.1428571492
117599  33.643  4.701  -32.977 0.1428571492
118619  28.327  4.820  -27.799 0.7142857313
118621  27.057  5.094  -27.859 0.2857142985
118634  30.204  5.260  -29.377 0.8571428657
119732  33.192  5.926  -31.500 0.1428571492
119734  30.188  5.767  -29.676 0.8571428657
119745  32.527  6.103  -32.450 0.5714285970
120964  27.802  6.528  -28.074 0.2857142985
120966  26.652  6.748  -28.327 0.1428571492
122204  30.645  7.939  -30.617 0.8571428657
122206  27.234  7.654  -28.022 0.1428571492
122218  32.249  7.423  -32.057 0.4285714328
122227  30.987  7.896  -32.028 0.8571428657
123415  30.544  8.755  -30.320 0.7142857313
123417  28.414  7.926  -28.687 0.1428571492
124578  33.007  8.829  -31.804 0.5714285970
124579  30.437  9.166  -31.050 0.8571428657
124600  31.850  9.162  -32.380 0.8571428657
125699  30.107  9.690  -30.835 0.4285714328
125737  32.325  9.441  -32.545 0.8571428657
126850  31.425  10.303  -32.213 0.7142857313
127838  33.261  11.212  -32.164 0.5714285970
128804  29.270  12.444  -31.057 0.2857142985
128826  29.853  12.501  -31.917 0.4285714328
128833  35.037  12.590  -32.184 0.1428571492
128838  30.752  12.483  -33.430 0.7142857313
129793  33.932  12.977  -32.493 0.5714285970
130846  32.529  13.729  -33.251 0.8571428657
130847  31.937  13.987  -33.377 0.7142857313
130854  33.416  13.959  -34.064 0.8571428657
130862  34.689  14.212  -34.764 0.2857142985
131939  32.154  14.375  -34.468 0.5714285970
131949  34.962  14.662  -36.599 0.2857142985
131968  33.079  14.799  -40.039 0.1428571492
131973  33.602  15.096  -39.592 0.1428571492
131974  33.025  15.170  -40.183 0.1428571492
131975  32.889  15.106  -40.304 0.1428571492
131980  33.013  15.139  -40.253 0.1428571492
133012  32.021  15.096  -34.183 0.7142857313
133032  35.242  15.667  -37.381 0.1428571492
133047  30.617  16.129  -38.472 0.2857142985
133058  32.925  15.220  -40.239 0.1428571492
134100  31.836  15.883  -34.793 0.4285714328
134108  35.017  16.749  -35.899 0.1428571492
134109  34.275  16.896  -35.961 0.1428571492
134110  32.113  15.851  -35.370 0.5714285970
134111  31.378  16.118  -36.079 0.4285714328
134113  29.560  16.035  -35.941 0.2857142985
134125  35.078  16.201  -36.570 0.1428571492
134131  30.241  16.695  -36.962 0.2857142985
134147  32.423  15.992  -39.746 0.4285714328
134148  31.576  16.194  -39.145 0.4285714328
134149  30.726  16.380  -38.744 0.2857142985
135169  31.735  15.707  -34.539 0.5714285970
135170  29.932  17.622  -34.261 0.1428571492
135185  32.871  17.602  -35.959 0.1428571492
135197  33.520  16.648  -35.972 0.1428571492
135202  30.110  17.067  -36.687 0.2857142985
135215  32.193  16.528  -38.968 0.2857142985
136268  33.870  17.950  -34.727 0.1428571492
136270  32.936  18.466  -35.105 0.1428571492
136272  28.711  18.818  -36.439 0.2857142985
136281  31.539  18.573  -36.060 0.1428571492
136301  30.512  17.231  -38.202 0.2857142985
137443  30.853  18.847  -36.339 0.2857142985
137446  28.802  18.866  -36.860 0.2857142985
138534  28.831  19.701  -36.387 0.2857142985
138544  28.852  19.270  -36.809 0.2857142985
138545  28.726  19.238  -36.635 0.2857142985
139619  32.668  20.252  -34.038 0.1428571492
204199  34.860  13.187  -33.004 0.4285714328
209480  29.442  8.773  -29.443 0.1428571492
209675  20.647  -9.840  -21.352 0.1428571492
210409  28.315  -2.048  -27.758 0.7142857313
212315  32.782  14.284  -35.054 0.7142857313
215491  27.505  22.422  -32.040 0.1428571492
219057  29.607  5.239  -27.880 0.8571428657
225303  30.558  16.379  -36.192 0.2857142985
226542  33.546  14.480  -36.475 0.5714285970
228161  31.106  12.286  -33.677 0.7142857313
231029  32.989  16.587  -38.189 0.1428571492
236565  28.710  18.940  -36.661 0.2857142985
238187  29.958  -3.730  -24.787 0.1428571492
238526  32.844  15.437  -40.299 0.1428571492
239080  27.686  -5.884  -24.659 0.2857142985
240371  29.731  11.025  -30.668 0.1428571492
240590  32.614  16.083  -39.753 0.1428571492
242359  34.199  12.306  -31.819 0.4285714328
242571  24.337  -1.332  -26.910 0.4285714328
243930  20.579  -10.469  -20.507 0.4285714328
244047  28.731  -2.168  -27.877 0.7142857313
244379  27.706  4.845  -27.759 0.2857142985
244505  32.129  17.261  -37.449 0.1428571492
