#!ascii label  , from subject sub-v2s11x28730_ses-1 vox2ras=TkReg
395
255477  -28.812  -4.189  -35.261 0.0000000000
118258  -24.832  -7.248  -35.750 0.0000000000
119448  -29.317  -6.811  -33.196 0.0000000000
114493  -25.988  -10.181  -33.898 0.0000000000
137163  -34.107  5.577  -36.396 0.0000000000
131842  -33.788  2.313  -35.603 0.0000000000
128573  -28.704  -0.382  -37.158 0.0000000000
109375  -24.139  -13.538  -32.253 0.0000000000
115739  -25.516  -9.032  -34.829 0.0000000000
114490  -23.850  -9.967  -33.286 0.0000000000
134092  -33.752  3.937  -36.206 0.0000000000
132972  -31.897  3.103  -36.426 0.0000000000
124024  -26.056  -4.202  -37.298 0.0000000000
126224  -25.209  -2.359  -37.716 0.0000000000
125139  -28.817  -2.538  -36.226 0.0000000000
127352  -30.913  -0.738  -35.843 0.0000000000
254461  -30.916  -2.450  -34.746 0.0000000000
122879  -31.374  -4.309  -33.748 0.0000000000
121798  -23.626  -5.404  -36.265 0.0000000000
120691  -26.693  -5.514  -36.438 0.0000000000
121787  -28.864  -5.269  -34.214 0.0000000000
119459  -26.953  -7.407  -34.908 0.0000000000
118220  -27.746  -8.539  -33.430 0.0000000000
114468  -28.107  -10.223  -32.446 0.0000000000
130795  -28.786  1.809  -37.124 0.0000000000
224679  -31.268  1.061  -36.145 0.0000000000
129673  -33.395  0.398  -34.861 0.0000000000
226820  -23.048  -11.550  -32.606 0.0000000000
112064  -24.694  -11.781  -32.587 0.0000000000
115729  -22.935  -9.093  -34.231 0.0000000000
215107  -22.395  -9.549  -33.183 0.0000000000
134111  -31.828  3.698  -36.356 0.0000000000
135149  -30.047  3.605  -36.412 0.0000000000
122902  -27.175  -4.609  -36.291 0.0000000000
249661  -26.986  -3.329  -36.691 0.0000000000
222374  -28.564  -3.656  -35.983 0.0000000000
125127  -29.748  -2.569  -35.342 0.0000000000
123998  -29.668  -3.647  -34.991 0.0000000000
236871  -30.777  -3.514  -34.410 0.0000000000
122889  -29.885  -4.141  -34.659 0.0000000000
119471  -24.470  -6.376  -36.036 0.0000000000
121800  -25.358  -5.765  -36.763 0.0000000000
120701  -25.616  -6.401  -36.650 0.0000000000
120702  -26.940  -6.746  -35.866 0.0000000000
118260  -26.175  -7.562  -35.886 0.0000000000
210913  -25.984  -9.658  -34.519 0.0000000000
116977  -26.706  -8.884  -34.556 0.0000000000
114506  -26.644  -9.762  -34.113 0.0000000000
115708  -28.157  -9.612  -33.194 0.0000000000
114480  -27.199  -10.192  -33.003 0.0000000000
137173  -32.971  5.741  -36.205 0.0000000000
138298  -33.008  6.073  -36.211 0.0000000000
137175  -34.145  6.064  -36.556 0.0000000000
137179  -34.783  6.047  -36.947 0.0000000000
136135  -35.036  4.949  -36.608 0.0000000000
132956  -34.008  2.763  -35.641 0.0000000000
127356  -26.590  -1.562  -37.498 0.0000000000
128571  -27.007  -0.239  -37.569 0.0000000000
214141  -28.772  0.612  -37.065 0.0000000000
130786  -29.884  1.307  -36.104 0.0000000000
129712  -29.377  0.110  -36.113 0.0000000000
127345  -32.532  -0.642  -34.679 0.0000000000
128557  -32.103  -0.245  -35.148 0.0000000000
128543  -33.916  -0.281  -34.519 0.0000000000
119462  -28.982  -6.372  -33.645 0.0000000000
121776  -30.553  -5.642  -33.565 0.0000000000
109358  -23.288  -13.131  -31.488 0.0000000000
110713  -23.626  -12.381  -32.426 0.0000000000
112073  -23.797  -11.394  -32.842 0.0000000000
109376  -24.742  -12.918  -32.133 0.0000000000
230290  -23.684  -7.317  -35.010 0.0000000000
118248  -24.752  -7.934  -35.639 0.0000000000
116989  -24.353  -8.544  -35.202 0.0000000000
115731  -24.215  -9.637  -34.451 0.0000000000
113341  -24.710  -10.376  -33.798 0.0000000000
136132  -33.390  4.975  -36.274 0.0000000000
135129  -34.135  4.621  -36.234 0.0000000000
134091  -33.173  3.999  -36.311 0.0000000000
229565  -32.825  3.603  -36.297 0.0000000000
131840  -32.684  2.329  -36.028 0.0000000000
122913  -24.512  -4.226  -37.201 0.0000000000
124036  -25.875  -3.308  -37.557 0.0000000000
249502  -27.259  -2.507  -37.315 0.0000000000
127358  -28.493  -1.501  -36.581 0.0000000000
127360  -29.314  -0.691  -36.173 0.0000000000
126227  -29.395  -1.420  -35.583 0.0000000000
126218  -30.685  -1.554  -35.301 0.0000000000
126204  -32.415  -1.824  -34.169 0.0000000000
126192  -32.555  -2.423  -33.801 0.0000000000
108071  -24.605  -14.064  -31.291 0.0000000000
109346  -25.378  -13.691  -31.274 0.0000000000
122900  -24.686  -4.914  -37.453 0.0000000000
121820  -26.739  -5.152  -36.569 0.0000000000
211827  -27.350  -5.113  -36.205 0.0000000000
121803  -29.184  -4.902  -34.790 0.0000000000
121802  -27.737  -5.946  -35.537 0.0000000000
120675  -27.938  -6.226  -34.725 0.0000000000
119447  -28.538  -6.919  -33.269 0.0000000000
118249  -26.302  -8.174  -35.604 0.0000000000
118235  -27.328  -8.018  -33.772 0.0000000000
118221  -28.400  -7.669  -33.201 0.0000000000
116954  -28.702  -8.822  -32.832 0.0000000000
115695  -28.839  -9.319  -32.244 0.0000000000
135130  -34.849  4.483  -36.330 0.0000000000
132969  -30.051  2.497  -36.428 0.0000000000
131838  -31.296  1.641  -36.192 0.0000000000
130777  -32.795  1.584  -36.016 0.0000000000
129701  -31.246  0.249  -36.051 0.0000000000
130759  -32.568  0.921  -35.755 0.0000000000
130760  -33.898  1.550  -34.999 0.0000000000
210938  -30.361  -5.166  -33.994 0.0000000000
121777  -31.537  -5.234  -33.144 0.0000000000
114466  -22.676  -10.414  -32.291 0.0000000000
113329  -23.201  -10.586  -33.282 0.0000000000
113331  -24.638  -10.652  -33.078 0.0000000000
112076  -25.691  -11.164  -33.020 0.0000000000
109362  -25.568  -12.600  -31.776 0.0000000000
248133  -26.228  -11.586  -31.969 0.0000000000
113321  -26.373  -10.989  -32.831 0.0000000000
135148  -29.572  3.920  -36.882 0.0000000000
122904  -28.441  -4.162  -35.621 0.0000000000
124010  -27.730  -4.063  -35.986 0.0000000000
124012  -29.522  -3.224  -35.458 0.0000000000
124011  -29.060  -3.774  -35.444 0.0000000000
122888  -29.239  -4.270  -34.951 0.0000000000
119470  -24.385  -6.709  -35.606 0.0000000000
218983  -23.912  -6.001  -35.436 0.0000000000
120689  -24.908  -6.192  -36.511 0.0000000000
119482  -25.099  -6.839  -36.299 0.0000000000
119483  -25.824  -6.977  -36.347 0.0000000000
118259  -25.363  -7.454  -36.042 0.0000000000
114494  -26.640  -10.087  -33.412 0.0000000000
114495  -27.386  -9.775  -33.583 0.0000000000
137162  -33.526  5.408  -36.364 0.0000000000
137174  -33.543  5.953  -36.415 0.0000000000
136143  -34.737  5.453  -36.785 0.0000000000
136134  -34.492  5.125  -36.357 0.0000000000
132957  -34.536  3.064  -35.595 0.0000000000
132941  -34.402  2.540  -35.386 0.0000000000
131825  -34.150  2.071  -35.185 0.0000000000
236862  -27.511  -0.783  -37.271 0.0000000000
224071  -27.033  -0.919  -37.456 0.0000000000
251788  -27.379  -0.377  -37.536 0.0000000000
129709  -27.507  0.216  -37.763 0.0000000000
129710  -28.375  0.138  -37.336 0.0000000000
213053  -29.265  0.546  -36.733 0.0000000000
128574  -29.158  -0.349  -36.675 0.0000000000
127330  -32.914  -1.097  -34.156 0.0000000000
212672  -33.220  -0.440  -34.461 0.0000000000
120666  -29.686  -6.344  -33.658 0.0000000000
119449  -29.936  -6.697  -33.114 0.0000000000
109360  -24.147  -14.131  -32.108 0.0000000000
109359  -23.547  -13.810  -31.721 0.0000000000
110697  -23.741  -13.238  -32.170 0.0000000000
110714  -24.114  -12.771  -32.392 0.0000000000
118232  -23.275  -7.772  -34.759 0.0000000000
118247  -24.030  -7.917  -35.167 0.0000000000
116988  -23.743  -8.443  -34.798 0.0000000000
114504  -23.807  -9.784  -33.993 0.0000000000
115730  -23.508  -9.530  -34.448 0.0000000000
217290  -24.611  -10.000  -34.180 0.0000000000
114505  -24.277  -9.979  -33.866 0.0000000000
136141  -32.292  4.665  -36.165 0.0000000000
135127  -32.971  4.555  -36.271 0.0000000000
134112  -32.357  3.489  -36.349 0.0000000000
132954  -32.654  3.036  -36.231 0.0000000000
131855  -32.054  2.518  -36.369 0.0000000000
122914  -25.251  -4.670  -37.516 0.0000000000
232944  -27.701  -3.129  -36.710 0.0000000000
125150  -27.057  -2.971  -36.957 0.0000000000
125151  -27.871  -2.705  -37.059 0.0000000000
126239  -27.773  -1.948  -37.073 0.0000000000
126225  -28.425  -2.317  -36.770 0.0000000000
126226  -28.826  -1.809  -36.047 0.0000000000
126201  -30.452  -2.327  -35.006 0.0000000000
126202  -31.042  -2.007  -34.767 0.0000000000
126203  -31.668  -1.867  -34.421 0.0000000000
126191  -31.913  -2.372  -34.091 0.0000000000
245905  -31.589  -2.719  -34.053 0.0000000000
123984  -31.085  -3.887  -34.156 0.0000000000
123985  -31.638  -3.646  -33.804 0.0000000000
122880  -31.966  -4.060  -33.495 0.0000000000
108045  -24.496  -14.332  -30.704 0.0000000000
244266  -24.989  -14.415  -30.186 0.0000000000
122885  -24.068  -5.147  -36.849 0.0000000000
120690  -26.011  -5.798  -36.506 0.0000000000
121801  -25.933  -5.298  -36.782 0.0000000000
121812  -27.301  -5.573  -36.298 0.0000000000
121813  -27.975  -5.266  -35.578 0.0000000000
119473  -27.164  -7.013  -35.375 0.0000000000
120692  -27.473  -6.566  -35.455 0.0000000000
119460  -27.288  -6.771  -34.483 0.0000000000
119461  -27.969  -6.334  -33.679 0.0000000000
116990  -25.090  -8.514  -35.304 0.0000000000
117002  -25.591  -7.995  -35.617 0.0000000000
116991  -25.996  -8.571  -35.287 0.0000000000
116978  -27.302  -8.729  -34.047 0.0000000000
118234  -26.734  -8.090  -34.493 0.0000000000
245898  -27.884  -7.954  -33.401 0.0000000000
118207  -28.795  -8.099  -32.790 0.0000000000
252083  -28.305  -8.343  -33.146 0.0000000000
114482  -28.362  -9.783  -32.663 0.0000000000
115709  -28.483  -9.339  -32.833 0.0000000000
115683  -29.505  -9.572  -31.748 0.0000000000
134093  -34.422  3.711  -36.036 0.0000000000
126223  -24.685  -2.444  -37.474 0.0000000000
132985  -28.336  1.864  -36.451 0.0000000000
132987  -28.540  2.720  -36.238 0.0000000000
132968  -29.497  2.664  -36.893 0.0000000000
131851  -29.568  1.796  -36.809 0.0000000000
130775  -30.611  1.200  -36.194 0.0000000000
131853  -30.527  1.770  -36.202 0.0000000000
131839  -32.107  1.853  -36.313 0.0000000000
130776  -32.000  1.128  -36.287 0.0000000000
127351  -30.527  -0.763  -36.114 0.0000000000
128565  -30.629  -0.126  -36.231 0.0000000000
128566  -31.041  -0.331  -35.994 0.0000000000
216064  -32.317  0.384  -35.345 0.0000000000
129693  -32.981  0.654  -35.101 0.0000000000
218991  -33.277  1.228  -35.496 0.0000000000
129694  -33.673  0.870  -35.004 0.0000000000
130745  -34.325  1.108  -34.630 0.0000000000
121788  -29.782  -5.383  -34.565 0.0000000000
112061  -23.191  -12.071  -32.493 0.0000000000
113306  -22.864  -11.080  -32.082 0.0000000000
235782  -22.922  -10.902  -32.779 0.0000000000
113320  -23.311  -11.233  -32.998 0.0000000000
112074  -24.355  -11.174  -32.616 0.0000000000
112075  -25.020  -11.083  -32.757 0.0000000000
215605  -25.345  -11.644  -32.613 0.0000000000
222251  -25.254  -13.195  -31.611 0.0000000000
112065  -25.981  -11.448  -32.513 0.0000000000
116975  -23.043  -8.479  -34.599 0.0000000000
249548  -22.531  -8.787  -33.785 0.0000000000
231930  -22.635  -9.229  -33.636 0.0000000000
114489  -23.101  -9.784  -33.696 0.0000000000
135139  -31.800  4.368  -36.211 0.0000000000
136153  -31.078  4.714  -36.105 0.0000000000
135150  -30.575  3.838  -36.206 0.0000000000
134135  -31.051  3.260  -36.338 0.0000000000
122916  -26.578  -4.717  -36.681 0.0000000000
250015  -26.590  -4.147  -37.009 0.0000000000
124025  -27.054  -3.839  -36.484 0.0000000000
124026  -28.101  -3.419  -36.434 0.0000000000
124027  -28.755  -3.187  -36.301 0.0000000000
125126  -29.170  -2.845  -35.768 0.0000000000
125117  -30.053  -3.013  -34.978 0.0000000000
125118  -30.727  -2.921  -34.622 0.0000000000
125105  -31.285  -3.149  -34.151 0.0000000000
123999  -30.235  -3.530  -34.623 0.0000000000
122890  -30.503  -4.067  -34.431 0.0000000000
212596  -23.184  -5.876  -35.941 0.0000000000
120688  -24.158  -5.897  -36.076 0.0000000000
121799  -24.531  -5.704  -36.734 0.0000000000
214066  -26.371  -6.300  -36.220 0.0000000000
211084  -27.126  -6.144  -36.087 0.0000000000
119484  -26.442  -6.957  -36.003 0.0000000000
119472  -26.807  -7.318  -35.679 0.0000000000
116976  -26.333  -9.102  -34.940 0.0000000000
115733  -26.568  -9.411  -34.571 0.0000000000
115719  -27.088  -9.317  -34.110 0.0000000000
115720  -27.715  -9.282  -33.583 0.0000000000
249677  -27.919  -9.763  -33.438 0.0000000000
114481  -27.941  -10.009  -33.083 0.0000000000
136144  -35.407  4.952  -36.909 0.0000000000
134114  -33.916  3.299  -35.804 0.0000000000
219999  -26.119  -0.424  -37.121 0.0000000000
129708  -27.055  0.546  -38.035 0.0000000000
130783  -27.362  0.898  -38.017 0.0000000000
130785  -28.817  1.220  -37.036 0.0000000000
246584  -29.500  1.389  -36.525 0.0000000000
218116  -29.135  1.078  -36.949 0.0000000000
129699  -29.819  0.675  -36.138 0.0000000000
129700  -30.777  0.542  -36.192 0.0000000000
127344  -31.783  -0.839  -34.989 0.0000000000
211401  -31.359  -0.446  -35.381 0.0000000000
128558  -32.788  0.147  -34.633 0.0000000000
128542  -33.556  -0.029  -34.746 0.0000000000
120677  -29.497  -5.938  -34.183 0.0000000000
120678  -30.020  -5.829  -33.973 0.0000000000
120667  -30.171  -6.133  -33.369 0.0000000000
110696  -23.365  -12.514  -31.992 0.0000000000
112062  -23.406  -11.846  -32.808 0.0000000000
112063  -24.029  -12.009  -32.656 0.0000000000
237502  -24.514  -12.369  -32.459 0.0000000000
119469  -23.645  -6.552  -35.097 0.0000000000
219803  -24.247  -7.257  -35.375 0.0000000000
246965  -23.429  -8.974  -34.629 0.0000000000
115737  -24.040  -9.000  -34.610 0.0000000000
115738  -24.630  -9.056  -34.846 0.0000000000
115732  -24.996  -9.612  -34.496 0.0000000000
114492  -25.240  -10.096  -34.081 0.0000000000
137172  -31.637  5.568  -35.999 0.0000000000
136142  -32.722  5.143  -36.170 0.0000000000
136133  -33.944  5.117  -36.315 0.0000000000
135128  -33.563  4.561  -36.282 0.0000000000
134090  -32.515  4.033  -36.317 0.0000000000
134113  -33.280  3.446  -36.136 0.0000000000
132955  -33.345  2.759  -35.820 0.0000000000
131841  -33.216  2.136  -35.773 0.0000000000
125137  -25.208  -2.954  -37.675 0.0000000000
124037  -26.612  -3.539  -37.221 0.0000000000
125149  -26.495  -2.751  -37.510 0.0000000000
126237  -26.183  -2.177  -37.672 0.0000000000
126238  -26.907  -2.065  -37.428 0.0000000000
127357  -27.287  -1.366  -37.284 0.0000000000
223845  -28.023  -0.967  -36.893 0.0000000000
127349  -29.106  -1.199  -36.194 0.0000000000
127350  -29.674  -0.887  -35.809 0.0000000000
127341  -30.251  -1.243  -35.760 0.0000000000
126216  -29.241  -2.124  -35.600 0.0000000000
127343  -31.065  -0.943  -35.250 0.0000000000
127328  -31.325  -1.355  -34.781 0.0000000000
127329  -32.164  -1.324  -34.634 0.0000000000
126205  -33.214  -1.851  -33.843 0.0000000000
212988  -31.992  -2.989  -33.861 0.0000000000
119439  -29.649  -7.251  -32.753 0.0000000000
108085  -23.944  -14.348  -32.196 0.0000000000
109361  -24.603  -13.632  -31.806 0.0000000000
122886  -25.023  -5.340  -37.186 0.0000000000
122901  -25.349  -5.052  -37.309 0.0000000000
122915  -26.016  -4.838  -36.957 0.0000000000
122903  -27.841  -4.669  -35.820 0.0000000000
122887  -28.566  -4.629  -35.232 0.0000000000
245278  -28.532  -5.019  -34.713 0.0000000000
120693  -28.281  -5.517  -34.639 0.0000000000
120676  -28.514  -5.798  -33.941 0.0000000000
118250  -26.676  -7.923  -35.446 0.0000000000
118233  -26.560  -8.580  -35.272 0.0000000000
211419  -27.050  -7.443  -34.169 0.0000000000
118236  -27.679  -7.251  -33.578 0.0000000000
119438  -28.962  -7.371  -32.829 0.0000000000
116967  -28.187  -9.003  -33.141 0.0000000000
236034  -30.065  3.171  -36.530 0.0000000000
134134  -30.289  3.080  -36.165 0.0000000000
132970  -30.692  2.581  -36.282 0.0000000000
131852  -30.052  1.890  -36.293 0.0000000000
224662  -31.200  2.005  -36.338 0.0000000000
131854  -31.594  2.155  -36.386 0.0000000000
131824  -33.521  1.790  -35.589 0.0000000000
243729  -29.752  -0.340  -35.993 0.0000000000
128556  -31.629  0.067  -35.624 0.0000000000
129692  -31.902  0.578  -36.027 0.0000000000
130761  -34.565  1.757  -34.767 0.0000000000
122876  -29.715  -4.800  -34.804 0.0000000000
122877  -30.153  -4.706  -34.451 0.0000000000
122878  -30.720  -4.517  -34.026 0.0000000000
121789  -31.084  -5.061  -33.619 0.0000000000
122862  -31.704  -4.629  -33.248 0.0000000000
114479  -22.662  -10.258  -33.054 0.0000000000
113330  -23.956  -10.548  -32.728 0.0000000000
114491  -24.345  -10.214  -33.265 0.0000000000
113332  -25.327  -10.727  -33.565 0.0000000000
113333  -26.116  -10.620  -33.315 0.0000000000
110715  -25.077  -12.233  -32.344 0.0000000000
110716  -25.730  -11.958  -32.170 0.0000000000
113322  -26.988  -10.691  -32.601 0.0000000000
113334  -26.701  -10.553  -33.046 0.0000000000
120668  -30.559  -5.896  -33.028 0.0000000000
125119  -31.296  -2.484  -34.388 0.0000000000
125138  -28.347  -2.940  -36.723 0.0000000000
125148  -25.733  -2.636  -37.714 0.0000000000
126217  -29.901  -1.818  -35.293 0.0000000000
126236  -25.608  -2.168  -37.748 0.0000000000
127342  -30.697  -1.055  -35.761 0.0000000000
127359  -28.875  -0.862  -36.726 0.0000000000
128572  -27.931  -0.332  -37.316 0.0000000000
129707  -26.945  0.584  -37.951 0.0000000000
129711  -29.034  0.060  -37.050 0.0000000000
129713  -30.174  0.128  -36.294 0.0000000000
130784  -28.094  0.766  -37.278 0.0000000000
130794  -28.309  1.396  -36.936 0.0000000000
131863  -28.502  1.957  -36.457 0.0000000000
131864  -29.059  2.186  -37.025 0.0000000000
132966  -27.950  2.101  -36.747 0.0000000000
132967  -28.505  2.329  -36.792 0.0000000000
132971  -31.376  2.619  -36.431 0.0000000000
132986  -28.205  2.397  -36.133 0.0000000000
132988  -29.155  2.841  -36.948 0.0000000000
134132  -29.470  3.029  -36.978 0.0000000000
134133  -30.142  2.971  -36.667 0.0000000000
135151  -31.242  3.978  -36.300 0.0000000000
135165  -29.395  3.401  -36.847 0.0000000000
216771  -26.468  -0.118  -37.356 0.0000000000
219141  -29.087  1.806  -37.005 0.0000000000
222387  -26.426  -1.040  -37.427 0.0000000000
225195  -28.442  2.663  -36.449 0.0000000000
229815  -30.456  2.137  -36.218 0.0000000000
231315  -31.485  0.711  -36.136 0.0000000000
246625  -29.512  4.276  -36.901 0.0000000000
248499  -28.780  3.048  -36.784 0.0000000000
248835  -29.053  -3.354  -35.839 0.0000000000
249115  -24.197  -14.105  -32.089 0.0000000000
250418  -24.926  -2.086  -37.594 0.0000000000
253181  -29.718  0.941  -36.429 0.0000000000
