#!ascii label  , from subject sub-v2s11x28730_ses-1 vox2ras=TkReg
539
103419  18.823  -15.100  -28.816 0.1428571492
102083  17.941  -15.791  -28.395 0.1428571492
104951  17.527  -14.392  -29.702 0.1428571492
103406  19.744  -15.170  -27.939 0.1428571492
104937  19.040  -14.500  -29.070 0.2857142985
238805  17.631  -14.819  -29.023 0.1428571492
104926  19.958  -14.644  -28.220 0.1428571492
228520  18.422  -13.067  -30.187 0.5714285970
221410  19.730  -13.503  -28.800 0.1428571492
107516  21.187  -12.522  -27.940 0.2857142985
106325  20.718  -13.049  -28.204 0.2857142985
108720  21.836  -12.119  -27.731 0.1428571492
210201  21.719  -12.752  -27.648 0.2857142985
111338  22.723  -10.137  -28.869 0.2857142985
110081  22.037  -10.542  -29.092 0.1428571492
110082  21.234  -10.829  -29.268 0.2857142985
112613  23.781  -9.383  -28.712 0.2857142985
111336  23.577  -9.917  -28.556 0.2857142985
113855  23.476  -8.665  -29.676 0.2857142985
113856  23.252  -9.197  -29.924 0.2857142985
115120  24.046  -7.611  -30.032 0.2857142985
117789  24.748  -6.262  -30.828 0.8571428657
116471  24.500  -7.112  -30.163 0.4285714328
115107  24.313  -7.933  -29.547 0.2857142985
237053  26.479  -5.438  -30.381 0.7142857313
117770  26.611  -5.940  -30.019 0.7142857313
117788  25.414  -6.183  -30.537 0.7142857313
116485  24.975  -6.721  -30.375 0.7142857313
119002  27.720  -5.199  -29.827 0.8571428657
117786  27.002  -5.342  -30.125 0.5714285970
119021  26.115  -5.244  -30.774 0.8571428657
117787  26.026  -5.764  -30.465 0.7142857313
117803  25.037  -5.800  -30.950 0.7142857313
120140  28.370  -4.326  -30.041 0.4285714328
119018  27.884  -4.601  -30.191 0.7142857313
119020  26.733  -5.050  -30.661 0.8571428657
121306  29.620  -3.133  -29.978 0.2857142985
120147  28.036  -4.025  -30.382 0.8571428657
121299  28.634  -3.838  -30.131 0.7142857313
120148  27.498  -4.326  -30.663 0.8571428657
122440  30.605  -2.425  -30.229 0.1428571492
122433  30.346  -3.027  -29.931 0.1428571492
122441  29.861  -2.533  -30.173 0.4285714328
216727  28.952  -3.265  -30.213 0.5714285970
121307  28.266  -3.350  -30.535 0.8571428657
123628  30.832  -1.760  -30.628 0.1428571492
122439  31.386  -2.432  -30.634 0.1428571492
122444  27.667  -3.065  -30.896 0.8571428657
124834  32.135  -1.021  -31.760 0.1428571492
124819  31.474  -1.300  -31.075 0.1428571492
124821  30.173  -1.322  -30.648 0.4285714328
123630  29.373  -2.147  -30.462 0.5714285970
122442  28.778  -2.365  -30.604 0.7142857313
124835  30.886  -0.613  -31.118 0.1428571492
125960  31.502  -0.573  -31.584 0.1428571492
124820  30.715  -1.080  -30.819 0.1428571492
123642  28.873  -1.747  -30.693 0.8571428657
122443  28.248  -2.704  -30.817 0.8571428657
123643  28.277  -2.068  -30.974 0.8571428657
125959  32.063  -0.455  -32.074 0.1428571492
125970  31.538  -0.034  -32.136 0.2857142985
125962  30.475  -0.175  -31.230 0.8571428657
124822  29.528  -1.553  -30.587 0.8571428657
124837  29.130  -1.142  -30.898 0.8571428657
228931  31.306  0.452  -32.303 0.1428571492
127119  31.746  0.404  -32.696 0.1428571492
125961  30.959  -0.155  -31.609 0.4285714328
127110  29.889  0.057  -31.229 0.8571428657
125963  29.494  -0.494  -30.962 0.8571428657
124838  28.379  -1.341  -31.222 0.8571428657
127108  31.038  0.265  -31.933 0.4285714328
227930  29.122  -0.000  -31.313 0.8571428657
128228  31.387  0.996  -32.593 0.1428571492
127120  30.885  0.710  -32.100 0.5714285970
238860  29.978  0.582  -31.545 0.8571428657
127111  29.429  0.562  -31.463 0.8571428657
128246  31.488  1.560  -33.128 0.2857142985
223821  31.282  1.486  -32.664 0.7142857313
128229  30.771  1.291  -32.398 0.8571428657
128219  29.734  1.020  -31.728 0.8571428657
128247  31.048  1.754  -32.852 0.8571428657
129321  30.359  1.771  -32.652 0.8571428657
128230  30.053  1.340  -32.237 0.8571428657
129322  29.844  1.813  -32.406 0.7142857313
128231  29.461  1.497  -32.049 0.7142857313
129341  30.472  2.149  -33.249 0.8571428657
130335  30.846  2.555  -33.869 0.8571428657
129342  29.958  2.269  -32.787 0.7142857313
130334  31.492  2.462  -34.052 0.7142857313
130353  31.078  2.989  -34.374 0.8571428657
131332  30.759  3.382  -34.791 0.7142857313
130394  32.118  2.913  -36.875 0.1428571492
131345  30.932  3.559  -35.426 0.7142857313
131365  31.917  3.931  -37.373 0.1428571492
131358  31.162  3.806  -36.174 0.5714285970
215346  30.859  4.350  -36.252 0.5714285970
132435  31.324  4.215  -36.734 0.1428571492
132456  32.526  4.728  -37.852 0.1428571492
133499  30.739  4.732  -36.680 0.5714285970
132457  31.769  5.067  -37.793 0.1428571492
133522  32.398  5.158  -38.027 0.1428571492
132448  31.393  4.736  -37.263 0.1428571492
133537  31.640  5.470  -38.407 0.1428571492
134652  31.067  5.475  -38.043 0.1428571492
243030  31.591  5.473  -38.978 0.1428571492
219444  30.698  5.560  -38.759 0.1428571492
102067  18.888  -15.995  -27.862 0.1428571492
102068  18.300  -16.371  -28.239 0.1428571492
104936  19.696  -14.116  -28.629 0.2857142985
104925  20.375  -14.201  -28.120 0.1428571492
219473  21.436  -13.815  -27.510 0.2857142985
104935  20.285  -13.590  -28.453 0.2857142985
108734  23.738  -11.156  -27.831 0.2857142985
108735  22.954  -11.073  -28.044 0.2857142985
108736  22.085  -11.361  -28.011 0.1428571492
115108  23.759  -8.092  -29.679 0.2857142985
115121  23.485  -8.125  -30.179 0.2857142985
235982  24.043  -7.126  -30.370 0.5714285970
119001  28.396  -4.815  -29.761 0.2857142985
121298  29.285  -3.754  -29.917 0.1428571492
120161  27.067  -3.938  -31.026 0.8571428657
246490  28.709  -2.883  -30.525 0.7142857313
124836  30.196  -0.609  -30.872 0.8571428657
219641  29.714  -1.016  -30.755 0.8571428657
205294  28.799  -0.680  -31.338 0.8571428657
130365  31.053  2.865  -35.199 0.7142857313
132447  32.143  4.403  -37.632 0.1428571492
134665  32.721  5.656  -38.548 0.1428571492
100613  17.740  -16.585  -28.372 0.1428571492
106335  19.667  -13.293  -29.455 0.4285714328
107526  20.655  -12.402  -28.420 0.2857142985
106334  20.174  -12.960  -28.777 0.4285714328
107539  19.191  -12.752  -29.975 0.2857142985
107525  21.209  -11.805  -28.281 0.1428571492
110066  24.017  -10.519  -28.178 0.2857142985
111335  24.240  -10.000  -28.416 0.2857142985
245786  22.870  -9.854  -29.396 0.2857142985
111350  22.327  -9.978  -29.403 0.2857142985
111348  23.337  -9.545  -28.971 0.2857142985
116486  24.375  -6.734  -30.639 0.7142857313
245150  31.410  -1.892  -30.837 0.1428571492
123644  27.661  -1.777  -31.326 1.0000000000
127139  31.706  0.764  -33.388 0.1428571492
128259  31.648  1.314  -33.922 0.1428571492
129358  31.523  1.924  -33.774 0.2857142985
130364  31.550  2.507  -34.730 0.5714285970
130383  31.584  3.088  -36.125 0.4285714328
215817  31.679  2.398  -35.781 0.2857142985
131357  31.742  3.488  -36.873 0.1428571492
133510  30.708  5.284  -37.082 0.2857142985
133523  31.147  5.284  -37.532 0.1428571492
135731  30.449  5.755  -38.185 0.1428571492
134666  31.041  5.481  -39.194 0.1428571492
135745  30.299  5.915  -39.485 0.1428571492
134675  30.837  6.026  -39.647 0.1428571492
129366  31.733  1.837  -34.552 0.4285714328
103418  19.434  -14.849  -28.545 0.1428571492
104938  18.294  -14.708  -29.213 0.1428571492
103420  18.135  -15.198  -28.758 0.1428571492
102084  17.400  -15.958  -28.333 0.1428571492
106336  18.487  -14.098  -29.518 0.4285714328
106346  18.852  -13.481  -29.761 0.5714285970
209179  20.828  -13.686  -27.936 0.1428571492
107537  20.382  -12.405  -28.955 0.1428571492
111337  23.200  -10.085  -28.621 0.2857142985
119044  25.018  -5.285  -31.355 0.7142857313
120149  26.922  -4.539  -30.884 0.8571428657
224175  29.210  -2.704  -30.297 0.5714285970
123629  30.059  -1.944  -30.422 0.1428571492
127109  30.527  0.359  -31.562 0.8571428657
127121  30.304  0.868  -31.932 0.8571428657
129340  31.215  2.090  -33.460 0.8571428657
131356  32.491  3.303  -37.303 0.1428571492
132426  30.698  4.225  -35.655 0.5714285970
133521  32.816  4.798  -38.059 0.1428571492
133536  32.395  5.429  -38.255 0.1428571492
108716  24.882  -11.826  -27.641 0.1428571492
107538  20.042  -12.676  -29.511 0.4285714328
112638  22.334  -9.387  -30.236 0.5714285970
134643  30.714  5.701  -37.551 0.1428571492
112655  21.168  -9.322  -30.860 0.5714285970
112675  19.536  -9.699  -32.426 0.5714285970
112676  19.327  -10.350  -32.906 0.2857142985
113887  21.395  -8.662  -30.909 0.5714285970
113910  19.673  -9.039  -32.430 0.5714285970
111400  18.756  -10.564  -32.170 0.4285714328
112673  20.899  -9.117  -31.583 0.5714285970
112687  18.443  -10.047  -33.180 0.2857142985
112685  19.296  -9.705  -33.003 0.4285714328
115134  22.277  -7.910  -31.056 0.4285714328
113907  21.702  -8.146  -31.377 0.5714285970
115156  20.693  -8.074  -32.217 0.5714285970
115170  19.782  -7.827  -33.115 0.4285714328
115153  22.522  -7.330  -31.273 0.5714285970
116506  21.330  -7.030  -31.863 0.5714285970
116505  22.039  -6.828  -31.639 0.7142857313
117808  21.603  -6.395  -32.129 0.4285714328
116504  22.726  -6.657  -31.379 0.4285714328
113920  19.170  -8.646  -33.059 0.4285714328
113938  18.343  -9.120  -34.027 0.2857142985
112711  18.403  -9.599  -33.664 0.2857142985
115169  20.345  -7.758  -32.652 0.4285714328
116488  23.078  -7.144  -30.755 0.7142857313
117806  22.909  -5.990  -31.550 0.7142857313
117829  21.895  -5.754  -32.387 0.4285714328
241076  22.650  -4.980  -31.746 0.7142857313
205704  22.662  -4.541  -32.176 0.5714285970
120189  22.759  -4.215  -32.860 0.2857142985
117790  24.012  -6.153  -30.967 0.5714285970
117805  23.524  -5.805  -31.453 0.5714285970
119047  23.147  -5.457  -31.735 0.7142857313
120166  24.017  -4.546  -31.662 0.7142857313
120187  24.292  -4.093  -32.240 0.7142857313
121338  23.850  -3.729  -32.576 0.7142857313
121339  23.238  -3.698  -32.782 0.4285714328
122474  23.746  -3.192  -32.855 0.4285714328
119022  25.547  -5.551  -30.903 0.5714285970
119045  24.296  -5.125  -31.360 0.5714285970
119043  25.707  -5.027  -31.292 0.5714285970
120186  24.803  -4.343  -31.974 0.5714285970
121336  24.860  -3.755  -32.226 0.7142857313
121335  25.432  -3.360  -31.999 0.7142857313
122472  25.553  -2.591  -32.269 0.7142857313
122473  24.937  -3.072  -32.436 0.7142857313
227768  24.378  -2.734  -32.689 0.5714285970
123661  25.191  -2.016  -32.533 0.5714285970
121308  27.609  -3.686  -30.744 0.7142857313
121316  25.960  -3.740  -31.625 0.5714285970
121317  25.328  -4.038  -31.799 0.5714285970
121315  26.680  -3.444  -31.442 0.7142857313
122471  26.349  -2.403  -32.040 0.8571428657
122481  23.793  -2.587  -32.847 0.4285714328
123659  26.540  -1.801  -31.900 0.7142857313
123660  25.871  -1.775  -32.232 0.7142857313
207232  25.325  -1.475  -32.506 0.5714285970
124848  26.479  -1.143  -32.094 0.7142857313
122455  26.083  -3.049  -31.816 0.7142857313
123645  27.028  -2.249  -31.610 0.8571428657
127124  26.334  0.078  -31.740 0.2857142985
122452  27.683  -2.464  -31.176 0.7142857313
123658  27.061  -1.499  -31.691 0.7142857313
125971  27.771  0.370  -31.820 0.7142857313
124839  27.647  -1.126  -31.554 0.8571428657
124847  27.100  -0.932  -31.820 0.8571428657
127122  28.697  0.514  -31.601 0.8571428657
125965  27.544  -0.448  -31.704 0.8571428657
214754  26.988  0.023  -31.721 0.5714285970
128233  27.572  0.992  -32.032 0.7142857313
234092  28.163  -0.766  -31.544 0.8571428657
125964  28.354  -0.172  -31.573 0.8571428657
128232  28.302  1.167  -31.839 0.8571428657
128220  29.098  1.100  -31.659 0.8571428657
129343  29.696  3.141  -32.479 0.7142857313
130336  29.977  2.760  -33.356 0.5714285970
130354  30.245  3.116  -33.993 0.8571428657
131320  29.962  3.824  -33.976 0.7142857313
217966  29.819  3.363  -33.536 0.7142857313
132406  30.034  4.363  -34.233 0.7142857313
131319  30.431  3.612  -34.419 0.7142857313
132418  30.330  4.013  -34.972 0.7142857313
133482  29.709  4.939  -34.241 0.5714285970
235737  30.005  4.689  -34.728 0.4285714328
132419  30.211  4.704  -35.337 0.5714285970
133491  29.746  5.309  -35.002 0.5714285970
133492  28.980  5.345  -34.419 0.5714285970
211327  29.234  5.081  -33.506 0.4285714328
134630  29.170  5.878  -35.062 0.5714285970
133495  30.155  5.344  -35.700 0.5714285970
236743  28.530  5.586  -33.830 0.4285714328
236400  29.041  5.285  -32.865 0.4285714328
135704  28.557  5.898  -34.516 0.5714285970
246671  28.384  6.418  -34.564 0.4285714328
235609  25.663  -6.792  -29.988 0.2857142985
120162  26.472  -4.147  -31.288 0.5714285970
136751  28.077  6.182  -33.881 0.2857142985
111382  20.299  -10.179  -30.989 0.5714285970
111384  19.121  -10.759  -31.610 0.5714285970
113869  22.699  -8.957  -30.613 0.2857142985
113870  21.689  -8.886  -30.343 0.4285714328
111399  19.412  -10.064  -31.890 0.5714285970
113868  23.238  -8.789  -30.476 0.2857142985
113885  22.772  -8.359  -30.739 0.5714285970
112677  18.842  -10.458  -32.896 0.2857142985
116523  20.840  -7.407  -32.364 0.4285714328
215037  18.015  -8.597  -34.297 0.2857142985
115180  18.952  -7.948  -33.618 0.2857142985
116468  26.997  -6.295  -29.394 0.2857142985
119090  21.419  -5.024  -33.218 0.2857142985
120188  23.427  -4.143  -32.218 0.7142857313
125972  26.771  -0.513  -31.927 0.7142857313
129323  29.341  2.217  -32.343 0.7142857313
132407  29.696  4.745  -33.817 0.5714285970
116522  21.042  -6.765  -32.599 0.4285714328
112637  22.954  -9.287  -30.161 0.2857142985
120150  26.277  -4.716  -31.033 0.7142857313
117804  24.479  -5.665  -31.068 0.5714285970
247079  27.233  -3.415  -31.092 0.7142857313
122454  26.676  -2.818  -31.678 0.7142857313
116487  23.759  -6.853  -30.719 0.5714285970
117791  23.306  -6.391  -31.049 0.5714285970
211058  28.895  1.714  -31.833 0.7142857313
112674  20.128  -9.498  -31.928 0.5714285970
112656  20.559  -9.649  -31.233 0.4285714328
112686  18.868  -9.971  -33.218 0.4285714328
113886  22.081  -8.468  -30.819 0.5714285970
113909  20.546  -8.823  -32.162 0.5714285970
113908  21.131  -8.448  -31.730 0.5714285970
113919  20.007  -8.323  -32.558 0.4285714328
110115  19.022  -11.264  -31.241 0.5714285970
113937  18.524  -8.781  -33.993 0.4285714328
115154  21.858  -7.502  -31.518 0.5714285970
116534  19.447  -7.223  -33.463 0.4285714328
117807  22.230  -6.137  -31.721 0.5714285970
117830  21.278  -6.154  -32.737 0.4285714328
117828  22.373  -5.463  -31.666 0.7142857313
119071  22.245  -5.086  -32.182 0.5714285970
119072  21.880  -5.299  -32.854 0.4285714328
119073  21.394  -5.617  -32.981 0.4285714328
119046  23.691  -5.196  -31.504 0.7142857313
119070  23.248  -4.753  -31.732 0.7142857313
119089  22.158  -4.718  -32.944 0.2857142985
120164  25.242  -4.707  -31.677 0.7142857313
246694  24.484  -4.448  -31.924 0.7142857313
121337  24.365  -3.461  -32.573 0.7142857313
120163  25.844  -4.419  -31.487 0.5714285970
230416  24.965  -2.509  -32.587 0.7142857313
124851  24.599  -1.540  -32.580 0.2857142985
125973  26.085  -0.505  -32.146 0.5714285970
135708  28.748  6.361  -35.124 0.5714285970
116535  18.704  -7.308  -34.125 0.1428571492
211574  19.887  -6.555  -33.400 0.4285714328
216448  17.923  -13.588  -29.924 0.4285714328
230732  25.859  -9.786  -28.232 0.1428571492
212376  23.807  -8.856  -29.154 0.1428571492
112622  24.252  -8.939  -28.933 0.1428571492
115119  24.600  -7.502  -29.820 0.1428571492
242453  25.519  -7.271  -29.547 0.1428571492
112621  24.966  -8.915  -28.825 0.1428571492
112611  25.361  -9.420  -28.515 0.1428571492
115105  26.560  -7.632  -28.765 0.1428571492
115106  25.034  -7.749  -29.455 0.1428571492
113852  25.336  -8.304  -28.972 0.1428571492
116454  26.145  -7.166  -29.456 0.1428571492
235539  27.749  -5.627  -29.301 0.2857142985
136798  30.061  7.295  -40.521 0.1428571492
219151  27.718  1.462  -32.068 0.4285714328
222261  29.647  7.539  -40.041 0.1428571492
240995  30.217  5.919  -38.785 0.1428571492
218795  28.662  2.506  -32.387 0.4285714328
130315  29.570  3.503  -32.425 0.4285714328
136776  29.431  6.935  -36.753 0.2857142985
135711  29.305  6.307  -36.207 0.2857142985
134633  29.672  5.869  -35.723 0.2857142985
222055  29.836  5.944  -36.416 0.2857142985
216675  28.552  3.460  -32.569 0.1428571492
130314  29.662  3.450  -32.542 0.5714285970
135717  29.159  6.715  -36.420 0.2857142985
130308  29.248  3.542  -32.507 0.4285714328
131300  29.422  3.810  -33.486 0.5714285970
131272  28.666  3.986  -33.067 0.4285714328
228156  29.290  4.406  -33.461 0.2857142985
135713  28.470  6.921  -35.045 0.1428571492
134634  29.106  6.244  -35.658 0.1428571492
135712  28.897  6.788  -35.801 0.1428571492
132366  29.247  4.625  -33.131 0.1428571492
132388  29.448  4.806  -33.313 0.4285714328
136773  28.515  7.613  -35.562 0.1428571492
135705  28.205  6.967  -34.245 0.2857142985
136764  27.888  7.423  -34.106 0.1428571492
136768  28.187  7.460  -34.823 0.1428571492
136769  27.800  7.793  -34.706 0.1428571492
137786  27.441  8.233  -35.069 0.1428571492
107540  17.867  -12.931  -30.135 0.4285714328
110101  16.563  -11.603  -30.660 0.2857142985
111334  25.125  -10.096  -28.309 0.1428571492
113837  26.046  -8.247  -28.634 0.1428571492
209538  26.819  -6.947  -29.128 0.1428571492
243101  28.784  2.089  -32.077 0.2857142985
133500  30.405  5.458  -36.364 0.2857142985
136772  29.014  7.433  -36.180 0.2857142985
135716  29.575  6.345  -36.703 0.2857142985
137790  28.875  8.210  -35.874 0.2857142985
107553  15.828  -12.283  -30.052 0.2857142985
108718  23.261  -11.646  -27.637 0.1428571492
108719  22.601  -11.851  -27.625 0.1428571492
110065  24.670  -10.654  -28.164 0.1428571492
243080  25.888  -10.818  -27.790 0.1428571492
116469  26.425  -6.671  -29.810 0.1428571492
129324  28.232  1.881  -32.124 0.4285714328
131321  29.622  4.386  -33.808 0.5714285970
133494  30.606  4.871  -35.946 0.4285714328
134637  30.182  5.880  -37.007 0.2857142985
136781  29.759  7.139  -37.409 0.2857142985
136782  29.349  7.753  -37.650 0.1428571492
137785  27.948  8.002  -35.312 0.2857142985
135732  30.016  6.412  -38.087 0.1428571492
135746  29.873  6.481  -39.038 0.1428571492
135722  30.343  6.129  -37.565 0.1428571492
119000  29.028  -4.926  -29.329 0.2857142985
136777  29.154  7.562  -36.863 0.2857142985
108754  17.499  -12.383  -30.023 0.4285714328
117769  27.294  -5.765  -29.688 0.4285714328
221178  29.504  3.023  -32.340 0.4285714328
242534  30.121  5.743  -36.027 0.2857142985
113851  25.753  -7.705  -29.124 0.1428571492
112610  26.412  -9.425  -28.085 0.1428571492
115104  27.369  -7.376  -28.722 0.1428571492
131280  29.035  3.895  -33.136 0.4285714328
107552  16.768  -12.650  -30.284 0.2857142985
115103  28.089  -7.202  -28.534 0.1428571492
135723  29.896  6.481  -37.238 0.2857142985
136787  29.507  7.074  -38.376 0.1428571492
123662  24.685  -2.189  -32.660 0.4285714328
125974  25.408  -0.424  -32.372 0.2857142985
137796  27.860  9.097  -36.026 0.1428571492
137794  29.037  8.176  -36.123 0.1428571492
138809  28.235  9.028  -36.558 0.1428571492
239063  27.287  8.722  -35.387 0.1428571492
137795  28.619  8.561  -35.968 0.1428571492
246968  27.672  8.436  -35.523 0.1428571492
137791  28.104  8.387  -35.785 0.1428571492
138806  27.604  9.447  -35.450 0.1428571492
138810  28.135  9.762  -36.363 0.1428571492
138801  27.685  8.831  -35.728 0.1428571492
139881  27.248  9.859  -35.170 0.1428571492
242159  27.970  9.808  -35.587 0.1428571492
124849  25.719  -1.046  -32.337 0.2857142985
138802  27.068  9.289  -35.074 0.1428571492
139880  27.714  10.271  -35.367 0.1428571492
116472  23.563  -7.443  -30.341 0.2857142985
137800  28.916  8.193  -37.021 0.1428571492
137801  28.638  8.516  -36.485 0.1428571492
115122  23.202  -7.979  -30.541 0.4285714328
110114  19.527  -11.052  -31.107 0.4285714328
110083  20.587  -11.184  -29.593 0.2857142985
110070  21.674  -11.165  -28.738 0.1428571492
111365  20.623  -10.429  -30.478 0.2857142985
110095  20.898  -10.581  -29.866 0.1428571492
111364  21.266  -10.052  -30.216 0.2857142985
108767  19.571  -11.831  -30.486 0.2857142985
112639  21.655  -9.671  -30.515 0.2857142985
108782  19.316  -11.493  -30.880 0.4285714328
111351  21.586  -10.203  -29.552 0.1428571492
108750  20.831  -11.406  -28.916 0.1428571492
111381  20.914  -9.889  -30.706 0.2857142985
111383  19.680  -10.406  -31.302 0.4285714328
110113  20.078  -10.778  -30.820 0.2857142985
108766  20.146  -11.629  -30.105 0.2857142985
229516  18.254  -11.479  -30.252 0.2857142985
108769  17.784  -11.662  -30.123 0.2857142985
110098  18.531  -11.203  -30.584 0.2857142985
110099  17.856  -11.040  -30.682 0.2857142985
121352  22.673  -3.741  -33.215 0.1428571492
121351  23.061  -3.190  -33.099 0.2857142985
123671  23.988  -2.011  -32.627 0.1428571492
127125  25.750  0.146  -32.174 0.1428571492
127123  26.896  0.698  -31.930 0.1428571492
127140  26.112  0.729  -32.129 0.1428571492
128248  26.408  1.298  -32.120 0.1428571492
226048  27.827  2.340  -32.407 0.1428571492
130316  29.008  3.170  -32.474 0.1428571492
130317  28.239  2.853  -32.429 0.1428571492
244222  28.153  5.848  -33.295 0.1428571492
107541  17.141  -13.151  -29.978 0.2857142985
108753  19.143  -12.209  -30.382 0.1428571492
215708  27.111  1.360  -32.126 0.1428571492
106347  16.571  -13.596  -29.549 0.2857142985
116524  20.409  -7.202  -33.066 0.2857142985
116533  20.619  -6.414  -32.995 0.2857142985
117840  20.233  -5.932  -33.376 0.2857142985
124865  24.022  -1.407  -32.686 0.1428571492
124850  25.022  -0.950  -32.497 0.1428571492
221315  25.114  0.202  -32.563 0.1428571492
127141  25.503  0.766  -32.542 0.1428571492
130318  27.476  2.783  -32.338 0.1428571492
133465  28.788  5.522  -32.915 0.1428571492
117841  19.569  -6.038  -33.878 0.2857142985
107551  18.401  -12.382  -30.434 0.2857142985
122482  23.387  -2.763  -33.052 0.1428571492
211083  17.473  -11.378  -30.458 0.2857142985
119091  20.662  -5.364  -33.397 0.1428571492
107542  16.167  -12.823  -29.520 0.1428571492
108755  14.839  -13.093  -29.405 0.1428571492
111385  17.583  -11.062  -31.738 0.1428571492
120139  28.946  -4.353  -29.776 0.1428571492
118999  29.755  -4.709  -29.331 0.1428571492
104952  16.695  -14.219  -29.557 0.1428571492
108783  15.536  -11.380  -30.282 0.1428571492
110100  17.124  -11.023  -30.902 0.1428571492
209290  18.423  -11.246  -31.659 0.1428571492
230648  16.430  -10.897  -30.843 0.1428571492
111415  17.786  -10.336  -32.822 0.1428571492
129385  31.881  1.916  -35.476 0.1428571492
111438  17.529  -9.743  -33.227 0.1428571492
227039  17.165  -13.815  -29.822 0.1428571492
234647  29.574  -4.225  -29.658 0.1428571492
111401  18.047  -10.760  -32.310 0.1428571492
115181  18.253  -8.000  -34.225 0.1428571492
108770  16.935  -12.153  -30.526 0.1428571492
111402  17.041  -10.675  -32.496 0.1428571492
102082  18.551  -15.652  -28.425 0.1428571492
103407  19.135  -15.399  -28.136 0.1428571492
107513  24.032  -12.510  -27.382 0.1428571492
107514  23.256  -12.420  -27.379 0.1428571492
108732  25.043  -11.255  -27.860 0.2857142985
108737  20.622  -11.950  -28.722 0.1428571492
108768  18.895  -11.777  -30.588 0.1428571492
110064  25.320  -10.750  -27.949 0.1428571492
110068  22.989  -10.512  -28.515 0.2857142985
110069  22.446  -10.786  -28.549 0.1428571492
110096  20.419  -11.068  -30.329 0.2857142985
110097  19.938  -11.413  -30.726 0.4285714328
111349  23.123  -9.771  -28.935 0.2857142985
111363  21.971  -9.735  -29.893 0.2857142985
111398  20.071  -9.997  -31.523 0.5714285970
112612  24.550  -9.460  -28.576 0.1428571492
112620  25.665  -8.848  -28.623 0.1428571492
112623  23.387  -9.282  -29.381 0.2857142985
112624  23.197  -9.649  -29.641 0.2857142985
112625  22.730  -9.685  -29.843 0.2857142985
113836  26.798  -8.348  -28.408 0.1428571492
113853  24.661  -8.412  -29.212 0.2857142985
113921  18.696  -9.336  -33.511 0.2857142985
115155  21.210  -7.718  -31.785 0.5714285970
116470  25.042  -7.156  -29.867 0.1428571492
116484  26.011  -6.253  -30.146 0.7142857313
117839  20.854  -5.902  -33.071 0.2857142985
119019  27.350  -4.906  -30.490 0.7142857313
120165  24.681  -4.813  -31.773 0.7142857313
122453  27.178  -2.923  -31.361 0.7142857313
122483  22.515  -3.208  -33.517 0.1428571492
209414  19.257  -13.843  -29.204 0.5714285970
217149  17.985  -11.241  -30.212 0.2857142985
230954  23.711  -11.895  -27.551 0.1428571492
234583  22.772  -7.739  -30.832 0.4285714328
239418  23.945  -5.522  -31.149 0.5714285970
242671  27.515  -6.049  -29.225 0.2857142985
247331  29.324  -4.554  -29.531 0.1428571492
247500  25.936  -9.284  -28.382 0.1428571492
