#!ascii label  , from subject sub-v2s11x28704_ses-1 vox2ras=TkReg
1886
152829  43.269  37.453  18.272 0.0000000000
160774  44.342  46.889  15.692 0.0000000000
195261  48.433  36.851  26.466 0.0000000000
223670  39.269  35.218  21.024 0.0000000000
149053  41.699  33.027  22.093 0.0000000000
156510  45.389  41.869  14.688 0.0000000000
165028  45.747  51.105  24.681 0.0000000000
165151  46.190  52.037  18.051 0.0000000000
148292  47.960  32.315  29.639 0.0000000000
146917  48.267  31.139  21.514 0.0000000000
155613  48.943  40.848  17.565 0.0000000000
152176  46.803  37.303  22.178 0.0000000000
189866  48.119  44.421  21.659 0.0000000000
157191  43.928  43.221  25.143 0.0000000000
161467  42.869  47.569  14.787 0.0000000000
160170  48.069  46.176  11.298 0.0000000000
147677  44.784  31.996  22.447 0.0000000000
151592  41.437  36.106  19.006 0.0000000000
150321  40.547  34.331  21.389 0.0000000000
151576  42.087  35.932  20.857 0.0000000000
154889  44.987  40.535  17.204 0.0000000000
153478  41.895  38.717  18.213 0.0000000000
164297  41.487  51.046  24.170 0.0000000000
147583  45.945  31.440  28.514 0.0000000000
145206  49.314  28.701  25.631 0.0000000000
145217  46.586  29.078  24.148 0.0000000000
187030  41.950  42.711  11.358 0.0000000000
220459  48.268  43.732  16.464 0.0000000000
157291  49.387  43.278  19.697 0.0000000000
157313  45.852  43.206  18.290 0.0000000000
161396  39.295  47.649  21.913 0.0000000000
186042  41.516  42.797  20.486 0.0000000000
157263  39.712  43.026  21.977 0.0000000000
154778  42.784  40.453  25.182 0.0000000000
163657  47.418  49.912  17.890 0.0000000000
163694  46.947  50.055  13.994 0.0000000000
160147  46.581  46.664  13.803 0.0000000000
158188  49.058  43.542  14.268 0.0000000000
152138  47.705  37.187  24.121 0.0000000000
150921  44.964  35.139  24.091 0.0000000000
149640  45.996  33.974  25.046 0.0000000000
147703  39.956  31.380  22.040 0.0000000000
146951  41.306  30.624  21.358 0.0000000000
154202  45.535  39.158  11.668 0.0000000000
155720  42.393  41.051  13.370 0.0000000000
162872  46.369  48.924  20.039 0.0000000000
161444  43.112  47.275  18.183 0.0000000000
165850  38.535  52.241  20.378 0.0000000000
165139  42.404  51.588  18.099 0.0000000000
165827  46.313  51.576  21.874 0.0000000000
150247  48.707  35.175  27.982 0.0000000000
148344  48.338  32.246  25.255 0.0000000000
146871  49.635  30.804  25.384 0.0000000000
145248  49.106  29.121  21.212 0.0000000000
153485  46.419  38.541  18.013 0.0000000000
152204  45.230  37.410  20.238 0.0000000000
152822  48.970  38.176  19.299 0.0000000000
154797  48.501  40.124  21.647 0.0000000000
155551  47.682  41.365  24.366 0.0000000000
157305  43.241  43.087  18.874 0.0000000000
213883  45.991  44.275  24.284 0.0000000000
154752  47.316  40.286  26.967 0.0000000000
152730  46.116  37.806  27.093 0.0000000000
150248  45.062  34.999  27.830 0.0000000000
159542  40.634  45.295  13.912 0.0000000000
158238  43.786  43.250  12.774 0.0000000000
160805  45.279  47.019  13.205 0.0000000000
157401  46.291  42.732  11.139 0.0000000000
156546  47.887  41.752  12.398 0.0000000000
155677  47.579  41.857  15.699 0.0000000000
151551  43.440  35.950  22.759 0.0000000000
148379  43.239  32.602  22.570 0.0000000000
146044  43.004  30.490  20.663 0.0000000000
199640  46.474  31.435  22.407 0.0000000000
151591  42.066  36.467  18.773 0.0000000000
151584  41.819  35.589  20.031 0.0000000000
152207  43.147  36.777  20.059 0.0000000000
153488  44.106  38.613  17.893 0.0000000000
154163  43.105  39.439  18.040 0.0000000000
152843  42.977  38.017  18.077 0.0000000000
191127  41.498  37.223  18.152 0.0000000000
147623  45.312  31.398  27.407 0.0000000000
146872  46.612  30.584  25.729 0.0000000000
145996  45.050  30.465  24.844 0.0000000000
145263  40.004  29.452  20.109 0.0000000000
200311  46.031  44.420  15.287 0.0000000000
158126  46.581  43.687  17.062 0.0000000000
158879  44.503  44.509  16.377 0.0000000000
161389  37.715  47.875  22.566 0.0000000000
159507  38.352  45.406  20.558 0.0000000000
187273  45.685  48.763  16.738 0.0000000000
162184  46.532  49.023  15.584 0.0000000000
160787  45.312  46.834  14.750 0.0000000000
158898  46.597  44.548  14.562 0.0000000000
152133  48.141  37.472  25.274 0.0000000000
150916  46.345  35.470  25.177 0.0000000000
150280  47.244  34.619  25.836 0.0000000000
150322  38.468  34.503  21.687 0.0000000000
149690  39.048  34.302  21.657 0.0000000000
150320  41.189  34.337  21.702 0.0000000000
149055  40.407  33.109  21.872 0.0000000000
203949  41.015  32.714  21.955 0.0000000000
147702  40.603  31.511  21.942 0.0000000000
197947  41.515  32.297  22.058 0.0000000000
155716  45.421  40.676  13.110 0.0000000000
154938  43.794  40.009  12.314 0.0000000000
155705  43.618  41.437  13.674 0.0000000000
219996  39.143  36.055  20.219 0.0000000000
150965  38.785  35.519  20.899 0.0000000000
162842  47.239  49.390  22.902 0.0000000000
162863  45.531  48.868  22.361 0.0000000000
163579  45.624  49.634  24.182 0.0000000000
165797  43.769  52.123  24.778 0.0000000000
165086  44.614  51.370  23.004 0.0000000000
165806  45.818  51.534  23.024 0.0000000000
163614  47.614  50.134  21.270 0.0000000000
149591  48.864  33.807  28.870 0.0000000000
148336  49.346  31.946  26.870 0.0000000000
147604  49.182  30.990  28.062 0.0000000000
193977  48.410  28.186  23.287 0.0000000000
144460  49.552  28.388  23.102 0.0000000000
144469  48.061  28.290  21.336 0.0000000000
208320  47.363  39.529  17.932 0.0000000000
152837  47.519  37.855  18.156 0.0000000000
154155  49.082  39.740  18.327 0.0000000000
158090  48.731  43.969  20.838 0.0000000000
212537  48.865  40.853  20.832 0.0000000000
156397  48.571  41.858  21.920 0.0000000000
206989  47.885  40.393  23.069 0.0000000000
156389  47.843  42.628  23.282 0.0000000000
161422  42.250  47.422  19.836 0.0000000000
158867  42.790  44.486  17.725 0.0000000000
159513  41.661  44.825  18.467 0.0000000000
157244  42.860  42.951  23.087 0.0000000000
157258  43.863  42.783  22.296 0.0000000000
158030  44.894  44.070  25.043 0.0000000000
157189  46.225  43.245  25.507 0.0000000000
207084  45.448  41.931  25.678 0.0000000000
153391  46.828  39.181  27.178 0.0000000000
154775  45.069  40.727  25.500 0.0000000000
154069  41.985  39.348  25.252 0.0000000000
197839  44.009  37.511  25.989 0.0000000000
216006  41.844  45.962  14.691 0.0000000000
221430  42.260  44.861  13.718 0.0000000000
159540  43.276  45.532  13.832 0.0000000000
199826  44.494  51.340  17.889 0.0000000000
165918  43.209  51.627  15.950 0.0000000000
165916  45.138  52.156  15.616 0.0000000000
161493  47.164  47.671  12.391 0.0000000000
162937  46.181  49.283  12.731 0.0000000000
201145  46.823  46.965  11.823 0.0000000000
158925  46.101  44.832  11.790 0.0000000000
158263  47.255  43.861  10.493 0.0000000000
156578  47.342  42.171  10.796 0.0000000000
157381  48.192  43.415  11.664 0.0000000000
218450  49.351  42.261  16.153 0.0000000000
156484  48.821  42.078  15.228 0.0000000000
224295  48.348  41.494  16.694 0.0000000000
154887  47.113  40.632  17.414 0.0000000000
213722  46.116  37.360  20.925 0.0000000000
200244  44.314  37.240  21.565 0.0000000000
222581  45.087  37.230  22.515 0.0000000000
149020  44.724  33.385  23.674 0.0000000000
149026  44.077  33.566  23.237 0.0000000000
192822  43.916  32.569  22.719 0.0000000000
147699  42.883  31.671  21.967 0.0000000000
146919  43.943  31.104  21.696 0.0000000000
147672  48.295  31.333  23.165 0.0000000000
147661  47.191  31.765  23.542 0.0000000000
147713  47.564  31.324  21.343 0.0000000000
150980  40.349  35.783  19.660 0.0000000000
149688  40.036  34.477  21.324 0.0000000000
150964  40.851  35.011  20.572 0.0000000000
150330  41.083  34.805  21.171 0.0000000000
150329  41.649  34.892  21.698 0.0000000000
207471  45.055  41.332  16.324 0.0000000000
151594  40.198  36.294  19.265 0.0000000000
147564  47.046  31.668  29.101 0.0000000000
145958  48.922  30.027  27.926 0.0000000000
146856  47.701  30.212  26.654 0.0000000000
145216  48.161  29.096  24.495 0.0000000000
157322  49.454  42.882  16.902 0.0000000000
155596  49.312  41.655  18.126 0.0000000000
190734  49.095  43.643  18.236 0.0000000000
191370  48.518  44.034  19.103 0.0000000000
158099  47.436  43.588  19.958 0.0000000000
161405  40.288  47.516  21.291 0.0000000000
159509  40.287  45.022  19.356 0.0000000000
216443  39.321  45.547  19.872 0.0000000000
157262  40.545  42.865  21.711 0.0000000000
157227  41.876  43.597  24.285 0.0000000000
155539  43.049  41.942  25.146 0.0000000000
157194  41.315  43.184  24.988 0.0000000000
156372  40.270  42.371  25.161 0.0000000000
218946  39.685  41.065  25.685 0.0000000000
162915  41.171  48.992  15.683 0.0000000000
165149  47.382  51.473  18.140 0.0000000000
165914  46.502  51.978  15.938 0.0000000000
164410  47.049  50.522  15.930 0.0000000000
162195  46.867  49.070  14.279 0.0000000000
160802  47.654  46.885  12.391 0.0000000000
158924  48.465  44.456  12.619 0.0000000000
159538  47.681  45.066  13.754 0.0000000000
158886  48.868  44.146  15.731 0.0000000000
152154  47.825  37.050  22.806 0.0000000000
151535  45.660  36.654  23.788 0.0000000000
202752  46.118  36.408  24.379 0.0000000000
149642  45.515  33.966  24.570 0.0000000000
148361  45.490  32.589  23.658 0.0000000000
146969  48.455  31.323  18.942 0.0000000000
189552  47.515  31.330  19.675 0.0000000000
204756  38.856  31.727  22.095 0.0000000000
149056  39.629  33.188  21.915 0.0000000000
204515  39.567  31.903  22.103 0.0000000000
147704  39.286  31.222  21.934 0.0000000000
146030  39.849  30.381  21.734 0.0000000000
146048  40.160  30.044  21.241 0.0000000000
146069  41.268  29.656  20.599 0.0000000000
154217  43.679  38.563  11.471 0.0000000000
154940  42.219  39.991  12.411 0.0000000000
162155  45.292  48.771  18.008 0.0000000000
161449  43.726  47.281  17.233 0.0000000000
162139  44.518  48.350  19.505 0.0000000000
214421  43.737  48.298  21.317 0.0000000000
190452  42.664  48.322  22.091 0.0000000000
162089  41.943  48.608  23.403 0.0000000000
207001  40.677  49.098  24.515 0.0000000000
164369  40.257  51.091  19.459 0.0000000000
163640  42.683  50.132  19.609 0.0000000000
164365  44.816  50.837  19.681 0.0000000000
165848  46.413  51.572  20.095 0.0000000000
203518  47.628  51.313  19.844 0.0000000000
207060  46.809  49.297  18.833 0.0000000000
150884  48.842  35.992  27.296 0.0000000000
149634  48.269  34.149  26.388 0.0000000000
149006  48.676  33.491  26.555 0.0000000000
147645  48.823  31.725  25.051 0.0000000000
200525  49.259  30.674  23.026 0.0000000000
145204  49.999  28.673  25.288 0.0000000000
207163  49.813  29.254  22.831 0.0000000000
146941  49.259  30.474  21.046 0.0000000000
152840  45.186  37.924  18.108 0.0000000000
152218  44.228  37.443  19.313 0.0000000000
200355  46.382  37.518  18.349 0.0000000000
152215  47.054  36.992  19.350 0.0000000000
152200  48.367  37.369  20.688 0.0000000000
154840  49.155  40.083  19.439 0.0000000000
154101  49.016  38.998  20.656 0.0000000000
152782  48.587  37.925  21.976 0.0000000000
152760  48.309  38.071  23.146 0.0000000000
154078  47.988  39.304  23.904 0.0000000000
153413  48.136  38.817  25.404 0.0000000000
158871  43.489  44.494  17.162 0.0000000000
157314  44.460  43.050  18.080 0.0000000000
157269  46.575  43.008  20.886 0.0000000000
157284  42.829  42.712  20.033 0.0000000000
157256  45.130  42.586  22.017 0.0000000000
185883  46.763  43.910  22.631 0.0000000000
157205  47.567  43.208  24.736 0.0000000000
195623  47.403  41.378  26.007 0.0000000000
153390  48.138  38.886  27.069 0.0000000000
152711  48.117  37.670  28.234 0.0000000000
203321  47.729  36.803  28.396 0.0000000000
150866  47.232  35.551  28.563 0.0000000000
154056  44.149  39.211  25.700 0.0000000000
151496  45.662  36.141  27.560 0.0000000000
149594  46.245  34.151  28.808 0.0000000000
148962  45.193  32.776  29.152 0.0000000000
158241  41.623  43.801  12.152 0.0000000000
157405  42.767  42.330  12.066 0.0000000000
156562  43.783  41.735  11.622 0.0000000000
164431  45.814  50.948  13.771 0.0000000000
161477  44.115  47.660  14.071 0.0000000000
159548  44.470  45.250  13.244 0.0000000000
157383  45.026  42.984  12.032 0.0000000000
155736  45.031  41.050  11.153 0.0000000000
154955  46.210  40.211  10.948 0.0000000000
154934  46.793  40.304  11.940 0.0000000000
155701  46.585  41.195  13.489 0.0000000000
214239  48.914  42.932  13.236 0.0000000000
156507  47.459  41.825  14.613 0.0000000000
156487  46.549  41.744  15.152 0.0000000000
155636  46.095  40.967  16.806 0.0000000000
154160  45.252  39.492  17.808 0.0000000000
152206  43.712  37.198  20.466 0.0000000000
151552  42.917  36.061  22.146 0.0000000000
150309  42.535  34.376  22.510 0.0000000000
150927  43.922  35.178  23.386 0.0000000000
149664  43.172  34.239  22.978 0.0000000000
148380  42.533  32.979  22.409 0.0000000000
147700  42.085  31.834  21.947 0.0000000000
146950  42.010  30.752  21.223 0.0000000000
149015  47.093  33.041  25.337 0.0000000000
198585  46.110  32.441  23.969 0.0000000000
147676  45.407  31.847  22.399 0.0000000000
146944  46.652  31.177  20.571 0.0000000000
146918  44.776  31.253  21.571 0.0000000000
144456  44.663  28.441  23.688 0.0000000000
143661  45.718  27.021  22.809 0.0000000000
152232  42.584  36.995  18.442 0.0000000000
152220  42.828  36.890  19.238 0.0000000000
152231  43.198  37.204  18.781 0.0000000000
152842  43.754  37.991  18.076 0.0000000000
153489  43.390  38.724  18.008 0.0000000000
152830  42.392  37.449  18.189 0.0000000000
225462  45.150  31.134  26.048 0.0000000000
159526  44.970  45.249  15.428 0.0000000000
185684  45.037  44.472  16.063 0.0000000000
159527  44.431  45.387  15.652 0.0000000000
162172  45.064  48.298  16.542 0.0000000000
162186  45.645  48.423  16.051 0.0000000000
160777  44.675  46.748  15.193 0.0000000000
159532  45.222  45.673  14.968 0.0000000000
151525  48.232  36.904  25.673 0.0000000000
151526  47.760  36.419  25.373 0.0000000000
151511  47.891  35.899  25.924 0.0000000000
150333  39.035  34.883  21.358 0.0000000000
149677  41.439  33.753  21.986 0.0000000000
149054  41.060  33.275  21.917 0.0000000000
155703  45.143  41.152  13.662 0.0000000000
155717  44.640  40.836  13.234 0.0000000000
156526  44.872  41.560  14.182 0.0000000000
192646  39.501  35.454  20.678 0.0000000000
150334  38.268  35.109  21.355 0.0000000000
212367  46.352  50.123  23.522 0.0000000000
162843  46.820  49.265  22.820 0.0000000000
164273  45.679  50.754  24.725 0.0000000000
166498  43.976  52.510  24.898 0.0000000000
165808  44.900  51.636  23.810 0.0000000000
165775  45.600  51.466  24.176 0.0000000000
164312  46.756  50.316  22.881 0.0000000000
148959  48.648  33.151  29.161 0.0000000000
148306  49.101  32.311  28.263 0.0000000000
147561  48.554  31.766  29.085 0.0000000000
144466  48.152  28.188  22.127 0.0000000000
154885  48.450  40.484  17.616 0.0000000000
154156  48.629  39.470  18.199 0.0000000000
154867  48.765  40.138  17.971 0.0000000000
158845  48.431  44.174  21.441 0.0000000000
156396  48.968  42.540  21.500 0.0000000000
158075  48.539  43.774  22.301 0.0000000000
156392  48.240  42.295  22.604 0.0000000000
158827  48.124  44.189  22.732 0.0000000000
161423  41.740  47.277  19.972 0.0000000000
160128  41.469  46.071  18.627 0.0000000000
160754  41.248  46.809  19.704 0.0000000000
188417  43.016  43.835  24.678 0.0000000000
158045  43.734  43.814  24.421 0.0000000000
213856  44.297  43.698  24.984 0.0000000000
156366  45.559  42.704  25.637 0.0000000000
202230  44.945  42.288  25.401 0.0000000000
155527  45.519  41.252  25.749 0.0000000000
155537  44.681  41.439  25.382 0.0000000000
216790  41.537  38.897  25.296 0.0000000000
161458  41.696  47.735  15.343 0.0000000000
160780  41.311  47.058  15.254 0.0000000000
189005  42.202  46.459  14.864 0.0000000000
160143  42.536  46.042  14.624 0.0000000000
160142  43.123  46.220  14.512 0.0000000000
165137  45.103  51.335  18.239 0.0000000000
165895  44.998  52.165  16.790 0.0000000000
165894  45.715  52.161  16.882 0.0000000000
160810  47.761  47.239  11.992 0.0000000000
161494  47.014  47.802  12.329 0.0000000000
160171  47.649  46.159  11.104 0.0000000000
160172  46.962  45.953  11.301 0.0000000000
159560  47.921  45.541  10.905 0.0000000000
196644  47.739  44.336  10.703 0.0000000000
158937  48.107  44.919  10.860 0.0000000000
155659  49.330  42.103  16.589 0.0000000000
155660  48.789  41.889  16.288 0.0000000000
155633  48.395  41.024  17.184 0.0000000000
154886  47.873  40.553  17.448 0.0000000000
224832  46.775  37.599  21.569 0.0000000000
152189  46.131  37.478  21.537 0.0000000000
152177  45.834  37.279  22.337 0.0000000000
148378  44.546  32.441  22.853 0.0000000000
149042  44.297  32.957  23.146 0.0000000000
147678  44.155  32.115  22.379 0.0000000000
147698  43.645  31.669  22.075 0.0000000000
147697  44.394  31.606  22.034 0.0000000000
147692  48.279  31.349  22.378 0.0000000000
147693  47.656  31.398  22.077 0.0000000000
151593  40.888  35.969  19.368 0.0000000000
150975  40.592  35.398  20.116 0.0000000000
150979  40.937  35.597  19.749 0.0000000000
150973  41.646  35.424  20.596 0.0000000000
150962  41.723  35.362  21.233 0.0000000000
150954  42.046  35.338  21.774 0.0000000000
155637  44.655  40.906  16.765 0.0000000000
155665  44.323  41.374  16.390 0.0000000000
154890  44.303  40.516  17.210 0.0000000000
153490  42.601  38.917  18.082 0.0000000000
206276  42.541  39.784  18.026 0.0000000000
152234  41.345  36.666  18.490 0.0000000000
152235  41.005  37.269  18.545 0.0000000000
152221  40.893  36.390  19.003 0.0000000000
219095  46.381  31.672  28.759 0.0000000000
146818  47.466  30.893  28.452 0.0000000000
146843  47.123  30.614  27.149 0.0000000000
145994  46.639  30.167  25.183 0.0000000000
192597  47.392  29.972  25.281 0.0000000000
146006  47.244  29.538  24.629 0.0000000000
144437  47.510  28.662  23.993 0.0000000000
216244  46.774  28.479  23.770 0.0000000000
157406  41.682  43.271  11.220 0.0000000000
200010  41.332  43.758  10.844 0.0000000000
158122  48.916  43.462  16.956 0.0000000000
157311  49.302  43.312  17.403 0.0000000000
158123  48.607  43.816  17.301 0.0000000000
186272  46.010  43.510  17.591 0.0000000000
158104  48.039  44.054  18.462 0.0000000000
158105  47.267  43.577  18.780 0.0000000000
188532  47.750  43.764  19.243 0.0000000000
157292  46.786  43.286  19.373 0.0000000000
161395  40.005  47.712  21.863 0.0000000000
191690  39.528  46.497  20.199 0.0000000000
160729  39.015  46.996  21.015 0.0000000000
190913  38.718  43.631  21.173 0.0000000000
212428  39.253  43.960  20.443 0.0000000000
157245  40.973  42.801  22.623 0.0000000000
186504  40.688  43.163  23.401 0.0000000000
214595  41.319  43.585  24.406 0.0000000000
157229  40.241  43.291  23.853 0.0000000000
157230  39.280  43.294  24.220 0.0000000000
157212  38.846  43.157  24.379 0.0000000000
155542  40.140  41.467  25.390 0.0000000000
156382  38.816  42.628  24.905 0.0000000000
164382  47.918  50.862  17.917 0.0000000000
164403  47.187  50.585  16.686 0.0000000000
163673  47.097  50.119  16.466 0.0000000000
221768  46.033  48.106  14.613 0.0000000000
162196  46.733  49.067  14.953 0.0000000000
161475  46.741  47.941  13.906 0.0000000000
161474  47.072  47.806  13.397 0.0000000000
160794  47.094  46.993  13.152 0.0000000000
159546  47.354  46.225  13.021 0.0000000000
217985  46.871  46.276  13.563 0.0000000000
219099  46.882  44.187  15.266 0.0000000000
158896  48.109  44.366  15.039 0.0000000000
158877  48.633  44.019  16.166 0.0000000000
158138  49.227  43.273  16.315 0.0000000000
152143  47.902  37.253  23.364 0.0000000000
152140  46.398  36.952  24.017 0.0000000000
152139  47.154  36.993  24.061 0.0000000000
150284  46.214  34.673  25.256 0.0000000000
150919  45.777  35.096  24.831 0.0000000000
149019  45.316  33.416  24.216 0.0000000000
149018  45.881  33.343  24.714 0.0000000000
147705  38.168  31.583  22.083 0.0000000000
148393  38.491  32.143  22.162 0.0000000000
149679  40.017  33.821  21.528 0.0000000000
206924  40.238  31.985  22.023 0.0000000000
148391  39.909  32.543  22.073 0.0000000000
146925  39.712  30.838  21.915 0.0000000000
146923  40.957  31.078  21.724 0.0000000000
146952  40.567  30.525  21.508 0.0000000000
146047  40.920  30.087  21.084 0.0000000000
146070  40.484  29.708  20.663 0.0000000000
154216  45.693  38.979  11.064 0.0000000000
153521  45.279  38.496  11.280 0.0000000000
154922  43.434  40.600  12.770 0.0000000000
154939  43.007  39.979  12.440 0.0000000000
154924  41.925  40.560  12.922 0.0000000000
207709  41.614  41.062  13.426 0.0000000000
162145  45.856  48.926  19.252 0.0000000000
162146  44.694  48.428  18.649 0.0000000000
162138  45.257  48.634  19.572 0.0000000000
162123  44.203  48.293  21.338 0.0000000000
162112  43.247  48.517  21.596 0.0000000000
162848  42.370  48.938  23.906 0.0000000000
186003  41.188  48.559  23.495 0.0000000000
196699  40.094  52.379  19.571 0.0000000000
165130  39.805  51.608  19.611 0.0000000000
163629  41.562  49.889  19.983 0.0000000000
193450  42.196  50.005  20.144 0.0000000000
163649  43.397  50.379  19.324 0.0000000000
165085  44.994  51.544  22.844 0.0000000000
165100  45.178  51.412  21.870 0.0000000000
165120  45.723  51.326  20.846 0.0000000000
165838  46.383  51.671  20.944 0.0000000000
165855  46.984  51.703  19.925 0.0000000000
165118  47.265  51.635  20.829 0.0000000000
162866  47.288  49.372  20.612 0.0000000000
162870  47.197  49.491  19.811 0.0000000000
162877  46.345  49.055  19.354 0.0000000000
162883  46.305  49.154  18.640 0.0000000000
150875  48.651  35.935  27.899 0.0000000000
149630  48.647  34.255  26.885 0.0000000000
149629  48.893  33.736  27.157 0.0000000000
201372  49.610  31.217  25.949 0.0000000000
147635  49.399  31.773  26.099 0.0000000000
147648  49.138  31.187  24.839 0.0000000000
146900  48.874  31.047  23.550 0.0000000000
225145  49.527  30.499  24.178 0.0000000000
145186  48.883  29.676  26.892 0.0000000000
145184  49.678  29.264  26.647 0.0000000000
145205  49.793  28.571  25.538 0.0000000000
145242  49.289  28.713  21.976 0.0000000000
145234  49.855  28.662  23.268 0.0000000000
146029  49.601  29.242  21.597 0.0000000000
219825  49.463  29.892  21.405 0.0000000000
146043  49.381  29.875  20.804 0.0000000000
146065  49.164  30.405  19.955 0.0000000000
190107  48.994  29.518  20.302 0.0000000000
152826  45.592  37.516  18.227 0.0000000000
152839  45.982  37.858  18.116 0.0000000000
220464  48.009  38.008  18.501 0.0000000000
152824  47.799  37.489  18.520 0.0000000000
152811  48.089  37.327  19.255 0.0000000000
152214  47.628  37.072  19.668 0.0000000000
152213  48.348  37.228  19.999 0.0000000000
156410  49.348  42.442  19.228 0.0000000000
155580  49.187  40.868  19.089 0.0000000000
195686  49.188  41.591  19.551 0.0000000000
154806  48.731  40.793  21.380 0.0000000000
154805  48.827  40.006  20.905 0.0000000000
154102  48.673  39.309  21.367 0.0000000000
214048  48.807  38.629  21.176 0.0000000000
214599  48.663  38.689  21.844 0.0000000000
152766  48.491  37.747  22.538 0.0000000000
206750  48.556  39.034  22.482 0.0000000000
154794  47.761  41.171  23.461 0.0000000000
154790  47.859  39.810  23.468 0.0000000000
154079  47.730  39.995  24.244 0.0000000000
218539  47.927  39.549  24.576 0.0000000000
154075  47.799  40.130  25.069 0.0000000000
160768  43.353  47.076  17.617 0.0000000000
160133  43.319  45.847  16.877 0.0000000000
160134  42.941  46.097  17.280 0.0000000000
216052  42.840  43.860  18.199 0.0000000000
158866  43.384  43.884  17.705 0.0000000000
157304  44.375  42.865  18.802 0.0000000000
157294  45.467  42.781  19.809 0.0000000000
222820  44.827  42.631  19.884 0.0000000000
158859  40.396  44.329  19.455 0.0000000000
219558  41.720  43.368  19.517 0.0000000000
157285  42.083  42.783  20.300 0.0000000000
157223  44.777  43.267  23.564 0.0000000000
157257  44.543  42.555  22.197 0.0000000000
157240  45.548  43.126  22.446 0.0000000000
158077  46.216  43.364  22.189 0.0000000000
158067  46.652  44.114  23.541 0.0000000000
158815  47.365  44.340  23.699 0.0000000000
158798  46.871  44.246  24.588 0.0000000000
156358  46.881  41.972  25.924 0.0000000000
156357  47.298  42.037  25.692 0.0000000000
154758  47.373  40.831  26.470 0.0000000000
154052  47.588  40.087  26.754 0.0000000000
154044  47.647  39.741  27.253 0.0000000000
153382  48.105  38.682  27.623 0.0000000000
154040  47.694  39.319  27.457 0.0000000000
199492  46.289  38.513  26.991 0.0000000000
152723  47.427  37.951  28.006 0.0000000000
152106  46.898  37.315  27.870 0.0000000000
151480  47.502  36.253  28.513 0.0000000000
194662  46.435  36.877  27.785 0.0000000000
201426  42.561  41.313  25.237 0.0000000000
154777  43.594  40.243  25.271 0.0000000000
154067  43.633  39.430  25.426 0.0000000000
150886  44.650  36.057  26.930 0.0000000000
152120  44.693  37.260  26.312 0.0000000000
150885  45.148  35.903  27.264 0.0000000000
150876  46.027  35.780  27.981 0.0000000000
150235  45.365  34.728  28.277 0.0000000000
149582  45.694  33.513  28.979 0.0000000000
216405  40.041  46.047  14.704 0.0000000000
160792  39.045  46.924  14.815 0.0000000000
160153  39.759  46.131  14.212 0.0000000000
200457  41.028  44.973  13.430 0.0000000000
219328  43.024  44.037  13.145 0.0000000000
158239  42.957  43.402  12.866 0.0000000000
157385  43.256  42.716  12.494 0.0000000000
157404  43.495  42.225  11.991 0.0000000000
157384  44.119  42.735  12.179 0.0000000000
164420  46.883  50.844  14.895 0.0000000000
165194  46.091  51.701  14.857 0.0000000000
164430  46.428  50.879  13.897 0.0000000000
161484  45.977  47.911  12.605 0.0000000000
162929  45.396  48.979  13.286 0.0000000000
199695  45.417  48.172  13.134 0.0000000000
160796  45.005  47.187  13.535 0.0000000000
160149  44.188  46.405  13.712 0.0000000000
159547  45.219  45.574  13.022 0.0000000000
158235  46.016  44.025  11.713 0.0000000000
158926  45.487  44.430  12.386 0.0000000000
158265  45.818  43.217  11.678 0.0000000000
156560  45.423  41.744  11.340 0.0000000000
202853  46.025  42.142  11.173 0.0000000000
190984  45.980  40.545  10.787 0.0000000000
187739  46.718  41.626  10.821 0.0000000000
156558  47.680  41.906  11.490 0.0000000000
154933  47.129  40.560  11.754 0.0000000000
155727  47.173  40.673  12.321 0.0000000000
193659  46.532  40.913  13.053 0.0000000000
156539  47.220  41.497  13.459 0.0000000000
158914  48.631  44.484  13.539 0.0000000000
158208  49.054  43.833  13.446 0.0000000000
157362  49.162  43.141  13.896 0.0000000000
156506  48.255  41.964  14.630 0.0000000000
156486  47.207  41.791  15.142 0.0000000000
156508  46.819  41.730  14.584 0.0000000000
155678  46.875  41.675  15.696 0.0000000000
155679  46.213  41.575  15.741 0.0000000000
155663  46.509  41.289  16.238 0.0000000000
154870  46.702  39.993  17.776 0.0000000000
154871  45.883  40.066  17.648 0.0000000000
154159  46.108  39.329  17.829 0.0000000000
153487  44.818  38.604  17.931 0.0000000000
215410  44.859  37.494  19.448 0.0000000000
152205  44.326  37.469  20.168 0.0000000000
217766  44.104  37.419  20.914 0.0000000000
195945  43.565  36.499  22.385 0.0000000000
152179  43.889  36.956  22.013 0.0000000000
150318  42.607  35.022  22.489 0.0000000000
150943  42.942  35.479  22.643 0.0000000000
150925  45.019  35.702  23.968 0.0000000000
151537  44.648  36.060  23.582 0.0000000000
150926  44.477  35.310  23.702 0.0000000000
149043  43.686  33.088  22.906 0.0000000000
149648  43.773  34.150  23.318 0.0000000000
149044  43.121  33.188  22.755 0.0000000000
149665  42.790  33.673  22.722 0.0000000000
148390  42.116  32.486  22.129 0.0000000000
148389  42.684  32.273  22.198 0.0000000000
146949  42.723  30.793  21.164 0.0000000000
146921  42.424  31.256  21.542 0.0000000000
146045  42.273  30.447  20.714 0.0000000000
146068  41.916  29.854  20.435 0.0000000000
146067  42.554  30.156  20.207 0.0000000000
149014  47.917  32.936  25.527 0.0000000000
149012  47.451  33.472  25.760 0.0000000000
148345  47.496  32.481  25.061 0.0000000000
147674  46.799  31.653  22.954 0.0000000000
148351  46.830  32.170  24.073 0.0000000000
148360  46.462  32.053  23.462 0.0000000000
223394  45.832  32.244  23.418 0.0000000000
218275  45.917  31.653  22.250 0.0000000000
220124  46.894  31.041  19.383 0.0000000000
146963  46.293  30.950  19.893 0.0000000000
151585  41.470  35.658  19.580 0.0000000000
200997  41.922  35.995  19.478 0.0000000000
151583  42.500  36.428  19.718 0.0000000000
151575  42.696  36.450  20.611 0.0000000000
154161  44.427  39.369  17.785 0.0000000000
154873  43.995  40.024  17.614 0.0000000000
154162  43.712  39.412  17.890 0.0000000000
152844  42.327  38.186  18.132 0.0000000000
152831  41.749  37.880  18.133 0.0000000000
224989  41.886  37.313  18.108 0.0000000000
152233  41.943  36.912  18.188 0.0000000000
147606  45.353  31.373  28.165 0.0000000000
146844  46.404  30.940  26.796 0.0000000000
147636  45.685  31.287  26.514 0.0000000000
146873  46.066  30.634  25.444 0.0000000000
145218  45.749  29.361  24.120 0.0000000000
158156  47.198  43.864  15.785 0.0000000000
158141  47.093  43.760  16.459 0.0000000000
158142  46.166  43.815  16.513 0.0000000000
158143  45.442  43.871  16.674 0.0000000000
158127  45.281  43.580  17.210 0.0000000000
161397  38.570  47.840  21.865 0.0000000000
160730  38.312  46.911  21.028 0.0000000000
161408  38.088  47.501  21.498 0.0000000000
158086  38.141  43.723  21.396 0.0000000000
162894  46.874  49.511  17.295 0.0000000000
206758  46.998  49.695  16.795 0.0000000000
162171  46.283  48.943  16.289 0.0000000000
161455  45.627  48.174  15.212 0.0000000000
160786  45.961  46.876  14.183 0.0000000000
160148  46.244  45.976  13.986 0.0000000000
159531  45.792  45.435  14.539 0.0000000000
222270  46.017  44.842  14.677 0.0000000000
212868  47.961  37.377  24.596 0.0000000000
151530  47.496  36.717  24.644 0.0000000000
150915  47.172  35.791  25.395 0.0000000000
150283  46.822  35.066  25.546 0.0000000000
207474  46.722  34.486  25.559 0.0000000000
149678  40.762  33.758  21.692 0.0000000000
212089  40.497  32.494  21.979 0.0000000000
207037  40.868  32.106  21.966 0.0000000000
147701  41.288  31.675  21.896 0.0000000000
208253  45.346  40.083  12.578 0.0000000000
154937  44.666  39.869  12.352 0.0000000000
154920  44.846  40.419  12.818 0.0000000000
155718  43.885  41.027  13.187 0.0000000000
195424  42.893  41.409  13.799 0.0000000000
151596  38.864  36.656  19.758 0.0000000000
150977  38.263  36.036  20.453 0.0000000000
150966  37.964  35.647  20.975 0.0000000000
162861  46.794  49.158  21.797 0.0000000000
222182  45.917  48.642  21.014 0.0000000000
162862  46.248  48.948  22.085 0.0000000000
162844  45.832  49.257  23.433 0.0000000000
165048  42.838  51.515  24.424 0.0000000000
165070  42.970  51.254  23.907 0.0000000000
165809  43.938  51.815  24.259 0.0000000000
165818  45.398  51.603  22.940 0.0000000000
165816  46.284  51.464  22.488 0.0000000000
165108  47.424  51.270  21.250 0.0000000000
165083  46.583  50.771  22.456 0.0000000000
163605  47.270  49.795  21.816 0.0000000000
150231  48.409  34.969  28.614 0.0000000000
149611  49.030  33.742  27.814 0.0000000000
199660  49.159  33.076  28.009 0.0000000000
148325  49.206  31.732  27.726 0.0000000000
146855  49.879  30.451  26.289 0.0000000000
145215  48.912  28.790  24.713 0.0000000000
144434  49.745  28.435  24.530 0.0000000000
144461  48.947  28.336  22.963 0.0000000000
144465  48.760  28.438  22.370 0.0000000000
145249  48.555  28.801  20.802 0.0000000000
154158  46.782  39.173  17.858 0.0000000000
152838  46.810  37.857  18.097 0.0000000000
154157  47.946  39.148  18.158 0.0000000000
153483  48.408  38.941  18.393 0.0000000000
153476  48.545  38.490  18.729 0.0000000000
202236  49.239  43.013  20.386 0.0000000000
155561  49.027  41.436  20.355 0.0000000000
156402  49.181  42.363  20.800 0.0000000000
156403  48.819  41.589  21.189 0.0000000000
155558  48.400  40.975  21.983 0.0000000000
154793  48.209  40.263  22.338 0.0000000000
203616  48.246  41.567  22.444 0.0000000000
155554  47.904  41.772  23.029 0.0000000000
156390  47.725  42.025  23.854 0.0000000000
161434  42.844  47.379  18.911 0.0000000000
160130  42.487  45.948  17.772 0.0000000000
160131  41.936  46.043  18.245 0.0000000000
158868  42.337  44.315  18.357 0.0000000000
158117  42.438  43.713  18.677 0.0000000000
157260  42.192  42.597  21.803 0.0000000000
185993  42.842  42.568  21.387 0.0000000000
156393  43.299  42.714  22.479 0.0000000000
157224  43.985  43.470  23.712 0.0000000000
158058  45.191  44.034  24.217 0.0000000000
158042  46.202  44.331  24.699 0.0000000000
158029  45.743  44.039  25.113 0.0000000000
156365  46.292  42.416  25.727 0.0000000000
155525  46.846  41.431  26.196 0.0000000000
154753  46.932  40.471  26.755 0.0000000000
155526  46.167  41.129  25.993 0.0000000000
203388  46.297  39.271  26.674 0.0000000000
153399  45.616  39.261  26.145 0.0000000000
197066  42.306  39.925  25.225 0.0000000000
154068  42.936  39.626  25.222 0.0000000000
153415  42.556  39.059  25.263 0.0000000000
152738  43.219  37.786  25.734 0.0000000000
161460  40.199  47.545  15.624 0.0000000000
160789  40.890  46.454  15.052 0.0000000000
159533  41.422  45.579  14.442 0.0000000000
158909  41.676  44.888  13.644 0.0000000000
160151  42.085  45.374  14.212 0.0000000000
158908  42.763  45.155  13.855 0.0000000000
200128  43.453  44.483  13.272 0.0000000000
165154  43.706  51.550  17.638 0.0000000000
165883  43.060  51.905  17.251 0.0000000000
165896  43.836  51.801  17.124 0.0000000000
165907  44.608  52.074  16.198 0.0000000000
221993  46.982  49.209  13.010 0.0000000000
163703  46.718  49.802  12.993 0.0000000000
162942  46.679  48.839  12.481 0.0000000000
161495  46.627  47.523  12.206 0.0000000000
160812  46.137  46.798  12.231 0.0000000000
160165  45.820  45.992  12.393 0.0000000000
159554  46.209  45.612  11.804 0.0000000000
158939  46.872  44.543  10.997 0.0000000000
157400  46.938  42.942  10.681 0.0000000000
156579  47.015  42.265  10.691 0.0000000000
157413  47.314  42.976  10.555 0.0000000000
157399  47.696  42.780  11.090 0.0000000000
157382  48.055  42.519  12.003 0.0000000000
197178  49.263  43.326  15.237 0.0000000000
204140  49.219  42.941  14.569 0.0000000000
187514  48.973  42.120  15.795 0.0000000000
156468  48.355  41.960  15.720 0.0000000000
155661  47.977  41.706  16.264 0.0000000000
155635  46.811  41.054  16.831 0.0000000000
155634  47.659  41.203  16.890 0.0000000000
154869  47.401  40.174  17.793 0.0000000000
152203  46.117  37.288  20.289 0.0000000000
152191  44.789  37.286  20.957 0.0000000000
190776  45.145  37.291  21.760 0.0000000000
152178  44.497  37.206  22.289 0.0000000000
152159  44.136  36.844  22.618 0.0000000000
149643  44.971  33.999  24.103 0.0000000000
149644  44.385  34.057  23.656 0.0000000000
203847  43.633  32.219  22.395 0.0000000000
148388  43.209  32.060  22.285 0.0000000000
146920  43.212  31.099  21.681 0.0000000000
146948  43.465  30.775  21.225 0.0000000000
147650  48.146  31.651  24.242 0.0000000000
147651  47.534  31.856  24.148 0.0000000000
147660  47.877  31.591  23.632 0.0000000000
220627  47.071  31.375  22.474 0.0000000000
147694  46.957  31.398  21.880 0.0000000000
150976  39.893  35.630  20.120 0.0000000000
150332  39.719  34.951  21.101 0.0000000000
150339  40.167  35.234  20.627 0.0000000000
150331  40.393  34.782  21.008 0.0000000000
150974  41.308  35.292  20.127 0.0000000000
150963  41.289  35.179  20.752 0.0000000000
196619  41.884  34.313  22.034 0.0000000000
156489  45.057  41.918  15.299 0.0000000000
156511  44.588  41.932  14.721 0.0000000000
155666  43.601  41.495  16.482 0.0000000000
154874  43.198  40.111  17.829 0.0000000000
152222  40.528  36.958  18.900 0.0000000000
150981  39.770  35.996  19.695 0.0000000000
165031  41.398  51.726  25.014 0.0000000000
165779  42.643  52.179  25.226 0.0000000000
204294  43.349  52.630  25.254 0.0000000000
147563  47.765  31.701  29.444 0.0000000000
147580  48.195  31.285  29.192 0.0000000000
146817  48.167  30.646  28.674 0.0000000000
145959  48.444  29.953  27.856 0.0000000000
145981  48.512  29.822  26.448 0.0000000000
146857  46.885  30.656  26.337 0.0000000000
145982  47.919  29.941  25.832 0.0000000000
145207  48.644  29.110  25.107 0.0000000000
144436  48.543  28.499  23.894 0.0000000000
143652  47.595  27.783  23.162 0.0000000000
156448  49.500  42.133  17.078 0.0000000000
213651  49.154  41.063  17.923 0.0000000000
156433  49.600  42.256  17.712 0.0000000000
156421  49.476  42.411  18.436 0.0000000000
157302  49.412  43.273  18.852 0.0000000000
158111  48.406  44.109  17.882 0.0000000000
214440  48.685  44.140  18.406 0.0000000000
158096  49.109  43.900  19.723 0.0000000000
191662  48.908  44.103  20.155 0.0000000000
158092  47.943  43.897  20.518 0.0000000000
158083  47.642  44.065  21.228 0.0000000000
161404  40.998  47.587  21.172 0.0000000000
160755  40.664  46.405  19.661 0.0000000000
160756  40.131  46.443  19.893 0.0000000000
159510  39.811  45.337  19.699 0.0000000000
158852  40.079  43.999  20.012 0.0000000000
159506  38.856  45.313  20.226 0.0000000000
158853  39.564  44.290  20.146 0.0000000000
157275  41.140  42.813  20.994 0.0000000000
186262  41.728  42.650  22.618 0.0000000000
187520  42.115  43.048  23.364 0.0000000000
157192  43.224  43.376  25.037 0.0000000000
156368  43.492  42.594  25.209 0.0000000000
156369  42.791  42.909  25.247 0.0000000000
155540  42.330  42.247  25.305 0.0000000000
203303  41.546  42.278  25.168 0.0000000000
156371  40.920  42.629  25.159 0.0000000000
201452  41.422  41.274  25.220 0.0000000000
154780  41.377  40.583  25.290 0.0000000000
200076  41.016  40.119  25.372 0.0000000000
154071  40.665  39.552  25.499 0.0000000000
162187  41.969  48.306  15.391 0.0000000000
165880  46.840  51.834  18.097 0.0000000000
165893  46.271  52.070  17.073 0.0000000000
213111  46.799  51.654  17.007 0.0000000000
165176  46.977  51.032  16.244 0.0000000000
164419  47.070  50.448  15.171 0.0000000000
162901  46.946  49.740  15.910 0.0000000000
162912  47.007  49.552  14.985 0.0000000000
194509  47.026  49.702  13.941 0.0000000000
162217  47.072  48.714  13.038 0.0000000000
160803  47.288  47.623  12.609 0.0000000000
160163  48.111  46.589  11.883 0.0000000000
159553  48.178  45.275  12.091 0.0000000000
160155  48.030  45.818  12.433 0.0000000000
159545  47.737  45.543  13.148 0.0000000000
158904  48.415  44.322  14.260 0.0000000000
158906  47.135  44.789  14.072 0.0000000000
158905  47.950  44.517  14.318 0.0000000000
158885  49.006  43.932  15.258 0.0000000000
158155  49.172  43.692  15.786 0.0000000000
156447  49.622  42.476  16.607 0.0000000000
192456  47.656  37.044  22.297 0.0000000000
152156  46.362  37.160  22.905 0.0000000000
204856  46.765  37.114  23.524 0.0000000000
150920  45.385  35.422  24.390 0.0000000000
151527  46.538  36.105  24.912 0.0000000000
151528  45.922  35.791  24.676 0.0000000000
150288  45.276  34.669  24.410 0.0000000000
148353  45.228  33.014  23.833 0.0000000000
148362  44.901  32.747  23.395 0.0000000000
146962  48.466  31.336  19.855 0.0000000000
203868  48.161  31.287  20.766 0.0000000000
146926  37.823  30.966  21.824 0.0000000000
149689  39.558  34.377  21.472 0.0000000000
149680  39.360  33.802  21.746 0.0000000000
148392  39.123  32.521  22.175 0.0000000000
217437  38.570  31.051  21.876 0.0000000000
146953  38.288  30.571  21.427 0.0000000000
146031  39.136  30.499  21.736 0.0000000000
146924  40.271  30.922  21.880 0.0000000000
192035  44.192  39.209  11.932 0.0000000000
154218  43.004  38.811  11.567 0.0000000000
156512  43.823  41.946  14.775 0.0000000000
156528  43.377  41.600  14.313 0.0000000000
162165  44.583  48.088  17.049 0.0000000000
160775  43.935  46.616  16.096 0.0000000000
161442  44.167  47.735  17.526 0.0000000000
161432  44.108  47.968  18.262 0.0000000000
161433  43.450  47.781  18.606 0.0000000000
162122  44.621  48.436  20.723 0.0000000000
186898  44.192  48.258  20.227 0.0000000000
161420  43.217  48.023  19.266 0.0000000000
162132  43.049  48.004  20.474 0.0000000000
162133  42.531  47.882  20.880 0.0000000000
162125  41.425  47.935  21.674 0.0000000000
162114  41.118  48.077  22.324 0.0000000000
162115  40.425  47.956  22.405 0.0000000000
162101  40.071  48.294  22.938 0.0000000000
165140  41.832  51.712  18.457 0.0000000000
163643  40.343  50.410  19.807 0.0000000000
164367  41.517  50.307  19.445 0.0000000000
164376  42.631  50.832  18.610 0.0000000000
164375  43.317  50.648  18.661 0.0000000000
164374  44.567  50.986  18.420 0.0000000000
165136  45.600  51.441  18.773 0.0000000000
164313  43.147  51.102  23.265 0.0000000000
164349  44.477  50.807  21.139 0.0000000000
164356  45.377  51.019  20.299 0.0000000000
165857  46.489  51.862  19.175 0.0000000000
165879  47.070  51.650  18.656 0.0000000000
165133  47.859  51.272  18.387 0.0000000000
163656  47.983  50.299  18.171 0.0000000000
163625  47.917  50.358  20.529 0.0000000000
163638  47.540  49.985  19.317 0.0000000000
162881  47.246  49.520  18.369 0.0000000000
191288  46.603  49.286  18.013 0.0000000000
162164  45.160  48.561  17.259 0.0000000000
151499  48.594  36.308  26.817 0.0000000000
150902  48.217  35.412  26.275 0.0000000000
150278  48.480  34.874  26.599 0.0000000000
148340  48.629  32.745  26.013 0.0000000000
149010  49.147  32.824  26.735 0.0000000000
148343  48.978  32.082  25.668 0.0000000000
148349  48.385  31.734  24.768 0.0000000000
147649  48.683  31.372  24.355 0.0000000000
146905  48.780  30.994  22.749 0.0000000000
186737  48.761  30.887  22.016 0.0000000000
146828  49.015  30.457  28.228 0.0000000000
145967  49.925  29.999  27.010 0.0000000000
146870  49.838  30.090  25.681 0.0000000000
144449  49.876  28.574  24.381 0.0000000000
146022  50.032  29.139  24.270 0.0000000000
146005  49.885  29.925  24.301 0.0000000000
188816  49.619  30.048  22.905 0.0000000000
146916  49.222  30.409  21.723 0.0000000000
193607  48.841  30.777  21.384 0.0000000000
146961  48.947  30.920  19.931 0.0000000000
152828  44.117  37.667  18.281 0.0000000000
152815  43.823  37.383  18.687 0.0000000000
152827  44.860  37.745  18.319 0.0000000000
152813  45.248  37.474  18.696 0.0000000000
152217  45.666  37.444  19.463 0.0000000000
152230  46.742  37.204  18.806 0.0000000000
152216  46.465  37.176  19.425 0.0000000000
152202  47.041  37.086  20.107 0.0000000000
152188  47.405  37.262  20.819 0.0000000000
152187  47.914  37.271  21.132 0.0000000000
201010  49.300  40.923  18.394 0.0000000000
195025  49.197  39.465  18.823 0.0000000000
154137  49.269  39.209  19.463 0.0000000000
154821  49.016  40.473  20.259 0.0000000000
154122  49.100  39.616  20.137 0.0000000000
152804  49.176  38.009  19.953 0.0000000000
153450  49.049  38.138  20.661 0.0000000000
223800  48.334  37.528  21.435 0.0000000000
152174  47.972  37.207  21.872 0.0000000000
225385  48.037  37.013  22.388 0.0000000000
152153  48.189  37.260  22.806 0.0000000000
216616  48.145  37.523  23.418 0.0000000000
154081  48.152  39.661  22.736 0.0000000000
222519  48.165  38.667  23.678 0.0000000000
202638  48.152  38.068  23.886 0.0000000000
152757  48.125  38.007  24.741 0.0000000000
152118  48.343  37.497  26.183 0.0000000000
160136  43.656  46.146  16.463 0.0000000000
158880  43.861  44.831  16.610 0.0000000000
158115  44.560  43.409  17.438 0.0000000000
158872  42.937  44.976  17.257 0.0000000000
158116  43.911  43.327  17.796 0.0000000000
198817  45.110  42.970  18.551 0.0000000000
157293  45.854  42.866  19.075 0.0000000000
157279  46.699  43.113  20.170 0.0000000000
158084  46.961  43.547  21.298 0.0000000000
158864  40.855  44.719  18.920 0.0000000000
158108  42.043  43.463  19.085 0.0000000000
157306  42.830  42.925  19.358 0.0000000000
157273  43.472  42.508  21.245 0.0000000000
185718  43.881  42.371  20.812 0.0000000000
157282  44.376  42.532  20.305 0.0000000000
157255  45.763  42.814  21.762 0.0000000000
216818  46.818  43.665  21.919 0.0000000000
158076  47.327  44.202  22.221 0.0000000000
158056  47.816  44.131  23.353 0.0000000000
216557  47.614  43.565  24.211 0.0000000000
156381  47.589  42.310  24.857 0.0000000000
157188  46.938  43.219  25.325 0.0000000000
156363  47.300  42.823  25.209 0.0000000000
155536  47.563  41.463  25.293 0.0000000000
154065  47.751  40.170  25.911 0.0000000000
153398  48.052  38.845  26.278 0.0000000000
152110  48.438  37.268  26.912 0.0000000000
201213  48.400  37.455  27.641 0.0000000000
152105  48.357  36.991  28.018 0.0000000000
151478  48.325  36.466  28.240 0.0000000000
201673  47.607  38.547  27.879 0.0000000000
152097  48.012  37.207  28.459 0.0000000000
150864  48.317  35.786  28.454 0.0000000000
202147  48.113  35.270  28.672 0.0000000000
150232  47.676  35.062  28.707 0.0000000000
150222  47.481  34.369  28.946 0.0000000000
201269  43.931  40.970  25.308 0.0000000000
154055  44.863  39.321  25.799 0.0000000000
153400  45.126  38.642  26.104 0.0000000000
153402  43.747  38.821  25.660 0.0000000000
219965  45.070  37.588  26.419 0.0000000000
151500  45.886  36.711  27.445 0.0000000000
151495  46.268  36.392  27.896 0.0000000000
150233  46.899  34.736  28.624 0.0000000000
149580  47.198  33.740  29.360 0.0000000000
207690  46.829  32.968  29.366 0.0000000000
148294  46.380  32.144  29.077 0.0000000000
207944  45.648  31.699  28.925 0.0000000000
147565  45.022  31.823  28.959 0.0000000000
157387  41.936  43.171  11.902 0.0000000000
158928  41.862  44.068  12.823 0.0000000000
158240  42.198  43.467  12.632 0.0000000000
203684  42.251  42.564  11.927 0.0000000000
156563  43.020  41.854  11.606 0.0000000000
155738  43.320  41.275  11.293 0.0000000000
155737  44.183  41.101  11.339 0.0000000000
162924  42.411  49.150  15.173 0.0000000000
162199  42.905  48.288  14.885 0.0000000000
165915  45.871  52.209  15.744 0.0000000000
165195  45.129  51.769  14.744 0.0000000000
164440  45.930  50.329  13.305 0.0000000000
162198  43.424  47.995  14.464 0.0000000000
161466  43.459  47.245  14.463 0.0000000000
160141  43.542  46.130  14.052 0.0000000000
160159  43.861  45.639  13.529 0.0000000000
158916  44.196  44.473  13.077 0.0000000000
158927  44.777  44.120  12.667 0.0000000000
158237  44.514  43.445  12.443 0.0000000000
157403  44.787  42.319  11.776 0.0000000000
156561  44.567  41.664  11.592 0.0000000000
155751  44.665  40.343  10.893 0.0000000000
155750  45.516  40.446  10.749 0.0000000000
154215  46.128  39.712  11.160 0.0000000000
155749  46.898  41.153  10.915 0.0000000000
154948  46.786  40.363  11.426 0.0000000000
154935  46.295  40.024  12.105 0.0000000000
154919  45.944  40.302  12.637 0.0000000000
155715  46.165  40.814  13.090 0.0000000000
156525  45.664  41.539  14.112 0.0000000000
223636  48.401  44.115  11.877 0.0000000000
196279  48.479  42.951  12.469 0.0000000000
156545  48.421  42.326  12.793 0.0000000000
156505  48.949  42.265  14.598 0.0000000000
156522  48.532  42.023  14.003 0.0000000000
156538  48.004  41.818  13.281 0.0000000000
187221  46.981  41.637  14.022 0.0000000000
156524  46.374  41.516  14.051 0.0000000000
156509  46.145  41.760  14.622 0.0000000000
156488  45.831  41.867  15.229 0.0000000000
155664  45.802  41.347  16.325 0.0000000000
208312  45.383  40.968  16.808 0.0000000000
154888  46.373  40.525  17.279 0.0000000000
208357  45.663  40.580  17.274 0.0000000000
217683  45.283  40.179  17.547 0.0000000000
152841  44.477  38.006  18.090 0.0000000000
152219  43.602  37.225  19.539 0.0000000000
151574  43.152  36.606  21.148 0.0000000000
152192  43.678  36.997  21.241 0.0000000000
151566  43.323  36.554  21.728 0.0000000000
199636  42.619  36.377  21.426 0.0000000000
150953  42.488  35.452  22.138 0.0000000000
150319  42.198  34.901  22.111 0.0000000000
149666  42.145  33.676  22.305 0.0000000000
152157  45.514  37.031  23.067 0.0000000000
151550  44.395  36.484  23.107 0.0000000000
151538  44.016  35.819  23.243 0.0000000000
150293  44.131  34.671  23.558 0.0000000000
150294  43.558  34.746  23.239 0.0000000000
150942  43.453  35.352  23.073 0.0000000000
150308  43.008  34.879  22.876 0.0000000000
146922  41.681  31.224  21.599 0.0000000000
146046  41.663  30.111  21.000 0.0000000000
150279  47.938  34.747  26.171 0.0000000000
149636  47.042  34.034  25.705 0.0000000000
149016  46.426  33.379  25.186 0.0000000000
195640  47.250  32.205  24.588 0.0000000000
148346  46.519  32.624  24.785 0.0000000000
148352  45.736  32.888  24.223 0.0000000000
148377  45.253  32.227  23.034 0.0000000000
146943  47.547  31.327  20.570 0.0000000000
147714  46.810  31.377  21.226 0.0000000000
147695  46.261  31.525  21.778 0.0000000000
221084  45.761  30.908  19.643 0.0000000000
146945  45.764  31.094  20.667 0.0000000000
147715  46.059  31.354  21.230 0.0000000000
147696  45.540  31.514  21.805 0.0000000000
207447  44.982  31.645  22.052 0.0000000000
145219  45.021  29.582  24.147 0.0000000000
144455  45.580  28.141  23.635 0.0000000000
143654  45.489  27.453  23.302 0.0000000000
205727  46.133  27.667  23.302 0.0000000000
142892  45.276  26.571  22.593 0.0000000000
144423  49.850  28.516  24.936 0.0000000000
144424  49.607  28.415  25.115 0.0000000000
144435  49.377  28.441  24.201 0.0000000000
144450  49.695  28.444  23.863 0.0000000000
144451  49.179  28.357  23.512 0.0000000000
144452  47.855  28.162  23.515 0.0000000000
144453  47.226  27.955  23.510 0.0000000000
144454  46.465  28.072  23.455 0.0000000000
144462  48.231  28.117  22.802 0.0000000000
144464  49.278  28.504  22.590 0.0000000000
144468  48.727  28.496  21.615 0.0000000000
145185  49.439  29.391  26.850 0.0000000000
145195  49.796  28.887  25.986 0.0000000000
145196  49.632  28.956  26.203 0.0000000000
145197  48.800  29.382  26.186 0.0000000000
145214  50.048  28.718  24.694 0.0000000000
145233  49.938  28.752  23.889 0.0000000000
145235  46.052  28.715  23.799 0.0000000000
145236  45.252  28.963  23.827 0.0000000000
145240  49.629  28.792  22.483 0.0000000000
145954  48.456  30.204  28.239 0.0000000000
145968  49.367  29.723  27.243 0.0000000000
145969  49.005  29.798  27.388 0.0000000000
145970  48.422  29.840  27.266 0.0000000000
145980  50.010  29.750  26.207 0.0000000000
145983  47.217  30.355  25.802 0.0000000000
145991  49.867  29.381  25.538 0.0000000000
145992  48.625  29.383  25.766 0.0000000000
145993  48.014  29.578  25.128 0.0000000000
145995  45.821  30.306  24.929 0.0000000000
146004  50.090  29.202  24.860 0.0000000000
146007  46.232  29.755  24.550 0.0000000000
146008  45.449  29.938  24.483 0.0000000000
146023  49.940  29.446  23.551 0.0000000000
146026  49.565  29.706  22.160 0.0000000000
146064  49.169  30.569  20.446 0.0000000000
146816  48.691  30.362  28.410 0.0000000000
146819  46.723  31.204  28.138 0.0000000000
146829  47.943  30.273  28.207 0.0000000000
146830  47.301  30.657  27.890 0.0000000000
146831  46.588  31.005  27.525 0.0000000000
146841  49.606  30.363  27.100 0.0000000000
146842  47.829  30.138  27.611 0.0000000000
146858  46.210  30.892  26.057 0.0000000000
146859  45.610  30.934  25.771 0.0000000000
146874  45.515  30.662  25.258 0.0000000000
146883  49.843  30.029  25.048 0.0000000000
146884  49.512  30.590  24.639 0.0000000000
146885  49.168  30.873  24.194 0.0000000000
146899  49.542  30.438  23.643 0.0000000000
146904  49.241  30.505  22.402 0.0000000000
146942  48.740  30.956  20.667 0.0000000000
147562  48.213  31.832  29.485 0.0000000000
147579  48.721  31.062  28.612 0.0000000000
147581  47.626  31.228  28.977 0.0000000000
147582  46.876  31.383  28.642 0.0000000000
147584  44.948  31.569  28.582 0.0000000000
147605  45.974  31.269  27.891 0.0000000000
147621  49.398  31.082  27.373 0.0000000000
147622  45.973  31.148  27.256 0.0000000000
147637  44.909  31.417  26.620 0.0000000000
147644  49.272  31.528  25.470 0.0000000000
147673  47.616  31.484  22.903 0.0000000000
147675  46.005  31.861  22.863 0.0000000000
148290  48.883  32.413  28.932 0.0000000000
148291  48.440  32.373  29.344 0.0000000000
148293  47.286  32.283  29.444 0.0000000000
148295  45.473  32.136  29.168 0.0000000000
148339  49.174  32.309  26.235 0.0000000000
148350  47.863  31.951  24.730 0.0000000000
148960  48.190  33.440  29.428 0.0000000000
148961  46.010  32.869  29.173 0.0000000000
148974  49.045  33.080  28.677 0.0000000000
149005  49.152  33.201  27.349 0.0000000000
149011  48.119  33.442  26.068 0.0000000000
149578  48.416  33.940  29.165 0.0000000000
149579  47.860  33.921  29.325 0.0000000000
149581  46.483  33.612  29.198 0.0000000000
149592  48.553  34.383  28.864 0.0000000000
149593  46.890  34.130  28.962 0.0000000000
149635  47.704  34.071  26.008 0.0000000000
149639  46.512  34.028  25.385 0.0000000000
150221  48.141  34.623  28.990 0.0000000000
150230  48.843  34.353  28.394 0.0000000000
150234  46.004  34.719  28.467 0.0000000000
150246  48.890  34.381  27.555 0.0000000000
150265  48.847  34.989  27.143 0.0000000000
150287  45.723  34.476  24.858 0.0000000000
150289  44.697  34.630  23.933 0.0000000000
150865  47.893  35.788  28.659 0.0000000000
150867  46.434  35.336  28.354 0.0000000000
150868  45.681  35.214  28.168 0.0000000000
150877  45.387  35.559  27.658 0.0000000000
150878  44.672  35.384  27.269 0.0000000000
150901  48.702  35.601  26.812 0.0000000000
150903  47.513  35.281  25.915 0.0000000000
151479  48.052  36.511  28.522 0.0000000000
151481  46.736  36.021  28.282 0.0000000000
151493  48.578  36.451  27.654 0.0000000000
151494  47.020  36.707  28.145 0.0000000000
151501  45.265  36.438  27.097 0.0000000000
151510  48.275  36.391  26.080 0.0000000000
151512  44.099  36.858  26.256 0.0000000000
151531  46.845  36.578  24.487 0.0000000000
151532  45.502  36.079  24.220 0.0000000000
151536  45.147  36.242  23.815 0.0000000000
151567  42.249  35.850  21.641 0.0000000000
151586  38.474  36.430  20.097 0.0000000000
152096  48.099  36.980  28.368 0.0000000000
152098  47.560  37.293  28.233 0.0000000000
152107  46.255  37.260  27.406 0.0000000000
152111  45.425  37.205  26.878 0.0000000000
152112  44.718  36.666  26.653 0.0000000000
152119  44.684  37.963  26.083 0.0000000000
152121  43.408  37.059  26.001 0.0000000000
152134  47.871  36.971  24.934 0.0000000000
152137  48.036  37.444  23.994 0.0000000000
152144  47.493  37.154  23.455 0.0000000000
152145  46.117  37.017  23.470 0.0000000000
152146  44.970  36.653  23.430 0.0000000000
152155  47.204  37.139  22.855 0.0000000000
152158  44.723  36.998  22.874 0.0000000000
152173  48.301  37.329  22.172 0.0000000000
152175  47.376  37.408  21.562 0.0000000000
152190  45.572  37.289  20.952 0.0000000000
152193  43.300  36.774  20.715 0.0000000000
152201  47.821  37.131  20.402 0.0000000000
152229  47.409  37.171  18.918 0.0000000000
152712  47.922  37.721  28.327 0.0000000000
152722  47.915  38.214  28.122 0.0000000000
152724  46.688  37.825  27.563 0.0000000000
152728  48.247  38.094  27.718 0.0000000000
152729  46.981  38.506  27.596 0.0000000000
152731  45.461  38.064  26.620 0.0000000000
152736  48.201  38.246  26.539 0.0000000000
152737  43.890  38.203  25.864 0.0000000000
152749  48.249  38.137  25.694 0.0000000000
152750  43.348  38.398  25.536 0.0000000000
152795  48.712  37.683  20.883 0.0000000000
152805  48.908  37.538  20.314 0.0000000000
152810  48.783  37.593  19.621 0.0000000000
152812  46.021  37.354  18.744 0.0000000000
152814  44.514  37.542  18.715 0.0000000000
152823  48.385  37.830  18.969 0.0000000000
152825  47.146  37.409  18.331 0.0000000000
153383  47.851  38.782  27.755 0.0000000000
153384  47.463  39.066  27.618 0.0000000000
153392  45.725  38.737  26.528 0.0000000000
153401  44.409  38.682  25.877 0.0000000000
153414  43.169  38.935  25.346 0.0000000000
153416  42.046  38.654  25.326 0.0000000000
153423  48.111  38.847  24.473 0.0000000000
153425  48.654  38.411  22.558 0.0000000000
153461  49.230  38.498  20.204 0.0000000000
153468  49.203  38.584  19.643 0.0000000000
153475  49.113  38.816  19.026 0.0000000000
153477  47.918  38.504  18.341 0.0000000000
153484  47.274  38.583  17.981 0.0000000000
153486  45.615  38.625  18.040 0.0000000000
153522  44.509  38.443  11.434 0.0000000000
154039  47.989  39.186  27.407 0.0000000000
154045  47.401  39.696  27.370 0.0000000000
154046  46.953  39.952  27.037 0.0000000000
154051  47.877  39.463  26.917 0.0000000000
154053  46.225  40.022  26.382 0.0000000000
154054  45.463  39.801  25.913 0.0000000000
154064  47.870  39.510  26.113 0.0000000000
154066  44.242  39.790  25.548 0.0000000000
154070  41.310  39.470  25.336 0.0000000000
154074  47.942  39.501  25.246 0.0000000000
154086  48.505  39.505  22.064 0.0000000000
154146  48.959  39.116  18.506 0.0000000000
154200  46.427  40.024  11.524 0.0000000000
154201  46.022  39.544  11.594 0.0000000000
154203  45.003  39.022  11.870 0.0000000000
154204  43.355  39.416  11.884 0.0000000000
154205  42.612  39.402  11.892 0.0000000000
154214  46.475  40.154  11.190 0.0000000000
154759  47.185  40.973  26.615 0.0000000000
154760  46.554  40.750  26.239 0.0000000000
154761  45.699  40.522  25.881 0.0000000000
154762  44.975  40.088  25.580 0.0000000000
154774  47.653  40.837  25.680 0.0000000000
154776  44.415  40.522  25.400 0.0000000000
154779  42.009  40.701  25.225 0.0000000000
154781  40.762  40.898  25.476 0.0000000000
154782  40.111  40.803  25.593 0.0000000000
154787  47.709  40.724  24.765 0.0000000000
154791  47.682  40.548  23.872 0.0000000000
154855  49.216  40.180  18.623 0.0000000000
154866  49.123  40.433  18.122 0.0000000000
154868  48.079  39.931  17.920 0.0000000000
154872  44.699  40.052  17.579 0.0000000000
154891  43.595  40.600  17.318 0.0000000000
154918  46.544  40.581  12.596 0.0000000000
154921  44.199  40.536  12.734 0.0000000000
154923  42.680  40.563  12.871 0.0000000000
154936  45.786  39.713  12.179 0.0000000000
154954  46.678  40.558  11.051 0.0000000000
155524  47.214  41.488  26.288 0.0000000000
155538  43.774  41.702  25.224 0.0000000000
155541  40.857  41.808  25.296 0.0000000000
155543  39.448  41.641  25.568 0.0000000000
155556  48.032  41.012  22.696 0.0000000000
155567  49.071  40.885  19.751 0.0000000000
155632  48.933  41.631  16.994 0.0000000000
155662  47.211  41.565  16.281 0.0000000000
155680  45.466  41.721  15.829 0.0000000000
155702  45.910  41.138  13.597 0.0000000000
155704  44.371  41.299  13.687 0.0000000000
155713  47.498  41.228  12.732 0.0000000000
155714  46.937  40.977  12.980 0.0000000000
155719  43.143  41.095  13.232 0.0000000000
155732  47.534  41.049  11.846 0.0000000000
155733  47.097  40.790  11.308 0.0000000000
155734  46.396  40.936  10.805 0.0000000000
155735  45.791  41.054  10.851 0.0000000000
155748  47.338  41.415  11.088 0.0000000000
156359  46.168  41.772  25.895 0.0000000000
156364  46.870  42.600  25.551 0.0000000000
156367  44.249  42.394  25.302 0.0000000000
156370  42.095  43.256  25.134 0.0000000000
156373  39.535  42.413  25.119 0.0000000000
156374  39.016  42.034  25.310 0.0000000000
156398  44.753  42.292  21.637 0.0000000000
156399  43.394  42.583  21.842 0.0000000000
156405  49.154  42.352  19.995 0.0000000000
156432  49.624  42.694  17.242 0.0000000000
156469  43.935  41.722  15.908 0.0000000000
156485  47.937  41.928  15.167 0.0000000000
156523  47.684  41.806  14.029 0.0000000000
156527  44.103  41.743  14.170 0.0000000000
156529  42.755  41.651  14.367 0.0000000000
156537  48.735  42.218  13.436 0.0000000000
156559  46.174  41.606  10.938 0.0000000000
156580  46.572  42.200  10.901 0.0000000000
157187  47.291  43.538  24.990 0.0000000000
157190  45.412  43.543  25.408 0.0000000000
157193  42.648  43.586  25.055 0.0000000000
157195  40.653  43.186  24.937 0.0000000000
157196  40.007  43.071  24.875 0.0000000000
157206  43.711  43.690  24.810 0.0000000000
157207  42.289  43.860  24.842 0.0000000000
157208  41.655  43.630  24.798 0.0000000000
157209  41.027  43.591  24.720 0.0000000000
157210  40.443  43.421  24.564 0.0000000000
157211  39.372  43.075  24.728 0.0000000000
157221  47.831  43.564  23.529 0.0000000000
157222  47.673  42.913  24.113 0.0000000000
157225  43.266  43.617  23.872 0.0000000000
157226  42.561  43.638  24.118 0.0000000000
157228  40.821  43.542  24.161 0.0000000000
157231  38.892  43.376  23.752 0.0000000000
157239  48.271  43.225  22.811 0.0000000000
157241  44.988  42.807  22.793 0.0000000000
157242  44.302  42.929  22.922 0.0000000000
157243  43.598  43.040  23.047 0.0000000000
157246  40.160  42.971  22.806 0.0000000000
157252  48.839  43.313  21.723 0.0000000000
157253  48.572  42.837  22.133 0.0000000000
157254  46.444  43.029  21.545 0.0000000000
157259  42.822  42.621  22.186 0.0000000000
157261  41.408  42.649  21.779 0.0000000000
157268  49.058  43.290  21.043 0.0000000000
157270  45.887  42.720  21.073 0.0000000000
157271  45.220  42.485  21.340 0.0000000000
157272  44.583  42.462  21.002 0.0000000000
157274  41.862  42.606  21.013 0.0000000000
157276  39.206  43.331  21.494 0.0000000000
157280  45.988  42.815  20.366 0.0000000000
157281  45.176  42.648  20.526 0.0000000000
157283  43.644  42.555  20.144 0.0000000000
157286  40.978  43.103  20.291 0.0000000000
157287  40.303  43.396  20.421 0.0000000000
157288  39.859  43.123  21.064 0.0000000000
157295  44.198  42.689  19.561 0.0000000000
157296  43.415  42.783  19.490 0.0000000000
157297  42.214  43.000  19.564 0.0000000000
157298  41.622  43.048  19.976 0.0000000000
157303  46.552  43.294  18.634 0.0000000000
157312  49.535  42.993  17.958 0.0000000000
157315  43.816  42.976  18.393 0.0000000000
157333  49.417  42.877  16.530 0.0000000000
157334  49.443  42.672  16.146 0.0000000000
157347  49.343  43.010  15.723 0.0000000000
157356  49.197  42.615  15.176 0.0000000000
157363  49.065  42.499  13.948 0.0000000000
157386  42.533  42.886  12.391 0.0000000000
157402  45.571  42.509  11.570 0.0000000000
157414  41.921  42.249  10.868 0.0000000000
158040  47.474  43.854  24.529 0.0000000000
158041  47.223  44.065  24.735 0.0000000000
158043  45.401  44.370  24.749 0.0000000000
158044  44.302  43.950  24.728 0.0000000000
158057  47.619  44.020  24.068 0.0000000000
158059  44.398  43.917  24.330 0.0000000000
158066  48.210  43.891  22.958 0.0000000000
158068  46.078  43.584  22.974 0.0000000000
158069  45.399  43.303  23.312 0.0000000000
158078  38.567  43.432  21.756 0.0000000000
158085  39.237  43.547  20.845 0.0000000000
158091  48.583  44.122  20.353 0.0000000000
158093  47.198  43.527  20.662 0.0000000000
158094  40.631  43.693  19.823 0.0000000000
158095  39.713  43.670  20.460 0.0000000000
158097  48.835  44.197  19.728 0.0000000000
158098  48.293  43.961  19.823 0.0000000000
158100  41.514  43.776  19.184 0.0000000000
158101  41.236  43.502  19.670 0.0000000000
158103  48.940  43.871  19.083 0.0000000000
158106  43.337  43.406  18.254 0.0000000000
158107  42.582  43.211  18.990 0.0000000000
158112  46.933  43.557  17.615 0.0000000000
158113  46.486  43.417  18.067 0.0000000000
158114  45.191  43.247  17.826 0.0000000000
158121  49.229  43.144  16.807 0.0000000000
158124  48.133  43.854  17.318 0.0000000000
158125  47.430  43.704  17.161 0.0000000000
158128  44.712  43.931  16.879 0.0000000000
158129  44.013  43.833  17.261 0.0000000000
158139  48.890  43.768  16.262 0.0000000000
158140  47.941  43.838  16.079 0.0000000000
158157  46.472  43.949  15.873 0.0000000000
158209  44.175  43.829  12.826 0.0000000000
158210  43.594  43.908  13.006 0.0000000000
158211  42.446  43.902  13.153 0.0000000000
158234  48.661  43.622  12.557 0.0000000000
158236  45.289  43.701  12.217 0.0000000000
158261  48.156  44.247  11.107 0.0000000000
158262  47.667  43.653  10.832 0.0000000000
158264  46.583  43.552  10.991 0.0000000000
158266  41.478  43.643  11.532 0.0000000000
158802  47.338  44.291  24.243 0.0000000000
158803  46.769  44.321  24.242 0.0000000000
158814  47.553  44.241  23.696 0.0000000000
158828  47.746  44.274  23.176 0.0000000000
158829  47.366  44.232  22.840 0.0000000000
158838  48.317  44.228  22.010 0.0000000000
158839  47.913  44.394  22.375 0.0000000000
158846  48.284  44.142  21.028 0.0000000000
158847  38.389  44.015  20.994 0.0000000000
158848  37.867  44.348  21.148 0.0000000000
158854  38.820  43.995  20.689 0.0000000000
158855  38.474  44.675  20.705 0.0000000000
158858  40.926  44.014  19.219 0.0000000000
158860  39.895  44.648  19.746 0.0000000000
158862  41.897  44.051  18.770 0.0000000000
158863  41.358  44.288  18.889 0.0000000000
158870  44.146  44.339  16.890 0.0000000000
158878  45.642  44.184  16.074 0.0000000000
158887  48.418  44.225  15.607 0.0000000000
158888  47.707  44.190  15.420 0.0000000000
158889  45.299  44.667  15.629 0.0000000000
158890  44.707  44.884  15.844 0.0000000000
158895  48.513  44.242  15.052 0.0000000000
158897  47.434  44.412  14.726 0.0000000000
158899  45.505  45.000  15.072 0.0000000000
158903  48.722  43.888  14.648 0.0000000000
158907  46.405  45.095  14.116 0.0000000000
158913  48.815  44.024  14.054 0.0000000000
158915  45.024  44.816  12.932 0.0000000000
158917  42.750  44.526  13.465 0.0000000000
158918  42.059  44.428  13.361 0.0000000000
158919  41.461  44.569  13.070 0.0000000000
158936  48.329  44.794  11.518 0.0000000000
158938  47.593  44.783  10.684 0.0000000000
159505  39.387  44.946  19.952 0.0000000000
159514  41.170  45.442  18.723 0.0000000000
159515  40.671  45.393  19.063 0.0000000000
159518  42.525  45.175  17.651 0.0000000000
159519  42.061  45.409  18.058 0.0000000000
159521  43.362  45.189  16.906 0.0000000000
159522  42.867  45.538  17.224 0.0000000000
159523  44.121  45.125  16.042 0.0000000000
159524  43.681  45.475  16.408 0.0000000000
159528  43.970  45.836  15.830 0.0000000000
159534  40.800  45.485  14.438 0.0000000000
159537  48.163  44.859  13.681 0.0000000000
159539  47.095  45.567  13.652 0.0000000000
159541  41.250  45.222  14.023 0.0000000000
159544  48.195  45.114  12.999 0.0000000000
159549  43.334  45.022  13.592 0.0000000000
159555  45.637  45.178  12.480 0.0000000000
159559  48.248  45.517  11.238 0.0000000000
159561  47.376  45.411  10.918 0.0000000000
159562  46.712  45.260  11.373 0.0000000000
160118  39.102  46.019  20.114 0.0000000000
160119  38.557  45.956  20.431 0.0000000000
160120  37.992  45.854  20.684 0.0000000000
160124  40.954  46.104  19.128 0.0000000000
160125  40.314  45.813  19.512 0.0000000000
160126  39.685  45.962  19.853 0.0000000000
160138  44.608  45.938  15.322 0.0000000000
160139  45.566  46.173  14.554 0.0000000000
160140  45.016  46.274  14.901 0.0000000000
160144  41.170  45.955  14.753 0.0000000000
160145  40.515  45.941  14.744 0.0000000000
160150  42.889  45.739  14.185 0.0000000000
160152  40.280  45.651  14.366 0.0000000000
160156  47.786  46.220  12.557 0.0000000000
160157  45.396  46.461  12.957 0.0000000000
160158  44.672  46.011  13.377 0.0000000000
160164  46.489  46.390  11.691 0.0000000000
160169  48.182  45.950  11.732 0.0000000000
160740  40.689  46.828  20.157 0.0000000000
160741  39.462  46.944  20.692 0.0000000000
160742  38.871  46.534  20.560 0.0000000000
160743  38.242  46.380  20.674 0.0000000000
160753  41.892  47.069  19.436 0.0000000000
160764  42.685  46.931  18.392 0.0000000000
160765  42.239  46.856  18.838 0.0000000000
160766  41.574  46.585  19.011 0.0000000000
160769  42.877  46.656  17.761 0.0000000000
160770  42.322  46.520  18.227 0.0000000000
160772  43.435  46.599  17.060 0.0000000000
160778  44.267  46.398  15.587 0.0000000000
160779  42.125  47.148  15.009 0.0000000000
160781  40.562  46.948  15.405 0.0000000000
160788  43.424  46.609  14.443 0.0000000000
160790  40.205  46.400  15.090 0.0000000000
160791  39.632  46.536  14.886 0.0000000000
160795  46.640  47.309  13.804 0.0000000000
160797  44.497  47.081  13.804 0.0000000000
160798  43.846  46.872  14.035 0.0000000000
160804  45.832  47.231  12.714 0.0000000000
160806  44.861  46.699  13.502 0.0000000000
160811  47.349  47.271  11.903 0.0000000000
160818  47.769  46.721  11.598 0.0000000000
160819  47.263  46.691  11.392 0.0000000000
161394  40.721  47.732  21.829 0.0000000000
161398  37.995  47.776  22.058 0.0000000000
161406  39.540  47.345  21.319 0.0000000000
161407  38.801  47.392  21.387 0.0000000000
161411  42.633  47.717  20.200 0.0000000000
161412  42.022  47.590  20.387 0.0000000000
161414  40.537  47.283  20.700 0.0000000000
161415  39.929  47.315  20.814 0.0000000000
161421  42.751  47.619  19.600 0.0000000000
161443  43.655  47.518  17.897 0.0000000000
161448  44.165  47.563  16.822 0.0000000000
161451  44.982  47.833  15.850 0.0000000000
161452  44.317  47.313  16.131 0.0000000000
161456  45.113  47.453  15.156 0.0000000000
161457  44.606  47.282  15.539 0.0000000000
161461  39.515  47.433  15.556 0.0000000000
161464  46.202  47.721  14.170 0.0000000000
161465  45.694  47.549  14.667 0.0000000000
161473  47.144  48.309  13.145 0.0000000000
161476  44.902  47.642  13.650 0.0000000000
161485  45.386  47.528  13.142 0.0000000000
162090  39.669  48.482  23.469 0.0000000000
162098  42.998  48.586  22.738 0.0000000000
162100  41.515  48.427  22.826 0.0000000000
162103  38.730  48.275  22.930 0.0000000000
162104  38.093  48.260  23.003 0.0000000000
162109  45.627  48.601  21.586 0.0000000000
162110  44.387  48.466  21.937 0.0000000000
162113  41.850  48.261  22.182 0.0000000000
162116  39.711  48.016  22.399 0.0000000000
162117  39.015  48.029  22.415 0.0000000000
162118  38.354  48.048  22.467 0.0000000000
162121  45.355  48.549  20.919 0.0000000000
162128  45.855  48.740  20.465 0.0000000000
162129  45.265  48.637  20.273 0.0000000000
162130  44.768  48.436  20.070 0.0000000000
162131  43.572  48.133  20.373 0.0000000000
162137  45.799  48.922  19.846 0.0000000000
162140  43.775  48.124  19.746 0.0000000000
162141  43.185  47.915  19.956 0.0000000000
162147  43.947  48.127  19.020 0.0000000000
162154  45.795  49.034  17.410 0.0000000000
162156  44.650  48.274  17.809 0.0000000000
162173  44.585  47.846  16.459 0.0000000000
162185  46.106  48.626  15.635 0.0000000000
162197  46.465  48.298  14.281 0.0000000000
162200  42.437  48.587  15.243 0.0000000000
162207  47.029  48.878  13.584 0.0000000000
162208  46.911  48.471  13.837 0.0000000000
162209  44.755  48.311  13.782 0.0000000000
162218  46.081  48.607  12.638 0.0000000000
162224  47.180  48.300  12.670 0.0000000000
162225  46.975  48.383  12.535 0.0000000000
162226  46.633  48.231  12.344 0.0000000000
162817  40.840  49.354  24.939 0.0000000000
162828  45.860  49.419  23.787 0.0000000000
162829  45.316  48.961  23.984 0.0000000000
162833  42.842  49.176  24.443 0.0000000000
162836  40.251  48.838  24.253 0.0000000000
162850  40.901  48.795  24.090 0.0000000000
162851  47.152  49.385  22.241 0.0000000000
162852  46.827  49.180  22.530 0.0000000000
162853  46.184  49.097  22.791 0.0000000000
162854  45.414  49.030  23.074 0.0000000000
162860  47.163  49.404  21.416 0.0000000000
162867  46.842  49.072  21.029 0.0000000000
162871  46.822  49.115  20.294 0.0000000000
162875  47.169  49.601  19.053 0.0000000000
162876  46.773  49.234  19.555 0.0000000000
162882  46.886  49.352  18.211 0.0000000000
162884  45.482  48.846  18.780 0.0000000000
162888  47.057  49.740  17.500 0.0000000000
162889  46.874  49.471  17.741 0.0000000000
162890  45.998  49.140  18.063 0.0000000000
162895  46.503  49.292  17.486 0.0000000000
162902  46.750  49.382  16.155 0.0000000000
162903  46.684  49.307  16.842 0.0000000000
162913  46.834  49.392  15.517 0.0000000000
162914  41.867  48.964  15.411 0.0000000000
162921  47.020  49.421  14.097 0.0000000000
162928  46.999  49.207  13.335 0.0000000000
162935  47.019  48.880  12.800 0.0000000000
162936  46.923  49.290  12.842 0.0000000000
162941  46.878  48.941  12.669 0.0000000000
163556  46.173  50.183  23.894 0.0000000000
163557  45.959  50.211  24.262 0.0000000000
163558  45.213  49.693  24.984 0.0000000000
163578  46.042  49.703  23.711 0.0000000000
163586  47.198  49.623  23.303 0.0000000000
163587  46.850  49.605  23.315 0.0000000000
163594  47.321  49.639  22.613 0.0000000000
163604  47.168  50.118  22.151 0.0000000000
163615  47.589  49.906  21.004 0.0000000000
163626  47.597  49.904  20.139 0.0000000000
163628  42.835  50.123  20.412 0.0000000000
163637  47.899  50.360  19.710 0.0000000000
163639  43.405  50.275  20.081 0.0000000000
163641  42.018  50.087  19.611 0.0000000000
163642  40.975  50.143  19.913 0.0000000000
163644  39.838  50.627  19.812 0.0000000000
163647  47.986  50.331  18.899 0.0000000000
163648  47.619  49.915  18.565 0.0000000000
163650  42.816  50.364  18.987 0.0000000000
163651  42.154  50.388  19.032 0.0000000000
163662  47.625  50.343  17.610 0.0000000000
163663  47.240  50.039  17.251 0.0000000000
163672  47.342  50.328  17.102 0.0000000000
163680  47.026  50.055  15.518 0.0000000000
163686  47.061  49.934  14.643 0.0000000000
163702  46.946  49.633  13.313 0.0000000000
163704  46.323  49.920  12.898 0.0000000000
163705  45.707  49.761  13.236 0.0000000000
163710  46.678  49.349  12.681 0.0000000000
164288  46.024  50.400  24.180 0.0000000000
164296  42.238  51.146  24.151 0.0000000000
164329  46.922  50.460  22.333 0.0000000000
164331  43.396  50.894  22.666 0.0000000000
164338  47.327  50.705  21.689 0.0000000000
164347  47.773  50.772  20.968 0.0000000000
164348  45.181  51.079  20.991 0.0000000000
164355  47.854  50.854  20.154 0.0000000000
164357  44.657  50.786  20.439 0.0000000000
164363  47.988  50.876  19.370 0.0000000000
164364  45.527  51.101  19.540 0.0000000000
164366  44.067  50.552  19.846 0.0000000000
164368  40.902  50.689  19.340 0.0000000000
164370  39.649  51.015  19.717 0.0000000000
164372  48.130  50.860  18.589 0.0000000000
164373  44.996  51.006  18.908 0.0000000000
164377  41.564  50.893  18.934 0.0000000000
164383  43.122  51.224  18.133 0.0000000000
164394  47.459  50.717  17.364 0.0000000000
164411  46.983  50.992  15.541 0.0000000000
164428  47.019  50.295  14.554 0.0000000000
164429  46.812  50.605  14.237 0.0000000000
164438  46.752  50.256  13.565 0.0000000000
164439  46.364  50.404  13.298 0.0000000000
165018  45.434  50.871  25.283 0.0000000000
165027  45.981  50.927  24.146 0.0000000000
165029  42.657  51.712  24.831 0.0000000000
165030  42.095  51.753  24.958 0.0000000000
165032  40.721  51.664  25.047 0.0000000000
165046  46.182  50.636  23.761 0.0000000000
165047  43.435  51.674  24.339 0.0000000000
165049  41.754  51.434  24.573 0.0000000000
165050  41.077  51.385  24.587 0.0000000000
165067  46.520  50.470  23.258 0.0000000000
165068  44.398  51.685  23.991 0.0000000000
165069  43.626  51.467  23.750 0.0000000000
165084  46.421  50.912  22.434 0.0000000000
165087  43.869  51.250  23.147 0.0000000000
165097  47.016  51.044  21.863 0.0000000000
165098  46.807  51.153  22.089 0.0000000000
165099  45.833  51.559  21.748 0.0000000000
165109  47.052  51.496  21.433 0.0000000000
165110  45.981  51.564  21.246 0.0000000000
165111  45.537  51.396  21.418 0.0000000000
165117  47.620  51.336  20.563 0.0000000000
165119  46.125  51.530  20.694 0.0000000000
165121  38.778  51.646  20.163 0.0000000000
165125  47.839  51.363  19.103 0.0000000000
165126  47.346  51.625  19.672 0.0000000000
165127  45.958  51.469  19.337 0.0000000000
165128  45.946  51.288  20.167 0.0000000000
165129  40.534  51.895  19.251 0.0000000000
165131  39.190  51.283  19.869 0.0000000000
165134  47.432  51.529  18.868 0.0000000000
165135  46.140  51.859  18.624 0.0000000000
165138  43.886  51.045  18.277 0.0000000000
165150  47.098  51.588  17.509 0.0000000000
165152  45.650  51.796  18.013 0.0000000000
165153  45.335  51.994  17.341 0.0000000000
165155  42.941  51.813  17.718 0.0000000000
165167  47.058  51.141  17.000 0.0000000000
165168  44.535  51.772  17.286 0.0000000000
165177  46.788  51.585  16.450 0.0000000000
165184  46.610  51.494  15.280 0.0000000000
165185  46.168  51.994  15.351 0.0000000000
165193  46.526  51.216  14.547 0.0000000000
165202  46.001  51.408  14.293 0.0000000000
165203  45.415  51.472  14.315 0.0000000000
165774  45.953  51.074  23.982 0.0000000000
165776  45.189  51.698  24.955 0.0000000000
165777  44.021  52.374  24.965 0.0000000000
165778  43.274  52.200  24.982 0.0000000000
165780  41.789  52.144  25.382 0.0000000000
165792  46.198  50.888  23.459 0.0000000000
165793  45.963  51.299  23.425 0.0000000000
165794  44.906  51.741  24.331 0.0000000000
165795  44.824  51.720  24.195 0.0000000000
165796  44.536  52.015  24.596 0.0000000000
165798  43.210  51.875  24.855 0.0000000000
165805  46.316  50.904  22.949 0.0000000000
165807  45.332  51.616  23.288 0.0000000000
165815  46.057  51.264  22.697 0.0000000000
165817  45.820  51.600  22.713 0.0000000000
165819  44.877  51.590  23.396 0.0000000000
165826  46.294  51.341  22.088 0.0000000000
165828  46.031  51.583  21.650 0.0000000000
165829  45.798  51.579  22.321 0.0000000000
165836  46.687  51.581  21.615 0.0000000000
165837  46.583  51.681  21.299 0.0000000000
165846  46.905  51.691  21.019 0.0000000000
165847  46.749  51.684  20.500 0.0000000000
165856  46.761  51.715  19.676 0.0000000000
165866  47.165  51.627  19.280 0.0000000000
165867  46.754  51.793  18.890 0.0000000000
165868  46.530  52.050  18.432 0.0000000000
165881  46.447  52.026  17.741 0.0000000000
165882  45.963  52.084  17.508 0.0000000000
165892  46.662  51.869  17.345 0.0000000000
165897  43.138  51.885  16.814 0.0000000000
165904  46.525  51.935  16.687 0.0000000000
165905  46.115  52.182  16.413 0.0000000000
165906  45.437  52.210  16.264 0.0000000000
165908  43.835  51.915  16.523 0.0000000000
165909  43.216  51.783  16.389 0.0000000000
165917  43.957  51.782  15.971 0.0000000000
165922  45.566  52.075  15.082 0.0000000000
166491  42.748  52.615  25.585 0.0000000000
166496  45.026  52.067  25.042 0.0000000000
166497  44.475  52.266  24.957 0.0000000000
185499  44.750  43.166  25.282 0.0000000000
185608  43.194  42.529  20.722 0.0000000000
185706  48.493  43.598  16.745 0.0000000000
185782  46.675  49.788  23.324 0.0000000000
185971  43.803  42.864  19.019 0.0000000000
186097  46.317  48.581  14.951 0.0000000000
186145  43.377  48.507  22.209 0.0000000000
186190  40.793  48.242  22.965 0.0000000000
186286  42.348  42.715  22.580 0.0000000000
186399  48.858  43.884  17.738 0.0000000000
186412  44.066  42.509  21.556 0.0000000000
186418  47.764  43.887  17.765 0.0000000000
186477  43.253  48.302  20.967 0.0000000000
186616  43.927  48.253  20.833 0.0000000000
186617  41.346  43.166  23.554 0.0000000000
186830  47.212  43.537  18.193 0.0000000000
186883  46.711  37.388  20.973 0.0000000000
187035  44.547  51.974  15.573 0.0000000000
187058  49.301  30.317  27.758 0.0000000000
187160  39.049  44.515  20.340 0.0000000000
187324  49.263  42.400  15.689 0.0000000000
189314  45.452  51.583  23.724 0.0000000000
189628  44.820  48.594  21.384 0.0000000000
189985  44.963  42.780  19.285 0.0000000000
190024  37.692  47.022  21.366 0.0000000000
190785  41.604  46.476  15.009 0.0000000000
191072  45.722  49.896  24.312 0.0000000000
191121  45.958  51.537  22.191 0.0000000000
192981  48.874  31.811  28.656 0.0000000000
193238  47.602  51.221  17.611 0.0000000000
193837  45.071  44.196  16.420 0.0000000000
194225  40.353  40.235  25.529 0.0000000000
194486  41.849  46.463  18.531 0.0000000000
194687  40.030  46.934  20.362 0.0000000000
194810  42.855  46.751  14.720 0.0000000000
194831  49.044  31.568  28.281 0.0000000000
194862  49.192  38.967  20.025 0.0000000000
195853  48.040  38.332  28.000 0.0000000000
196011  49.147  43.683  20.311 0.0000000000
196196  46.808  51.462  15.870 0.0000000000
196752  42.250  44.829  18.032 0.0000000000
197007  41.670  40.015  25.307 0.0000000000
197173  48.371  37.822  27.019 0.0000000000
197211  49.261  32.529  27.482 0.0000000000
197318  47.079  41.704  10.748 0.0000000000
197373  46.234  49.085  16.946 0.0000000000
198206  48.504  36.876  27.291 0.0000000000
199840  41.582  45.592  18.333 0.0000000000
200733  49.297  41.642  18.796 0.0000000000
200802  44.148  50.724  18.993 0.0000000000
200847  47.141  49.933  22.863 0.0000000000
201347  42.088  51.028  18.627 0.0000000000
201368  43.429  33.649  23.013 0.0000000000
201427  43.282  41.067  25.124 0.0000000000
201909  47.186  36.302  24.944 0.0000000000
202300  49.658  31.180  26.603 0.0000000000
202999  49.199  41.613  17.551 0.0000000000
203156  48.689  38.079  21.330 0.0000000000
204729  45.317  39.513  12.181 0.0000000000
205502  42.386  47.929  15.221 0.0000000000
205588  44.094  52.170  24.703 0.0000000000
206237  45.634  51.725  14.657 0.0000000000
207274  47.650  33.098  29.565 0.0000000000
207401  46.879  33.582  25.488 0.0000000000
207653  46.684  48.712  14.462 0.0000000000
207965  47.108  49.584  17.916 0.0000000000
208214  48.850  35.563  27.397 0.0000000000
208363  47.076  51.724  20.381 0.0000000000
208408  48.204  32.879  29.474 0.0000000000
212092  47.109  50.104  23.024 0.0000000000
212251  42.629  52.140  17.015 0.0000000000
212476  44.279  51.583  23.618 0.0000000000
212771  42.435  47.215  19.357 0.0000000000
212851  45.049  51.669  17.711 0.0000000000
212928  42.764  48.235  21.420 0.0000000000
212941  39.505  43.148  22.698 0.0000000000
213042  48.221  39.004  23.133 0.0000000000
213321  45.879  43.688  17.007 0.0000000000
213414  42.514  42.594  20.765 0.0000000000
213625  48.678  43.867  21.570 0.0000000000
213644  47.697  44.309  21.832 0.0000000000
213808  46.661  43.860  25.032 0.0000000000
213830  40.390  48.519  23.611 0.0000000000
213872  47.921  43.652  16.708 0.0000000000
214717  42.217  36.076  20.143 0.0000000000
214823  43.900  36.346  22.837 0.0000000000
215022  47.323  49.576  23.105 0.0000000000
215220  44.799  44.216  24.694 0.0000000000
215252  44.131  42.150  11.844 0.0000000000
215337  48.272  38.381  27.219 0.0000000000
215500  43.870  47.011  16.655 0.0000000000
215975  41.961  41.532  25.218 0.0000000000
216073  47.039  49.982  14.303 0.0000000000
216381  46.387  48.837  20.695 0.0000000000
216444  47.371  51.589  20.264 0.0000000000
216498  48.388  31.419  23.783 0.0000000000
217149  48.404  35.938  26.350 0.0000000000
217479  45.858  43.882  23.686 0.0000000000
217547  44.334  52.060  16.778 0.0000000000
217647  47.824  50.364  20.993 0.0000000000
218346  44.979  48.710  21.964 0.0000000000
218626  46.153  42.890  19.744 0.0000000000
218761  47.821  51.259  17.954 0.0000000000
219140  42.330  51.505  24.568 0.0000000000
219263  46.315  48.882  21.363 0.0000000000
219382  46.513  38.144  27.300 0.0000000000
220035  46.548  50.596  22.909 0.0000000000
220183  45.665  50.403  24.623 0.0000000000
220431  42.344  42.597  21.225 0.0000000000
220702  43.844  44.974  13.337 0.0000000000
220712  43.723  46.598  16.588 0.0000000000
221107  42.447  39.478  25.206 0.0000000000
221428  48.693  41.290  21.628 0.0000000000
221469  47.259  44.051  21.674 0.0000000000
222096  45.073  27.889  23.548 0.0000000000
222274  49.046  33.630  28.395 0.0000000000
222361  42.883  43.452  18.595 0.0000000000
222797  49.088  43.543  14.821 0.0000000000
223425  49.238  43.615  19.353 0.0000000000
223441  39.849  41.943  25.276 0.0000000000
223740  45.848  50.760  24.719 0.0000000000
223758  48.971  33.325  26.921 0.0000000000
224346  45.867  42.202  25.762 0.0000000000
224408  45.019  48.495  19.148 0.0000000000
224699  40.558  43.021  20.871 0.0000000000
225126  47.235  49.500  23.246 0.0000000000
