#!ascii label  , from subject sub-v2s11x28700_ses-1 vox2ras=TkReg
1039
153757  -36.695  -46.594  -28.436 0.5000000000
45569  -35.143  -47.105  -28.246 0.8000000119
44336  -33.282  -48.625  -27.569 0.8000000119
44338  -34.086  -47.932  -27.833 0.8000000119
175052  -34.738  -47.642  -28.028 0.8000000119
46792  -37.822  -46.444  -28.490 0.5000000000
46790  -35.787  -46.643  -28.363 0.5000000000
48003  -35.593  -46.108  -28.177 0.6000000238
44326  -32.884  -48.457  -26.142 0.6999999881
45559  -33.690  -47.755  -26.944 0.6999999881
46784  -35.001  -46.291  -27.939 0.8000000119
47999  -35.606  -45.899  -27.718 0.6999999881
151753  -38.356  -45.948  -28.450 0.6000000238
48004  -37.525  -45.826  -28.349 0.5000000000
49228  -37.283  -45.402  -28.148 0.6000000238
42081  -32.058  -49.732  -24.762 0.6999999881
174232  -36.198  -46.113  -28.304 0.6000000238
49221  -37.196  -45.269  -27.761 0.6000000238
44318  -32.639  -48.606  -25.431 0.6999999881
42089  -32.581  -49.774  -26.072 0.6999999881
178025  -34.088  -47.048  -26.898 0.6999999881
48000  -36.187  -45.661  -28.061 0.6000000238
49215  -37.840  -44.899  -27.279 0.6000000238
46780  -35.148  -46.255  -27.139 0.8000000119
49214  -36.578  -45.380  -27.677 0.6999999881
51711  -39.933  -43.912  -28.156 0.4000000060
49223  -38.325  -44.918  -28.012 0.6000000238
43137  -32.143  -48.780  -24.104 0.6999999881
50432  -38.562  -44.280  -27.191 0.6000000238
44306  -32.550  -48.463  -24.570 0.6999999881
45540  -33.289  -48.206  -25.742 0.6999999881
45553  -33.882  -47.415  -26.323 0.6999999881
46772  -34.328  -46.958  -26.226 0.6999999881
157356  -35.614  -46.141  -26.432 0.6000000238
47994  -36.451  -45.507  -27.026 0.6999999881
49189  -37.471  -45.318  -25.672 0.5000000000
46773  -35.121  -46.649  -26.135 0.6000000238
47985  -36.315  -45.893  -26.188 0.6000000238
47969  -36.931  -45.704  -25.549 0.6000000238
47968  -36.405  -46.063  -25.258 0.6000000238
47951  -36.922  -45.743  -24.780 0.5000000000
154877  -40.288  -43.305  -27.775 0.4000000060
50439  -39.278  -44.181  -27.946 0.5000000000
43126  -31.487  -49.286  -23.415 0.6999999881
51705  -39.581  -43.565  -27.676 0.6000000238
163058  -39.363  -43.258  -27.176 0.6000000238
44307  -33.094  -48.278  -24.926 0.6999999881
50424  -38.784  -43.860  -26.454 0.6000000238
166247  -34.521  -47.409  -24.873 0.6999999881
49205  -38.278  -44.471  -26.356 0.5000000000
50415  -38.255  -44.237  -25.611 0.6000000238
46761  -34.758  -47.087  -25.424 0.6999999881
46762  -35.371  -46.761  -25.196 0.6000000238
49175  -37.682  -44.915  -25.014 0.5000000000
50405  -38.036  -44.258  -25.051 0.5000000000
47950  -36.363  -46.036  -24.501 0.5000000000
41036  -29.999  -51.061  -22.070 0.6000000238
42043  -30.074  -49.618  -21.972 0.6000000238
51706  -41.063  -43.008  -27.905 0.5000000000
52884  -41.541  -42.131  -27.376 0.5000000000
177991  -30.877  -49.507  -22.736 0.6999999881
42061  -31.214  -49.685  -23.081 0.6999999881
52883  -40.671  -42.594  -27.323 0.5000000000
51697  -39.907  -42.874  -27.330 0.5000000000
54054  -40.564  -41.403  -26.505 0.4000000060
44290  -31.745  -48.906  -23.698 0.6999999881
52876  -39.720  -42.575  -26.739 0.5000000000
168583  -32.425  -48.319  -24.019 0.6999999881
45527  -33.587  -48.117  -24.397 0.6999999881
52875  -39.161  -43.075  -26.450 0.5000000000
45518  -34.408  -47.423  -24.374 0.6999999881
157744  -34.871  -46.979  -24.507 0.6000000238
51688  -38.658  -43.283  -25.533 0.5000000000
47967  -35.907  -46.403  -24.893 0.6000000238
51687  -38.385  -43.671  -25.226 0.5000000000
47949  -35.808  -46.276  -24.223 0.5000000000
47934  -36.207  -45.903  -23.840 0.5000000000
49173  -36.698  -45.530  -24.114 0.5000000000
50404  -37.705  -44.331  -24.451 0.5000000000
49174  -37.260  -45.069  -24.404 0.5000000000
51664  -37.760  -42.967  -24.139 0.3000000119
54048  -41.877  -41.437  -26.296 0.3000000119
41005  -28.765  -50.684  -21.148 0.6000000238
162806  -29.622  -50.394  -21.634 0.6000000238
152462  -41.767  -41.465  -26.437 0.4000000060
158162  -41.076  -41.235  -26.426 0.4000000060
44280  -31.252  -48.793  -22.488 0.6000000238
54053  -40.081  -41.881  -26.478 0.5000000000
44282  -32.054  -48.246  -23.147 0.6999999881
45516  -32.546  -48.007  -23.556 0.6999999881
52869  -38.976  -42.596  -25.654 0.5000000000
45517  -34.010  -47.699  -23.932 0.5000000000
46737  -35.221  -46.479  -24.004 0.5000000000
52859  -38.530  -42.733  -25.007 0.4000000060
51676  -38.062  -43.471  -24.572 0.3000000119
52851  -38.085  -42.433  -24.466 0.4000000060
50395  -37.322  -44.392  -23.870 0.5000000000
51675  -37.599  -43.671  -24.021 0.4000000060
40986  -28.351  -50.246  -20.690 0.6000000238
42023  -29.016  -49.914  -21.162 0.6000000238
43093  -29.987  -49.046  -21.684 0.6000000238
43110  -30.366  -49.085  -22.109 0.6000000238
161790  -31.245  -48.377  -22.098 0.6000000238
55236  -40.396  -40.890  -25.548 0.3000000119
52870  -39.605  -42.069  -26.028 0.4000000060
44281  -31.591  -48.725  -23.142 0.6000000238
54040  -39.821  -41.143  -25.544 0.3000000119
45507  -32.475  -47.820  -22.805 0.6000000238
157035  -33.283  -47.903  -23.727 0.6999999881
54039  -39.268  -40.894  -25.139 0.3000000119
52861  -39.340  -41.728  -25.489 0.3000000119
45509  -33.698  -47.579  -23.229 0.6000000238
55222  -39.215  -40.608  -24.511 0.3000000119
52860  -38.837  -41.700  -25.164 0.3000000119
46725  -34.025  -47.050  -22.822 0.5000000000
46736  -34.300  -47.295  -23.421 0.5000000000
47932  -35.151  -46.482  -23.326 0.5000000000
54027  -38.065  -41.323  -24.313 0.3000000119
52852  -38.418  -41.781  -24.769 0.3000000119
47933  -35.671  -46.167  -23.582 0.5000000000
47924  -36.091  -45.809  -23.175 0.5000000000
52841  -37.652  -42.196  -24.006 0.3000000119
47923  -35.560  -46.088  -22.914 0.5000000000
167734  -37.258  -43.748  -23.458 0.4000000060
51663  -37.423  -42.980  -23.711 0.3000000119
43091  -29.178  -49.329  -21.119 0.6000000238
43092  -29.614  -48.954  -21.250 0.5000000000
44267  -31.791  -48.288  -22.506 0.6000000238
45492  -31.583  -47.963  -21.844 0.5000000000
55213  -38.848  -40.542  -23.844 0.3000000119
45494  -32.808  -47.428  -22.325 0.6000000238
56434  -38.420  -40.326  -23.533 0.3000000119
55212  -38.562  -40.645  -24.102 0.3000000119
46724  -33.324  -47.224  -22.652 0.6000000238
47922  -35.039  -46.422  -22.638 0.5000000000
49155  -35.957  -45.646  -22.516 0.5000000000
50384  -37.034  -44.430  -23.254 0.4000000060
50383  -36.699  -44.596  -22.632 0.4000000060
43071  -28.586  -49.443  -20.693 0.5000000000
43072  -29.104  -48.881  -20.855 0.5000000000
44251  -29.969  -48.440  -21.415 0.5000000000
44265  -30.239  -48.633  -21.858 0.5000000000
176434  -30.769  -47.618  -21.141 0.5000000000
54019  -38.863  -41.061  -22.898 0.3000000119
161040  -38.625  -40.364  -23.313 0.3000000119
45493  -32.235  -47.744  -22.100 0.6000000238
46712  -33.215  -47.002  -21.925 0.6000000238
46713  -33.824  -46.821  -22.156 0.5000000000
47916  -35.372  -45.915  -22.264 0.5000000000
51655  -37.129  -43.046  -23.102 0.4000000060
51646  -36.474  -43.490  -21.911 0.4000000060
44232  -29.204  -48.328  -20.569 0.5000000000
44233  -29.783  -48.132  -20.805 0.5000000000
45457  -30.546  -47.407  -20.655 0.5000000000
52832  -39.194  -42.002  -22.774 0.4000000060
52824  -38.890  -42.022  -22.263 0.4000000060
45476  -31.390  -47.677  -21.227 0.5000000000
45477  -32.046  -47.565  -21.418 0.5000000000
54008  -38.465  -41.191  -22.190 0.4000000060
55204  -38.352  -40.431  -22.731 0.3000000119
46695  -31.843  -47.306  -20.782 0.4000000060
56425  -38.163  -40.264  -23.065 0.3000000119
46697  -33.097  -46.903  -21.180 0.5000000000
46698  -33.682  -46.650  -21.436 0.4000000060
47914  -34.327  -46.479  -21.649 0.4000000060
50373  -36.452  -44.502  -22.051 0.4000000060
44211  -28.736  -47.933  -20.145 0.5000000000
45455  -29.385  -47.775  -20.322 0.5000000000
45456  -30.016  -47.630  -20.479 0.5000000000
51647  -38.996  -42.936  -21.808 0.4000000060
45458  -31.211  -47.390  -20.631 0.5000000000
46681  -30.976  -47.058  -20.033 0.4000000060
53997  -38.080  -41.242  -21.551 0.4000000060
55192  -38.010  -40.648  -22.090 0.4000000060
46682  -31.596  -46.879  -20.248 0.4000000060
46696  -32.483  -47.123  -20.988 0.4000000060
55203  -37.744  -40.310  -22.554 0.4000000060
47903  -33.530  -46.494  -20.753 0.4000000060
47904  -34.170  -46.318  -20.934 0.4000000060
47905  -34.742  -45.943  -21.192 0.4000000060
49144  -35.662  -45.319  -21.837 0.4000000060
49129  -35.182  -45.287  -21.251 0.4000000060
50362  -36.335  -44.059  -21.694 0.4000000060
52823  -36.436  -42.762  -21.898 0.4000000060
45437  -28.414  -47.761  -19.410 0.5000000000
45438  -29.025  -47.521  -19.755 0.4000000060
173425  -38.692  -43.193  -21.159 0.4000000060
52816  -38.508  -42.197  -21.540 0.4000000060
45439  -29.701  -47.388  -19.848 0.5000000000
46680  -30.346  -47.239  -19.936 0.4000000060
46683  -32.216  -46.735  -20.451 0.4000000060
55180  -37.578  -40.432  -21.629 0.4000000060
47893  -33.871  -45.954  -20.489 0.4000000060
52830  -36.702  -42.236  -22.319 0.3000000119
49130  -35.646  -44.844  -21.289 0.4000000060
45421  -28.730  -47.242  -19.077 0.4000000060
46671  -29.428  -47.192  -19.169 0.5000000000
46673  -30.649  -46.688  -19.488 0.4000000060
52815  -37.978  -42.073  -20.995 0.4000000060
46674  -31.347  -46.503  -19.601 0.4000000060
47890  -31.941  -46.249  -19.956 0.4000000060
47892  -33.231  -46.093  -20.305 0.4000000060
49113  -33.462  -45.453  -20.185 0.4000000060
49115  -34.777  -45.337  -20.665 0.4000000060
50360  -35.223  -44.638  -20.744 0.4000000060
52814  -36.119  -42.340  -21.449 0.4000000060
183171  -35.793  -43.570  -21.060 0.4000000060
51638  -36.169  -43.368  -21.402 0.4000000060
46657  -29.081  -46.681  -18.830 0.4000000060
47861  -30.184  -46.317  -19.087 0.4000000060
47875  -30.889  -45.933  -19.219 0.4000000060
47876  -31.661  -45.797  -19.467 0.4000000060
47877  -32.300  -45.688  -19.717 0.4000000060
49102  -33.096  -45.109  -19.911 0.4000000060
54007  -36.480  -41.739  -21.949 0.4000000060
49103  -33.571  -44.850  -19.936 0.4000000060
175458  -34.697  -44.842  -20.244 0.4000000060
50342  -34.245  -44.559  -19.876 0.4000000060
50343  -34.807  -44.194  -20.197 0.4000000060
50344  -35.406  -43.715  -20.657 0.4000000060
47860  -29.509  -45.911  -18.820 0.4000000060
47862  -30.258  -45.714  -18.952 0.4000000060
49099  -31.344  -45.187  -19.249 0.4000000060
49100  -32.014  -45.160  -19.485 0.4000000060
50326  -32.378  -44.601  -19.654 0.4000000060
49101  -32.604  -45.124  -19.737 0.4000000060
50327  -32.986  -44.620  -19.774 0.4000000060
50328  -33.560  -44.122  -19.668 0.4000000060
52799  -35.726  -41.887  -20.929 0.3000000119
51626  -34.827  -43.422  -20.222 0.4000000060
51637  -35.757  -42.989  -20.998 0.4000000060
49083  -29.309  -45.065  -18.769 0.4000000060
49084  -29.967  -45.172  -18.894 0.4000000060
50303  -29.692  -44.524  -19.003 0.4000000060
49085  -30.626  -45.198  -19.084 0.4000000060
50325  -31.751  -44.546  -19.479 0.4000000060
160815  -32.812  -44.081  -19.669 0.4000000060
53995  -36.185  -40.997  -21.577 0.4000000060
51625  -34.284  -43.818  -19.811 0.4000000060
51627  -35.310  -42.856  -20.538 0.5000000000
52798  -35.129  -42.092  -20.393 0.4000000060
51610  -34.404  -43.062  -19.863 0.5000000000
50322  -29.546  -43.988  -19.418 0.4000000060
51604  -30.025  -43.558  -19.804 0.4000000060
50323  -30.165  -44.191  -19.484 0.4000000060
51605  -30.717  -43.769  -19.851 0.4000000060
50324  -30.928  -44.460  -19.381 0.4000000060
51609  -33.795  -43.365  -19.614 0.4000000060
183647  -34.872  -42.781  -20.175 0.5000000000
51603  -29.326  -43.312  -19.667 0.4000000060
51622  -30.495  -43.304  -20.156 0.4000000060
52779  -33.929  -42.543  -19.685 0.5000000000
173223  -28.972  -42.939  -19.735 0.4000000060
52774  -29.286  -42.821  -20.235 0.4000000060
52775  -29.946  -43.072  -20.152 0.4000000060
177505  -29.187  -41.947  -21.609 0.4000000060
52793  -28.779  -42.396  -20.635 0.4000000060
53991  -29.294  -42.361  -21.373 0.4000000060
52794  -29.552  -42.670  -20.987 0.4000000060
52810  -29.951  -42.687  -21.677 0.4000000060
176939  -30.425  -42.856  -21.780 0.5000000000
49145  -36.269  -45.048  -22.217 0.5000000000
169026  -37.015  -43.857  -22.800 0.4000000060
46791  -37.237  -46.289  -28.438 0.5000000000
43173  -33.457  -49.031  -27.806 0.8000000119
43169  -32.823  -48.815  -27.127 0.8000000119
42090  -32.898  -50.203  -26.509 0.6999999881
48005  -39.147  -45.742  -28.676 0.5000000000
163483  -32.315  -50.217  -25.398 0.6999999881
49236  -40.311  -45.037  -28.836 0.5000000000
41059  -31.888  -50.372  -24.736 0.6999999881
51712  -40.707  -43.727  -28.295 0.4000000060
49231  -39.421  -45.165  -28.535 0.4000000060
43136  -31.771  -49.347  -24.119 0.6999999881
42059  -30.209  -50.236  -22.438 0.6999999881
52888  -41.848  -42.710  -28.190 0.4000000060
52885  -42.489  -41.866  -27.830 0.4000000060
41022  -29.162  -51.183  -21.460 0.6000000238
153671  -42.500  -41.272  -26.853 0.4000000060
41004  -28.017  -50.986  -20.748 0.6000000238
40985  -27.611  -50.478  -20.465 0.5000000000
42007  -27.945  -49.823  -20.294 0.5000000000
161377  -28.117  -49.243  -20.200 0.5000000000
44230  -27.839  -48.781  -19.901 0.4000000060
45420  -28.051  -47.412  -18.881 0.4000000060
46655  -27.485  -46.781  -18.643 0.4000000060
46656  -28.344  -46.753  -18.641 0.4000000060
47858  -27.953  -46.111  -18.302 0.4000000060
49082  -28.699  -44.918  -18.508 0.4000000060
159296  -29.080  -44.475  -18.812 0.4000000060
50302  -28.949  -43.858  -19.071 0.4000000060
51602  -28.577  -43.132  -19.337 0.4000000060
52773  -28.638  -42.641  -19.854 0.4000000060
53990  -28.757  -41.872  -21.060 0.4000000060
44343  -34.168  -48.452  -27.980 0.8000000119
46783  -34.229  -47.120  -27.573 0.8000000119
50445  -38.951  -44.726  -28.192 0.5000000000
175698  -32.930  -48.536  -26.667 0.6999999881
166659  -33.782  -47.877  -25.784 0.6999999881
50431  -38.211  -44.722  -27.678 0.6000000238
47995  -37.098  -45.256  -27.152 0.6999999881
47993  -35.836  -45.816  -27.039 0.6999999881
51696  -38.975  -43.658  -27.005 0.6000000238
49204  -37.683  -45.139  -26.424 0.6000000238
47986  -37.059  -45.565  -26.343 0.6000000238
43125  -31.236  -49.223  -22.845 0.6999999881
43111  -30.805  -49.145  -22.450 0.6000000238
54056  -42.176  -41.367  -27.069 0.5000000000
52878  -40.957  -41.857  -26.846 0.5000000000
54046  -40.706  -40.941  -26.077 0.3000000119
49166  -36.946  -44.973  -23.708 0.5000000000
174244  -30.848  -47.963  -21.677 0.6000000238
46714  -34.497  -46.711  -22.353 0.5000000000
49156  -36.370  -45.257  -22.874 0.5000000000
50372  -36.132  -44.704  -21.637 0.4000000060
49143  -35.166  -45.743  -21.697 0.4000000060
51654  -36.758  -43.115  -22.436 0.4000000060
49114  -34.206  -45.302  -20.219 0.4000000060
47859  -28.680  -46.094  -18.553 0.4000000060
158024  -29.925  -42.843  -20.589 0.4000000060
29746  -24.808  -57.810  -31.859 0.4000000060
167156  -26.276  -57.234  -32.221 0.4000000060
32063  -27.251  -57.001  -32.134 0.4000000060
33325  -28.768  -56.473  -32.330 0.4000000060
180352  -26.420  -57.025  -31.563 0.4000000060
33313  -28.049  -56.518  -31.529 0.4000000060
34530  -29.060  -55.861  -32.091 0.4000000060
34522  -29.166  -55.598  -31.476 0.4000000060
35741  -30.605  -54.665  -31.933 0.5000000000
32051  -27.334  -56.695  -30.556 0.4000000060
33300  -27.785  -56.513  -30.912 0.4000000060
34520  -29.463  -55.613  -30.765 0.5000000000
35733  -30.060  -54.761  -31.446 0.5000000000
36883  -30.978  -53.909  -30.979 0.6000000238
30837  -26.576  -57.646  -29.624 0.4000000060
32052  -27.957  -56.634  -30.168 0.4000000060
33303  -29.317  -56.156  -30.098 0.4000000060
36893  -30.905  -53.976  -31.308 0.5000000000
51713  -41.506  -43.555  -28.462 0.3000000119
52889  -42.577  -42.615  -28.537 0.4000000060
54058  -43.854  -41.546  -27.416 0.3000000119
36900  -31.260  -53.904  -31.487 0.5000000000
44348  -38.254  -48.508  -28.517 0.5000000000
49235  -39.942  -45.632  -28.979 0.4000000060
30819  -27.966  -57.489  -28.204 0.4000000060
34521  -29.962  -55.268  -30.600 0.5000000000
35725  -30.016  -54.926  -30.950 0.5000000000
32024  -27.725  -57.266  -28.908 0.4000000060
32040  -28.149  -56.873  -29.384 0.4000000060
36894  -31.395  -53.563  -31.173 0.6000000238
37994  -33.203  -52.838  -30.994 0.6000000238
39092  -33.760  -51.754  -30.639 0.6999999881
45572  -37.916  -47.707  -28.477 0.5000000000
39096  -34.080  -52.270  -30.849 0.6999999881
39082  -34.848  -51.660  -29.880 0.6999999881
43182  -37.261  -49.001  -28.417 0.6999999881
39093  -34.319  -51.721  -30.476 0.6999999881
40081  -35.109  -51.268  -29.328 0.6999999881
34516  -30.236  -55.499  -29.897 0.5000000000
172752  -30.977  -54.718  -30.043 0.6000000238
35718  -31.176  -54.130  -30.412 0.6000000238
37977  -32.679  -52.999  -30.331 0.6000000238
33273  -29.643  -56.549  -28.651 0.4000000060
33293  -30.444  -55.814  -29.203 0.5000000000
35713  -31.484  -54.521  -29.718 0.6000000238
36885  -31.984  -53.376  -30.711 0.6000000238
39091  -33.366  -51.775  -30.447 0.6000000238
40089  -33.805  -51.406  -30.328 0.6000000238
54050  -43.129  -41.523  -26.869 0.3000000119
37988  -33.087  -52.492  -30.608 0.6000000238
40080  -34.356  -51.193  -30.017 0.6999999881
44347  -37.404  -48.344  -28.419 0.6000000238
161283  -38.031  -47.058  -28.518 0.5000000000
33275  -30.782  -56.233  -27.751 0.6000000238
33284  -31.254  -56.017  -28.320 0.6000000238
34514  -32.141  -55.253  -28.364 0.6999999881
35705  -31.823  -54.922  -29.041 0.6000000238
35714  -32.074  -54.258  -29.365 0.6000000238
39081  -33.300  -51.928  -29.691 0.6000000238
33274  -30.073  -56.426  -27.966 0.5000000000
35712  -30.716  -55.279  -29.644 0.6000000238
40079  -33.902  -51.133  -29.683 0.6000000238
41095  -34.468  -50.880  -29.332 0.6999999881
164541  -35.651  -49.618  -28.581 0.6999999881
41096  -35.158  -50.660  -29.012 0.6999999881
45571  -37.072  -47.441  -28.457 0.6000000238
165776  -36.670  -48.663  -28.381 0.6999999881
33276  -31.422  -56.101  -27.559 0.6000000238
34505  -32.337  -55.431  -27.642 0.6999999881
156134  -32.793  -54.994  -27.969 0.6999999881
35706  -32.502  -54.682  -28.688 0.6999999881
37976  -33.321  -52.787  -29.106 0.6000000238
45570  -36.384  -47.211  -28.410 0.5000000000
41094  -34.089  -50.695  -29.010 0.6999999881
42118  -34.553  -50.241  -28.834 0.6999999881
44346  -36.555  -47.917  -28.375 0.6000000238
39061  -33.537  -51.935  -26.912 0.6999999881
171565  -33.591  -50.141  -27.669 0.6999999881
35696  -33.132  -54.535  -27.528 0.6999999881
39068  -33.775  -51.698  -27.700 0.6000000238
40066  -33.818  -51.086  -28.241 0.5000000000
37964  -33.602  -52.980  -28.193 0.6999999881
177501  -33.737  -52.252  -28.140 0.6000000238
166718  -34.061  -50.093  -28.555 0.6999999881
164663  -35.273  -48.548  -28.333 0.5000000000
40072  -33.568  -51.492  -29.367 0.6000000238
42110  -34.308  -49.564  -28.450 0.6999999881
43180  -35.306  -49.158  -28.456 0.6000000238
41073  -33.235  -50.721  -26.804 0.6999999881
43172  -33.032  -49.174  -27.481 0.6999999881
43179  -34.656  -48.934  -28.247 0.6000000238
42103  -33.862  -49.558  -28.092 0.6999999881
173397  -39.040  -46.377  -28.884 0.5000000000
41086  -33.910  -50.544  -28.540 0.6000000238
32057  -26.803  -57.014  -31.919 0.4000000060
34531  -29.618  -55.311  -31.821 0.4000000060
30838  -27.107  -57.418  -29.203 0.4000000060
178607  -28.874  -56.280  -30.369 0.4000000060
33292  -29.864  -56.073  -29.424 0.4000000060
32041  -28.690  -56.779  -29.148 0.4000000060
41088  -36.370  -50.597  -28.553 0.6999999881
173577  -36.769  -49.329  -28.411 0.6999999881
36873  -31.707  -53.893  -30.135 0.6000000238
36875  -32.950  -53.281  -29.486 0.6000000238
33283  -30.614  -56.084  -28.502 0.6999999881
34512  -31.010  -55.724  -29.003 0.6000000238
36869  -33.219  -53.589  -28.639 0.6000000238
153652  -33.677  -52.499  -27.489 0.6999999881
39069  -33.741  -51.628  -28.554 0.6000000238
40057  -33.631  -51.241  -27.093 0.6000000238
35695  -32.875  -55.156  -27.241 0.5000000000
32010  -29.801  -56.779  -27.317 0.4000000060
33258  -31.025  -56.385  -27.023 0.5000000000
36821  -33.021  -53.971  -26.233 0.6000000238
160007  -27.800  -57.892  -27.063 0.4000000060
31975  -28.874  -57.469  -26.511 0.5000000000
31998  -29.998  -57.045  -26.698 0.5000000000
160529  -31.209  -56.430  -26.450 0.5000000000
35668  -32.705  -54.608  -26.025 0.5000000000
35652  -32.381  -54.683  -25.407 0.5000000000
183112  -32.424  -55.484  -27.017 0.5000000000
36842  -33.260  -53.946  -27.022 0.6000000238
162417  -33.056  -52.702  -26.066 0.5000000000
163146  -32.915  -53.320  -25.827 0.5000000000
39054  -32.829  -52.136  -25.604 0.6999999881
37924  -32.525  -53.195  -25.281 0.6000000238
40042  -32.510  -51.502  -25.394 0.6000000238
30777  -28.401  -57.881  -26.184 0.5000000000
31977  -30.071  -57.175  -25.996 0.5000000000
33223  -31.469  -56.018  -25.412 0.5000000000
35651  -32.008  -54.806  -24.910 0.5000000000
34465  -31.945  -55.638  -25.693 0.5000000000
41067  -32.901  -50.865  -26.210 0.6000000238
36800  -32.219  -53.667  -24.906 0.6000000238
169357  -32.433  -51.970  -25.183 0.5000000000
41060  -32.211  -50.924  -25.114 0.6000000238
30763  -28.374  -57.928  -25.492 0.5000000000
33221  -30.406  -56.736  -24.836 0.5000000000
33211  -30.676  -56.170  -24.457 0.5000000000
34449  -31.256  -55.805  -24.709 0.5000000000
36799  -31.814  -54.149  -24.525 0.5000000000
168390  -32.600  -50.406  -25.986 0.6000000238
37916  -32.107  -52.913  -24.748 0.5000000000
40035  -31.821  -51.673  -24.461 0.6000000238
30762  -27.822  -58.201  -25.143 0.5000000000
31958  -29.319  -57.210  -24.853 0.5000000000
33209  -29.535  -56.685  -23.925 0.5000000000
34422  -29.904  -55.634  -23.582 0.5000000000
35610  -29.710  -55.104  -23.252 0.6000000238
34423  -30.350  -55.284  -23.607 0.4000000060
172738  -29.266  -54.730  -22.924 0.4000000060
35611  -30.260  -54.624  -23.332 0.5000000000
36775  -31.115  -53.576  -23.650 0.5000000000
34441  -31.415  -54.963  -24.416 0.4000000060
37900  -29.226  -53.406  -22.357 0.4000000060
37901  -29.827  -52.993  -22.522 0.5000000000
36774  -30.654  -53.492  -23.174 0.5000000000
37886  -28.793  -53.006  -22.056 0.4000000060
37909  -31.371  -53.125  -23.838 0.6000000238
167181  -31.777  -52.357  -24.339 0.6000000238
174303  -31.505  -51.167  -24.068 0.6000000238
179262  -31.414  -50.272  -23.691 0.6000000238
36773  -30.206  -53.991  -23.032 0.5000000000
37887  -29.330  -52.836  -22.173 0.5000000000
39027  -30.246  -52.316  -22.518 0.5000000000
37902  -30.471  -52.890  -22.865 0.5000000000
39015  -28.413  -52.579  -21.719 0.4000000060
40011  -28.772  -51.906  -21.552 0.5000000000
40022  -30.487  -51.687  -22.572 0.6000000238
39028  -30.785  -52.216  -22.892 0.6000000238
41047  -30.919  -50.816  -23.195 0.6000000238
40012  -29.583  -51.698  -21.733 0.5000000000
39994  -26.867  -51.676  -21.092 0.3000000119
39995  -27.627  -51.645  -20.988 0.4000000060
39000  -28.035  -52.190  -21.259 0.4000000060
178056  -30.265  -51.364  -22.367 0.5000000000
162542  -30.636  -50.394  -22.934 0.6000000238
44209  -27.464  -48.350  -19.539 0.3000000119
43052  -27.099  -48.844  -19.738 0.3000000119
43070  -27.519  -49.377  -19.972 0.4000000060
42006  -27.175  -49.963  -20.201 0.4000000060
46654  -26.752  -46.986  -19.039 0.3000000119
49081  -27.664  -45.385  -18.271 0.3000000119
47857  -27.170  -45.960  -18.526 0.3000000119
167964  -27.416  -44.720  -18.464 0.3000000119
49069  -28.095  -44.807  -18.222 0.3000000119
51585  -28.210  -43.709  -18.854 0.3000000119
51601  -27.806  -43.177  -19.087 0.3000000119
52772  -27.983  -42.665  -19.508 0.3000000119
53956  -28.081  -42.215  -20.030 0.3000000119
161403  -28.392  -51.449  -21.166 0.5000000000
45419  -27.353  -47.456  -19.051 0.3000000119
40051  -33.219  -51.393  -26.504 0.5000000000
31978  -30.678  -56.801  -26.382 0.5000000000
36782  -31.521  -53.600  -24.121 0.5000000000
40029  -31.222  -51.315  -23.527 0.6000000238
46796  -39.143  -47.124  -28.923 0.3000000119
40075  -36.556  -51.246  -28.523 0.6000000238
42114  -37.477  -49.547  -28.441 0.6000000238
51717  -45.313  -43.108  -29.007 0.3000000119
51722  -44.680  -43.406  -29.133 0.3000000119
51719  -43.263  -44.349  -29.381 0.3000000119
178998  -42.720  -43.075  -28.869 0.3000000119
49238  -42.490  -45.404  -29.319 0.3000000119
50453  -41.849  -44.767  -29.189 0.3000000119
50452  -41.018  -44.796  -28.984 0.3000000119
166789  -37.716  -50.180  -28.465 0.6000000238
43184  -38.620  -49.129  -28.625 0.5000000000
50442  -46.005  -43.638  -28.184 0.3000000119
51718  -45.849  -42.950  -28.814 0.3000000119
52892  -44.706  -42.595  -29.043 0.3000000119
54063  -44.033  -41.930  -28.529 0.3000000119
49237  -41.565  -45.275  -29.267 0.3000000119
154623  -40.453  -46.253  -29.230 0.3000000119
45577  -39.219  -47.946  -29.021 0.4000000060
32009  -29.270  -56.818  -27.796 0.4000000060
171377  -46.368  -44.225  -27.635 0.3000000119
51710  -46.579  -43.508  -27.881 0.3000000119
51701  -45.933  -42.896  -27.216 0.3000000119
52886  -45.495  -42.502  -28.476 0.3000000119
32067  -30.293  -57.375  -32.451 0.5000000000
33326  -31.773  -56.596  -32.300 0.5000000000
163147  -26.919  -57.317  -32.339 0.4000000060
30856  -28.280  -57.466  -32.181 0.4000000060
32066  -29.638  -57.414  -32.580 0.4000000060
30859  -30.408  -57.803  -31.875 0.5000000000
35738  -33.685  -55.073  -31.932 0.5000000000
34533  -33.309  -55.690  -32.212 0.5000000000
33334  -30.601  -56.062  -32.623 0.5000000000
34541  -31.853  -55.976  -32.353 0.5000000000
33333  -29.924  -56.248  -32.651 0.4000000060
37997  -35.215  -53.503  -30.865 0.6000000238
36896  -34.233  -53.745  -31.462 0.6000000238
36902  -33.310  -54.245  -31.665 0.5000000000
169907  -32.418  -55.486  -32.301 0.5000000000
34538  -29.507  -55.800  -32.330 0.3000000119
34539  -30.587  -55.234  -32.322 0.4000000060
35743  -31.666  -55.316  -32.241 0.5000000000
39084  -36.223  -52.395  -28.943 0.6000000238
37996  -34.475  -53.108  -31.111 0.6000000238
173079  -33.408  -53.462  -31.455 0.6000000238
35736  -31.633  -54.591  -31.918 0.4000000060
179179  -32.204  -54.630  -31.967 0.5000000000
40076  -37.351  -51.432  -28.463 0.6000000238
153480  -41.551  -46.417  -29.586 0.3000000119
43187  -39.261  -49.161  -28.985 0.4000000060
39094  -35.144  -52.266  -30.050 0.6000000238
162222  -32.655  -53.634  -31.520 0.4000000060
49239  -43.266  -45.369  -29.167 0.3000000119
51721  -44.270  -43.991  -29.251 0.3000000119
154654  -40.843  -47.058  -29.382 0.3000000119
37990  -35.544  -53.033  -30.279 0.6000000238
174285  -40.623  -47.726  -29.314 0.3000000119
37991  -36.246  -53.468  -29.891 0.5000000000
37981  -37.278  -53.174  -29.165 0.5000000000
39079  -37.481  -52.088  -28.609 0.5000000000
157641  -38.419  -52.462  -28.950 0.4000000060
40077  -38.143  -51.695  -28.655 0.5000000000
36876  -36.917  -53.723  -29.623 0.5000000000
36887  -36.657  -54.272  -30.369 0.5000000000
37982  -38.002  -53.153  -29.207 0.4000000060
40083  -38.909  -51.794  -29.025 0.4000000060
41097  -39.275  -50.447  -29.039 0.4000000060
163463  -38.508  -50.312  -28.603 0.5000000000
36904  -34.790  -54.691  -31.949 0.5000000000
36898  -35.714  -54.295  -31.334 0.5000000000
42120  -39.618  -49.705  -29.045 0.4000000060
164604  -27.716  -62.773  -32.412 0.3000000119
159580  -27.401  -62.655  -33.318 0.3000000119
24182  -28.320  -62.709  -31.861 0.3000000119
25258  -29.789  -61.879  -29.818 0.3000000119
25259  -30.450  -61.979  -30.085 0.4000000060
171256  -28.302  -62.526  -31.108 0.3000000119
25277  -28.355  -62.152  -30.482 0.3000000119
26390  -31.869  -60.987  -29.278 0.4000000060
25245  -30.358  -61.533  -29.519 0.4000000060
25244  -29.734  -61.353  -29.438 0.3000000119
25257  -28.120  -61.560  -30.143 0.3000000119
27522  -32.545  -60.046  -28.473 0.4000000060
28638  -32.296  -59.679  -28.421 0.4000000060
26388  -30.269  -60.945  -29.239 0.4000000060
26413  -29.256  -61.149  -29.498 0.4000000060
27557  -27.968  -60.807  -30.081 0.4000000060
27559  -29.055  -60.618  -29.514 0.4000000060
32029  -35.115  -57.541  -28.246 0.3000000119
169568  -33.120  -59.054  -28.260 0.4000000060
30821  -33.370  -57.976  -28.458 0.4000000060
29708  -31.997  -59.280  -28.556 0.4000000060
29732  -31.609  -58.860  -28.986 0.4000000060
29731  -30.325  -59.223  -29.454 0.4000000060
183670  -29.580  -59.578  -29.580 0.4000000060
33297  -36.614  -56.444  -29.414 0.3000000119
33285  -34.682  -56.792  -28.832 0.4000000060
32056  -33.867  -56.771  -29.879 0.4000000060
32043  -33.342  -57.289  -29.110 0.4000000060
32042  -32.680  -57.460  -29.582 0.4000000060
32054  -32.622  -57.327  -30.561 0.4000000060
29744  -31.331  -58.522  -29.666 0.4000000060
30845  -31.655  -58.054  -30.212 0.4000000060
179688  -30.925  -58.644  -29.815 0.4000000060
29742  -29.786  -59.155  -29.885 0.4000000060
33307  -35.825  -56.376  -30.231 0.4000000060
33306  -35.166  -56.437  -30.479 0.4000000060
32062  -33.163  -56.943  -31.239 0.4000000060
32061  -32.502  -57.137  -31.444 0.4000000060
29750  -29.827  -58.661  -30.807 0.4000000060
30844  -30.987  -58.300  -30.358 0.4000000060
28678  -28.564  -59.650  -30.236 0.4000000060
33318  -35.200  -56.350  -31.553 0.4000000060
33304  -33.797  -56.638  -30.909 0.4000000060
33316  -33.708  -56.390  -31.693 0.4000000060
33315  -32.971  -56.588  -31.966 0.4000000060
30851  -30.124  -58.171  -31.452 0.4000000060
32059  -31.008  -57.496  -31.833 0.4000000060
33331  -35.903  -56.205  -32.107 0.4000000060
34535  -34.937  -55.850  -32.250 0.4000000060
34534  -34.116  -55.835  -32.226 0.4000000060
36888  -37.385  -54.278  -30.142 0.4000000060
34536  -35.746  -55.903  -32.317 0.4000000060
35740  -35.597  -55.058  -32.075 0.4000000060
179456  -39.480  -51.865  -29.237 0.3000000119
170057  -39.955  -50.898  -29.227 0.3000000119
153623  -33.009  -56.133  -32.280 0.4000000060
35719  -36.831  -54.769  -31.199 0.4000000060
42121  -40.271  -49.610  -29.214 0.3000000119
155070  -35.184  -55.439  -32.323 0.4000000060
27539  -31.506  -60.518  -28.882 0.4000000060
27520  -31.343  -60.047  -28.710 0.4000000060
28661  -31.389  -59.487  -28.793 0.4000000060
28660  -30.696  -59.761  -29.091 0.4000000060
33286  -35.423  -56.838  -28.645 0.4000000060
30822  -34.430  -57.756  -28.199 0.4000000060
159773  -37.124  -56.618  -29.044 0.3000000119
29733  -32.283  -58.577  -28.693 0.4000000060
33308  -37.217  -56.142  -30.302 0.3000000119
183370  -36.192  -56.390  -29.812 0.4000000060
33294  -34.559  -56.643  -29.661 0.4000000060
33305  -34.487  -56.482  -30.678 0.4000000060
33319  -36.409  -56.115  -31.701 0.4000000060
33330  -35.204  -56.101  -32.059 0.4000000060
30852  -30.742  -58.023  -31.224 0.4000000060
33328  -33.586  -56.118  -32.117 0.4000000060
167626  -36.998  -55.170  -31.459 0.4000000060
28662  -34.231  -59.526  -28.730 0.3000000119
182494  -32.669  -61.315  -30.530 0.3000000119
25280  -31.261  -62.106  -30.998 0.3000000119
161293  -32.317  -61.233  -29.913 0.3000000119
27541  -32.897  -60.384  -28.930 0.3000000119
25260  -31.511  -61.833  -30.448 0.3000000119
26391  -32.594  -60.840  -29.393 0.3000000119
28641  -34.557  -59.101  -28.477 0.3000000119
27523  -33.204  -59.860  -28.589 0.3000000119
29711  -34.280  -58.526  -28.198 0.3000000119
34526  -37.621  -55.615  -30.974 0.3000000119
35729  -37.466  -55.353  -31.110 0.3000000119
35721  -37.856  -54.820  -30.731 0.3000000119
36878  -38.269  -53.649  -29.573 0.3000000119
155392  -35.519  -58.119  -28.268 0.3000000119
34525  -36.715  -55.669  -31.554 0.3000000119
24160  -28.815  -62.481  -30.797 0.3000000119
24183  -28.925  -62.626  -31.475 0.3000000119
25261  -32.143  -61.594  -30.500 0.3000000119
25278  -29.154  -62.178  -30.239 0.3000000119
26387  -29.643  -60.762  -29.333 0.4000000060
26389  -31.042  -61.109  -29.292 0.4000000060
26412  -28.661  -61.190  -29.750 0.3000000119
26414  -30.997  -61.711  -29.851 0.4000000060
26415  -31.648  -61.459  -29.828 0.3000000119
27521  -31.932  -60.105  -28.557 0.4000000060
27524  -33.787  -59.738  -28.804 0.3000000119
27536  -29.451  -60.055  -29.383 0.4000000060
27537  -30.133  -60.295  -29.198 0.4000000060
27538  -30.821  -60.464  -29.021 0.4000000060
27540  -32.202  -60.503  -28.839 0.4000000060
27558  -28.486  -60.375  -29.888 0.4000000060
28637  -31.795  -59.752  -28.557 0.4000000060
28639  -32.883  -59.523  -28.334 0.4000000060
28640  -33.665  -59.225  -28.376 0.3000000119
28659  -29.971  -59.667  -29.369 0.4000000060
28679  -29.189  -59.475  -29.945 0.4000000060
29709  -32.596  -59.155  -28.307 0.4000000060
29710  -33.543  -58.600  -28.250 0.4000000060
29741  -29.337  -58.975  -30.474 0.4000000060
29743  -30.437  -58.742  -29.997 0.4000000060
29751  -30.429  -58.393  -30.767 0.4000000060
29753  -24.212  -58.083  -31.922 0.4000000060
30793  -28.285  -57.647  -26.829 0.4000000060
30820  -32.941  -58.565  -28.366 0.4000000060
30823  -34.861  -58.124  -28.190 0.3000000119
30839  -31.867  -58.256  -29.417 0.4000000060
30840  -32.775  -57.920  -28.803 0.4000000060
30846  -32.200  -57.782  -29.979 0.4000000060
30848  -25.675  -57.224  -32.229 0.4000000060
30853  -31.390  -57.804  -30.999 0.4000000060
30855  -27.568  -57.338  -32.269 0.4000000060
30857  -29.089  -57.623  -32.332 0.4000000060
31941  -29.290  -57.045  -24.202 0.5000000000
31942  -29.752  -56.838  -24.550 0.5000000000
31957  -28.822  -57.564  -25.148 0.5000000000
31959  -29.949  -57.077  -25.247 0.5000000000
31960  -30.623  -56.928  -25.555 0.5000000000
31976  -29.385  -57.377  -25.664 0.5000000000
31997  -29.372  -57.142  -26.972 0.5000000000
32008  -28.530  -57.069  -27.953 0.4000000060
32025  -28.357  -57.080  -28.693 0.4000000060
32026  -28.949  -56.786  -28.566 0.4000000060
32027  -33.866  -57.493  -28.481 0.4000000060
32028  -34.326  -57.176  -28.504 0.4000000060
32030  -35.781  -57.418  -28.375 0.3000000119
32038  -26.921  -57.121  -30.082 0.4000000060
32039  -27.509  -56.979  -29.671 0.4000000060
32044  -34.073  -56.947  -28.982 0.4000000060
32050  -26.841  -56.864  -31.101 0.4000000060
32053  -32.060  -57.607  -30.825 0.4000000060
32055  -33.194  -57.006  -30.191 0.4000000060
32058  -27.379  -56.704  -31.525 0.4000000060
32060  -31.793  -57.302  -31.573 0.4000000060
32064  -27.901  -56.988  -31.993 0.4000000060
32065  -29.153  -56.992  -32.593 0.4000000060
32068  -31.479  -57.022  -32.151 0.5000000000
32069  -32.218  -56.881  -32.042 0.4000000060
32070  -29.787  -56.914  -32.736 0.4000000060
32071  -30.448  -56.779  -32.724 0.5000000000
32072  -31.088  -56.679  -32.473 0.5000000000
33197  -29.188  -56.369  -23.519 0.5000000000
33198  -29.749  -56.146  -23.731 0.5000000000
33210  -30.077  -56.412  -24.219 0.5000000000
33222  -30.965  -56.417  -25.122 0.5000000000
33237  -31.124  -56.517  -25.843 0.5000000000
33238  -31.582  -56.094  -26.123 0.5000000000
33257  -30.345  -56.501  -27.150 0.5000000000
33259  -31.569  -56.122  -26.828 0.5000000000
33282  -30.158  -56.213  -28.748 0.6999999881
33287  -36.116  -56.685  -28.848 0.4000000060
33288  -36.633  -56.762  -28.723 0.3000000119
33290  -28.676  -56.503  -29.864 0.4000000060
33291  -29.221  -56.497  -29.285 0.4000000060
33295  -35.224  -56.575  -29.439 0.4000000060
33296  -35.882  -56.533  -29.318 0.4000000060
33301  -28.410  -56.332  -30.764 0.4000000060
33302  -28.968  -56.042  -30.855 0.5000000000
33314  -28.625  -56.190  -31.684 0.4000000060
33317  -34.490  -56.391  -31.663 0.4000000060
33320  -37.057  -55.822  -31.084 0.3000000119
33321  -37.889  -56.000  -30.813 0.3000000119
33324  -28.373  -56.652  -32.032 0.4000000060
33327  -32.445  -56.366  -32.307 0.5000000000
33329  -34.382  -56.124  -32.094 0.4000000060
33332  -29.295  -56.346  -32.554 0.4000000060
33335  -31.280  -56.170  -32.341 0.5000000000
34421  -29.394  -55.741  -23.392 0.5000000000
34439  -30.293  -55.883  -23.916 0.4000000060
34440  -30.825  -55.498  -24.129 0.5000000000
34450  -31.729  -55.420  -25.055 0.5000000000
34451  -32.147  -55.183  -25.344 0.5000000000
34466  -32.363  -55.187  -25.887 0.5000000000
34481  -32.107  -55.681  -26.466 0.5000000000
34504  -31.945  -55.775  -27.252 0.6000000238
34513  -31.582  -55.569  -28.745 0.6000000238
34517  -31.264  -55.159  -29.381 0.6000000238
34523  -29.624  -55.083  -31.231 0.5000000000
34524  -36.264  -56.019  -32.166 0.4000000060
34532  -30.178  -54.884  -31.935 0.5000000000
34537  -36.285  -55.629  -32.112 0.4000000060
34540  -31.246  -55.591  -32.217 0.5000000000
35600  -29.735  -54.424  -22.883 0.5000000000
35612  -31.252  -54.203  -23.993 0.4000000060
35631  -30.821  -54.789  -23.809 0.4000000060
35678  -32.643  -55.169  -26.556 0.5000000000
35679  -33.010  -54.603  -26.752 0.6000000238
35707  -33.051  -54.341  -28.294 0.6999999881
35717  -30.496  -54.917  -30.447 0.6000000238
35720  -37.215  -54.788  -30.880 0.4000000060
35726  -30.510  -54.360  -31.118 0.6000000238
35727  -36.139  -54.949  -31.701 0.4000000060
35728  -36.666  -55.176  -31.702 0.4000000060
35734  -30.527  -54.457  -31.541 0.5000000000
35735  -31.081  -54.294  -31.696 0.5000000000
35737  -32.813  -54.664  -31.884 0.5000000000
35739  -34.509  -55.296  -32.144 0.4000000060
35742  -31.086  -54.905  -32.016 0.4000000060
36763  -29.094  -54.133  -22.624 0.4000000060
36764  -29.721  -53.763  -22.652 0.5000000000
36765  -30.170  -53.440  -22.834 0.5000000000
36783  -31.859  -53.471  -24.510 0.5000000000
36820  -32.628  -53.967  -25.480 0.5000000000
36858  -33.343  -53.822  -27.839 0.6999999881
36868  -32.803  -54.037  -29.066 0.6000000238
36874  -32.388  -53.625  -29.855 0.6000000238
36877  -37.653  -53.733  -29.559 0.4000000060
36884  -31.385  -53.702  -30.772 0.6000000238
36886  -35.950  -53.862  -30.593 0.5000000000
36895  -32.124  -53.297  -31.174 0.6000000238
36897  -34.994  -54.072  -31.466 0.5000000000
36899  -36.360  -54.525  -31.165 0.4000000060
36901  -31.915  -53.879  -31.566 0.4000000060
36903  -34.002  -54.406  -31.756 0.5000000000
37899  -28.581  -53.587  -22.353 0.4000000060
37908  -31.028  -52.841  -23.359 0.6000000238
37915  -31.660  -53.008  -24.253 0.5000000000
37934  -33.211  -53.313  -26.515 0.6000000238
37978  -33.078  -52.514  -29.967 0.6000000238
37979  -35.858  -52.733  -29.565 0.6000000238
37980  -36.552  -53.064  -29.229 0.5000000000
37983  -38.708  -53.177  -29.420 0.3000000119
37989  -34.745  -52.630  -30.582 0.6000000238
37993  -32.661  -53.086  -30.802 0.6000000238
37995  -33.799  -52.843  -31.163 0.6000000238
38999  -27.257  -52.216  -21.398 0.4000000060
39016  -29.108  -52.402  -21.871 0.5000000000
39017  -29.729  -52.344  -22.112 0.5000000000
39033  -31.194  -52.035  -23.385 0.6000000238
39034  -31.462  -52.530  -23.820 0.6000000238
39040  -32.137  -52.159  -24.812 0.5000000000
39047  -32.460  -52.521  -25.207 0.5000000000
39055  -33.140  -52.048  -26.264 0.5000000000
39077  -33.568  -52.205  -28.830 0.6000000238
39078  -36.735  -51.935  -28.596 0.6000000238
39083  -35.512  -52.026  -29.381 0.6000000238
39085  -36.967  -52.602  -28.767 0.5000000000
39086  -37.690  -52.628  -28.877 0.5000000000
39095  -33.526  -52.199  -30.815 0.6999999881
40013  -30.081  -51.757  -22.184 0.5000000000
40023  -30.853  -51.498  -23.025 0.6000000238
40030  -31.555  -51.850  -23.889 0.6000000238
40036  -32.158  -51.535  -24.932 0.6000000238
40050  -32.861  -51.487  -25.919 0.6999999881
40065  -33.779  -51.056  -27.639 0.6999999881
40073  -33.850  -51.058  -28.978 0.6999999881
40074  -35.810  -50.994  -28.810 0.6999999881
40082  -35.944  -51.697  -28.795 0.6000000238
40088  -33.532  -51.435  -30.036 0.6000000238
41003  -27.198  -51.150  -20.649 0.3000000119
41037  -30.447  -50.973  -22.675 0.6000000238
41048  -31.319  -50.684  -23.637 0.6000000238
41054  -31.578  -50.455  -24.118 0.6000000238
41055  -31.828  -51.010  -24.597 0.6000000238
41066  -32.530  -50.922  -25.678 0.6000000238
41080  -33.600  -50.612  -27.359 0.6000000238
41081  -33.792  -50.573  -27.925 0.6999999881
41087  -35.753  -50.500  -28.775 0.6999999881
41089  -37.145  -50.724  -28.436 0.6000000238
41090  -37.959  -50.883  -28.510 0.6000000238
41091  -38.698  -51.054  -28.846 0.5000000000
41098  -40.048  -50.194  -29.186 0.3000000119
42024  -29.664  -49.543  -21.424 0.6000000238
42044  -30.475  -49.568  -22.459 0.6000000238
42060  -30.735  -49.926  -22.833 0.6999999881
42070  -31.126  -50.218  -23.285 0.6999999881
42080  -31.713  -49.946  -24.296 0.6999999881
42096  -32.811  -49.459  -26.820 0.6999999881
42097  -33.201  -49.977  -27.222 0.6999999881
42102  -33.462  -49.601  -27.742 0.6999999881
42111  -34.932  -49.603  -28.588 0.6000000238
42112  -36.053  -50.087  -28.621 0.6999999881
42113  -36.843  -50.020  -28.431 0.6999999881
42115  -38.236  -49.656  -28.509 0.5000000000
42116  -38.945  -49.725  -28.754 0.4000000060
42119  -35.333  -50.123  -28.758 0.6999999881
43150  -32.268  -49.040  -24.729 0.6999999881
43159  -32.396  -49.373  -25.438 0.6999999881
43164  -32.684  -48.989  -26.248 0.6999999881
43178  -33.996  -48.989  -28.040 0.8000000119
43181  -35.992  -49.032  -28.474 0.6000000238
43183  -37.905  -49.046  -28.471 0.6000000238
43189  -40.594  -49.096  -29.240 0.3000000119
44210  -28.155  -48.229  -19.776 0.4000000060
44231  -28.559  -48.700  -20.286 0.5000000000
44250  -29.565  -48.557  -20.988 0.5000000000
44252  -30.334  -48.218  -21.737 0.5000000000
44266  -30.704  -48.607  -22.080 0.6000000238
44291  -32.043  -48.477  -23.629 0.6999999881
44292  -32.809  -48.050  -24.236 0.6999999881
44327  -33.247  -48.185  -26.511 0.6999999881
44332  -33.297  -48.334  -27.117 0.6999999881
44333  -33.743  -48.014  -27.549 0.8000000119
44337  -33.732  -48.462  -27.786 0.8000000119
44344  -34.649  -48.189  -28.092 0.8000000119
44345  -35.927  -48.250  -28.321 0.5000000000
44349  -38.918  -48.587  -28.873 0.4000000060
44352  -39.601  -48.643  -29.150 0.4000000060
45435  -26.722  -47.568  -19.319 0.3000000119
45436  -27.792  -47.897  -19.271 0.3000000119
45475  -30.273  -47.825  -21.227 0.5000000000
45478  -32.659  -47.308  -21.657 0.5000000000
45508  -33.006  -47.639  -23.144 0.6000000238
45541  -33.735  -48.040  -25.149 0.6999999881
45552  -33.591  -47.901  -26.287 0.6999999881
45562  -33.963  -47.483  -27.493 0.8000000119
45563  -34.207  -47.451  -27.724 0.8000000119
45568  -35.199  -47.832  -28.260 0.5000000000
45573  -38.558  -47.471  -28.624 0.5000000000
45578  -39.920  -47.466  -29.172 0.4000000060
46658  -29.675  -46.659  -18.987 0.5000000000
46670  -26.244  -47.146  -19.333 0.3000000119
46672  -30.022  -46.945  -19.365 0.5000000000
46684  -32.902  -46.667  -20.557 0.4000000060
46726  -34.657  -46.865  -23.028 0.5000000000
46749  -35.461  -46.618  -24.558 0.6000000238
46779  -34.619  -46.749  -27.443 0.8000000119
46788  -34.678  -46.971  -27.886 0.8000000119
46789  -35.126  -46.486  -28.181 0.8000000119
46793  -38.479  -46.744  -28.597 0.5000000000
46797  -39.826  -46.737  -29.120 0.3000000119
47844  -28.322  -45.471  -18.302 0.4000000060
47878  -32.893  -45.620  -19.933 0.4000000060
47891  -32.598  -46.189  -20.104 0.4000000060
47894  -34.440  -45.863  -20.601 0.4000000060
47915  -34.866  -46.221  -21.960 0.5000000000
47984  -35.830  -46.381  -25.678 0.6000000238
48001  -36.748  -45.393  -28.076 0.6000000238
48007  -39.642  -46.123  -29.010 0.5000000000
48008  -40.971  -45.655  -29.252 0.3000000119
48009  -42.091  -45.923  -29.422 0.3000000119
49157  -36.684  -44.922  -23.205 0.5000000000
49165  -36.477  -45.393  -23.498 0.5000000000
49190  -37.951  -44.781  -25.677 0.5000000000
49219  -47.328  -44.676  -27.489 0.3000000119
49222  -37.780  -45.106  -27.866 0.6000000238
49229  -37.936  -45.372  -28.180 0.5000000000
49230  -38.646  -45.280  -28.322 0.5000000000
50300  -27.838  -44.235  -18.545 0.3000000119
50301  -28.486  -44.319  -18.594 0.3000000119
50304  -30.285  -44.698  -19.127 0.4000000060
50361  -35.835  -44.144  -21.191 0.4000000060
50438  -38.691  -44.444  -27.785 0.6000000238
50443  -46.581  -44.017  -27.850 0.3000000119
50446  -39.697  -44.567  -28.354 0.4000000060
50447  -40.453  -44.375  -28.567 0.4000000060
50448  -41.238  -44.241  -28.751 0.3000000119
50449  -42.045  -44.153  -28.974 0.3000000119
50451  -44.030  -44.649  -29.330 0.3000000119
50454  -42.810  -44.767  -29.344 0.3000000119
50455  -43.627  -44.814  -29.470 0.3000000119
51692  -38.605  -43.891  -25.830 0.5000000000
51702  -46.748  -43.583  -27.602 0.3000000119
51704  -39.050  -43.896  -27.504 0.6000000238
51709  -46.301  -43.242  -28.425 0.3000000119
51714  -42.662  -44.065  -29.162 0.3000000119
51715  -43.032  -43.576  -29.186 0.3000000119
51720  -43.802  -44.107  -29.448 0.3000000119
52811  -30.246  -42.762  -21.182 0.5000000000
52825  -39.322  -42.745  -22.415 0.4000000060
52877  -40.315  -42.208  -26.870 0.4000000060
52881  -45.981  -42.792  -28.053 0.3000000119
52882  -46.481  -43.158  -28.124 0.3000000119
52887  -46.136  -42.951  -28.500 0.3000000119
52890  -43.109  -42.798  -28.944 0.3000000119
52891  -43.801  -42.555  -28.966 0.3000000119
52893  -43.548  -43.264  -29.186 0.3000000119
52894  -44.150  -43.345  -29.157 0.3000000119
54035  -38.710  -41.003  -24.707 0.3000000119
54045  -40.226  -41.261  -26.069 0.5000000000
54049  -42.564  -41.452  -26.291 0.4000000060
54055  -41.551  -41.686  -26.711 0.4000000060
54057  -43.234  -41.392  -27.430 0.4000000060
54064  -44.762  -42.112  -28.551 0.3000000119
55230  -39.860  -40.772  -25.053 0.3000000119
152099  -28.921  -60.035  -29.708 0.4000000060
152498  -36.807  -45.813  -28.311 0.5000000000
153308  -36.108  -45.607  -27.547 0.6999999881
153579  -34.634  -46.713  -26.817 0.6000000238
153900  -37.444  -46.911  -28.487 0.6000000238
154061  -28.682  -57.181  -27.227 0.4000000060
154072  -42.776  -41.351  -27.365 0.4000000060
154152  -36.680  -43.970  -22.214 0.4000000060
154228  -29.801  -55.729  -30.154 0.5000000000
154326  -26.727  -46.412  -18.799 0.3000000119
154806  -37.311  -56.396  -29.585 0.3000000119
154989  -35.788  -56.300  -31.263 0.4000000060
155849  -34.113  -47.751  -24.677 0.6999999881
155920  -30.943  -59.028  -29.341 0.4000000060
156061  -33.434  -53.232  -27.306 0.6999999881
156131  -28.564  -57.031  -32.320 0.4000000060
156251  -27.220  -47.936  -19.296 0.3000000119
156855  -36.486  -56.135  -30.505 0.4000000060
156953  -35.823  -47.487  -28.329 0.5000000000
156968  -31.774  -55.703  -27.987 0.6000000238
157130  -37.270  -45.372  -25.068 0.5000000000
158426  -33.331  -52.627  -26.742 0.6000000238
158559  -30.013  -55.520  -32.366 0.3000000119
159119  -42.310  -43.408  -28.741 0.4000000060
159124  -29.522  -57.386  -26.356 0.5000000000
159830  -28.898  -45.497  -18.632 0.4000000060
160142  -30.713  -54.112  -23.510 0.5000000000
160651  -34.765  -46.864  -23.726 0.5000000000
161965  -30.968  -55.772  -32.367 0.5000000000
162394  -34.770  -57.189  -28.427 0.4000000060
163278  -32.739  -52.768  -25.604 0.6000000238
163336  -40.076  -48.147  -29.234 0.3000000119
164289  -36.076  -56.968  -28.601 0.3000000119
165300  -28.838  -57.627  -25.861 0.5000000000
165814  -38.580  -48.074  -28.638 0.5000000000
166220  -45.365  -42.570  -28.931 0.3000000119
166281  -39.355  -51.265  -29.150 0.4000000060
166578  -36.279  -49.625  -28.516 0.6999999881
167783  -27.337  -42.837  -19.360 0.3000000119
167957  -29.193  -61.653  -29.692 0.3000000119
168256  -30.864  -57.077  -32.400 0.5000000000
168423  -31.469  -49.871  -23.709 0.6000000238
169245  -32.249  -54.267  -25.007 0.6000000238
169491  -30.813  -54.363  -30.642 0.5000000000
170862  -33.795  -50.075  -28.089 0.5000000000
173278  -32.900  -47.493  -22.756 0.6000000238
173490  -32.768  -53.189  -31.197 0.6000000238
173570  -33.892  -58.083  -28.263 0.4000000060
175021  -38.825  -43.373  -25.991 0.5000000000
175400  -34.444  -47.205  -23.992 0.5000000000
175834  -34.191  -47.530  -25.491 0.6999999881
176354  -29.314  -44.220  -19.067 0.4000000060
176514  -28.674  -61.813  -29.986 0.3000000119
176742  -40.592  -50.015  -29.246 0.3000000119
177377  -32.340  -57.987  -29.257 0.4000000060
180655  -29.149  -57.471  -26.109 0.5000000000
180812  -36.141  -56.226  -30.973 0.4000000060
181844  -40.931  -45.172  -29.098 0.3000000119
182201  -29.625  -51.076  -21.697 0.6000000238
182694  -33.993  -47.679  -27.640 0.8000000119
183453  -37.957  -52.208  -28.729 0.5000000000
