#!ascii label  , from subject sub-v2s11x28700_ses-1 vox2ras=TkReg
1666
59287  46.280  -39.320  -29.271 0.6000000238
59285  44.680  -39.769  -28.237 0.5000000000
60572  48.188  -38.783  -28.219 0.6999999881
60578  48.101  -39.005  -29.054 0.6000000238
60584  48.845  -38.957  -29.166 0.6000000238
61794  48.893  -38.569  -28.698 0.6000000238
60574  45.932  -39.042  -28.742 0.6999999881
60579  47.092  -38.989  -28.859 0.6000000238
59296  47.140  -39.308  -29.625 0.5000000000
60585  48.395  -39.232  -29.604 0.5000000000
169504  48.841  -39.092  -29.703 0.5000000000
60583  48.875  -38.936  -29.730 0.6000000238
63006  48.618  -38.023  -29.229 0.6000000238
59284  45.298  -39.149  -28.226 0.5000000000
162175  45.190  -39.490  -28.674 0.5000000000
59297  46.083  -39.765  -29.717 0.6000000238
169984  48.558  -37.745  -30.356 0.6000000238
169536  43.900  -41.102  -28.206 0.5000000000
58147  43.578  -40.680  -27.641 0.5000000000
62980  48.412  -37.965  -27.632 0.6000000238
166991  47.679  -37.218  -27.787 0.6999999881
61770  47.121  -38.305  -27.280 0.6000000238
60564  47.796  -38.623  -27.724 0.6999999881
61768  48.678  -38.265  -27.858 0.6000000238
62994  48.081  -37.571  -28.216 0.6000000238
60565  46.546  -38.687  -27.697 0.6000000238
60573  46.972  -38.809  -28.182 0.6999999881
63007  47.878  -37.447  -29.150 0.6000000238
59281  44.896  -39.284  -27.651 0.5000000000
60556  46.006  -38.635  -27.200 0.5000000000
185065  48.015  -37.281  -29.927 0.6000000238
58146  44.301  -39.752  -27.568 0.5000000000
63015  47.413  -36.476  -30.066 0.6000000238
160972  43.810  -40.113  -27.496 0.5000000000
64153  47.561  -35.026  -31.070 0.6000000238
65233  47.279  -33.826  -31.195 0.6999999881
64157  47.746  -34.997  -31.907 0.6000000238
65236  47.159  -33.394  -31.728 0.6999999881
65238  47.497  -34.052  -32.179 0.6000000238
65239  47.458  -34.008  -32.233 0.6000000238
65241  46.333  -34.936  -31.836 0.6000000238
65240  47.093  -34.282  -32.277 0.6000000238
63009  42.708  -37.109  -29.639 0.5000000000
63011  41.453  -37.458  -28.988 0.6999999881
63018  42.145  -37.323  -30.332 0.6000000238
61785  40.823  -37.486  -28.673 0.8000000119
61795  40.908  -37.506  -29.635 0.6999999881
64128  47.392  -36.769  -27.446 0.6000000238
164335  46.787  -36.254  -28.087 0.6999999881
61750  47.949  -38.023  -26.985 0.6999999881
61769  48.304  -38.280  -27.578 0.6999999881
62967  48.341  -37.803  -27.244 0.6000000238
64138  47.055  -36.724  -28.468 0.6999999881
165257  47.027  -38.110  -26.746 0.6000000238
65218  46.242  -35.252  -28.398 0.8000000119
61752  45.576  -38.175  -26.335 0.5000000000
61751  46.262  -38.387  -26.722 0.5000000000
65229  46.617  -35.536  -29.122 0.8000000119
60542  45.005  -38.398  -26.388 0.5000000000
183564  45.432  -38.520  -26.773 0.5000000000
66448  46.337  -34.123  -29.499 0.8000000119
183781  46.952  -35.375  -30.150 0.6000000238
59274  43.826  -39.650  -26.979 0.5000000000
166197  46.819  -33.970  -30.381 0.8000000119
66449  46.673  -32.760  -30.582 0.8000000119
66450  46.398  -32.597  -30.577 0.6999999881
182272  46.797  -33.042  -31.218 0.6999999881
66456  45.161  -34.369  -29.999 0.6999999881
181298  45.930  -33.607  -30.777 0.6999999881
177951  46.914  -33.410  -31.617 0.6999999881
65234  44.996  -35.050  -30.205 0.6000000238
64154  45.483  -34.866  -30.976 0.6000000238
66458  46.326  -33.530  -31.338 0.6000000238
64151  43.824  -36.476  -29.323 0.6999999881
64155  44.682  -35.956  -30.446 0.6999999881
62995  43.294  -36.926  -28.986 0.6999999881
64156  43.943  -36.537  -30.173 0.6000000238
62997  41.998  -37.222  -28.385 0.8000000119
62996  42.691  -37.114  -28.678 0.8000000119
63008  43.325  -36.915  -29.907 0.6000000238
62998  41.362  -37.377  -28.091 0.8999999762
61786  40.158  -37.631  -28.527 0.6999999881
61771  40.740  -37.701  -27.752 0.8000000119
185707  40.400  -37.529  -29.264 0.6999999881
65201  47.235  -36.218  -27.043 0.6000000238
65209  46.621  -35.800  -27.610 0.6999999881
65210  46.386  -35.320  -27.185 0.6999999881
64117  48.186  -37.155  -27.045 0.6000000238
66428  45.981  -34.432  -27.615 0.6000000238
62965  48.715  -37.593  -26.464 0.4000000060
61731  48.298  -37.847  -26.433 0.6000000238
188166  46.135  -35.062  -27.808 0.6999999881
62951  46.439  -37.524  -25.809 0.4000000060
61733  46.396  -38.035  -26.286 0.5000000000
61732  47.389  -37.872  -26.281 0.6000000238
66438  46.087  -34.079  -28.665 0.8000000119
62952  45.650  -37.751  -25.864 0.5000000000
175155  46.573  -32.780  -29.854 0.8000000119
61734  44.938  -38.146  -25.841 0.4000000060
67752  46.381  -32.270  -30.006 0.8000000119
60544  43.972  -38.898  -25.877 0.5000000000
67753  45.905  -32.287  -29.944 0.8000000119
66439  44.484  -34.250  -28.756 0.8000000119
66451  45.578  -33.311  -30.169 0.6999999881
65231  44.106  -35.848  -28.966 0.8000000119
165025  44.786  -34.297  -29.495 0.6999999881
179966  43.706  -35.583  -27.606 0.8999999762
65220  43.829  -35.692  -28.284 0.8999999762
65230  44.574  -35.177  -29.484 0.6999999881
64139  43.613  -36.399  -28.562 0.8999999762
64150  44.430  -35.940  -29.675 0.6999999881
62982  41.924  -37.220  -27.580 0.8999999762
62981  42.559  -37.038  -27.871 0.8999999762
61773  39.625  -37.969  -27.511 0.8000000119
158339  39.187  -38.082  -28.147 0.8000000119
61772  40.124  -37.863  -27.783 0.8000000119
61787  39.493  -37.831  -28.814 0.8000000119
66420  46.948  -35.364  -26.775 0.6999999881
66421  46.300  -34.723  -26.825 0.6000000238
65191  47.681  -36.076  -26.669 0.5000000000
67726  46.020  -34.092  -27.095 0.6999999881
64106  49.042  -36.977  -26.525 0.4000000060
64116  48.766  -37.159  -26.702 0.5000000000
65200  48.405  -36.763  -26.796 0.6000000238
62949  48.718  -37.351  -26.023 0.5000000000
186553  45.998  -33.693  -28.351 0.6999999881
64092  48.101  -36.736  -25.207 0.5000000000
62950  47.883  -37.666  -25.957 0.6000000238
64094  46.389  -36.576  -24.811 0.4000000060
64093  47.213  -36.822  -25.043 0.4000000060
71796  45.791  -31.308  -28.839 0.8000000119
69143  46.175  -32.031  -28.881 0.8000000119
185404  45.674  -36.713  -24.812 0.4000000060
69144  45.756  -31.805  -29.657 0.8000000119
69153  46.172  -31.870  -29.605 0.8000000119
61721  44.561  -38.014  -25.352 0.3000000119
67736  44.358  -33.622  -27.667 0.8000000119
67744  44.865  -33.313  -28.641 0.8000000119
67743  45.332  -32.432  -29.580 0.8000000119
66422  44.340  -34.412  -27.211 0.8000000119
67754  45.083  -33.264  -29.589 0.8000000119
65202  43.650  -35.475  -26.910 0.8999999762
65211  44.098  -35.008  -28.099 0.8999999762
65203  43.229  -35.868  -26.509 0.8999999762
64129  43.425  -36.226  -27.850 0.8999999762
64119  42.837  -36.414  -26.758 0.8999999762
64130  42.962  -36.623  -27.461 0.8999999762
62968  42.428  -36.937  -27.106 0.8999999762
158672  38.937  -38.023  -27.381 0.8000000119
61774  38.396  -37.995  -28.121 0.8000000119
62969  41.831  -37.206  -26.824 0.8999999762
62983  41.366  -37.555  -27.304 0.8999999762
61754  40.247  -37.910  -27.057 0.8000000119
186839  40.888  -37.777  -27.030 0.8000000119
66406  47.612  -35.426  -26.412 0.6000000238
66407  46.783  -34.710  -26.351 0.6000000238
67708  46.667  -34.064  -25.982 0.6000000238
65189  49.370  -36.628  -26.162 0.4000000060
65190  48.775  -36.291  -26.588 0.4000000060
173616  45.977  -33.451  -26.975 0.6999999881
64105  49.062  -37.052  -26.168 0.4000000060
172518  45.948  -33.320  -27.947 0.6999999881
188169  48.646  -36.748  -25.338 0.5000000000
62932  48.734  -37.047  -25.674 0.4000000060
69134  45.952  -32.511  -27.730 0.6999999881
64069  48.352  -36.326  -24.857 0.5000000000
181987  45.635  -31.276  -28.287 0.8000000119
70528  46.062  -31.648  -28.644 0.8000000119
69123  44.418  -32.806  -27.289 0.8000000119
70529  45.482  -31.332  -28.714 0.8000000119
66423  43.894  -34.779  -26.651 0.8000000119
65192  43.540  -35.362  -26.331 0.8999999762
66430  44.062  -34.958  -27.356 0.8999999762
64107  42.761  -36.150  -26.111 0.8999999762
64108  42.298  -36.757  -26.292 0.8999999762
62953  41.638  -37.145  -26.089 1.0000000000
61756  38.597  -38.095  -26.688 0.8000000119
61753  41.229  -37.474  -26.623 1.0000000000
61755  39.436  -38.019  -26.664 0.8000000119
62954  40.918  -37.313  -25.964 1.0000000000
62970  40.631  -37.761  -26.471 0.8000000119
61737  39.609  -37.922  -25.878 0.8000000119
67689  46.672  -33.452  -25.781 0.6000000238
67707  47.501  -34.585  -26.011 0.6000000238
69089  46.370  -32.655  -25.894 0.6999999881
66404  49.290  -35.982  -26.229 0.4000000060
66405  48.361  -35.433  -26.278 0.4000000060
69122  45.950  -32.733  -26.832 0.6999999881
65153  49.395  -36.134  -25.244 0.5000000000
177167  49.535  -36.307  -25.920 0.4000000060
70515  45.908  -32.122  -27.361 0.8000000119
71783  45.089  -31.441  -27.707 0.8000000119
71770  45.435  -31.140  -27.440 0.8000000119
67710  44.155  -33.359  -26.406 0.8000000119
70530  44.937  -31.893  -28.101 0.8000000119
67728  43.873  -34.178  -26.172 0.8000000119
67727  44.230  -33.936  -26.863 0.8000000119
163069  42.420  -36.394  -25.696 0.8999999762
64095  42.665  -35.855  -25.510 0.8999999762
62938  41.978  -36.774  -25.565 1.0000000000
62939  41.339  -37.012  -25.390 1.0000000000
61724  39.097  -37.724  -25.394 0.8000000119
181360  38.314  -38.090  -27.297 0.8000000119
62940  40.521  -37.144  -25.226 1.0000000000
177683  39.327  -37.319  -24.992 0.8000000119
62955  40.254  -37.617  -25.864 0.8000000119
67687  47.832  -33.907  -25.629 0.6000000238
67688  47.106  -33.751  -25.594 0.6000000238
187014  46.128  -32.710  -26.378 0.6999999881
70483  46.492  -32.298  -25.243 0.6999999881
70502  45.972  -32.037  -26.575 0.8000000119
70484  45.903  -31.606  -25.921 0.8000000119
65188  49.858  -36.129  -25.991 0.4000000060
71754  45.513  -31.057  -26.712 0.8000000119
65172  50.279  -36.115  -26.154 0.4000000060
176910  50.328  -36.181  -26.320 0.4000000060
167379  44.696  -31.740  -27.276 0.8000000119
71771  44.928  -31.014  -27.033 0.8000000119
69106  44.362  -32.402  -26.585 0.8000000119
165760  43.014  -35.240  -25.337 0.8999999762
66385  43.261  -34.566  -25.230 0.8000000119
64096  42.144  -36.212  -25.110 1.0000000000
189513  41.707  -36.372  -24.636 1.0000000000
65159  41.918  -35.798  -24.435 1.0000000000
64097  41.038  -36.627  -24.705 1.0000000000
64077  39.632  -36.474  -24.317 1.0000000000
62942  38.621  -37.264  -24.981 0.8999999762
61739  38.129  -37.967  -26.140 0.8000000119
62943  37.851  -37.315  -25.230 0.8999999762
62922  39.163  -36.919  -24.578 1.0000000000
62923  38.573  -36.767  -24.513 1.0000000000
164183  38.067  -36.813  -24.804 1.0000000000
65162  39.366  -35.868  -24.008 1.0000000000
65141  39.165  -35.284  -23.827 1.0000000000
66375  38.660  -35.039  -24.071 1.0000000000
66376  38.150  -34.865  -24.536 1.0000000000
67658  39.000  -33.976  -23.925 1.0000000000
174440  38.661  -34.396  -24.315 1.0000000000
69087  47.344  -33.270  -25.159 0.6999999881
69088  46.865  -33.088  -25.341 0.6999999881
69072  46.989  -32.759  -24.785 0.6999999881
67706  48.623  -34.826  -26.131 0.6000000238
67705  49.194  -34.531  -26.189 0.5000000000
70466  45.909  -31.330  -25.259 0.8000000119
66402  50.167  -35.887  -26.783 0.4000000060
71738  45.291  -30.761  -25.990 0.8000000119
71756  44.701  -30.835  -26.204 0.8000000119
69090  44.003  -32.874  -25.962 0.8000000119
70503  44.352  -31.963  -26.044 0.8000000119
67690  43.443  -33.802  -25.192 0.6999999881
182999  43.704  -33.187  -25.465 0.8000000119
167783  42.818  -34.883  -24.754 0.8999999762
67676  42.803  -33.798  -24.242 0.8000000119
66374  42.281  -35.131  -24.316 0.8999999762
66354  42.597  -34.485  -24.220 1.0000000000
66355  42.061  -34.699  -23.801 1.0000000000
187677  41.595  -35.785  -24.061 1.0000000000
65137  41.709  -35.362  -23.861 1.0000000000
67655  41.128  -34.326  -23.212 1.0000000000
167447  40.764  -36.094  -24.122 1.0000000000
66357  40.837  -34.910  -23.412 1.0000000000
65139  40.583  -35.495  -23.692 1.0000000000
66358  39.792  -34.753  -23.602 1.0000000000
188304  39.475  -35.026  -23.698 1.0000000000
171814  37.526  -36.817  -25.091 1.0000000000
66359  39.180  -34.676  -23.791 1.0000000000
64079  38.297  -36.257  -24.438 1.0000000000
65164  38.087  -35.567  -24.510 1.0000000000
67677  38.151  -34.119  -24.768 1.0000000000
171194  38.577  -33.667  -24.525 1.0000000000
69071  47.472  -32.850  -24.689 0.6999999881
70465  46.627  -31.999  -24.679 0.6999999881
69085  49.050  -33.245  -25.467 0.5000000000
70482  48.158  -32.638  -24.794 0.6999999881
67686  48.676  -33.898  -25.762 0.6000000238
159763  45.183  -30.570  -25.338 0.8000000119
71739  44.876  -30.412  -25.830 0.8000000119
71740  44.625  -30.620  -25.456 0.6999999881
70486  43.834  -32.042  -24.965 0.8000000119
70485  44.322  -31.523  -25.517 0.8000000119
67675  43.200  -33.610  -24.666 0.6999999881
69073  43.542  -33.001  -24.898 0.6999999881
69052  42.648  -33.283  -23.708 0.8999999762
70448  42.780  -32.579  -23.432 0.8000000119
70426  42.481  -32.310  -22.928 0.8000000119
71654  41.681  -31.399  -22.236 0.8000000119
67653  42.340  -34.025  -23.769 0.8999999762
69035  42.323  -32.982  -23.087 0.8000000119
70427  41.786  -32.593  -22.808 0.8000000119
67654  41.774  -34.218  -23.406 1.0000000000
69036  41.787  -33.235  -22.986 0.8999999762
70428  40.993  -32.533  -22.729 0.8999999762
71674  41.369  -31.947  -22.569 0.8000000119
67639  41.461  -33.747  -23.027 0.8999999762
67640  40.783  -33.755  -22.928 1.0000000000
178896  40.282  -34.982  -23.544 1.0000000000
65140  39.805  -35.358  -23.712 1.0000000000
175889  39.327  -33.515  -23.591 1.0000000000
182094  38.914  -33.433  -24.038 1.0000000000
67693  37.762  -33.843  -25.250 1.0000000000
69056  39.032  -32.969  -23.775 1.0000000000
69075  38.702  -33.021  -24.371 1.0000000000
67692  38.173  -33.610  -25.021 1.0000000000
70450  38.830  -32.442  -24.068 1.0000000000
70469  38.631  -32.479  -24.786 1.0000000000
70487  38.484  -32.569  -25.635 1.0000000000
70463  47.826  -32.314  -24.439 0.6999999881
70464  47.136  -32.370  -24.383 0.6999999881
71717  46.788  -31.697  -24.204 0.6999999881
70481  48.790  -32.627  -25.074 0.6000000238
71718  45.962  -31.152  -24.602 0.6999999881
69104  49.387  -33.867  -26.047 0.5000000000
168044  45.201  -30.684  -24.804 0.8000000119
71699  45.021  -30.655  -24.560 0.6999999881
71720  44.447  -30.855  -24.793 0.6999999881
72933  44.735  -30.688  -24.430 0.6999999881
71721  43.873  -31.641  -24.404 0.6999999881
70467  43.456  -32.471  -24.387 0.6999999881
69074  43.140  -33.172  -24.295 0.6999999881
70468  43.033  -32.726  -23.952 0.6999999881
71672  42.712  -31.661  -22.748 0.8000000119
72892  43.005  -31.064  -22.517 0.8000000119
74118  43.044  -30.273  -21.599 0.8000000119
71653  42.387  -31.333  -22.241 0.8000000119
72845  42.272  -30.356  -21.416 0.8000000119
72846  41.625  -30.524  -21.569 0.8000000119
71655  40.941  -31.420  -22.258 0.8999999762
72861  41.285  -30.921  -21.892 0.8000000119
71656  40.280  -31.463  -22.427 1.0000000000
72862  40.530  -30.815  -22.040 0.8000000119
69054  40.026  -33.550  -23.144 1.0000000000
70429  40.320  -32.466  -22.741 1.0000000000
69055  39.560  -32.955  -23.292 1.0000000000
180844  38.945  -31.972  -23.760 1.0000000000
69092  38.042  -33.382  -25.513 1.0000000000
67712  37.626  -33.550  -25.824 1.0000000000
170024  38.772  -31.804  -24.384 1.0000000000
190064  38.689  -31.364  -24.891 1.0000000000
71742  38.639  -31.918  -25.207 1.0000000000
69107  38.255  -33.024  -25.752 1.0000000000
159818  38.684  -31.302  -25.609 1.0000000000
71715  48.274  -31.798  -24.206 0.6999999881
71716  47.524  -31.873  -24.084 0.6999999881
71696  47.193  -31.433  -23.692 0.6000000238
71697  46.402  -31.169  -23.935 0.6000000238
72917  46.129  -30.800  -23.561 0.6000000238
175307  45.551  -30.688  -23.647 0.6999999881
72919  44.581  -30.745  -23.702 0.6999999881
72918  45.084  -30.710  -23.966 0.6999999881
71700  44.264  -31.157  -24.045 0.6999999881
71701  43.603  -31.590  -23.673 0.6999999881
72858  43.362  -30.565  -22.184 0.8000000119
70447  43.254  -32.141  -23.871 0.6999999881
71671  43.343  -31.387  -23.050 0.8000000119
75400  42.663  -29.336  -20.958 0.8000000119
172236  41.905  -29.295  -21.026 0.8000000119
74119  40.561  -30.066  -21.880 0.8000000119
72893  39.893  -30.957  -22.553 0.8000000119
75421  40.134  -29.577  -22.203 0.8000000119
70430  39.740  -32.320  -22.972 1.0000000000
71676  39.770  -31.605  -22.815 1.0000000000
74120  40.052  -30.271  -22.357 0.6999999881
181666  39.320  -31.053  -23.166 1.0000000000
160369  39.578  -30.395  -22.919 0.8999999762
72921  38.935  -30.744  -23.775 1.0000000000
71722  38.796  -31.085  -24.341 1.0000000000
72934  38.811  -30.437  -24.371 1.0000000000
181841  37.627  -33.272  -26.286 1.0000000000
161184  38.739  -30.800  -24.965 1.0000000000
186259  38.517  -32.480  -26.205 1.0000000000
168840  38.342  -32.821  -26.348 1.0000000000
69108  37.982  -33.163  -26.077 1.0000000000
165305  38.611  -32.036  -25.974 1.0000000000
72888  45.828  -30.470  -23.155 0.6000000238
72889  45.065  -30.496  -23.283 0.6999999881
72890  44.333  -30.560  -23.074 0.6999999881
72891  43.676  -30.814  -22.798 0.6999999881
72857  44.029  -30.325  -22.460 0.8000000119
74094  43.415  -29.777  -21.287 0.6999999881
75399  43.381  -29.281  -20.942 0.6999999881
75401  41.601  -28.717  -20.851 0.6999999881
76702  41.091  -28.555  -21.256 0.6999999881
75403  40.728  -28.917  -21.548 0.6999999881
75435  39.742  -28.989  -22.667 0.8000000119
75420  40.336  -28.932  -22.061 0.6999999881
170554  39.182  -30.433  -23.384 0.8999999762
74159  38.965  -30.111  -23.823 1.0000000000
75457  38.979  -29.176  -24.583 1.0000000000
69124  37.911  -32.994  -26.625 1.0000000000
159692  38.825  -30.146  -25.009 1.0000000000
70517  38.532  -32.296  -26.708 1.0000000000
72964  38.821  -30.995  -26.230 1.0000000000
72915  47.607  -30.965  -23.362 0.6000000238
72916  46.860  -30.947  -23.371 0.6000000238
74140  46.905  -30.145  -22.521 0.6000000238
74141  46.187  -30.141  -22.626 0.6000000238
74142  45.465  -30.191  -22.662 0.6000000238
74143  44.729  -30.210  -22.637 0.6000000238
74092  44.789  -29.545  -21.637 0.6999999881
75398  44.011  -29.197  -21.053 0.6999999881
75379  43.018  -28.769  -20.661 0.6999999881
75380  42.297  -28.737  -20.776 0.6999999881
77926  42.385  -27.654  -20.562 0.6999999881
170166  41.505  -28.103  -20.964 0.6999999881
172485  41.064  -27.915  -21.457 0.6999999881
88133  46.502  -20.462  -21.892 0.3000000119
76727  40.123  -28.299  -22.388 0.6999999881
77958  40.614  -27.658  -22.136 0.6999999881
89303  46.630  -19.421  -22.489 0.3000000119
76728  39.655  -28.254  -23.048 0.8000000119
67730  35.271  -34.325  -26.671 0.8999999762
75441  39.098  -29.405  -23.828 1.0000000000
173391  36.294  -33.622  -26.304 1.0000000000
69125  37.403  -33.099  -26.674 1.0000000000
69126  36.681  -33.156  -26.653 1.0000000000
75471  39.029  -29.057  -25.341 1.0000000000
74206  38.999  -30.401  -26.511 1.0000000000
72950  38.862  -30.552  -25.656 1.0000000000
159592  38.740  -31.619  -26.463 1.0000000000
70518  38.138  -32.606  -26.996 1.0000000000
72972  38.970  -31.235  -27.007 1.0000000000
72885  47.984  -30.465  -23.012 0.6000000238
72886  47.267  -30.613  -22.870 0.6000000238
74139  47.609  -30.047  -22.576 0.6000000238
74112  47.217  -29.595  -22.219 0.6000000238
75417  46.801  -29.153  -21.875 0.6000000238
75395  46.402  -28.763  -21.444 0.6999999881
75396  45.726  -28.934  -21.339 0.6999999881
74114  45.822  -29.816  -22.162 0.6000000238
75397  45.078  -29.153  -21.165 0.6999999881
82375  49.395  -24.670  -23.244 0.3000000119
82368  48.689  -24.790  -22.835 0.3000000119
177512  44.535  -29.304  -21.157 0.6999999881
75378  43.750  -28.779  -20.640 0.6999999881
77925  43.037  -27.639  -20.438 0.6999999881
86956  46.719  -21.049  -21.562 0.3000000119
86957  45.979  -20.895  -21.673 0.4000000060
88134  45.918  -20.341  -22.019 0.4000000060
88158  45.504  -20.031  -22.401 0.4000000060
189046  34.782  -34.516  -26.909 0.6999999881
67731  34.686  -34.059  -27.056 0.6999999881
88198  45.640  -20.163  -25.631 0.3000000119
89304  45.966  -19.528  -22.725 0.3000000119
79177  40.505  -27.033  -22.732 0.6999999881
69127  35.253  -33.592  -26.944 0.8999999762
89358  45.358  -19.788  -24.989 0.3000000119
89305  45.384  -19.594  -23.085 0.3000000119
76735  39.297  -28.167  -23.728 0.8000000119
67729  35.882  -33.115  -26.789 0.8999999762
89343  45.233  -19.516  -24.323 0.3000000119
88179  44.984  -19.725  -23.670 0.3000000119
75456  39.115  -28.698  -24.126 0.8000000119
76761  39.180  -28.450  -25.367 1.0000000000
166303  37.733  -32.799  -27.190 1.0000000000
179747  38.994  -29.236  -26.012 1.0000000000
71772  38.707  -31.870  -27.313 1.0000000000
71773  38.345  -32.192  -27.390 1.0000000000
75484  39.023  -29.679  -26.391 1.0000000000
75494  39.025  -29.918  -27.144 1.0000000000
74215  39.231  -30.804  -27.582 1.0000000000
74223  39.368  -30.317  -28.099 1.0000000000
76717  47.016  -28.546  -21.674 0.6999999881
76699  46.605  -28.140  -21.270 0.6999999881
80256  48.954  -26.011  -23.029 0.3000000119
81315  48.622  -25.542  -22.778 0.4000000060
76700  45.965  -28.337  -21.068 0.6999999881
76701  45.300  -28.580  -20.854 0.6999999881
75377  44.556  -28.848  -20.699 0.6999999881
165742  47.829  -24.928  -22.066 0.4000000060
77924  43.725  -27.643  -20.374 0.6999999881
83438  47.989  -23.962  -22.061 0.3000000119
81289  47.428  -25.018  -21.753 0.5000000000
79136  43.764  -26.597  -20.318 0.6999999881
79138  42.751  -27.099  -20.490 0.6999999881
83420  47.377  -23.878  -21.566 0.5000000000
79153  42.100  -27.141  -20.817 0.6999999881
85740  47.203  -22.308  -21.370 0.4000000060
84571  45.436  -22.788  -20.928 0.6000000238
85743  45.344  -22.123  -21.148 0.5000000000
79154  41.608  -26.919  -21.334 0.6999999881
86943  46.953  -21.657  -21.402 0.3000000119
77957  41.160  -27.300  -21.680 0.6999999881
85819  44.457  -22.105  -25.636 0.4000000060
85770  44.298  -21.640  -21.716 0.4000000060
180411  40.911  -27.061  -22.199 0.6999999881
69137  34.571  -33.265  -27.386 0.6999999881
85818  45.024  -21.836  -26.102 0.4000000060
86958  45.285  -21.011  -21.754 0.4000000060
86959  44.635  -21.123  -22.000 0.4000000060
67737  34.126  -33.955  -27.560 0.6000000238
87013  45.220  -20.717  -25.774 0.3000000119
88199  44.938  -20.457  -25.161 0.3000000119
179812  44.798  -21.270  -25.565 0.4000000060
163396  44.834  -20.198  -22.995 0.4000000060
86985  43.852  -21.078  -22.906 0.4000000060
77980  40.142  -27.190  -23.340 0.6999999881
165844  40.409  -26.719  -23.252 0.6999999881
87014  44.426  -21.044  -24.876 0.4000000060
88159  44.179  -20.580  -23.279 0.4000000060
158808  43.611  -21.567  -23.307 0.4000000060
79191  39.958  -27.281  -23.977 0.8000000119
88189  44.907  -19.979  -24.636 0.3000000119
88190  44.495  -20.418  -24.405 0.3000000119
86998  43.852  -20.995  -23.594 0.4000000060
158577  39.767  -27.354  -24.568 0.8000000119
70519  37.066  -32.752  -27.112 1.0000000000
78003  39.578  -27.541  -25.116 0.8999999762
72980  39.018  -31.664  -28.056 1.0000000000
75508  39.125  -29.514  -27.687 1.0000000000
76779  38.982  -29.102  -26.744 1.0000000000
158790  39.281  -31.291  -28.986 1.0000000000
184578  39.433  -30.068  -28.828 1.0000000000
187893  39.385  -30.581  -28.864 1.0000000000
76716  47.636  -28.296  -21.911 0.6000000238
77956  47.757  -27.608  -21.844 0.6000000238
77945  46.772  -27.499  -21.227 0.6000000238
77946  46.187  -27.677  -20.920 0.6999999881
79160  48.249  -26.519  -22.160 0.5000000000
79149  47.266  -26.628  -21.472 0.6000000238
76676  45.526  -27.878  -20.697 0.6999999881
80241  48.222  -25.833  -22.249 0.5000000000
167384  47.251  -25.592  -21.663 0.4000000060
77922  45.041  -27.437  -20.450 0.6999999881
77923  44.398  -27.604  -20.391 0.6999999881
80225  46.773  -25.755  -21.263 0.6000000238
79134  45.038  -26.793  -20.401 0.6999999881
81290  46.929  -25.104  -21.363 0.6000000238
79135  44.395  -26.655  -20.338 0.6999999881
82350  46.814  -24.276  -21.272 0.6000000238
82351  46.123  -24.189  -20.987 0.6000000238
80217  43.541  -26.056  -20.405 0.6999999881
80218  42.969  -26.010  -20.608 0.6999999881
186946  46.347  -23.076  -21.112 0.5000000000
83423  45.099  -23.299  -20.749 0.6000000238
83403  43.923  -23.940  -20.740 0.6000000238
80227  42.457  -26.038  -21.021 0.6000000238
84634  43.885  -23.292  -25.651 0.4000000060
86945  45.626  -21.453  -21.324 0.4000000060
175854  44.663  -22.015  -21.350 0.4000000060
84573  44.018  -22.766  -21.151 0.5000000000
82352  43.425  -24.398  -20.854 0.6000000238
80229  41.684  -26.365  -21.625 0.6999999881
84633  44.376  -22.858  -25.898 0.4000000060
85744  44.093  -22.209  -21.416 0.5000000000
80244  41.383  -26.169  -22.197 0.6999999881
161647  44.327  -21.611  -25.166 0.4000000060
84623  44.081  -22.713  -25.335 0.5000000000
86960  43.963  -21.276  -22.251 0.4000000060
171545  43.560  -21.638  -22.592 0.4000000060
79176  40.973  -26.577  -22.488 0.6999999881
69136  35.273  -32.965  -27.203 0.8999999762
79197  40.041  -26.810  -24.412 0.6999999881
79190  40.254  -26.744  -23.784 0.6999999881
87006  43.683  -21.517  -24.025 0.4000000060
70533  36.608  -32.395  -27.614 0.8999999762
159768  39.643  -27.194  -25.662 0.8999999762
70532  37.439  -32.397  -27.728 0.8999999762
179898  38.523  -32.027  -28.220 1.0000000000
76771  39.032  -28.639  -25.972 1.0000000000
76794  39.114  -28.788  -27.476 1.0000000000
72981  38.969  -32.037  -29.053 1.0000000000
71797  38.498  -32.088  -29.222 1.0000000000
76793  39.353  -28.741  -28.292 1.0000000000
176531  40.393  -29.368  -30.590 0.8999999762
76806  39.762  -29.022  -29.365 1.0000000000
75507  39.613  -29.623  -29.255 1.0000000000
74233  39.438  -30.865  -29.780 1.0000000000
75523  40.075  -30.003  -30.672 1.0000000000
75524  39.756  -30.460  -30.231 1.0000000000
74244  39.378  -30.702  -30.604 0.8999999762
76815  40.235  -29.680  -31.490 1.0000000000
75535  39.651  -30.115  -30.841 0.8999999762
177450  46.898  -26.964  -21.255 0.6000000238
79151  46.140  -26.557  -20.806 0.6999999881
79133  45.751  -27.104  -20.548 0.6999999881
80226  46.236  -25.971  -20.887 0.6999999881
175985  45.142  -25.599  -20.406 0.6999999881
164649  46.540  -24.754  -21.106 0.6000000238
81265  45.395  -25.004  -20.519 0.6000000238
80216  44.144  -26.125  -20.347 0.6999999881
81266  44.747  -25.044  -20.383 0.6999999881
81267  44.037  -25.087  -20.439 0.6000000238
81292  43.550  -24.863  -20.623 0.6000000238
81293  43.077  -24.889  -20.904 0.6000000238
83487  44.392  -23.652  -26.868 0.3000000119
83401  45.430  -23.946  -20.666 0.6000000238
83402  44.704  -23.899  -20.608 0.6000000238
81308  42.518  -24.904  -21.461 0.6000000238
83475  44.155  -23.435  -26.242 0.4000000060
83488  43.812  -23.914  -26.651 0.4000000060
168183  43.674  -23.273  -21.150 0.6000000238
82353  42.925  -24.347  -21.257 0.6000000238
83439  43.138  -23.296  -21.611 0.5000000000
81309  42.000  -25.230  -21.982 0.6000000238
84592  43.013  -22.911  -22.191 0.4000000060
81310  41.536  -25.568  -22.415 0.6000000238
83467  43.305  -23.640  -25.467 0.5000000000
84609  43.099  -22.595  -23.507 0.4000000060
85790  43.320  -22.130  -23.037 0.4000000060
81317  41.406  -25.391  -23.076 0.6000000238
84624  43.590  -23.066  -25.150 0.5000000000
85797  43.425  -22.095  -23.752 0.4000000060
80265  40.840  -25.722  -23.998 0.6000000238
164020  43.382  -22.803  -24.660 0.4000000060
176458  42.923  -22.963  -23.908 0.4000000060
70534  35.741  -32.472  -27.448 0.8999999762
164096  40.010  -26.517  -25.607 0.8999999762
79210  39.835  -26.942  -25.037 0.8000000119
71786  36.119  -32.018  -28.285 0.8999999762
71785  37.022  -32.085  -28.374 0.8999999762
71798  37.465  -31.838  -29.182 0.8999999762
71784  37.873  -32.126  -28.415 0.8999999762
78016  39.133  -28.192  -26.682 1.0000000000
72991  38.996  -32.048  -29.913 1.0000000000
72990  39.243  -31.471  -30.400 0.8999999762
75543  40.011  -29.811  -31.384 1.0000000000
75536  38.828  -30.120  -30.840 0.8999999762
76826  39.804  -29.452  -31.351 1.0000000000
76816  39.172  -29.642  -30.943 0.8999999762
168970  45.805  -25.507  -20.630 0.6999999881
83486  45.001  -23.462  -27.136 0.3000000119
82411  44.694  -24.046  -27.464 0.3000000119
82412  44.072  -24.184  -27.246 0.3000000119
82362  42.611  -24.340  -21.790 0.6000000238
181471  43.335  -24.166  -26.403 0.5000000000
164112  43.424  -24.333  -27.113 0.4000000060
82369  42.498  -23.957  -22.359 0.5000000000
171240  42.739  -23.329  -22.691 0.5000000000
83446  42.500  -23.870  -23.305 0.5000000000
82370  42.119  -24.444  -22.911 0.5000000000
83476  43.593  -23.777  -26.036 0.5000000000
158562  42.813  -23.151  -23.386 0.5000000000
82376  42.024  -24.401  -23.648 0.5000000000
83468  42.507  -23.815  -25.318 0.5000000000
83452  42.649  -23.494  -24.062 0.5000000000
161294  41.079  -25.731  -23.449 0.6000000238
84625  43.055  -23.301  -24.944 0.5000000000
84617  42.950  -23.073  -24.416 0.5000000000
81329  40.606  -25.718  -24.752 0.6999999881
82400  41.961  -24.372  -25.712 0.5000000000
82392  41.965  -24.350  -25.020 0.5000000000
185459  40.303  -25.971  -25.306 0.6000000238
78009  39.380  -27.392  -26.350 0.8999999762
78010  39.310  -27.913  -25.728 0.8999999762
78015  39.347  -27.575  -27.184 0.8999999762
78038  39.871  -28.284  -29.220 0.8999999762
78026  39.437  -27.943  -28.242 0.8999999762
78027  39.201  -28.190  -27.543 1.0000000000
73003  38.243  -31.178  -30.487 0.8999999762
74245  38.509  -30.622  -30.738 0.8999999762
76824  40.629  -29.638  -31.785 0.8000000119
76833  40.733  -29.541  -32.140 0.6999999881
83499  45.328  -23.871  -27.783 0.3000000119
82420  44.378  -24.573  -27.902 0.3000000119
81384  44.740  -25.097  -28.692 0.4000000060
81385  44.588  -25.424  -29.212 0.3000000119
185321  43.864  -24.523  -27.684 0.3000000119
81370  44.082  -24.978  -28.414 0.4000000060
82363  42.224  -24.619  -22.179 0.6000000238
82413  42.729  -24.356  -26.613 0.5000000000
82383  41.955  -24.387  -24.334 0.5000000000
81323  41.681  -24.863  -23.334 0.5000000000
83461  42.269  -23.848  -24.601 0.5000000000
82377  41.585  -24.813  -24.010 0.5000000000
82393  41.520  -24.775  -25.381 0.5000000000
81328  41.142  -25.242  -24.369 0.5000000000
81337  41.057  -25.181  -25.065 0.5000000000
82401  41.457  -24.758  -26.056 0.5000000000
81352  40.647  -25.452  -26.064 0.6000000238
80295  40.322  -25.909  -25.860 0.6000000238
80312  40.428  -25.899  -27.482 0.6999999881
162527  40.273  -25.964  -26.839 0.6999999881
80313  39.836  -26.350  -27.193 0.6999999881
79233  39.949  -26.538  -27.981 0.8000000119
79222  39.613  -26.903  -26.802 0.8000000119
170633  37.861  -31.631  -29.961 0.8999999762
79242  39.750  -27.339  -28.592 0.8999999762
78059  41.049  -29.365  -32.056 0.6999999881
74246  37.448  -30.370  -30.848 0.8999999762
160492  37.878  -29.951  -30.670 0.8999999762
78061  39.581  -28.370  -30.809 1.0000000000
81400  44.828  -25.826  -29.996 0.3000000119
81386  44.096  -25.333  -29.307 0.4000000060
82421  43.415  -24.594  -27.930 0.4000000060
82422  42.810  -24.596  -27.480 0.4000000060
81371  42.981  -24.869  -28.275 0.4000000060
81387  43.353  -25.184  -29.269 0.4000000060
162917  41.975  -24.481  -26.402 0.4000000060
81372  42.235  -25.002  -27.895 0.4000000060
157396  42.637  -25.134  -28.686 0.4000000060
81361  42.165  -24.801  -27.070 0.4000000060
179887  41.628  -25.038  -27.422 0.4000000060
81374  41.080  -25.344  -27.415 0.5000000000
81362  41.414  -24.962  -26.776 0.5000000000
167088  40.375  -26.146  -28.223 0.6000000238
178676  40.178  -26.782  -28.884 0.8000000119
79241  40.357  -28.014  -29.653 0.6999999881
76817  38.276  -29.479  -30.410 0.8999999762
78050  38.451  -27.648  -29.373 0.8000000119
164706  38.490  -28.602  -29.862 0.8000000119
79251  38.915  -27.381  -29.839 0.6999999881
79252  38.324  -26.687  -29.222 0.8000000119
183443  44.527  -25.707  -30.328 0.3000000119
81401  44.164  -25.549  -30.126 0.3000000119
81402  43.596  -25.662  -30.214 0.4000000060
80323  42.737  -25.640  -29.494 0.4000000060
81373  41.460  -25.260  -28.009 0.5000000000
159479  41.847  -25.706  -29.249 0.5000000000
80332  42.207  -26.055  -30.134 0.5000000000
80324  41.288  -25.612  -28.705 0.5000000000
80333  41.271  -26.156  -29.609 0.5000000000
80325  40.677  -26.079  -28.819 0.5000000000
188003  40.459  -27.314  -29.496 0.6999999881
79249  41.145  -27.120  -30.453 0.6999999881
78067  41.389  -28.649  -32.295 0.6999999881
78077  41.524  -28.375  -32.789 0.6999999881
79271  41.129  -28.191  -32.598 0.6999999881
79280  41.496  -27.826  -32.950 0.6999999881
170031  39.863  -27.902  -31.179 0.8000000119
79260  39.980  -26.839  -30.963 0.6999999881
81410  45.132  -25.706  -30.178 0.3000000119
82443  43.787  -25.194  -30.204 0.3000000119
81411  43.837  -25.630  -30.392 0.3000000119
81412  43.571  -25.845  -30.798 0.4000000060
80339  43.282  -26.054  -30.647 0.4000000060
80347  43.394  -26.332  -31.358 0.3000000119
80340  42.986  -26.683  -31.175 0.5000000000
80341  41.809  -26.693  -30.741 0.6000000238
80348  42.764  -26.770  -31.993 0.4000000060
79250  40.710  -26.806  -29.491 0.6999999881
79258  42.322  -27.220  -31.923 0.6000000238
79259  41.651  -27.702  -31.570 0.6999999881
78058  41.187  -28.458  -31.343 0.6999999881
79270  41.927  -27.989  -32.542 0.6999999881
185398  42.015  -27.160  -33.015 0.6000000238
167123  43.418  -25.284  -30.740 0.3000000119
81418  43.319  -25.606  -31.385 0.3000000119
82457  42.771  -24.474  -31.138 0.3000000119
174861  42.484  -24.756  -31.856 0.3000000119
188517  42.090  -23.804  -31.566 0.3000000119
81419  42.700  -25.947  -32.035 0.3000000119
82470  42.087  -24.896  -32.435 0.4000000060
80354  42.325  -26.791  -32.763 0.5000000000
82471  41.518  -24.472  -32.673 0.5000000000
80355  41.822  -26.390  -32.949 0.6000000238
167329  41.286  -25.992  -32.646 0.6000000238
84683  43.625  -23.181  -29.311 0.4000000060
83525  43.286  -23.827  -29.800 0.3000000119
83543  42.984  -24.175  -30.403 0.3000000119
83526  42.555  -22.953  -30.030 0.3000000119
83544  42.237  -23.171  -31.004 0.3000000119
83551  41.602  -22.950  -31.695 0.3000000119
82462  41.664  -23.822  -32.283 0.4000000060
83552  41.016  -22.931  -32.108 0.4000000060
81428  41.396  -25.203  -32.635 0.6000000238
82463  40.942  -23.630  -32.481 0.4000000060
83553  40.330  -23.211  -32.090 0.4000000060
82472  40.808  -24.173  -32.527 0.5000000000
183019  40.682  -25.565  -31.976 0.6000000238
80334  38.703  -26.237  -29.663 0.6999999881
79243  37.870  -26.975  -28.857 0.8000000119
84684  42.997  -22.882  -29.459 0.4000000060
84701  41.870  -22.483  -30.483 0.3000000119
84706  41.628  -22.481  -31.187 0.3000000119
84707  41.070  -22.374  -31.527 0.4000000060
84708  40.578  -22.589  -31.716 0.4000000060
83545  40.017  -22.949  -31.373 0.4000000060
82464  40.061  -23.874  -32.109 0.4000000060
81420  39.972  -24.573  -31.697 0.5000000000
82458  38.717  -23.388  -31.228 0.4000000060
80350  40.231  -25.817  -31.346 0.6000000238
82465  39.149  -23.838  -31.547 0.4000000060
80342  39.022  -25.787  -30.346 0.6999999881
81414  38.551  -24.566  -30.812 0.4000000060
82445  37.906  -23.704  -30.787 0.4000000060
81403  38.214  -24.996  -29.979 0.6000000238
169383  37.652  -24.282  -30.123 0.5000000000
80335  38.094  -25.778  -29.262 0.6999999881
80326  37.503  -25.680  -29.047 0.6999999881
84668  43.131  -22.420  -28.993 0.3000000119
85876  42.485  -22.258  -29.398 0.3000000119
85890  42.037  -22.311  -29.906 0.3000000119
85891  41.644  -22.168  -30.084 0.3000000119
176233  41.283  -22.303  -30.663 0.3000000119
84702  40.545  -22.363  -31.045 0.4000000060
83527  39.792  -22.984  -30.831 0.3000000119
84687  39.677  -23.274  -29.816 0.3000000119
83546  39.237  -23.086  -31.211 0.3000000119
83528  38.743  -23.173  -30.851 0.3000000119
81422  38.406  -23.737  -31.241 0.4000000060
83529  37.865  -23.249  -30.540 0.3000000119
82444  38.214  -23.362  -31.035 0.3000000119
174833  37.429  -23.515  -30.465 0.3000000119
82446  37.241  -23.843  -30.270 0.4000000060
188565  37.482  -24.626  -29.841 0.5000000000
175201  37.417  -25.118  -29.436 0.5000000000
81389  36.984  -25.398  -29.146 0.5000000000
168806  42.768  -21.921  -28.898 0.3000000119
85860  42.347  -21.804  -28.998 0.3000000119
85877  41.933  -22.018  -29.539 0.3000000119
85878  41.482  -22.045  -29.772 0.3000000119
159128  41.006  -22.363  -30.277 0.3000000119
83510  38.926  -23.501  -29.619 0.3000000119
83511  38.202  -23.261  -29.425 0.3000000119
83530  37.495  -23.405  -29.990 0.3000000119
81405  37.083  -24.697  -29.899 0.5000000000
82429  36.492  -24.850  -29.762 0.5000000000
85861  41.939  -21.832  -29.032 0.3000000119
85862  41.418  -21.978  -28.839 0.3000000119
84685  40.987  -22.343  -29.512 0.3000000119
168354  40.340  -22.835  -29.150 0.3000000119
84670  39.625  -23.106  -28.852 0.3000000119
83500  38.923  -23.146  -28.661 0.3000000119
164075  37.203  -23.213  -29.887 0.4000000060
185241  36.753  -23.934  -30.305 0.4000000060
82447  36.065  -24.230  -30.079 0.4000000060
83533  35.724  -23.742  -29.959 0.4000000060
82430  35.800  -24.812  -29.384 0.5000000000
82448  35.424  -24.134  -29.733 0.4000000060
87055  43.229  -20.951  -28.229 0.3000000119
87070  42.778  -21.495  -28.542 0.3000000119
84669  40.855  -22.428  -28.625 0.3000000119
83512  37.695  -23.091  -29.199 0.3000000119
84671  37.652  -22.840  -28.409 0.3000000119
83531  36.771  -23.145  -29.850 0.4000000060
83532  36.285  -23.585  -30.087 0.3000000119
87056  42.697  -21.028  -28.175 0.3000000119
87071  42.338  -21.512  -28.491 0.3000000119
181991  42.172  -21.168  -27.927 0.3000000119
87072  41.879  -21.657  -28.323 0.3000000119
85845  41.339  -21.870  -28.037 0.3000000119
85846  40.719  -22.248  -27.842 0.3000000119
84643  40.023  -22.671  -27.480 0.3000000119
159329  40.218  -22.819  -28.248 0.3000000119
84654  39.530  -23.031  -27.985 0.3000000119
84644  39.301  -22.643  -27.367 0.3000000119
83501  38.258  -23.020  -28.507 0.3000000119
87057  41.592  -21.396  -27.665 0.3000000119
85831  40.999  -21.762  -27.334 0.3000000119
84655  38.805  -22.943  -27.852 0.3000000119
84656  38.134  -22.737  -27.818 0.3000000119
87039  41.887  -20.914  -27.340 0.3000000119
88235  41.581  -20.745  -26.655 0.3000000119
87041  40.711  -21.775  -26.517 0.3000000119
87040  41.273  -21.254  -26.970 0.4000000060
85832  40.372  -22.146  -27.023 0.3000000119
85833  39.697  -22.277  -26.905 0.3000000119
85820  40.052  -21.957  -26.353 0.4000000060
160402  40.993  -21.193  -26.206 0.3000000119
87026  40.358  -21.468  -25.936 0.4000000060
64076  40.305  -36.525  -24.419 1.0000000000
65161  40.070  -35.984  -24.007 1.0000000000
62921  39.895  -37.047  -24.726 0.8999999762
78060  40.255  -29.229  -31.672 0.6999999881
79261  39.439  -27.068  -30.277 0.8000000119
81413  39.383  -25.429  -30.804 0.6999999881
61784  48.546  -38.496  -27.857 0.6000000238
61783  48.780  -38.523  -28.156 0.6000000238
64149  47.117  -36.641  -29.193 0.6000000238
59273  44.525  -39.259  -27.100 0.5000000000
60558  44.141  -39.039  -26.552 0.5000000000
62966  48.572  -37.705  -26.817 0.6000000238
64140  43.136  -36.835  -28.197 0.8999999762
160948  45.695  -37.300  -25.322 0.4000000060
62934  47.248  -37.400  -25.650 0.5000000000
61720  45.046  -37.676  -25.342 0.4000000060
174772  46.332  -32.612  -29.300 0.6999999881
69105  46.225  -33.407  -26.242 0.6999999881
62933  48.032  -37.195  -25.626 0.5000000000
64070  47.522  -36.287  -24.664 0.5000000000
71782  45.735  -31.327  -28.114 0.8000000119
62936  45.042  -37.149  -24.895 0.4000000060
69145  45.246  -31.952  -29.050 0.8000000119
64091  49.091  -36.640  -25.574 0.4000000060
66408  43.527  -34.894  -25.857 0.8000000119
61725  38.336  -37.770  -25.505 0.8000000119
66403  49.698  -35.579  -26.250 0.4000000060
65173  49.925  -36.135  -25.693 0.4000000060
71755  45.103  -30.848  -26.536 0.8000000119
64078  38.939  -36.341  -24.298 1.0000000000
69086  48.161  -33.206  -25.194 0.6999999881
65138  41.169  -35.292  -23.595 1.0000000000
69091  38.414  -33.118  -25.096 1.0000000000
71702  42.975  -31.923  -23.304 0.8000000119
71703  39.308  -31.798  -23.306 1.0000000000
181193  41.008  -29.830  -21.535 0.8000000119
190542  40.130  -31.964  -22.687 1.0000000000
69039  40.008  -32.904  -22.889 1.0000000000
74093  44.104  -29.627  -21.461 0.6999999881
179156  39.405  -29.372  -23.173 0.8000000119
74191  38.971  -29.792  -25.698 1.0000000000
76751  39.070  -28.570  -24.797 1.0000000000
74113  46.518  -29.692  -22.194 0.6000000238
74115  45.125  -29.889  -22.127 0.6999999881
85768  47.895  -22.459  -21.700 0.4000000060
179296  35.739  -33.772  -26.542 1.0000000000
70520  36.356  -32.702  -27.029 1.0000000000
86944  46.305  -21.505  -21.347 0.4000000060
189548  39.309  -29.289  -28.226 1.0000000000
164235  47.862  -23.271  -21.887 0.4000000060
84570  46.047  -22.604  -21.097 0.5000000000
83421  46.664  -23.523  -21.225 0.5000000000
185314  43.777  -22.589  -24.907 0.4000000060
85802  43.971  -21.547  -24.656 0.4000000060
84591  43.519  -22.631  -21.669 0.5000000000
78049  39.062  -28.541  -30.339 0.8000000119
82399  43.038  -24.072  -25.910 0.5000000000
81338  40.564  -25.472  -25.462 0.5000000000
80302  40.092  -26.388  -26.393 0.6999999881
81363  40.762  -25.501  -26.744 0.6000000238
80311  40.863  -25.671  -28.088 0.5000000000
81388  41.991  -25.329  -28.640 0.5000000000
79272  40.609  -27.414  -32.011 0.6999999881
80349  41.079  -26.913  -32.408 0.6999999881
81421  39.098  -24.520  -31.315 0.6000000238
84686  40.425  -22.667  -30.136 0.3000000119
64158  45.530  -35.456  -31.392 0.5000000000
64159  44.714  -36.054  -31.142 0.5000000000
61817  45.788  -37.182  -32.029 0.5000000000
64165  44.917  -36.351  -31.508 0.5000000000
63033  47.993  -35.915  -33.257 0.5000000000
63028  46.238  -36.186  -32.354 0.5000000000
64164  45.833  -35.897  -31.776 0.5000000000
63032  48.795  -36.526  -33.454 0.5000000000
63025  48.992  -36.667  -32.819 0.4000000060
63026  48.142  -35.767  -32.994 0.5000000000
61809  49.285  -37.610  -31.696 0.4000000060
63020  48.249  -35.773  -32.385 0.5000000000
61803  48.974  -38.380  -30.556 0.5000000000
63013  48.593  -37.037  -31.597 0.5000000000
64131  35.229  -36.393  -28.079 0.6999999881
64141  35.174  -36.464  -29.140 0.6999999881
64120  35.953  -36.770  -26.486 0.8000000119
189198  37.141  -37.535  -26.021 0.8000000119
62971  36.301  -37.307  -26.973 0.8000000119
62944  37.110  -37.170  -25.489 0.8999999762
64132  34.800  -35.939  -27.702 0.6999999881
64109  36.423  -36.511  -25.756 0.8999999762
64110  35.727  -36.147  -26.165 0.8999999762
64098  37.036  -36.397  -25.249 0.8999999762
64122  34.933  -35.653  -26.847 0.6000000238
64121  35.309  -36.264  -26.921 0.8000000119
65194  36.163  -35.741  -25.780 0.8999999762
65177  36.595  -35.940  -25.389 0.8999999762
65176  37.091  -35.642  -25.193 0.8999999762
66386  37.602  -34.471  -24.978 0.8999999762
74155  49.847  -29.720  -23.804 0.5000000000
72913  49.014  -30.697  -23.649 0.5000000000
74157  48.700  -30.303  -23.139 0.5000000000
72932  49.291  -31.035  -24.189 0.6000000238
71694  48.662  -31.276  -23.917 0.5000000000
71695  47.951  -31.414  -23.748 0.5000000000
70462  48.576  -32.179  -24.643 0.6000000238
65212  34.516  -35.358  -27.467 0.6000000238
65204  35.161  -35.400  -26.393 0.8999999762
66410  36.018  -35.036  -25.841 0.8999999762
65195  35.582  -35.517  -26.080 0.8999999762
66388  36.569  -35.301  -25.489 0.8999999762
66387  37.091  -34.886  -25.291 0.8999999762
67694  37.176  -34.102  -25.570 0.8999999762
75433  48.523  -29.140  -22.615 0.5000000000
75415  48.086  -28.710  -22.271 0.5000000000
75432  49.133  -28.880  -22.859 0.5000000000
74137  48.968  -29.607  -22.941 0.5000000000
74138  48.298  -29.837  -22.753 0.5000000000
75440  49.523  -29.313  -23.297 0.5000000000
74156  49.318  -30.049  -23.415 0.5000000000
66411  35.443  -34.920  -26.257 0.8999999762
65205  34.898  -34.996  -26.790 0.6999999881
66409  36.575  -34.599  -25.694 0.8999999762
76726  48.692  -28.441  -22.528 0.5000000000
75416  47.455  -28.965  -22.034 0.5000000000
76725  49.189  -28.154  -22.887 0.5000000000
76734  49.568  -28.560  -23.318 0.5000000000
67713  35.940  -34.286  -26.077 0.8999999762
69109  37.054  -33.504  -26.128 0.8999999762
76715  48.262  -28.023  -22.159 0.5000000000
167341  48.774  -27.194  -22.656 0.5000000000
77955  48.323  -27.260  -22.235 0.5000000000
77964  49.164  -27.444  -22.969 0.5000000000
79175  48.606  -26.783  -22.521 0.4000000060
70535  34.895  -32.549  -27.689 0.6000000238
70545  34.520  -32.136  -28.377 0.6000000238
71801  34.842  -31.650  -28.997 0.6999999881
72995  34.362  -31.127  -29.195 0.6999999881
72996  33.818  -30.524  -29.225 0.6999999881
71787  35.273  -32.067  -28.293 0.8000000119
72994  35.096  -31.088  -29.654 0.6999999881
172510  34.459  -30.558  -29.437 0.6999999881
73007  34.993  -30.545  -29.575 0.6999999881
74234  35.237  -30.005  -29.369 0.6999999881
71799  36.529  -31.633  -29.003 0.8000000119
72993  36.066  -30.968  -29.372 0.8000000119
73006  35.602  -30.476  -29.658 0.6999999881
74247  36.651  -30.203  -30.260 0.8000000119
72992  36.823  -31.310  -29.904 0.8000000119
74248  35.924  -30.026  -29.731 0.6999999881
75538  37.089  -29.707  -29.981 0.8000000119
76795  36.786  -28.500  -28.229 0.6000000238
73004  37.134  -30.851  -30.526 0.8000000119
187759  37.059  -28.682  -28.805 0.6000000238
78028  36.851  -27.870  -27.944 0.6000000238
75537  37.487  -29.127  -29.539 0.8000000119
76808  37.311  -28.307  -28.643 0.6000000238
78040  37.225  -27.609  -28.355 0.6000000238
79235  36.815  -26.859  -28.048 0.6000000238
76807  37.905  -28.654  -29.435 0.6999999881
78039  37.805  -27.820  -28.926 0.6000000238
80327  37.338  -26.347  -28.601 0.6999999881
79244  37.408  -27.113  -28.519 0.6000000238
186715  37.155  -25.809  -28.744 0.6000000238
60595  48.885  -38.844  -30.411 0.4000000060
188872  48.890  -37.753  -31.014 0.5000000000
63027  47.749  -35.219  -32.909 0.5000000000
64166  47.303  -35.524  -32.840 0.5000000000
173463  37.696  -36.105  -24.924 0.8999999762
79174  49.017  -26.695  -22.953 0.3000000119
63034  46.780  -36.554  -32.793 0.5000000000
72912  49.589  -30.413  -23.973 0.5000000000
71800  35.628  -31.578  -29.033 0.8000000119
73005  36.344  -30.593  -30.061 0.8000000119
75526  35.532  -29.393  -29.069 0.6999999881
75525  36.791  -29.029  -29.003 0.6999999881
67725  50.429  -34.896  -26.897 0.4000000060
69121  50.668  -34.306  -27.106 0.4000000060
69103  50.052  -33.861  -26.587 0.4000000060
69084  49.701  -33.168  -25.870 0.5000000000
69102  50.656  -33.406  -26.990 0.4000000060
69120  51.193  -34.290  -27.572 0.4000000060
189795  49.763  -32.274  -25.195 0.5000000000
71737  49.358  -32.105  -24.873 0.5000000000
70501  50.080  -32.467  -25.627 0.5000000000
70500  50.614  -32.403  -26.304 0.4000000060
172792  50.247  -33.032  -26.258 0.4000000060
70527  51.257  -33.431  -27.665 0.4000000060
70514  50.945  -32.683  -27.080 0.4000000060
70526  51.726  -33.495  -28.266 0.4000000060
71713  49.672  -31.446  -24.619 0.5000000000
71768  51.018  -31.912  -26.824 0.4000000060
70513  51.384  -32.558  -27.700 0.4000000060
72988  52.168  -31.848  -29.270 0.4000000060
72989  51.862  -31.825  -28.641 0.4000000060
73002  52.395  -31.898  -29.929 0.4000000060
71795  52.102  -32.723  -29.019 0.4000000060
72949  50.212  -31.089  -24.979 0.5000000000
71736  50.030  -31.812  -25.171 0.5000000000
71753  50.434  -31.901  -25.691 0.4000000060
79257  53.326  -27.051  -30.309 0.3000000119
71752  50.795  -31.508  -26.058 0.4000000060
165145  52.990  -27.837  -31.095 0.3000000119
71767  51.422  -31.565  -27.348 0.4000000060
185192  53.119  -28.032  -32.025 0.3000000119
76823  52.672  -28.456  -31.094 0.3000000119
159466  52.424  -29.840  -31.273 0.3000000119
74232  52.285  -30.679  -29.874 0.3000000119
74221  52.174  -30.363  -28.746 0.4000000060
72978  51.912  -31.070  -28.607 0.4000000060
71781  51.656  -32.176  -28.244 0.4000000060
75534  52.384  -30.219  -30.485 0.3000000119
184899  52.418  -31.415  -30.277 0.4000000060
72931  49.871  -30.752  -24.486 0.4000000060
72963  51.029  -30.850  -25.969 0.4000000060
184089  50.792  -31.124  -25.689 0.4000000060
79247  53.771  -26.348  -29.763 0.3000000119
78046  52.806  -27.334  -29.047 0.3000000119
78057  52.820  -27.721  -30.075 0.3000000119
78047  52.475  -28.062  -29.421 0.3000000119
177393  52.199  -28.916  -28.503 0.3000000119
75505  52.086  -29.579  -28.168 0.4000000060
72979  51.656  -31.225  -27.931 0.4000000060
176631  52.436  -28.729  -30.555 0.3000000119
188993  52.285  -29.040  -29.677 0.3000000119
75522  52.200  -29.727  -29.170 0.3000000119
79232  51.804  -27.201  -27.195 0.3000000119
76778  51.611  -28.231  -26.616 0.3000000119
75493  51.693  -29.028  -26.805 0.4000000060
161155  51.558  -28.633  -26.215 0.4000000060
74204  51.443  -29.688  -26.254 0.4000000060
74205  51.162  -30.208  -25.765 0.4000000060
78036  52.567  -27.120  -28.359 0.3000000119
78024  51.953  -27.668  -27.546 0.3000000119
76792  51.844  -28.288  -27.253 0.3000000119
162244  52.254  -27.637  -28.153 0.3000000119
76791  52.114  -28.258  -27.951 0.3000000119
161265  51.997  -28.913  -27.663 0.4000000060
74214  51.598  -29.920  -26.961 0.4000000060
72962  51.415  -30.424  -26.397 0.4000000060
78037  52.303  -28.216  -28.696 0.3000000119
74222  51.849  -30.294  -27.801 0.4000000060
72970  51.544  -30.722  -27.120 0.4000000060
76733  49.925  -28.227  -23.806 0.4000000060
76748  50.546  -28.472  -24.718 0.4000000060
75439  50.003  -28.959  -23.804 0.4000000060
74174  50.068  -30.092  -24.355 0.4000000060
78008  51.042  -27.596  -25.598 0.3000000119
161504  50.862  -29.483  -25.027 0.4000000060
74173  50.547  -29.790  -24.682 0.4000000060
76769  51.332  -28.082  -26.003 0.4000000060
76759  51.373  -28.735  -25.670 0.4000000060
74188  51.267  -29.462  -25.537 0.4000000060
74189  50.856  -30.029  -25.178 0.4000000060
75527  34.871  -29.392  -28.813 0.6000000238
78029  36.235  -28.147  -27.751 0.5000000000
75509  36.073  -28.809  -28.367 0.5000000000
165309  36.252  -27.385  -27.671 0.5000000000
80314  36.321  -26.185  -27.878 0.5000000000
80328  36.767  -25.874  -28.378 0.5000000000
81390  36.325  -25.359  -28.950 0.4000000060
85847  37.669  -22.023  -27.463 0.3000000119
87059  37.372  -21.529  -27.515 0.3000000119
85849  36.357  -21.771  -28.357 0.3000000119
178085  39.091  -22.235  -26.954 0.3000000119
85834  38.684  -22.008  -26.849 0.3000000119
185735  38.007  -22.373  -27.443 0.3000000119
168234  36.801  -21.065  -27.841 0.3000000119
188334  36.152  -21.143  -28.278 0.3000000119
87073  36.111  -20.503  -28.164 0.3000000119
85821  39.240  -21.801  -26.529 0.3000000119
85835  38.159  -22.010  -27.047 0.3000000119
87058  37.825  -21.500  -27.073 0.3000000119
87044  37.493  -20.935  -27.295 0.3000000119
88250  36.584  -20.237  -27.830 0.3000000119
89409  35.650  -19.135  -28.442 0.3000000119
87028  38.960  -21.161  -26.187 0.3000000119
87042  38.461  -21.463  -26.675 0.3000000119
87043  38.019  -20.922  -26.789 0.3000000119
88236  37.750  -20.315  -27.042 0.3000000119
88249  37.143  -20.283  -27.514 0.3000000119
88261  36.090  -19.831  -28.069 0.3000000119
87027  39.686  -21.419  -25.988 0.3000000119
88217  39.347  -20.773  -25.755 0.3000000119
87029  38.441  -20.914  -26.369 0.3000000119
88219  38.273  -20.332  -26.461 0.3000000119
89387  37.465  -19.674  -27.316 0.3000000119
164466  37.300  -19.072  -27.522 0.3000000119
88218  38.726  -20.569  -26.022 0.3000000119
175160  38.573  -20.071  -25.932 0.3000000119
88203  39.620  -20.425  -25.191 0.3000000119
89372  38.635  -19.467  -25.540 0.3000000119
89373  38.367  -19.665  -26.285 0.3000000119
88204  38.937  -20.211  -25.503 0.3000000119
89349  39.029  -19.130  -24.874 0.3000000119
89348  39.618  -19.384  -24.525 0.3000000119
171475  51.767  -33.006  -28.517 0.4000000060
66419  50.814  -35.606  -27.132 0.4000000060
67724  51.057  -35.010  -27.285 0.4000000060
69132  52.078  -33.934  -28.347 0.4000000060
66427  51.670  -34.738  -27.523 0.4000000060
71811  52.773  -32.358  -30.485 0.4000000060
71794  52.583  -32.490  -29.777 0.4000000060
70542  52.022  -33.443  -28.619 0.4000000060
78066  53.559  -27.725  -32.363 0.3000000119
78076  53.226  -28.589  -32.873 0.3000000119
176579  52.560  -29.352  -31.813 0.3000000119
176516  52.771  -30.383  -32.271 0.3000000119
159135  52.603  -30.800  -31.749 0.3000000119
169542  52.877  -31.971  -30.885 0.3000000119
79268  53.424  -27.295  -31.296 0.3000000119
80331  53.637  -26.119  -29.028 0.3000000119
79231  52.206  -27.001  -27.703 0.3000000119
79240  53.088  -26.547  -28.593 0.3000000119
77978  49.854  -27.539  -23.965 0.4000000060
77992  50.182  -27.945  -24.380 0.4000000060
78001  50.602  -27.646  -24.984 0.4000000060
78007  51.265  -27.491  -26.111 0.3000000119
79214  51.493  -27.048  -26.560 0.3000000119
77979  49.542  -27.825  -23.399 0.4000000060
74235  34.600  -29.995  -29.230 0.6000000238
87015  40.660  -20.965  -25.551 0.3000000119
88202  40.353  -20.528  -25.078 0.3000000119
88192  39.981  -20.038  -24.680 0.3000000119
89347  40.398  -19.510  -24.382 0.3000000119
80338  54.203  -25.894  -30.226 0.3000000119
67704  49.811  -34.731  -26.468 0.4000000060
70480  49.471  -32.640  -25.323 0.5000000000
72971  51.257  -31.147  -26.573 0.4000000060
75455  50.215  -29.435  -24.286 0.4000000060
89399  36.706  -19.433  -27.941 0.3000000119
89386  37.981  -19.741  -26.802 0.3000000119
65187  50.625  -35.924  -26.451 0.3000000119
65199  50.960  -35.630  -26.683 0.3000000119
158776  39.868  -37.648  -29.470 0.6000000238
158623  39.210  -37.773  -29.725 0.6999999881
61808  38.442  -38.231  -30.749 0.6999999881
66418  51.246  -35.311  -27.042 0.3000000119
64072  45.359  -36.349  -24.240 0.3000000119
162935  46.012  -36.233  -24.392 0.3000000119
61790  37.074  -37.902  -29.457 0.6999999881
66383  50.276  -35.795  -25.501 0.3000000119
61799  37.581  -37.991  -30.013 0.6999999881
61798  38.406  -37.882  -30.047 0.6999999881
170482  51.061  -35.116  -25.746 0.3000000119
66401  51.175  -35.440  -26.738 0.3000000119
61788  38.799  -37.993  -28.978 0.6999999881
67703  51.463  -34.918  -26.518 0.3000000119
69118  52.420  -33.797  -27.582 0.3000000119
67702  51.972  -34.570  -26.982 0.3000000119
66400  51.652  -35.072  -27.153 0.3000000119
70512  52.613  -33.175  -27.773 0.3000000119
69131  52.383  -33.839  -28.116 0.3000000119
67722  52.298  -34.286  -27.941 0.3000000119
65156  47.077  -35.790  -24.155 0.3000000119
162702  48.918  -35.505  -24.605 0.4000000060
61776  37.069  -37.840  -28.180 0.6999999881
67685  50.556  -35.116  -25.339 0.3000000119
66373  49.594  -35.469  -24.981 0.3000000119
162573  37.640  -38.033  -28.569 0.6999999881
61789  38.074  -38.016  -29.151 0.6999999881
188449  50.821  -34.774  -25.503 0.3000000119
67683  51.559  -33.878  -26.009 0.3000000119
181764  52.096  -33.584  -26.701 0.3000000119
67735  52.153  -34.357  -28.049 0.3000000119
71766  52.583  -32.126  -27.113 0.3000000119
172974  48.176  -35.489  -24.383 0.4000000060
61777  36.539  -37.517  -28.307 0.6999999881
67673  49.522  -34.531  -24.499 0.3000000119
67671  50.633  -34.221  -25.164 0.3000000119
67672  50.065  -34.170  -24.687 0.3000000119
61758  37.255  -37.923  -27.152 0.6999999881
70479  51.350  -33.084  -25.308 0.3000000119
61775  37.748  -38.026  -27.638 0.6999999881
70541  52.394  -32.824  -28.908 0.3000000119
67734  52.263  -34.069  -28.190 0.3000000119
71779  52.910  -32.457  -28.557 0.3000000119
70525  52.535  -33.203  -28.455 0.3000000119
61759  36.666  -37.716  -27.464 0.6999999881
62957  36.908  -37.617  -26.659 0.6999999881
70461  50.334  -32.809  -24.321 0.3000000119
69068  50.482  -33.443  -24.687 0.3000000119
61757  37.920  -38.018  -26.852 0.6999999881
71793  53.050  -32.182  -29.401 0.3000000119
69069  49.966  -33.291  -24.165 0.3000000119
61740  37.492  -37.832  -26.378 0.6999999881
70540  52.721  -32.432  -30.059 0.3000000119
79196  50.046  -26.594  -24.583 0.3000000119
61796  40.299  -37.573  -30.151 0.5000000000
60590  38.999  -38.597  -31.275 0.6999999881
176472  39.582  -38.205  -31.239 0.6000000238
60594  36.579  -37.762  -30.496 0.6999999881
61801  36.457  -37.431  -30.395 0.6999999881
66351  47.436  -35.335  -23.893 0.3000000119
62999  35.947  -37.218  -29.899 0.6999999881
62984  36.076  -37.116  -29.004 0.6999999881
66350  48.421  -34.877  -24.201 0.4000000060
67674  48.967  -34.747  -24.357 0.4000000060
62972  35.760  -36.804  -27.446 0.6999999881
69070  49.509  -33.768  -24.080 0.3000000119
69050  49.495  -33.018  -23.569 0.3000000119
69032  48.935  -33.003  -23.229 0.3000000119
65171  50.878  -35.757  -26.463 0.3000000119
164035  36.176  -37.233  -27.924 0.6999999881
159282  39.047  -38.005  -30.608 0.6000000238
70446  50.047  -32.602  -23.796 0.3000000119
67650  48.469  -34.165  -23.775 0.3000000119
184355  44.630  -36.937  -31.551 0.5000000000
63017  42.751  -37.226  -30.553 0.5000000000
63023  42.843  -37.460  -31.053 0.5000000000
64160  44.045  -36.698  -30.841 0.4000000060
55647  37.863  -41.680  -27.648 0.4000000060
158767  36.545  -42.599  -26.686 0.5000000000
63016  43.383  -37.082  -30.663 0.4000000060
63024  42.211  -37.466  -31.116 0.5000000000
52028  34.517  -43.954  -25.450 0.4000000060
50885  33.801  -44.914  -25.694 0.4000000060
55637  37.475  -42.073  -27.146 0.5000000000
61806  40.907  -37.569  -30.804 0.4000000060
172351  33.624  -44.594  -26.277 0.4000000060
185408  33.604  -45.468  -25.666 0.4000000060
53244  35.145  -43.195  -26.445 0.4000000060
55638  36.705  -42.465  -27.616 0.5000000000
54443  35.859  -42.659  -26.930 0.4000000060
183261  38.015  -41.492  -28.342 0.5000000000
58175  38.607  -40.800  -31.173 0.4000000060
61807  40.198  -37.811  -31.067 0.5000000000
59316  39.534  -39.419  -31.422 0.4000000060
59304  39.115  -40.065  -31.280 0.4000000060
60603  39.600  -38.880  -31.473 0.4000000060
50886  33.362  -45.217  -26.301 0.4000000060
49698  31.472  -45.926  -28.997 0.4000000060
53245  34.610  -43.369  -26.826 0.4000000060
53274  32.073  -43.852  -29.223 0.4000000060
187258  36.108  -42.511  -27.465 0.5000000000
159993  35.719  -42.873  -27.817 0.4000000060
188016  32.474  -43.811  -29.064 0.4000000060
55649  36.486  -42.629  -28.735 0.5000000000
55665  33.903  -42.400  -28.751 0.4000000060
54465  33.041  -42.750  -29.051 0.4000000060
56956  37.388  -41.957  -28.751 0.5000000000
56975  37.670  -41.915  -30.351 0.5000000000
55651  34.099  -42.053  -27.911 0.4000000060
55639  33.725  -41.683  -27.059 0.4000000060
56966  37.790  -41.668  -29.322 0.5000000000
58168  38.123  -41.343  -30.793 0.6000000238
59305  38.524  -40.291  -31.316 0.6000000238
59317  38.980  -39.474  -31.410 0.5000000000
49689  31.841  -45.990  -28.702 0.4000000060
50904  32.228  -44.918  -28.941 0.4000000060
52040  33.364  -44.627  -27.025 0.4000000060
52069  32.340  -44.242  -29.034 0.4000000060
54451  36.019  -42.743  -28.490 0.5000000000
54452  35.420  -42.978  -28.385 0.4000000060
175497  32.891  -43.918  -28.850 0.4000000060
54463  34.237  -42.886  -28.593 0.4000000060
54464  33.719  -42.735  -29.095 0.4000000060
55661  36.728  -42.575  -29.320 0.5000000000
56983  37.624  -41.562  -30.807 0.5000000000
56959  34.327  -41.294  -27.341 0.4000000060
59306  37.911  -40.135  -31.224 0.6000000238
59318  38.334  -39.643  -31.265 0.6000000238
50898  32.472  -45.278  -28.225 0.4000000060
53253  34.558  -43.473  -27.817 0.4000000060
52055  32.663  -44.588  -28.468 0.4000000060
52053  33.618  -43.796  -28.680 0.4000000060
53261  34.391  -43.320  -28.306 0.4000000060
55671  36.563  -42.479  -29.881 0.5000000000
55664  34.620  -42.526  -28.434 0.4000000060
56976  37.112  -42.018  -30.255 0.5000000000
55650  34.615  -41.815  -27.971 0.4000000060
189485  38.106  -38.533  -30.814 0.6000000238
60591  37.807  -39.036  -31.008 0.6000000238
58177  37.510  -40.836  -31.019 0.6000000238
50893  33.093  -45.313  -27.019 0.4000000060
50897  32.892  -44.953  -27.669 0.4000000060
53254  34.073  -43.676  -28.105 0.4000000060
53262  33.973  -43.321  -28.784 0.4000000060
55662  36.153  -42.697  -29.399 0.5000000000
54462  35.736  -42.660  -28.848 0.5000000000
164000  35.034  -42.955  -28.429 0.5000000000
55663  35.885  -42.682  -29.301 0.5000000000
164182  35.469  -42.628  -28.779 0.5000000000
56977  36.652  -42.070  -30.048 0.5000000000
55672  36.129  -42.561  -29.769 0.5000000000
56968  35.709  -42.170  -29.117 0.5000000000
56969  35.136  -41.991  -28.391 0.4000000060
56984  37.133  -41.467  -30.534 0.6000000238
56957  35.471  -41.264  -28.251 0.5000000000
58150  35.354  -40.557  -27.582 0.4000000060
60580  37.774  -38.202  -30.512 0.6000000238
59307  37.249  -39.618  -30.812 0.6000000238
58169  36.617  -40.865  -29.914 0.6000000238
56978  36.183  -41.760  -29.553 0.5000000000
168165  35.815  -41.242  -28.846 0.5000000000
58178  37.051  -40.536  -30.576 0.6000000238
58157  36.281  -39.757  -29.415 0.6000000238
58158  36.104  -40.590  -29.024 0.5000000000
60593  36.750  -38.658  -30.313 0.6000000238
60592  37.248  -38.436  -30.478 0.6000000238
61802  35.058  -37.141  -29.764 0.5000000000
63012  35.523  -37.124  -29.831 0.6000000238
170411  34.987  -38.261  -29.408 0.5000000000
184076  36.047  -37.468  -30.108 0.6000000238
169563  35.577  -38.460  -29.807 0.6000000238
60576  35.482  -38.906  -28.880 0.5000000000
60568  35.257  -39.470  -28.048 0.5000000000
59308  36.741  -39.676  -30.177 0.6000000238
58149  35.673  -40.528  -28.307 0.5000000000
59282  35.442  -40.063  -27.911 0.5000000000
59283  35.087  -39.945  -27.331 0.5000000000
63000  35.595  -36.752  -29.556 0.5000000000
64152  35.110  -36.695  -29.712 0.5000000000
62985  35.671  -36.767  -28.562 0.6000000238
60575  35.938  -39.062  -29.316 0.6000000238
59286  35.845  -39.710  -28.584 0.5000000000
60582  36.055  -38.100  -30.146 0.6000000238
61813  41.758  -37.661  -31.411 0.4000000060
61814  40.771  -38.003  -31.412 0.4000000060
63019  41.516  -37.468  -30.015 0.5000000000
61805  41.622  -37.481  -31.017 0.4000000060
166068  43.726  -37.391  -31.095 0.5000000000
60600  42.653  -38.209  -31.270 0.5000000000
63022  43.504  -37.248  -31.014 0.5000000000
61812  42.335  -37.700  -31.319 0.5000000000
55648  37.073  -42.303  -28.227 0.5000000000
52038  34.237  -43.717  -26.267 0.4000000060
52039  33.817  -44.150  -26.651 0.4000000060
53264  32.560  -43.338  -29.127 0.4000000060
55652  33.369  -42.098  -27.996 0.4000000060
52048  33.671  -44.069  -27.564 0.4000000060
54453  34.921  -43.261  -28.205 0.4000000060
60581  36.257  -38.882  -29.892 0.6000000238
52062  31.252  -44.729  -29.100 0.3000000119
55653  32.719  -42.270  -28.664 0.3000000119
53265  31.769  -43.331  -29.039 0.3000000119
54467  31.662  -42.759  -28.679 0.3000000119
54454  31.941  -42.261  -28.471 0.3000000119
54455  31.185  -42.602  -28.026 0.3000000119
49688  32.121  -45.505  -28.670 0.4000000060
50905  31.732  -45.305  -29.062 0.4000000060
50914  31.875  -44.497  -29.239 0.3000000119
52054  33.141  -44.303  -27.987 0.4000000060
52061  31.553  -44.031  -29.182 0.3000000119
53238  34.847  -43.497  -25.939 0.4000000060
53246  34.152  -43.771  -27.202 0.4000000060
53263  33.433  -43.304  -29.185 0.4000000060
54432  36.217  -42.888  -25.960 0.5000000000
54433  35.595  -43.003  -26.465 0.4000000060
54442  37.223  -42.401  -26.524 0.5000000000
54444  35.217  -43.125  -27.444 0.4000000060
54466  32.260  -42.696  -28.940 0.3000000119
55666  33.432  -42.345  -28.948 0.4000000060
56958  35.023  -41.116  -27.535 0.4000000060
56967  37.114  -42.234  -29.822 0.5000000000
58140  43.389  -40.252  -27.154 0.5000000000
58151  44.071  -40.314  -27.998 0.5000000000
58176  38.072  -40.949  -31.194 0.6000000238
59288  45.483  -39.713  -29.196 0.5000000000
59289  44.883  -39.956  -28.819 0.5000000000
60543  44.513  -38.617  -26.142 0.4000000060
60557  44.776  -38.776  -26.701 0.5000000000
60566  45.579  -38.819  -27.718 0.5000000000
60567  45.180  -38.883  -27.185 0.5000000000
60577  48.719  -38.743  -28.580 0.6000000238
60596  48.516  -39.159  -30.350 0.5000000000
61730  48.483  -37.674  -26.208 0.6000000238
61735  44.333  -38.458  -25.573 0.3000000119
61736  40.077  -37.985  -26.340 0.8000000119
61738  38.869  -38.020  -25.992 0.8000000119
61791  36.527  -37.573  -29.218 0.6999999881
61797  39.682  -37.806  -30.389 0.6000000238
61800  37.000  -37.794  -30.517 0.6999999881
61804  48.838  -38.579  -29.491 0.6000000238
62918  45.059  -36.753  -24.459 0.3000000119
62935  46.428  -37.052  -25.228 0.4000000060
62941  39.790  -37.532  -25.300 0.8000000119
62956  37.619  -37.723  -25.689 0.8999999762
62958  36.618  -37.179  -26.177 0.8000000119
62993  48.682  -38.128  -28.354 0.6000000238
63010  42.077  -37.270  -29.310 0.6000000238
63014  47.895  -36.421  -31.034 0.5000000000
63021  44.182  -36.863  -31.229 0.5000000000
63029  45.351  -36.715  -31.772 0.5000000000
64071  46.745  -36.224  -24.512 0.4000000060
64075  41.411  -36.116  -24.255 1.0000000000
64115  48.958  -37.325  -26.441 0.4000000060
64118  43.351  -36.082  -27.147 0.8999999762
64161  47.610  -34.804  -32.527 0.6000000238
64162  47.485  -34.753  -32.561 0.6000000238
64163  46.747  -35.228  -32.408 0.6000000238
65154  48.852  -36.096  -24.878 0.5000000000
65155  47.687  -35.829  -24.384 0.3000000119
65160  41.213  -35.711  -23.883 1.0000000000
65163  38.658  -35.667  -24.148 1.0000000000
65174  42.487  -35.524  -24.908 0.8999999762
65175  37.614  -35.233  -24.918 0.8999999762
65193  43.118  -35.570  -25.930 0.8999999762
65219  44.326  -35.111  -28.794 0.6999999881
65235  47.491  -33.911  -31.830 0.6999999881
65237  46.219  -34.305  -31.480 0.6000000238
66356  41.472  -34.834  -23.478 1.0000000000
66372  49.996  -35.026  -24.990 0.3000000119
66384  43.611  -34.256  -25.616 0.8000000119
66429  44.368  -34.310  -27.884 0.8000000119
66455  46.965  -33.104  -31.153 0.8000000119
66457  47.401  -33.595  -32.107 0.6999999881
66459  47.363  -33.583  -32.060 0.6000000238
67649  49.041  -34.102  -24.105 0.3000000119
67656  40.362  -34.352  -23.339 1.0000000000
67657  39.612  -34.133  -23.564 1.0000000000
67684  51.061  -34.421  -25.733 0.3000000119
67691  42.989  -34.188  -24.734 0.8000000119
67709  46.236  -34.154  -26.462 0.6999999881
67711  43.764  -33.633  -25.799 0.8000000119
67723  52.072  -34.632  -27.599 0.3000000119
69037  41.230  -33.177  -22.851 0.8999999762
69038  40.549  -33.085  -22.826 1.0000000000
69051  48.971  -33.559  -23.632 0.3000000119
69053  42.054  -33.585  -23.328 0.8999999762
69083  50.991  -33.594  -25.236 0.3000000119
69119  52.259  -34.318  -27.477 0.3000000119
69133  51.749  -34.139  -28.035 0.4000000060
69135  44.702  -32.695  -28.167 0.8000000119
69142  52.190  -33.689  -28.378 0.3000000119
69157  46.059  -31.875  -29.671 0.8000000119
70423  49.228  -32.503  -23.000 0.3000000119
70449  39.207  -32.413  -23.504 1.0000000000
70460  50.894  -32.765  -24.757 0.3000000119
70516  44.595  -31.485  -26.658 0.8000000119
70524  52.791  -32.718  -29.111 0.3000000119
70531  38.008  -32.302  -27.648 1.0000000000
70543  45.905  -31.554  -29.264 0.8000000119
70544  45.775  -31.525  -29.290 0.8000000119
70554  52.813  -32.363  -30.558 0.4000000060
70555  45.933  -31.683  -29.549 0.8000000119
71673  42.083  -31.865  -22.612 0.8000000119
71675  40.665  -31.945  -22.613 1.0000000000
71698  45.621  -30.843  -24.168 0.6999999881
71704  38.945  -31.406  -23.746 1.0000000000
71714  48.987  -31.646  -24.403 0.6000000238
71719  44.806  -30.393  -25.133 0.6999999881
71735  50.555  -31.379  -25.447 0.4000000060
71741  44.234  -31.247  -25.025 0.8000000119
71765  52.917  -31.828  -27.723 0.3000000119
71769  45.723  -31.260  -27.337 0.8000000119
71780  52.805  -32.622  -27.984 0.3000000119
72859  42.681  -30.788  -21.909 0.8000000119
72860  41.989  -30.909  -21.841 0.8000000119
72887  46.535  -30.522  -23.010 0.6000000238
72914  48.337  -30.859  -23.478 0.5000000000
72920  43.996  -31.066  -23.395 0.6999999881
72948  50.762  -30.749  -25.369 0.4000000060
74095  42.779  -29.867  -21.224 0.8000000119
74096  41.596  -29.937  -21.325 0.8000000119
74097  41.073  -30.373  -21.645 0.8000000119
74098  40.665  -29.440  -21.738 0.6999999881
74116  44.425  -29.957  -22.027 0.6999999881
74117  43.728  -30.086  -21.839 0.6999999881
74144  39.673  -29.749  -22.746 0.6999999881
74158  39.284  -29.903  -23.300 0.8999999762
74175  38.902  -29.801  -24.429 1.0000000000
74190  50.420  -30.431  -24.808 0.4000000060
74243  52.609  -31.384  -31.307 0.3000000119
75402  41.195  -29.259  -21.256 0.6999999881
75418  46.121  -29.298  -21.796 0.6999999881
75419  45.449  -29.458  -21.705 0.6999999881
75434  47.888  -29.400  -22.375 0.5000000000
75454  50.594  -29.172  -24.677 0.4000000060
75470  50.975  -28.921  -25.139 0.4000000060
75483  51.494  -29.105  -26.085 0.4000000060
75506  51.806  -29.514  -27.467 0.4000000060
76677  44.840  -28.113  -20.535 0.6999999881
76678  44.116  -28.217  -20.469 0.6999999881
76679  43.381  -28.211  -20.481 0.6999999881
76680  42.672  -28.191  -20.557 0.6999999881
76681  42.033  -28.181  -20.704 0.6999999881
76698  47.187  -27.895  -21.554 0.6999999881
76718  40.640  -28.377  -21.791 0.6999999881
76749  50.182  -28.508  -24.203 0.4000000060
76750  39.189  -28.118  -24.384 1.0000000000
76760  39.326  -28.064  -25.013 0.8999999762
76770  50.996  -28.234  -25.339 0.3000000119
76825  40.393  -29.615  -31.714 1.0000000000
76832  52.754  -28.778  -32.246 0.3000000119
77944  47.314  -27.252  -21.466 0.6000000238
77947  41.905  -27.721  -20.811 0.6999999881
77948  41.541  -27.517  -21.139 0.6999999881
77965  48.768  -27.758  -22.541 0.5000000000
77966  40.091  -27.676  -22.834 0.6999999881
77981  39.735  -27.699  -23.487 0.6999999881
77993  39.494  -27.705  -24.117 0.8000000119
78002  50.154  -27.261  -24.516 0.3000000119
78014  51.447  -27.708  -26.465 0.4000000060
78025  51.691  -27.688  -26.944 0.3000000119
78048  40.949  -29.140  -30.976 0.6999999881
78068  41.121  -28.853  -32.276 0.6999999881
78069  40.584  -28.592  -32.119 0.6999999881
79137  43.142  -26.558  -20.396 0.6999999881
79150  46.694  -26.426  -21.169 0.6000000238
79152  42.588  -26.567  -20.704 0.6999999881
79161  47.770  -26.901  -21.824 0.5000000000
79162  41.280  -26.728  -21.920 0.6999999881
79209  40.084  -26.302  -24.866 0.8000000119
79216  39.726  -26.872  -26.153 0.8999999762
79234  39.588  -27.057  -27.641 0.8000000119
79236  36.095  -26.700  -27.610 0.5000000000
79248  53.234  -26.825  -29.424 0.3000000119
79269  42.281  -27.372  -32.653 0.5000000000
79279  41.881  -27.661  -32.926 0.6000000238
79283  42.109  -27.313  -32.943 0.5000000000
80215  44.802  -26.174  -20.352 0.6999999881
80224  47.133  -26.104  -21.476 0.4000000060
80228  42.081  -26.520  -21.128 0.6000000238
80242  47.676  -26.139  -21.820 0.6000000238
80243  41.793  -25.817  -21.827 0.6999999881
80257  48.625  -26.227  -22.603 0.4000000060
80258  41.099  -26.016  -22.875 0.6999999881
80259  40.694  -26.498  -22.965 0.6999999881
80266  40.639  -26.214  -23.495 0.6999999881
80270  40.364  -26.224  -24.209 0.6000000238
80301  40.416  -25.834  -26.381 0.6000000238
80356  41.655  -27.100  -33.040 0.6000000238
81264  45.980  -24.888  -20.810 0.6000000238
81268  43.395  -25.423  -20.564 0.6000000238
81291  46.387  -25.333  -20.998 0.6000000238
81294  42.210  -25.560  -21.386 0.6000000238
81306  48.212  -25.169  -22.363 0.3000000119
81307  47.769  -25.437  -21.988 0.4000000060
81316  41.803  -24.995  -22.645 0.6000000238
81322  49.198  -25.412  -23.302 0.3000000119
81324  41.282  -25.275  -23.712 0.5000000000
81351  40.994  -25.086  -25.715 0.5000000000
81404  37.755  -25.072  -29.518 0.5000000000
81427  41.995  -25.625  -32.622 0.6000000238
81429  40.673  -24.799  -32.341 0.6000000238
82326  45.607  -24.501  -20.645 0.6000000238
82327  45.051  -24.481  -20.500 0.6999999881
82328  44.381  -24.495  -20.481 0.6000000238
82329  43.848  -24.547  -20.565 0.6000000238
82349  47.191  -24.576  -21.503 0.5000000000
82360  48.151  -24.566  -22.278 0.4000000060
82361  47.655  -24.487  -21.877 0.5000000000
82384  41.571  -24.824  -24.699 0.5000000000
83422  45.897  -23.344  -20.916 0.5000000000
83424  44.331  -23.276  -20.830 0.5000000000
83425  43.280  -23.830  -21.168 0.6000000238
83426  42.844  -23.854  -21.680 0.5000000000
83440  42.832  -23.462  -22.100 0.5000000000
83453  42.304  -24.022  -23.996 0.5000000000
83460  42.652  -23.468  -24.686 0.5000000000
83554  39.567  -23.434  -31.528 0.4000000060
84568  47.297  -23.035  -21.474 0.5000000000
84569  46.704  -22.791  -21.246 0.4000000060
84572  44.713  -22.638  -21.081 0.4000000060
84599  43.237  -22.237  -22.337 0.4000000060
84600  42.982  -22.691  -22.836 0.5000000000
84616  43.234  -22.611  -24.123 0.4000000060
85741  46.545  -22.141  -21.263 0.5000000000
85742  45.974  -21.952  -21.195 0.4000000060
85769  44.956  -21.516  -21.460 0.4000000060
85771  43.712  -21.887  -21.976 0.4000000060
85803  43.639  -22.176  -24.454 0.4000000060
85810  44.059  -22.138  -25.015 0.4000000060
86984  44.368  -20.781  -22.612 0.4000000060
86997  44.172  -20.595  -23.850 0.4000000060
87005  44.078  -21.003  -24.235 0.4000000060
87016  39.988  -21.065  -25.432 0.3000000119
88135  44.998  -20.580  -22.248 0.4000000060
88180  44.494  -20.178  -23.749 0.3000000119
89284  46.938  -19.948  -22.087 0.3000000119
89285  46.215  -19.911  -22.223 0.4000000060
89344  44.767  -19.915  -24.176 0.3000000119
89362  39.249  -19.806  -24.985 0.3000000119
157589  39.398  -28.822  -23.434 0.8000000119
159690  39.730  -37.925  -28.140 0.8000000119
160160  38.917  -29.581  -25.009 1.0000000000
160168  52.188  -31.182  -29.408 0.4000000060
160833  45.979  -38.845  -28.156 0.6000000238
161408  45.509  -20.533  -21.980 0.4000000060
163856  41.705  -36.685  -25.025 1.0000000000
163888  43.394  -27.098  -20.342 0.6999999881
164589  35.263  -35.820  -26.385 0.8999999762
166135  41.062  -25.159  -26.267 0.5000000000
166270  44.041  -27.117  -20.305 0.6999999881
166274  46.407  -27.037  -20.984 0.6999999881
168446  39.484  -27.754  -24.653 0.8000000119
168792  36.614  -34.015  -25.944 0.8999999762
169186  35.374  -37.714  -29.889 0.6000000238
169594  43.065  -29.594  -21.060 0.6999999881
170817  34.032  -44.301  -25.869 0.4000000060
172527  43.559  -25.009  -28.575 0.4000000060
172553  43.921  -32.464  -25.479 0.8000000119
172557  42.770  -25.468  -20.958 0.6000000238
172619  44.465  -25.614  -20.357 0.6999999881
172732  50.297  -28.908  -24.340 0.4000000060
173099  43.914  -25.660  -20.417 0.6999999881
173267  32.338  -41.897  -27.976 0.3000000119
174105  38.442  -38.921  -31.075 0.6000000238
175326  45.582  -26.247  -20.509 0.6999999881
175420  42.232  -29.766  -21.176 0.8000000119
175933  38.120  -19.285  -26.625 0.3000000119
177590  36.189  -29.469  -29.628 0.6999999881
178727  50.631  -35.826  -26.025 0.3000000119
180530  41.120  -22.113  -28.323 0.3000000119
180645  52.478  -27.656  -28.700 0.3000000119
181152  35.884  -27.106  -27.503 0.5000000000
182084  46.880  -24.685  -21.303 0.6000000238
182366  37.591  -37.970  -29.291 0.6999999881
182621  42.391  -24.161  -26.003 0.5000000000
183558  37.805  -26.284  -28.972 0.6999999881
184012  46.763  -34.172  -31.890 0.6000000238
184515  38.340  -35.285  -24.247 1.0000000000
185307  40.819  -27.822  -30.167 0.6999999881
187737  44.587  -27.121  -20.362 0.6999999881
188480  40.436  -36.840  -24.754 1.0000000000
188593  43.738  -29.460  -21.198 0.6999999881
189751  42.024  -26.051  -21.374 0.6999999881
190323  40.488  -23.660  -32.372 0.4000000060
