#!ascii label  , from subject sub-v2s11x28696_ses-1 vox2ras=TkReg
1572
151477  48.329  12.317  18.880 0.0000000000
155947  53.992  17.813  19.128 0.0000000000
147300  56.486  7.135  24.009 0.0000000000
151441  43.220  12.871  23.002 0.0000000000
150013  45.603  10.698  24.463 0.0000000000
153838  50.200  15.058  14.928 0.0000000000
161008  49.353  22.452  19.515 0.0000000000
229441  50.040  28.193  18.808 0.0000000000
146470  55.765  6.414  29.309 0.0000000000
144932  50.224  5.054  24.630 0.0000000000
150095  52.986  10.436  14.441 0.0000000000
149367  53.362  9.779  20.533 0.0000000000
202135  54.862  11.215  20.755 0.0000000000
151394  55.367  12.783  25.788 0.0000000000
163232  47.447  24.975  13.688 0.0000000000
158094  50.427  19.744  17.076 0.0000000000
147976  48.433  8.625  24.812 0.0000000000
219194  45.651  13.675  21.668 0.0000000000
150717  44.412  11.982  23.878 0.0000000000
152212  47.533  13.226  22.611 0.0000000000
152299  49.183  13.035  16.581 0.0000000000
152285  46.031  13.392  18.288 0.0000000000
209140  46.235  25.430  19.670 0.0000000000
203962  54.051  6.019  31.039 0.0000000000
142303  52.338  3.208  28.085 0.0000000000
143210  50.553  3.405  29.762 0.0000000000
161764  48.047  23.668  10.416 0.0000000000
152298  53.731  13.771  16.960 0.0000000000
150075  54.052  10.643  17.880 0.0000000000
196262  52.834  13.585  19.485 0.0000000000
155169  52.855  16.003  24.582 0.0000000000
153756  54.801  14.984  23.846 0.0000000000
225639  55.011  15.424  26.820 0.0000000000
152945  55.824  13.696  28.762 0.0000000000
162415  52.974  24.203  19.469 0.0000000000
162440  52.200  24.605  16.664 0.0000000000
158083  52.372  19.599  18.298 0.0000000000
154529  52.886  15.678  15.270 0.0000000000
148687  54.966  8.272  22.128 0.0000000000
197592  52.052  10.953  24.267 0.0000000000
226991  52.886  9.201  25.889 0.0000000000
147990  42.390  8.844  24.195 0.0000000000
147315  43.812  7.742  23.124 0.0000000000
156714  50.235  17.313  12.568 0.0000000000
155995  48.854  16.614  15.052 0.0000000000
159542  52.260  21.364  20.438 0.0000000000
155940  53.156  17.667  20.603 0.0000000000
165340  41.679  27.561  17.049 0.0000000000
226757  44.866  25.693  16.923 0.0000000000
224709  49.291  25.901  19.918 0.0000000000
219184  56.538  7.114  27.219 0.0000000000
147277  52.988  7.520  26.940 0.0000000000
144922  52.725  4.968  27.453 0.0000000000
143281  50.946  3.146  23.530 0.0000000000
150769  50.260  11.186  17.101 0.0000000000
197585  51.463  11.678  19.879 0.0000000000
148723  52.790  9.009  17.689 0.0000000000
148057  55.097  7.598  19.520 0.0000000000
210854  56.500  9.344  21.584 0.0000000000
153001  54.002  13.887  22.168 0.0000000000
151435  55.684  12.329  23.012 0.0000000000
149298  56.977  9.297  25.210 0.0000000000
149278  56.606  9.320  27.755 0.0000000000
148553  55.570  9.189  29.709 0.0000000000
164695  46.883  27.110  10.434 0.0000000000
161735  49.026  23.521  12.876 0.0000000000
161708  50.563  23.943  15.306 0.0000000000
158128  48.971  19.857  15.376 0.0000000000
155993  50.971  17.074  14.247 0.0000000000
153061  51.490  13.005  14.268 0.0000000000
151438  50.139  12.463  23.129 0.0000000000
149327  46.644  9.929  24.331 0.0000000000
147360  45.155  7.690  22.127 0.0000000000
146526  49.309  7.088  25.287 0.0000000000
192418  47.085  13.429  20.641 0.0000000000
152233  46.309  13.535  21.987 0.0000000000
152250  48.281  13.197  20.861 0.0000000000
151494  48.009  12.303  17.443 0.0000000000
219413  47.253  12.975  17.323 0.0000000000
152277  46.583  13.071  18.868 0.0000000000
153024  45.740  13.320  19.744 0.0000000000
146450  52.997  6.442  30.841 0.0000000000
144008  52.586  4.273  31.084 0.0000000000
144866  51.303  4.523  31.077 0.0000000000
146568  41.986  6.978  21.623 0.0000000000
212032  53.692  15.492  18.003 0.0000000000
218447  53.376  14.228  18.073 0.0000000000
154496  53.235  15.940  19.125 0.0000000000
154418  53.208  15.760  25.736 0.0000000000
154417  53.971  16.047  25.600 0.0000000000
159552  53.833  21.501  19.796 0.0000000000
159580  53.289  21.434  18.628 0.0000000000
157375  53.695  18.913  18.717 0.0000000000
154516  53.439  15.969  17.423 0.0000000000
147983  55.736  7.596  23.580 0.0000000000
148644  54.277  9.313  23.986 0.0000000000
147974  54.183  8.556  25.384 0.0000000000
150720  41.611  11.637  23.634 0.0000000000
209735  42.257  11.550  23.592 0.0000000000
150701  45.035  11.653  24.144 0.0000000000
150015  43.614  10.480  24.203 0.0000000000
211892  43.982  9.936  24.266 0.0000000000
148016  43.461  8.268  23.614 0.0000000000
211476  44.924  9.247  24.191 0.0000000000
154553  50.691  15.916  12.516 0.0000000000
155295  49.515  15.817  12.641 0.0000000000
155274  49.793  15.708  14.855 0.0000000000
152236  43.302  13.467  21.909 0.0000000000
151443  41.889  12.688  22.955 0.0000000000
160292  50.829  21.884  19.810 0.0000000000
158046  51.910  19.906  20.964 0.0000000000
158812  50.220  20.374  19.940 0.0000000000
162422  47.613  24.250  19.651 0.0000000000
163177  48.117  25.858  19.872 0.0000000000
161683  49.235  23.697  19.611 0.0000000000
161681  51.282  23.563  19.723 0.0000000000
146503  56.216  7.063  28.203 0.0000000000
146505  54.773  6.295  27.743 0.0000000000
145683  54.923  5.236  28.498 0.0000000000
142315  51.157  2.740  27.022 0.0000000000
142325  51.556  2.864  25.971 0.0000000000
143266  50.155  2.900  23.707 0.0000000000
224664  51.510  10.287  15.157 0.0000000000
150082  51.232  10.123  16.957 0.0000000000
148733  52.950  9.421  16.263 0.0000000000
150754  54.283  11.287  19.460 0.0000000000
149379  54.774  9.123  18.303 0.0000000000
149365  55.553  9.757  20.205 0.0000000000
148694  56.076  8.297  20.745 0.0000000000
149354  56.040  10.789  21.293 0.0000000000
155219  52.558  16.695  22.004 0.0000000000
153778  52.877  15.003  21.236 0.0000000000
153765  53.391  15.332  22.766 0.0000000000
152969  55.275  13.960  25.269 0.0000000000
152191  55.530  13.164  23.584 0.0000000000
151402  55.616  12.480  24.596 0.0000000000
150691  56.188  11.165  23.719 0.0000000000
150672  55.770  11.317  25.259 0.0000000000
149285  56.879  9.341  26.465 0.0000000000
150669  55.733  11.198  26.733 0.0000000000
152115  55.843  13.123  30.402 0.0000000000
151339  55.868  12.035  29.634 0.0000000000
228450  46.878  25.895  11.970 0.0000000000
163260  48.385  25.039  11.280 0.0000000000
163248  49.009  24.969  12.655 0.0000000000
163933  47.439  26.886  17.900 0.0000000000
163200  46.592  25.259  17.319 0.0000000000
163931  49.130  26.720  17.803 0.0000000000
160310  51.151  22.108  16.922 0.0000000000
161706  51.411  24.447  16.167 0.0000000000
159605  50.143  21.984  16.274 0.0000000000
160317  49.597  22.076  15.427 0.0000000000
158863  49.656  20.077  16.234 0.0000000000
156689  50.299  17.943  15.190 0.0000000000
156680  50.498  17.914  15.799 0.0000000000
206204  53.554  12.541  14.674 0.0000000000
153066  53.044  13.921  14.066 0.0000000000
151520  52.221  11.499  13.934 0.0000000000
151515  51.228  11.562  15.155 0.0000000000
150062  52.346  10.742  19.926 0.0000000000
151465  51.121  11.996  21.067 0.0000000000
150734  52.118  11.447  21.537 0.0000000000
207854  50.157  10.014  25.344 0.0000000000
150008  49.495  11.028  24.884 0.0000000000
148645  47.810  9.318  24.685 0.0000000000
148672  46.461  8.891  23.728 0.0000000000
148012  46.728  8.500  23.549 0.0000000000
145703  51.008  6.010  26.488 0.0000000000
147280  51.040  7.281  26.630 0.0000000000
145709  49.373  5.731  24.786 0.0000000000
152216  43.987  13.320  22.270 0.0000000000
151426  43.793  12.425  23.485 0.0000000000
152197  45.119  12.967  23.110 0.0000000000
152196  45.871  12.899  23.350 0.0000000000
151407  46.205  12.048  24.114 0.0000000000
153827  50.461  14.392  15.931 0.0000000000
153003  44.572  13.735  21.179 0.0000000000
145640  55.048  6.489  30.231 0.0000000000
144051  54.962  4.824  29.439 0.0000000000
144023  53.742  4.114  30.696 0.0000000000
142289  51.463  3.273  29.159 0.0000000000
151506  54.074  12.524  16.258 0.0000000000
150087  53.741  10.489  16.211 0.0000000000
152288  53.850  12.833  17.473 0.0000000000
151483  53.441  12.598  18.824 0.0000000000
151464  53.806  12.243  20.103 0.0000000000
196907  53.055  16.238  23.960 0.0000000000
154468  53.708  15.476  23.395 0.0000000000
154441  54.210  16.078  24.675 0.0000000000
220604  55.100  15.233  25.222 0.0000000000
152961  55.009  14.441  26.538 0.0000000000
152157  55.293  13.206  27.341 0.0000000000
152952  55.519  14.577  27.536 0.0000000000
154371  55.698  14.859  28.751 0.0000000000
153641  55.728  14.394  30.438 0.0000000000
200915  45.163  25.290  13.630 0.0000000000
163902  51.699  26.850  19.223 0.0000000000
164646  51.441  27.012  17.416 0.0000000000
162438  52.911  24.496  18.012 0.0000000000
160305  52.208  21.663  17.890 0.0000000000
158092  51.481  19.364  17.801 0.0000000000
156678  51.586  17.447  16.272 0.0000000000
155259  52.785  17.095  16.608 0.0000000000
153826  53.736  14.967  16.183 0.0000000000
149355  54.081  9.423  21.480 0.0000000000
150043  53.141  10.687  22.224 0.0000000000
149344  53.497  10.157  23.281 0.0000000000
149302  52.317  10.124  25.311 0.0000000000
148621  50.896  9.091  25.907 0.0000000000
144952  50.057  4.296  22.438 0.0000000000
145723  48.719  5.370  22.455 0.0000000000
147992  40.773  8.754  24.175 0.0000000000
150703  43.259  10.990  23.940 0.0000000000
212465  42.153  9.426  24.357 0.0000000000
148019  41.165  8.155  23.961 0.0000000000
147317  42.254  7.621  23.431 0.0000000000
147345  42.580  7.132  22.880 0.0000000000
146547  43.273  6.992  22.104 0.0000000000
156715  49.550  17.309  12.478 0.0000000000
156004  48.453  16.290  13.369 0.0000000000
158793  53.793  20.281  20.324 0.0000000000
200826  53.555  17.600  20.043 0.0000000000
157352  52.980  19.130  20.737 0.0000000000
156630  52.452  18.372  21.416 0.0000000000
155916  52.163  17.364  21.917 0.0000000000
155206  51.974  16.802  22.671 0.0000000000
155179  51.674  16.434  23.972 0.0000000000
164655  43.489  26.846  17.123 0.0000000000
164641  46.104  28.135  18.063 0.0000000000
165313  47.822  28.634  19.161 0.0000000000
164609  50.137  27.573  19.575 0.0000000000
163173  51.391  25.476  19.743 0.0000000000
161004  52.935  23.058  20.133 0.0000000000
147283  56.730  7.070  25.979 0.0000000000
147286  54.602  7.709  26.199 0.0000000000
146512  54.176  6.866  27.251 0.0000000000
146514  52.620  6.525  27.388 0.0000000000
144925  51.467  5.328  26.585 0.0000000000
144072  52.817  4.142  27.578 0.0000000000
144083  51.632  3.668  25.681 0.0000000000
144091  50.959  4.234  24.053 0.0000000000
150765  49.253  11.813  17.925 0.0000000000
151475  49.925  12.342  19.593 0.0000000000
150763  50.928  11.251  18.315 0.0000000000
149382  51.877  10.043  18.296 0.0000000000
149374  52.937  9.396  19.071 0.0000000000
205834  53.815  9.274  16.966 0.0000000000
148064  54.050  7.846  18.303 0.0000000000
148708  54.144  8.097  19.568 0.0000000000
148049  55.113  7.649  20.692 0.0000000000
148037  55.897  7.601  22.107 0.0000000000
147337  56.876  7.284  22.914 0.0000000000
154491  52.709  15.505  19.791 0.0000000000
152247  53.253  13.221  20.988 0.0000000000
151455  54.480  12.378  21.281 0.0000000000
153763  54.585  14.641  23.224 0.0000000000
152226  55.451  12.799  22.259 0.0000000000
150733  55.571  11.695  21.637 0.0000000000
150034  56.370  10.865  22.625 0.0000000000
148669  56.852  9.308  23.076 0.0000000000
147982  57.268  7.971  24.283 0.0000000000
147962  57.220  8.011  25.754 0.0000000000
147950  56.923  8.333  27.449 0.0000000000
147920  56.586  8.593  28.499 0.0000000000
150661  55.728  11.158  28.153 0.0000000000
148559  56.420  9.285  29.107 0.0000000000
147910  55.660  7.960  29.719 0.0000000000
204074  55.144  7.543  30.108 0.0000000000
163297  48.141  25.405  10.017 0.0000000000
161065  48.327  23.316  11.877 0.0000000000
160342  47.652  21.827  13.446 0.0000000000
163951  51.091  25.579  16.845 0.0000000000
163228  49.848  24.752  14.102 0.0000000000
161042  49.410  23.069  14.368 0.0000000000
160328  48.156  21.490  14.717 0.0000000000
158913  48.083  20.134  14.429 0.0000000000
157425  49.548  18.857  14.733 0.0000000000
155994  50.636  17.333  14.013 0.0000000000
155292  51.455  15.883  12.800 0.0000000000
209343  51.813  16.186  14.513 0.0000000000
154544  51.901  15.190  13.323 0.0000000000
153062  51.017  13.775  14.290 0.0000000000
152307  50.730  12.990  15.846 0.0000000000
151509  49.591  11.926  16.424 0.0000000000
152248  49.639  12.883  20.884 0.0000000000
152210  49.159  13.098  22.706 0.0000000000
226023  47.537  11.982  24.287 0.0000000000
150693  51.131  11.736  24.126 0.0000000000
150696  49.008  11.448  24.487 0.0000000000
150012  46.423  10.767  24.422 0.0000000000
148674  45.302  8.883  23.674 0.0000000000
147343  44.618  7.800  22.824 0.0000000000
147958  52.679  8.153  26.587 0.0000000000
147968  50.404  8.090  26.198 0.0000000000
147295  48.686  7.979  24.601 0.0000000000
204298  48.223  6.510  22.871 0.0000000000
147312  47.482  7.839  23.440 0.0000000000
142264  49.378  2.781  30.494 0.0000000000
143230  48.784  3.394  27.868 0.0000000000
224453  47.683  13.142  19.740 0.0000000000
152266  47.663  13.289  20.401 0.0000000000
152265  48.226  13.192  20.032 0.0000000000
151487  48.062  12.116  18.074 0.0000000000
151495  47.451  12.321  17.806 0.0000000000
152276  47.294  12.834  19.093 0.0000000000
152267  46.995  13.187  19.840 0.0000000000
144865  51.929  5.196  31.100 0.0000000000
155243  53.696  16.563  18.510 0.0000000000
154503  53.585  15.876  18.494 0.0000000000
155237  53.779  16.686  19.195 0.0000000000
158073  54.068  19.655  19.571 0.0000000000
158074  53.864  19.601  19.083 0.0000000000
156656  53.981  18.266  18.799 0.0000000000
155962  53.697  17.172  18.208 0.0000000000
147984  54.977  8.111  24.018 0.0000000000
147301  55.534  7.650  24.425 0.0000000000
151428  42.023  12.178  23.345 0.0000000000
230191  42.543  12.029  23.399 0.0000000000
202339  45.043  11.050  24.399 0.0000000000
150014  44.395  10.608  24.364 0.0000000000
226831  45.043  10.487  24.487 0.0000000000
148649  44.314  9.290  24.246 0.0000000000
211475  44.799  9.870  24.452 0.0000000000
154545  50.490  15.482  12.989 0.0000000000
155279  49.832  15.642  13.730 0.0000000000
202803  42.858  13.224  22.384 0.0000000000
152218  42.435  13.248  22.222 0.0000000000
151442  42.503  12.664  22.854 0.0000000000
160293  49.832  21.798  19.591 0.0000000000
159555  50.279  21.032  19.737 0.0000000000
159556  49.357  21.131  19.597 0.0000000000
217556  48.271  23.031  19.550 0.0000000000
161684  48.415  23.760  19.596 0.0000000000
201936  48.919  23.063  19.574 0.0000000000
161007  50.196  22.527  19.607 0.0000000000
146489  55.862  6.414  28.747 0.0000000000
145681  55.656  5.967  28.577 0.0000000000
145682  55.456  5.350  28.880 0.0000000000
142336  50.997  2.318  25.638 0.0000000000
150096  52.552  10.236  14.291 0.0000000000
149401  52.358  9.631  15.597 0.0000000000
150089  52.754  9.839  14.853 0.0000000000
150746  54.703  10.903  19.974 0.0000000000
149366  54.993  10.049  19.683 0.0000000000
150054  55.230  10.536  20.451 0.0000000000
150053  55.730  10.260  20.815 0.0000000000
150047  55.549  10.885  21.041 0.0000000000
154476  52.889  15.976  22.251 0.0000000000
155205  52.696  16.459  22.737 0.0000000000
152172  55.320  13.115  25.229 0.0000000000
152182  55.472  13.278  24.480 0.0000000000
223811  55.574  12.251  25.260 0.0000000000
150681  55.803  11.835  24.726 0.0000000000
150673  55.575  11.873  26.051 0.0000000000
149981  56.016  10.699  25.946 0.0000000000
150670  55.424  12.173  26.885 0.0000000000
152108  55.728  13.046  31.174 0.0000000000
163244  46.511  25.458  12.921 0.0000000000
223914  45.942  26.359  11.955 0.0000000000
163251  47.229  25.767  12.432 0.0000000000
163250  47.931  25.377  12.583 0.0000000000
163242  48.025  25.187  13.161 0.0000000000
164638  48.831  27.536  18.319 0.0000000000
163932  48.308  26.783  17.897 0.0000000000
164637  49.667  27.465  18.070 0.0000000000
158852  50.792  20.462  17.304 0.0000000000
159594  50.577  21.405  16.779 0.0000000000
158853  50.093  20.369  16.895 0.0000000000
159606  49.842  21.112  16.453 0.0000000000
158108  50.055  19.459  16.639 0.0000000000
157406  50.115  18.303  15.865 0.0000000000
157405  50.464  18.235  16.328 0.0000000000
151514  53.623  11.912  14.775 0.0000000000
204278  53.103  12.030  14.134 0.0000000000
150103  52.805  10.697  13.906 0.0000000000
150097  51.914  10.472  14.570 0.0000000000
149368  52.897  10.382  20.236 0.0000000000
150741  51.959  11.353  20.925 0.0000000000
150049  52.500  10.987  21.219 0.0000000000
148628  49.601  9.531  25.377 0.0000000000
149305  48.938  9.661  25.155 0.0000000000
148631  48.213  9.077  24.885 0.0000000000
147986  47.439  8.815  24.246 0.0000000000
148011  47.211  8.383  23.665 0.0000000000
144929  50.384  5.160  25.435 0.0000000000
145708  49.804  5.768  25.309 0.0000000000
144933  49.767  5.389  24.053 0.0000000000
152234  45.040  13.759  21.823 0.0000000000
152198  44.490  13.093  22.880 0.0000000000
196818  45.589  13.447  22.276 0.0000000000
152213  46.821  13.268  22.661 0.0000000000
152214  46.125  13.275  22.786 0.0000000000
152195  46.597  13.083  23.302 0.0000000000
151422  46.445  12.538  23.711 0.0000000000
152194  47.187  13.077  23.127 0.0000000000
153057  50.144  13.660  16.295 0.0000000000
153050  49.479  14.046  16.738 0.0000000000
153051  48.701  13.546  16.906 0.0000000000
152284  46.532  12.976  17.942 0.0000000000
153044  46.793  13.234  17.483 0.0000000000
153012  45.552  13.688  20.447 0.0000000000
153013  44.864  13.640  20.467 0.0000000000
152254  45.275  13.810  21.124 0.0000000000
152235  44.406  13.634  21.845 0.0000000000
145642  54.395  5.770  30.862 0.0000000000
144875  54.562  5.050  30.415 0.0000000000
144862  54.267  5.259  30.882 0.0000000000
143184  51.595  3.592  30.306 0.0000000000
143183  52.341  3.657  30.267 0.0000000000
142263  51.038  3.415  29.605 0.0000000000
219643  50.641  3.229  28.328 0.0000000000
143219  49.990  3.362  28.163 0.0000000000
162545  48.165  24.436  9.259 0.0000000000
162562  47.256  24.863  8.145 0.0000000000
153048  53.909  13.665  16.458 0.0000000000
152297  53.946  13.132  16.834 0.0000000000
153030  53.020  13.877  18.831 0.0000000000
152282  53.333  13.339  18.394 0.0000000000
152273  53.150  13.110  19.183 0.0000000000
151473  53.451  12.542  19.513 0.0000000000
152263  53.190  12.945  20.080 0.0000000000
155177  52.734  16.277  24.048 0.0000000000
155175  53.641  16.253  24.361 0.0000000000
155176  53.362  16.227  24.496 0.0000000000
154416  54.481  15.744  25.989 0.0000000000
154424  54.375  15.970  25.317 0.0000000000
154415  55.061  15.045  26.151 0.0000000000
153735  55.069  15.064  25.823 0.0000000000
153726  55.005  14.966  26.402 0.0000000000
152960  55.119  14.317  26.896 0.0000000000
154402  55.156  15.216  26.911 0.0000000000
222519  55.683  15.305  28.012 0.0000000000
155127  55.771  15.148  29.042 0.0000000000
208666  55.741  14.450  29.933 0.0000000000
155114  55.655  15.121  29.918 0.0000000000
163190  52.543  25.413  18.966 0.0000000000
163921  52.371  26.107  18.518 0.0000000000
162435  53.036  24.790  18.866 0.0000000000
158829  52.955  20.223  18.663 0.0000000000
160304  52.806  22.078  18.123 0.0000000000
158841  52.403  20.303  18.352 0.0000000000
158842  51.797  20.135  18.056 0.0000000000
219450  52.069  18.850  17.923 0.0000000000
155974  52.378  17.546  16.872 0.0000000000
157387  52.291  18.140  17.609 0.0000000000
153819  53.854  15.018  16.974 0.0000000000
154522  53.523  15.598  16.689 0.0000000000
153049  53.861  14.339  16.607 0.0000000000
153055  53.917  13.837  15.863 0.0000000000
148688  54.602  8.820  21.790 0.0000000000
149348  54.167  9.685  22.178 0.0000000000
148681  54.613  9.161  22.530 0.0000000000
148627  53.241  9.411  25.453 0.0000000000
149300  53.585  9.703  24.914 0.0000000000
149289  52.638  9.686  25.733 0.0000000000
149291  51.265  9.740  25.817 0.0000000000
148620  51.659  9.222  26.063 0.0000000000
148652  41.030  9.328  24.313 0.0000000000
212186  41.533  9.643  24.375 0.0000000000
150718  43.660  11.668  23.875 0.0000000000
148651  42.838  9.386  24.293 0.0000000000
149330  42.568  9.873  24.245 0.0000000000
147991  41.569  8.918  24.224 0.0000000000
148018  41.933  8.222  23.897 0.0000000000
147318  41.522  7.630  23.525 0.0000000000
148017  42.696  8.268  23.748 0.0000000000
147316  43.011  7.752  23.204 0.0000000000
146548  42.817  6.922  22.401 0.0000000000
147344  43.334  7.264  22.648 0.0000000000
156703  49.726  17.909  13.245 0.0000000000
155281  48.730  16.299  14.031 0.0000000000
155288  48.794  15.788  13.175 0.0000000000
155996  48.463  17.044  14.786 0.0000000000
159540  53.568  20.809  20.493 0.0000000000
158044  53.455  19.596  20.486 0.0000000000
158794  53.180  20.299  20.637 0.0000000000
158029  51.997  19.289  21.195 0.0000000000
155931  52.476  17.911  21.450 0.0000000000
155918  51.023  17.470  22.288 0.0000000000
155192  51.860  16.624  23.351 0.0000000000
164662  41.966  26.860  15.591 0.0000000000
164657  42.116  26.956  16.442 0.0000000000
164643  44.949  28.509  18.114 0.0000000000
165331  45.855  28.907  18.334 0.0000000000
199817  46.891  28.618  18.380 0.0000000000
163176  48.703  26.067  19.863 0.0000000000
163905  49.102  26.747  19.916 0.0000000000
164611  48.788  27.614  19.696 0.0000000000
163904  49.939  26.698  19.800 0.0000000000
163903  50.812  26.207  19.582 0.0000000000
163174  50.685  25.393  19.698 0.0000000000
160291  51.784  22.327  20.102 0.0000000000
161005  52.154  23.148  20.016 0.0000000000
160290  52.708  22.498  20.350 0.0000000000
160279  53.502  21.407  20.344 0.0000000000
147274  56.239  7.127  26.678 0.0000000000
147275  55.336  7.371  26.518 0.0000000000
226130  55.694  7.097  26.960 0.0000000000
145698  53.545  5.593  27.745 0.0000000000
146506  53.868  6.292  27.618 0.0000000000
145699  52.726  5.762  27.516 0.0000000000
144924  52.093  5.374  27.124 0.0000000000
143207  54.038  4.016  29.172 0.0000000000
225468  53.998  4.121  28.468 0.0000000000
143226  52.959  3.540  28.050 0.0000000000
143256  51.588  3.003  24.764 0.0000000000
143250  51.744  3.247  25.778 0.0000000000
143251  51.715  3.226  25.227 0.0000000000
144084  51.508  3.608  24.988 0.0000000000
207323  51.352  3.483  24.148 0.0000000000
143307  50.469  3.452  22.208 0.0000000000
144110  50.831  3.289  22.785 0.0000000000
150770  49.774  11.643  17.439 0.0000000000
150764  50.114  11.641  18.375 0.0000000000
198044  50.327  11.298  17.724 0.0000000000
149387  52.211  9.350  17.236 0.0000000000
149388  51.683  9.762  17.546 0.0000000000
149381  52.505  9.556  18.407 0.0000000000
150069  52.174  10.219  19.149 0.0000000000
148716  53.052  9.002  18.329 0.0000000000
150081  53.895  10.601  17.066 0.0000000000
207355  53.755  9.879  16.526 0.0000000000
203892  54.030  9.822  17.269 0.0000000000
148707  55.184  8.168  19.165 0.0000000000
148720  54.639  8.530  18.012 0.0000000000
148058  54.633  7.788  18.832 0.0000000000
148059  54.054  7.908  18.842 0.0000000000
148054  54.689  7.718  19.464 0.0000000000
148701  54.523  8.019  20.201 0.0000000000
148053  55.079  7.435  20.026 0.0000000000
148693  56.285  8.459  21.307 0.0000000000
148047  55.777  7.716  21.131 0.0000000000
148686  56.633  8.440  21.852 0.0000000000
148036  56.585  7.689  22.340 0.0000000000
148679  56.939  8.423  22.552 0.0000000000
210358  53.090  17.070  20.370 0.0000000000
221366  53.153  16.400  19.881 0.0000000000
154490  52.723  15.698  20.582 0.0000000000
153002  53.437  14.379  21.764 0.0000000000
153010  53.016  14.109  21.103 0.0000000000
153009  53.572  13.521  21.676 0.0000000000
152246  53.960  12.887  21.467 0.0000000000
152228  54.347  13.249  21.912 0.0000000000
153757  54.265  15.267  23.643 0.0000000000
152207  55.498  12.925  22.773 0.0000000000
151447  55.779  12.312  22.395 0.0000000000
151448  55.478  12.272  21.994 0.0000000000
200850  55.915  11.785  22.056 0.0000000000
150724  56.210  11.324  22.162 0.0000000000
150710  56.195  11.347  22.865 0.0000000000
149322  56.667  9.921  24.653 0.0000000000
150025  56.543  10.449  23.817 0.0000000000
149321  56.982  9.226  24.583 0.0000000000
148668  57.062  8.680  23.966 0.0000000000
148642  57.177  8.683  24.913 0.0000000000
147972  57.213  8.056  25.031 0.0000000000
148625  57.119  8.902  25.646 0.0000000000
149279  56.677  9.175  27.136 0.0000000000
227724  56.991  8.932  26.717 0.0000000000
210402  56.644  9.150  27.522 0.0000000000
147934  56.706  8.475  27.980 0.0000000000
148589  56.670  8.892  28.257 0.0000000000
152156  55.702  13.198  27.950 0.0000000000
151379  55.624  12.375  27.819 0.0000000000
151361  55.787  12.435  28.787 0.0000000000
149916  55.533  11.258  29.702 0.0000000000
149925  55.805  10.222  28.939 0.0000000000
149235  56.020  9.611  29.044 0.0000000000
148560  56.252  8.976  29.019 0.0000000000
148561  55.844  8.708  29.399 0.0000000000
164696  46.119  27.096  10.906 0.0000000000
166050  45.989  28.292  11.043 0.0000000000
165381  46.394  27.735  10.618 0.0000000000
163991  47.505  26.297  10.271 0.0000000000
162497  48.844  24.558  12.032 0.0000000000
161751  48.612  23.956  11.636 0.0000000000
200211  48.462  23.088  12.572 0.0000000000
161061  47.909  22.458  13.037 0.0000000000
161060  48.604  22.842  13.285 0.0000000000
163939  51.767  26.080  17.126 0.0000000000
199367  51.305  26.250  17.156 0.0000000000
163950  51.479  25.468  16.778 0.0000000000
161707  50.987  24.140  15.812 0.0000000000
162444  50.861  24.875  15.896 0.0000000000
162452  50.444  24.719  15.210 0.0000000000
162461  50.103  24.530  14.533 0.0000000000
161723  50.067  24.139  14.136 0.0000000000
200355  50.170  23.682  14.854 0.0000000000
159620  49.178  21.266  15.569 0.0000000000
159638  49.197  21.817  15.161 0.0000000000
158880  48.746  20.517  15.359 0.0000000000
158900  48.194  20.693  14.947 0.0000000000
158143  48.558  19.838  14.942 0.0000000000
158158  49.008  19.232  14.582 0.0000000000
158142  49.087  19.411  15.079 0.0000000000
156694  50.614  17.452  14.765 0.0000000000
156695  50.243  17.701  14.239 0.0000000000
156002  50.899  16.976  13.330 0.0000000000
155285  51.491  16.157  13.057 0.0000000000
155267  52.216  16.745  15.979 0.0000000000
155986  51.611  17.080  15.606 0.0000000000
154530  52.154  15.816  14.932 0.0000000000
152319  51.905  12.933  13.756 0.0000000000
153067  52.436  14.037  13.576 0.0000000000
152323  52.001  13.599  13.672 0.0000000000
153069  51.149  14.073  13.536 0.0000000000
153068  51.507  13.588  13.789 0.0000000000
201531  51.292  13.267  15.143 0.0000000000
152313  51.252  12.477  15.155 0.0000000000
150776  50.307  11.132  16.283 0.0000000000
150784  50.125  11.539  16.310 0.0000000000
150777  49.691  11.685  16.676 0.0000000000
150771  48.984  11.793  17.057 0.0000000000
151474  50.612  12.313  19.877 0.0000000000
151467  50.152  12.530  20.323 0.0000000000
151466  50.771  12.207  20.627 0.0000000000
151449  50.724  12.405  22.015 0.0000000000
152209  49.782  12.939  22.643 0.0000000000
151439  49.425  12.783  23.256 0.0000000000
151420  48.345  12.475  23.779 0.0000000000
151419  49.055  12.480  23.747 0.0000000000
150026  52.405  11.018  23.758 0.0000000000
150712  52.139  11.335  23.065 0.0000000000
150027  51.794  11.332  23.855 0.0000000000
149993  48.499  10.301  24.861 0.0000000000
231547  48.936  10.818  24.793 0.0000000000
150010  47.820  10.704  24.592 0.0000000000
150011  47.156  11.118  24.590 0.0000000000
204239  47.185  10.386  24.592 0.0000000000
148648  45.510  9.493  24.190 0.0000000000
148647  46.217  9.432  24.031 0.0000000000
147342  45.438  8.039  22.641 0.0000000000
148013  45.672  8.485  23.128 0.0000000000
147361  44.458  7.507  22.131 0.0000000000
147362  43.815  7.271  22.095 0.0000000000
208652  54.059  7.752  26.468 0.0000000000
147964  53.953  8.181  26.022 0.0000000000
147278  52.278  7.530  26.894 0.0000000000
146522  49.622  7.179  25.878 0.0000000000
147960  51.079  7.941  26.481 0.0000000000
147288  49.989  7.610  26.051 0.0000000000
147969  49.870  8.238  25.869 0.0000000000
146527  48.989  7.380  24.714 0.0000000000
145729  48.483  5.160  21.610 0.0000000000
145724  47.995  6.178  22.190 0.0000000000
152253  45.983  13.784  21.134 0.0000000000
152252  46.765  13.614  21.245 0.0000000000
152251  47.592  13.369  21.279 0.0000000000
152230  48.349  13.251  21.680 0.0000000000
151500  48.365  12.059  16.807 0.0000000000
152301  47.924  13.105  17.132 0.0000000000
152290  47.552  12.576  17.324 0.0000000000
152283  46.994  12.556  18.210 0.0000000000
152278  45.895  13.236  19.016 0.0000000000
152268  46.313  13.279  19.579 0.0000000000
153011  46.349  13.546  20.370 0.0000000000
145643  53.487  5.974  31.249 0.0000000000
144856  53.298  5.314  31.425 0.0000000000
144864  52.593  4.958  31.368 0.0000000000
144009  51.675  3.980  31.038 0.0000000000
143165  51.248  3.649  30.744 0.0000000000
153811  53.817  14.908  17.644 0.0000000000
152289  53.555  13.486  17.564 0.0000000000
153801  53.592  15.114  18.273 0.0000000000
153802  53.041  14.668  18.702 0.0000000000
153031  52.561  14.303  19.275 0.0000000000
154426  52.705  15.711  25.251 0.0000000000
154425  53.476  16.175  25.170 0.0000000000
228459  53.673  16.055  25.617 0.0000000000
154403  54.638  15.584  26.731 0.0000000000
161003  53.182  22.952  19.911 0.0000000000
161015  53.155  22.815  19.163 0.0000000000
200028  53.514  21.605  19.189 0.0000000000
158828  53.613  20.266  18.910 0.0000000000
158075  53.233  19.552  18.730 0.0000000000
203782  53.144  18.041  17.914 0.0000000000
156662  53.788  17.825  18.219 0.0000000000
155251  53.391  16.486  17.832 0.0000000000
148010  55.180  8.017  23.221 0.0000000000
148671  54.483  9.292  23.272 0.0000000000
148670  54.674  8.666  23.639 0.0000000000
221107  54.360  8.880  24.924 0.0000000000
148618  53.420  8.742  25.703 0.0000000000
150702  44.402  11.342  24.205 0.0000000000
224428  43.867  11.022  24.162 0.0000000000
148650  43.574  9.339  24.243 0.0000000000
147989  43.135  8.845  23.993 0.0000000000
147988  43.928  8.673  24.122 0.0000000000
148675  44.662  8.753  23.891 0.0000000000
156010  50.637  16.888  12.595 0.0000000000
195512  50.202  16.637  12.296 0.0000000000
155286  50.001  15.698  12.829 0.0000000000
155287  49.239  15.805  13.459 0.0000000000
155280  49.366  16.155  14.441 0.0000000000
152237  42.670  13.571  21.741 0.0000000000
152219  42.020  13.157  22.478 0.0000000000
151429  41.321  12.354  23.345 0.0000000000
150721  40.951  11.698  23.752 0.0000000000
159553  51.634  21.608  20.137 0.0000000000
209396  52.181  20.861  20.600 0.0000000000
159554  51.084  21.182  19.913 0.0000000000
158811  50.974  20.516  20.070 0.0000000000
163178  47.184  24.970  19.628 0.0000000000
209127  47.463  25.700  19.844 0.0000000000
209325  47.862  25.120  19.804 0.0000000000
202012  48.932  24.435  19.615 0.0000000000
162420  49.449  25.051  19.704 0.0000000000
162419  50.225  24.869  19.693 0.0000000000
218940  49.890  23.660  19.621 0.0000000000
161006  51.099  22.781  19.762 0.0000000000
222941  56.300  7.046  27.701 0.0000000000
146510  55.963  6.923  27.418 0.0000000000
145695  55.529  6.377  27.934 0.0000000000
145696  55.241  5.733  28.315 0.0000000000
144920  54.204  5.097  28.094 0.0000000000
226508  51.932  2.949  27.650 0.0000000000
142313  52.275  3.049  27.231 0.0000000000
142326  51.285  2.669  26.204 0.0000000000
142343  51.351  2.510  25.022 0.0000000000
197895  50.797  2.615  23.885 0.0000000000
150091  50.979  10.591  15.802 0.0000000000
150083  50.695  10.634  16.566 0.0000000000
199304  51.159  10.158  16.171 0.0000000000
149393  52.313  9.467  16.474 0.0000000000
148730  52.900  9.161  16.992 0.0000000000
150762  54.065  11.291  18.655 0.0000000000
149380  54.372  9.840  18.073 0.0000000000
150067  54.697  9.937  18.849 0.0000000000
149372  55.369  9.047  19.645 0.0000000000
148700  55.891  8.097  20.153 0.0000000000
205590  55.977  9.297  20.575 0.0000000000
230522  56.053  10.058  21.076 0.0000000000
149353  56.317  10.266  21.480 0.0000000000
155225  52.743  17.163  21.145 0.0000000000
202608  52.763  16.474  20.786 0.0000000000
205105  52.683  16.456  21.537 0.0000000000
153772  53.164  15.186  21.961 0.0000000000
152993  53.651  14.584  22.467 0.0000000000
223561  55.309  14.839  24.768 0.0000000000
152984  55.377  13.957  23.805 0.0000000000
228713  55.486  13.637  24.120 0.0000000000
151417  55.709  12.458  23.828 0.0000000000
150711  55.855  11.768  23.280 0.0000000000
150692  55.894  11.827  24.089 0.0000000000
150680  55.969  11.155  24.527 0.0000000000
149299  56.706  9.797  25.445 0.0000000000
149288  56.947  9.354  25.839 0.0000000000
149286  56.589  9.891  26.110 0.0000000000
149980  56.218  10.449  26.622 0.0000000000
149969  56.440  9.824  27.541 0.0000000000
152123  55.822  13.118  29.872 0.0000000000
151340  55.838  12.546  29.470 0.0000000000
151332  55.838  12.748  29.979 0.0000000000
221794  56.001  12.058  30.222 0.0000000000
222483  45.394  27.535  11.602 0.0000000000
163980  46.103  26.688  11.451 0.0000000000
222164  47.178  26.014  11.021 0.0000000000
163978  47.717  25.680  10.765 0.0000000000
163972  47.410  25.779  11.600 0.0000000000
163249  48.476  25.164  12.038 0.0000000000
162487  49.248  24.647  12.908 0.0000000000
163946  46.194  26.103  17.625 0.0000000000
163201  45.950  25.349  17.253 0.0000000000
163945  46.981  26.038  17.673 0.0000000000
163944  47.816  26.025  17.559 0.0000000000
161699  52.032  23.898  17.010 0.0000000000
162441  51.860  24.450  16.400 0.0000000000
161025  51.259  22.831  16.517 0.0000000000
161029  51.002  22.997  16.143 0.0000000000
161030  50.385  22.994  15.712 0.0000000000
160325  49.956  22.750  15.368 0.0000000000
159619  49.633  21.672  15.975 0.0000000000
211448  49.395  20.919  16.082 0.0000000000
158127  49.397  19.403  15.561 0.0000000000
158126  49.823  19.042  16.040 0.0000000000
155987  51.155  17.319  15.063 0.0000000000
223862  53.336  14.532  14.612 0.0000000000
153831  53.135  15.089  14.908 0.0000000000
203605  52.516  12.270  13.719 0.0000000000
152312  51.708  12.068  14.221 0.0000000000
150789  51.715  11.137  14.370 0.0000000000
150098  51.329  10.854  15.187 0.0000000000
150057  51.895  11.281  20.279 0.0000000000
150748  51.408  11.770  20.614 0.0000000000
150742  51.571  11.714  21.255 0.0000000000
230383  51.242  12.039  22.869 0.0000000000
149990  51.228  10.688  25.034 0.0000000000
150006  50.852  11.225  24.706 0.0000000000
212354  49.913  10.655  25.118 0.0000000000
149326  47.281  9.621  24.460 0.0000000000
148646  46.817  9.240  24.096 0.0000000000
147314  46.274  8.479  23.313 0.0000000000
147341  46.203  8.084  22.651 0.0000000000
146515  52.005  6.816  27.104 0.0000000000
147279  51.595  7.420  26.781 0.0000000000
146520  50.688  6.732  26.449 0.0000000000
146525  49.677  6.506  25.682 0.0000000000
206585  49.374  6.283  25.167 0.0000000000
152217  43.409  13.195  22.536 0.0000000000
151427  43.069  12.208  23.395 0.0000000000
151440  43.893  12.946  22.963 0.0000000000
151425  44.584  12.579  23.405 0.0000000000
206107  45.515  13.210  22.830 0.0000000000
150716  44.994  12.127  23.810 0.0000000000
151408  45.539  12.051  24.041 0.0000000000
150700  45.772  11.447  24.376 0.0000000000
153832  50.589  14.473  15.162 0.0000000000
154531  49.945  15.453  15.574 0.0000000000
154517  49.206  15.285  17.030 0.0000000000
153025  45.120  13.404  19.763 0.0000000000
153014  44.239  13.696  20.615 0.0000000000
152255  43.877  13.563  21.375 0.0000000000
162423  46.521  24.920  19.650 0.0000000000
161686  47.030  23.650  19.635 0.0000000000
161685  47.706  23.363  19.582 0.0000000000
145651  55.198  6.014  30.047 0.0000000000
144891  55.256  5.199  29.445 0.0000000000
144874  54.993  5.305  30.019 0.0000000000
144022  54.323  4.550  30.259 0.0000000000
143208  53.447  3.491  29.329 0.0000000000
144007  53.488  4.346  31.218 0.0000000000
143209  52.624  3.512  29.519 0.0000000000
142288  52.140  3.233  28.935 0.0000000000
204227  51.262  2.966  27.926 0.0000000000
142327  50.723  2.758  26.632 0.0000000000
150782  53.417  11.185  15.082 0.0000000000
150088  53.278  10.344  15.406 0.0000000000
199217  54.007  11.870  16.337 0.0000000000
150775  53.923  11.326  16.733 0.0000000000
150768  53.866  11.512  17.699 0.0000000000
151492  53.568  12.782  18.056 0.0000000000
211156  53.794  12.104  18.423 0.0000000000
151482  53.819  11.938  19.321 0.0000000000
150747  54.222  11.535  20.107 0.0000000000
151463  54.360  11.944  20.729 0.0000000000
194247  52.825  16.355  23.403 0.0000000000
154469  53.199  16.024  23.232 0.0000000000
219096  53.277  16.181  23.854 0.0000000000
154457  53.868  15.962  23.952 0.0000000000
154456  54.526  15.600  24.278 0.0000000000
155168  53.873  16.234  24.956 0.0000000000
154440  54.750  15.698  24.978 0.0000000000
153748  55.032  15.233  24.537 0.0000000000
153747  55.286  14.692  25.294 0.0000000000
152965  55.122  14.548  25.908 0.0000000000
152165  55.145  13.710  26.009 0.0000000000
150664  55.123  12.907  27.045 0.0000000000
152163  55.270  13.744  26.797 0.0000000000
209355  55.510  13.918  27.473 0.0000000000
152951  55.793  13.824  28.064 0.0000000000
153694  55.712  14.857  28.031 0.0000000000
203143  55.784  13.803  29.092 0.0000000000
202009  55.779  13.804  29.971 0.0000000000
204930  55.776  13.873  30.638 0.0000000000
152891  55.616  13.798  31.347 0.0000000000
163233  46.665  25.034  13.533 0.0000000000
165309  50.825  28.043  18.870 0.0000000000
164636  50.786  27.783  18.084 0.0000000000
164624  52.085  26.808  18.211 0.0000000000
163929  52.293  26.195  17.646 0.0000000000
198253  52.510  24.869  17.189 0.0000000000
161019  53.025  22.797  18.340 0.0000000000
161020  52.590  22.994  17.735 0.0000000000
219505  52.422  23.638  17.398 0.0000000000
160309  51.620  21.936  17.441 0.0000000000
209342  51.400  20.704  17.789 0.0000000000
158093  50.862  19.578  17.373 0.0000000000
157398  50.994  18.381  16.828 0.0000000000
156671  51.566  17.919  16.910 0.0000000000
155981  52.071  17.158  16.306 0.0000000000
155266  52.803  16.531  16.209 0.0000000000
155258  53.146  16.381  16.914 0.0000000000
154523  53.051  15.969  16.098 0.0000000000
154528  53.413  15.387  15.725 0.0000000000
192740  53.764  14.420  15.803 0.0000000000
152311  53.624  13.207  15.249 0.0000000000
149362  53.502  9.996  21.183 0.0000000000
150048  53.091  10.639  21.525 0.0000000000
149356  53.618  10.179  21.849 0.0000000000
149349  53.553  10.165  22.563 0.0000000000
150003  53.039  10.613  23.725 0.0000000000
208837  53.973  9.794  23.618 0.0000000000
149324  53.197  10.239  24.492 0.0000000000
149989  51.991  10.618  24.842 0.0000000000
149303  51.599  10.188  25.386 0.0000000000
149292  50.668  9.645  25.612 0.0000000000
148629  49.249  9.031  25.275 0.0000000000
144942  49.951  4.893  23.232 0.0000000000
144943  49.458  5.211  22.819 0.0000000000
223148  49.593  4.618  22.149 0.0000000000
148020  40.420  8.130  23.939 0.0000000000
150719  42.893  11.538  23.633 0.0000000000
150028  42.574  10.933  23.759 0.0000000000
150017  42.244  10.356  23.914 0.0000000000
150016  42.925  10.395  24.061 0.0000000000
149331  42.005  9.904  24.249 0.0000000000
147319  40.796  7.606  23.563 0.0000000000
147346  41.864  7.228  22.965 0.0000000000
146549  42.288  6.903  22.404 0.0000000000
156011  49.589  16.438  12.304 0.0000000000
156022  49.125  16.416  12.190 0.0000000000
155268  49.648  15.860  15.830 0.0000000000
155275  49.299  16.246  15.430 0.0000000000
157365  54.008  19.119  19.722 0.0000000000
155948  53.849  17.408  19.414 0.0000000000
157366  53.832  18.649  19.964 0.0000000000
157351  53.394  18.890  20.402 0.0000000000
158045  52.666  19.670  20.917 0.0000000000
156629  52.963  18.558  20.955 0.0000000000
195826  52.903  17.948  21.073 0.0000000000
155930  52.566  17.568  21.506 0.0000000000
155915  52.430  17.172  21.781 0.0000000000
217969  52.421  16.548  22.921 0.0000000000
155191  52.450  16.473  23.461 0.0000000000
192229  52.204  16.543  23.870 0.0000000000
155178  52.206  16.288  24.285 0.0000000000
196270  44.724  26.528  17.289 0.0000000000
164651  43.911  27.757  17.622 0.0000000000
164650  44.535  27.618  17.752 0.0000000000
163935  45.793  27.196  17.853 0.0000000000
163934  46.569  27.144  17.871 0.0000000000
164639  47.931  27.734  18.283 0.0000000000
211764  49.415  28.176  18.762 0.0000000000
163908  47.041  26.363  19.663 0.0000000000
165298  48.389  28.382  19.362 0.0000000000
165297  49.167  28.252  19.398 0.0000000000
165310  50.257  28.189  19.011 0.0000000000
212103  50.774  27.301  19.575 0.0000000000
204252  51.610  26.149  19.435 0.0000000000
162416  52.324  24.471  19.615 0.0000000000
200311  51.478  24.264  19.734 0.0000000000
161680  51.991  23.833  19.734 0.0000000000
161678  52.947  23.532  19.843 0.0000000000
160289  53.263  22.235  20.183 0.0000000000
158810  54.055  20.271  19.884 0.0000000000
147292  56.729  6.978  25.250 0.0000000000
194467  55.327  7.596  25.213 0.0000000000
147285  55.143  7.535  25.852 0.0000000000
147276  54.495  7.350  26.724 0.0000000000
195632  53.730  7.369  26.824 0.0000000000
146511  55.147  6.950  27.260 0.0000000000
146513  53.269  6.874  27.284 0.0000000000
201098  52.609  7.107  27.221 0.0000000000
145702  51.633  6.087  26.966 0.0000000000
144926  50.867  5.147  25.979 0.0000000000
221963  50.713  4.725  25.534 0.0000000000
144068  54.878  4.900  28.944 0.0000000000
144070  54.106  4.532  28.202 0.0000000000
144921  53.490  4.707  27.729 0.0000000000
143239  52.371  3.606  27.051 0.0000000000
144076  51.973  3.869  26.405 0.0000000000
144075  52.341  4.434  27.050 0.0000000000
144928  51.506  4.513  26.145 0.0000000000
144931  50.903  4.362  24.928 0.0000000000
144935  50.525  4.568  23.658 0.0000000000
144941  50.577  4.162  22.983 0.0000000000
151486  48.816  12.152  18.394 0.0000000000
151476  49.101  12.336  19.246 0.0000000000
151485  49.573  12.018  18.825 0.0000000000
151484  50.374  12.064  19.209 0.0000000000
150755  51.243  11.450  19.182 0.0000000000
150076  51.383  10.548  17.889 0.0000000000
150070  51.558  10.792  18.765 0.0000000000
150063  51.790  11.076  19.560 0.0000000000
149375  52.761  10.172  19.650 0.0000000000
200550  53.214  9.595  19.834 0.0000000000
149399  53.432  9.946  15.999 0.0000000000
149392  53.412  9.549  16.345 0.0000000000
148729  53.430  8.515  17.501 0.0000000000
149386  54.379  8.993  17.584 0.0000000000
148721  54.359  8.431  17.798 0.0000000000
148722  53.359  8.326  17.985 0.0000000000
148715  53.400  8.404  18.609 0.0000000000
148709  53.592  8.698  19.334 0.0000000000
148702  53.791  8.883  20.068 0.0000000000
149361  53.979  9.105  20.760 0.0000000000
148696  54.603  8.421  21.029 0.0000000000
148695  55.049  7.909  21.388 0.0000000000
148048  55.526  7.459  20.506 0.0000000000
194473  55.360  7.609  21.126 0.0000000000
148038  55.354  7.887  22.445 0.0000000000
148009  55.868  7.537  22.778 0.0000000000
147310  56.496  7.268  23.138 0.0000000000
147309  57.051  7.095  23.491 0.0000000000
193762  53.503  17.080  19.720 0.0000000000
153023  52.451  14.741  19.737 0.0000000000
153786  52.559  14.838  20.472 0.0000000000
153022  52.682  13.903  20.184 0.0000000000
152262  53.790  12.559  20.819 0.0000000000
151462  54.945  11.763  21.269 0.0000000000
153764  53.987  14.897  23.051 0.0000000000
193749  54.308  14.242  22.689 0.0000000000
152985  55.077  14.396  23.401 0.0000000000
152992  54.850  14.003  22.832 0.0000000000
153000  54.596  13.553  22.391 0.0000000000
152227  55.041  12.970  21.960 0.0000000000
151454  55.061  12.311  21.657 0.0000000000
150740  55.398  11.340  21.237 0.0000000000
150732  56.060  11.346  21.665 0.0000000000
150042  56.251  10.972  21.678 0.0000000000
223309  56.442  10.021  21.928 0.0000000000
212259  56.409  10.883  23.197 0.0000000000
207211  56.645  10.316  23.189 0.0000000000
148678  57.216  8.370  23.235 0.0000000000
148008  57.340  7.842  23.572 0.0000000000
147299  57.042  7.059  24.151 0.0000000000
146530  56.938  7.072  24.823 0.0000000000
147282  57.030  7.413  25.963 0.0000000000
147273  56.909  7.306  26.758 0.0000000000
148617  57.079  8.957  26.230 0.0000000000
147956  57.111  8.304  26.877 0.0000000000
147272  57.064  7.853  27.182 0.0000000000
147266  56.601  7.774  27.750 0.0000000000
147250  56.421  7.620  28.243 0.0000000000
147233  56.198  7.694  28.828 0.0000000000
150663  55.586  11.677  27.380 0.0000000000
150662  55.745  11.367  27.849 0.0000000000
149968  56.388  9.949  27.879 0.0000000000
151360  55.625  11.871  28.878 0.0000000000
149948  56.096  10.046  28.385 0.0000000000
227618  56.530  9.515  28.327 0.0000000000
148574  56.615  8.954  28.705 0.0000000000
147217  55.946  7.789  29.273 0.0000000000
223890  55.799  7.267  29.752 0.0000000000
147218  55.366  7.079  30.036 0.0000000000
147210  54.928  6.908  30.250 0.0000000000
228340  54.532  7.235  30.323 0.0000000000
147211  53.920  7.077  30.620 0.0000000000
200562  48.276  24.918  9.853 0.0000000000
163278  47.940  25.381  10.660 0.0000000000
211491  48.161  24.985  10.508 0.0000000000
161752  48.132  23.502  11.202 0.0000000000
203945  47.664  22.820  11.520 0.0000000000
160347  47.449  21.904  12.622 0.0000000000
159649  47.696  21.117  13.701 0.0000000000
162475  46.859  24.661  14.154 0.0000000000
162474  47.627  24.569  14.286 0.0000000000
164648  50.481  27.107  17.780 0.0000000000
163941  50.299  26.156  17.324 0.0000000000
163204  51.211  25.142  16.383 0.0000000000
162463  48.457  24.639  14.494 0.0000000000
163231  48.252  25.007  13.773 0.0000000000
163240  49.453  24.942  13.305 0.0000000000
162486  49.741  24.652  13.405 0.0000000000
161051  49.108  23.340  13.645 0.0000000000
160326  49.458  22.455  14.934 0.0000000000
161043  48.952  22.436  14.534 0.0000000000
161052  48.847  22.585  13.951 0.0000000000
160334  47.809  21.685  14.189 0.0000000000
158901  47.787  20.956  14.420 0.0000000000
158914  47.859  20.344  13.816 0.0000000000
158159  48.544  19.392  14.193 0.0000000000
157424  49.914  18.270  13.986 0.0000000000
196300  50.006  18.306  14.698 0.0000000000
156003  50.542  17.415  13.232 0.0000000000
154552  51.148  15.756  12.716 0.0000000000
154537  50.950  15.201  13.160 0.0000000000
156679  50.994  17.805  16.173 0.0000000000
156687  51.214  17.454  15.698 0.0000000000
155992  51.454  16.738  14.564 0.0000000000
154535  52.610  15.362  14.444 0.0000000000
154536  51.981  15.602  14.066 0.0000000000
155278  51.639  16.211  13.734 0.0000000000
154551  51.515  15.406  13.082 0.0000000000
153843  51.346  14.710  13.231 0.0000000000
199503  50.723  14.617  13.954 0.0000000000
153056  50.886  13.843  15.560 0.0000000000
152308  49.817  12.569  16.371 0.0000000000
151508  50.634  12.097  15.903 0.0000000000
151510  48.917  12.245  16.522 0.0000000000
151499  48.999  11.910  16.643 0.0000000000
151493  48.490  11.966  17.551 0.0000000000
151468  49.387  12.589  20.043 0.0000000000
152249  48.949  13.075  21.235 0.0000000000
152229  49.115  13.164  21.985 0.0000000000
151457  50.687  12.343  21.336 0.0000000000
222126  49.549  13.156  22.327 0.0000000000
152211  48.361  13.229  22.544 0.0000000000
152193  47.845  12.882  23.271 0.0000000000
151406  46.958  12.208  24.177 0.0000000000
150699  46.620  11.566  24.347 0.0000000000
150044  52.614  11.061  21.872 0.0000000000
150727  51.670  11.733  22.599 0.0000000000
150728  50.834  12.126  23.432 0.0000000000
150694  50.422  11.670  24.412 0.0000000000
150695  49.744  11.588  24.503 0.0000000000
151403  49.387  12.061  24.183 0.0000000000
212480  48.405  11.590  24.367 0.0000000000
211434  45.392  10.129  24.442 0.0000000000
148015  44.263  8.214  23.548 0.0000000000
148673  45.880  8.931  23.677 0.0000000000
148014  45.059  8.353  23.273 0.0000000000
193980  44.020  7.486  22.610 0.0000000000
147963  54.679  8.018  25.627 0.0000000000
147965  53.283  8.388  26.254 0.0000000000
224184  52.806  8.756  26.205 0.0000000000
147959  51.849  8.110  26.673 0.0000000000
147966  52.118  8.716  26.388 0.0000000000
147967  51.402  8.581  26.229 0.0000000000
203428  50.299  8.688  25.949 0.0000000000
147970  49.404  8.401  25.472 0.0000000000
147975  48.962  8.525  25.038 0.0000000000
145714  49.306  5.709  23.592 0.0000000000
146543  48.878  6.137  23.170 0.0000000000
145712  48.800  6.408  23.982 0.0000000000
146535  48.314  6.849  23.588 0.0000000000
147311  47.956  7.494  23.838 0.0000000000
147302  48.136  7.789  24.247 0.0000000000
147303  47.697  8.113  23.986 0.0000000000
147313  46.852  8.096  23.145 0.0000000000
143166  50.449  3.383  30.640 0.0000000000
143211  49.862  3.301  29.871 0.0000000000
192472  48.948  3.285  28.587 0.0000000000
229324  49.462  3.436  28.336 0.0000000000
142261  51.884  3.449  29.706 0.0000000000
142262  51.348  3.494  29.821 0.0000000000
142290  49.022  3.096  29.734 0.0000000000
142304  51.710  3.105  28.397 0.0000000000
142314  51.661  2.871  26.892 0.0000000000
142316  50.630  2.977  27.543 0.0000000000
142334  51.592  2.814  25.310 0.0000000000
142335  51.406  2.477  25.561 0.0000000000
142344  50.865  2.357  24.734 0.0000000000
143163  52.911  3.960  30.760 0.0000000000
143164  52.015  3.904  30.685 0.0000000000
143181  53.972  3.959  29.941 0.0000000000
143182  53.196  3.722  30.148 0.0000000000
143185  50.892  3.446  30.234 0.0000000000
143217  53.546  3.614  28.550 0.0000000000
143218  52.936  3.167  28.734 0.0000000000
143227  52.565  3.482  27.599 0.0000000000
143240  51.890  3.244  26.556 0.0000000000
143241  50.161  2.851  26.328 0.0000000000
143265  51.223  2.768  24.282 0.0000000000
144006  54.092  4.669  30.910 0.0000000000
144010  50.917  3.720  31.066 0.0000000000
144021  54.856  4.890  29.852 0.0000000000
144052  54.574  4.437  29.664 0.0000000000
144069  54.483  4.565  28.963 0.0000000000
144071  53.659  3.947  27.823 0.0000000000
144098  50.987  3.718  23.414 0.0000000000
144855  53.923  5.553  31.165 0.0000000000
144861  54.717  5.509  30.532 0.0000000000
144863  53.812  4.902  31.379 0.0000000000
144873  55.345  5.578  29.776 0.0000000000
144913  54.581  4.879  28.572 0.0000000000
145641  54.799  6.023  30.520 0.0000000000
145644  52.601  5.779  31.205 0.0000000000
145652  55.023  5.668  30.194 0.0000000000
145664  55.593  5.739  29.220 0.0000000000
145697  54.471  5.658  27.961 0.0000000000
145701  52.181  6.140  27.272 0.0000000000
145705  50.302  6.005  25.965 0.0000000000
145711  49.199  5.980  24.256 0.0000000000
146447  54.683  6.556  30.537 0.0000000000
146448  54.398  6.258  30.851 0.0000000000
146449  53.850  6.523  30.985 0.0000000000
146457  56.026  7.095  29.425 0.0000000000
146458  55.543  6.569  29.829 0.0000000000
146488  56.108  7.041  28.830 0.0000000000
146504  55.975  6.587  28.115 0.0000000000
146507  53.163  6.246  27.547 0.0000000000
146516  51.295  6.733  26.813 0.0000000000
146519  56.876  7.062  25.448 0.0000000000
146521  50.131  6.902  26.093 0.0000000000
146531  49.030  6.540  24.648 0.0000000000
146532  48.468  7.152  24.283 0.0000000000
147232  56.273  8.235  28.821 0.0000000000
147249  56.521  8.146  28.349 0.0000000000
147267  56.631  7.472  27.557 0.0000000000
147284  55.992  7.332  25.784 0.0000000000
147287  50.560  7.435  26.333 0.0000000000
147289  49.487  7.743  25.717 0.0000000000
147291  57.125  7.474  25.255 0.0000000000
147293  56.192  7.375  24.889 0.0000000000
147294  49.146  7.890  25.150 0.0000000000
147298  57.209  7.426  24.512 0.0000000000
147308  57.309  7.348  23.813 0.0000000000
147336  57.209  7.357  23.331 0.0000000000
147338  56.411  7.398  22.574 0.0000000000
147339  47.282  7.543  22.878 0.0000000000
147908  56.418  8.642  28.863 0.0000000000
147909  56.006  8.388  29.131 0.0000000000
147957  53.466  7.953  26.575 0.0000000000
147973  54.806  8.266  24.883 0.0000000000
147977  47.916  8.793  24.723 0.0000000000
147985  48.025  8.333  24.479 0.0000000000
147987  46.935  8.776  23.828 0.0000000000
148035  57.092  7.755  22.973 0.0000000000
148041  56.086  7.873  21.694 0.0000000000
148042  55.620  7.677  21.534 0.0000000000
148043  55.381  7.738  21.718 0.0000000000
148052  55.437  7.487  19.933 0.0000000000
148063  54.487  8.019  18.161 0.0000000000
148065  53.641  7.895  18.288 0.0000000000
148068  54.037  8.140  17.886 0.0000000000
148069  53.671  8.034  17.946 0.0000000000
148073  53.748  8.229  17.679 0.0000000000
148573  56.582  9.119  28.623 0.0000000000
148588  56.619  9.240  28.295 0.0000000000
148607  56.670  9.042  27.942 0.0000000000
148608  56.744  8.703  27.733 0.0000000000
148615  56.923  8.662  27.173 0.0000000000
148619  52.335  9.237  26.035 0.0000000000
148622  50.225  9.283  25.608 0.0000000000
148623  49.780  8.858  25.587 0.0000000000
148626  53.824  9.097  25.162 0.0000000000
148630  48.701  9.096  25.032 0.0000000000
148643  54.527  8.790  24.378 0.0000000000
148680  54.858  8.547  22.886 0.0000000000
148706  55.598  8.063  19.671 0.0000000000
148714  54.869  8.331  18.509 0.0000000000
148728  53.922  8.611  17.430 0.0000000000
149227  55.662  10.355  29.215 0.0000000000
149228  55.609  10.024  29.410 0.0000000000
149236  55.882  9.259  29.231 0.0000000000
149247  56.415  9.603  28.667 0.0000000000
149261  56.627  9.529  27.716 0.0000000000
149290  51.964  9.769  25.833 0.0000000000
149301  52.979  9.975  25.175 0.0000000000
149304  50.890  10.144  25.378 0.0000000000
149306  47.833  9.998  24.665 0.0000000000
149323  53.801  9.791  24.281 0.0000000000
149325  52.657  10.411  24.891 0.0000000000
149328  45.981  10.080  24.337 0.0000000000
149329  43.247  9.902  24.300 0.0000000000
149343  54.110  9.793  22.916 0.0000000000
149347  56.485  10.137  22.514 0.0000000000
149360  56.247  9.347  21.102 0.0000000000
149373  55.005  9.131  19.074 0.0000000000
149394  51.689  9.736  16.215 0.0000000000
149400  53.024  9.724  15.674 0.0000000000
149933  55.715  10.267  28.924 0.0000000000
149970  56.116  10.688  27.307 0.0000000000
149979  56.479  9.826  26.880 0.0000000000
149988  56.271  10.462  25.134 0.0000000000
149991  50.527  10.667  25.110 0.0000000000
149992  49.339  10.308  25.154 0.0000000000
150002  56.319  10.625  24.368 0.0000000000
150004  52.585  10.697  24.360 0.0000000000
150005  51.508  11.106  24.481 0.0000000000
150007  50.151  11.165  24.830 0.0000000000
150009  48.404  11.042  24.592 0.0000000000
150035  53.119  10.649  22.927 0.0000000000
150036  52.720  11.114  22.575 0.0000000000
150041  56.355  10.693  22.020 0.0000000000
150055  52.998  10.525  20.874 0.0000000000
150056  52.423  10.907  20.591 0.0000000000
150061  54.505  10.687  19.228 0.0000000000
150068  54.376  10.526  18.540 0.0000000000
150077  50.752  10.807  17.434 0.0000000000
150090  51.586  9.994  15.587 0.0000000000
150610  55.824  11.777  30.249 0.0000000000
150618  55.558  11.145  29.454 0.0000000000
150626  55.616  11.021  28.972 0.0000000000
150642  55.672  11.202  28.372 0.0000000000
150697  47.802  11.450  24.447 0.0000000000
150698  47.208  11.705  24.434 0.0000000000
150713  51.484  11.753  23.358 0.0000000000
150714  50.557  12.005  23.994 0.0000000000
150715  50.015  12.036  24.135 0.0000000000
150725  56.014  11.825  22.561 0.0000000000
150726  52.208  11.477  22.225 0.0000000000
150735  51.671  11.738  21.876 0.0000000000
150739  55.846  11.240  21.362 0.0000000000
150749  51.060  12.025  20.130 0.0000000000
150756  50.956  11.956  19.538 0.0000000000
150781  53.716  11.210  15.929 0.0000000000
150783  50.626  11.166  15.790 0.0000000000
150788  52.374  10.831  14.016 0.0000000000
150793  53.100  11.236  14.229 0.0000000000
151331  55.937  12.335  30.241 0.0000000000
151377  55.676  11.733  28.490 0.0000000000
151378  55.758  12.213  28.221 0.0000000000
151386  55.400  12.898  26.434 0.0000000000
151404  48.717  12.031  24.147 0.0000000000
151405  48.083  12.025  24.220 0.0000000000
151418  49.720  12.428  23.774 0.0000000000
151421  47.118  12.694  23.600 0.0000000000
151423  45.883  12.415  23.795 0.0000000000
151424  45.340  12.507  23.606 0.0000000000
151436  51.238  12.044  22.241 0.0000000000
151437  50.790  12.321  22.681 0.0000000000
151450  49.976  12.859  21.806 0.0000000000
151456  51.174  12.023  21.598 0.0000000000
151458  50.273  12.576  20.986 0.0000000000
151478  47.612  12.346  18.534 0.0000000000
151491  53.792  12.313  17.766 0.0000000000
151498  53.933  12.241  17.039 0.0000000000
151501  48.035  12.529  17.055 0.0000000000
151507  53.892  11.903  15.657 0.0000000000
151513  53.808  12.569  15.494 0.0000000000
151519  52.779  11.353  13.728 0.0000000000
152097  55.652  13.243  31.404 0.0000000000
152130  55.843  13.083  29.170 0.0000000000
152147  55.837  13.104  28.442 0.0000000000
152192  48.711  12.977  23.296 0.0000000000
152208  55.182  13.378  22.462 0.0000000000
152215  44.861  13.494  22.511 0.0000000000
152231  47.801  13.319  22.037 0.0000000000
152232  47.144  13.386  21.980 0.0000000000
152245  54.658  12.799  21.646 0.0000000000
152264  48.873  12.972  20.455 0.0000000000
152274  48.646  12.696  19.665 0.0000000000
152275  47.957  12.755  19.335 0.0000000000
152279  45.382  13.447  18.429 0.0000000000
152291  46.920  12.667  17.566 0.0000000000
152292  46.547  13.123  17.736 0.0000000000
152300  48.416  12.653  16.719 0.0000000000
152306  54.066  13.198  16.050 0.0000000000
152317  53.167  13.022  14.227 0.0000000000
152318  52.547  13.264  13.678 0.0000000000
152901  55.703  13.439  30.967 0.0000000000
152909  55.853  13.505  30.558 0.0000000000
152917  55.840  13.659  29.912 0.0000000000
152929  55.788  13.596  29.514 0.0000000000
152977  55.416  14.159  24.568 0.0000000000
152991  55.283  13.665  23.098 0.0000000000
153032  45.368  13.252  19.190 0.0000000000
153043  53.801  14.241  17.363 0.0000000000
153060  53.618  14.001  14.962 0.0000000000
153073  51.743  14.198  13.425 0.0000000000
153633  55.654  14.411  30.933 0.0000000000
153669  55.755  14.492  29.279 0.0000000000
153683  55.743  14.601  28.583 0.0000000000
153695  55.566  14.883  27.552 0.0000000000
153711  55.339  14.920  27.244 0.0000000000
153712  55.097  14.812  26.912 0.0000000000
153736  54.823  15.514  25.714 0.0000000000
153755  55.239  14.635  24.135 0.0000000000
153793  53.306  15.374  18.731 0.0000000000
153794  52.793  15.098  19.208 0.0000000000
153821  49.006  14.467  17.035 0.0000000000
153836  53.640  14.818  15.328 0.0000000000
153837  52.810  14.680  14.010 0.0000000000
153841  52.178  14.654  13.461 0.0000000000
153842  51.773  14.886  13.293 0.0000000000
154340  55.592  15.091  30.189 0.0000000000
154352  55.682  14.869  29.477 0.0000000000
154380  55.711  14.927  28.199 0.0000000000
154483  52.782  15.816  21.382 0.0000000000
154509  53.566  15.988  18.001 0.0000000000
154538  50.219  15.183  13.869 0.0000000000
154543  52.281  15.061  13.797 0.0000000000
155115  55.456  15.934  29.733 0.0000000000
155128  55.463  15.610  29.200 0.0000000000
155135  55.724  15.060  28.293 0.0000000000
155272  52.473  16.202  15.642 0.0000000000
155273  51.869  16.429  15.263 0.0000000000
155293  51.077  16.295  12.696 0.0000000000
155294  50.419  16.228  12.375 0.0000000000
155955  53.934  17.206  18.838 0.0000000000
155961  53.999  17.631  18.625 0.0000000000
155963  53.273  17.528  17.748 0.0000000000
155972  53.134  16.992  17.476 0.0000000000
155973  52.925  17.461  17.159 0.0000000000
156001  51.298  16.598  13.528 0.0000000000
156012  48.742  15.837  12.555 0.0000000000
156616  51.977  17.895  21.745 0.0000000000
156642  53.398  18.217  20.383 0.0000000000
156649  54.016  18.474  19.430 0.0000000000
156650  53.840  18.028  19.719 0.0000000000
156663  52.871  17.765  17.410 0.0000000000
156688  50.806  17.612  15.457 0.0000000000
156702  50.201  17.760  13.371 0.0000000000
157336  52.547  18.968  21.131 0.0000000000
157350  53.776  19.193  20.101 0.0000000000
157374  54.105  18.994  19.229 0.0000000000
157376  52.940  18.761  18.223 0.0000000000
157386  53.644  18.381  18.262 0.0000000000
157397  51.499  18.543  17.463 0.0000000000
157414  49.926  18.662  15.331 0.0000000000
158047  51.210  19.923  20.625 0.0000000000
158060  53.995  19.692  20.060 0.0000000000
158107  50.521  18.958  16.875 0.0000000000
158795  52.435  20.385  20.787 0.0000000000
158796  51.718  20.447  20.582 0.0000000000
158827  53.923  20.266  19.354 0.0000000000
158851  51.194  20.048  17.736 0.0000000000
158879  49.178  20.311  15.747 0.0000000000
159541  52.882  20.994  20.574 0.0000000000
159543  51.629  20.990  20.258 0.0000000000
159551  53.881  20.877  20.122 0.0000000000
159568  53.986  20.791  19.637 0.0000000000
159569  53.772  20.964  19.089 0.0000000000
159570  53.344  20.827  18.610 0.0000000000
159581  52.840  21.255  18.291 0.0000000000
159582  52.167  20.865  18.088 0.0000000000
159593  51.177  21.335  17.344 0.0000000000
159621  48.713  21.298  15.121 0.0000000000
160280  52.884  21.757  20.416 0.0000000000
160281  52.275  21.924  20.333 0.0000000000
160294  48.969  21.823  19.534 0.0000000000
160300  53.405  22.213  19.626 0.0000000000
160303  53.208  22.130  18.817 0.0000000000
160308  52.092  22.466  17.613 0.0000000000
160313  50.737  22.377  16.412 0.0000000000
160316  49.996  22.397  15.823 0.0000000000
160327  48.750  21.949  14.824 0.0000000000
160333  48.319  22.098  14.427 0.0000000000
160341  48.146  22.238  13.747 0.0000000000
161023  51.975  23.272  17.303 0.0000000000
161024  51.645  23.376  16.729 0.0000000000
161028  51.352  23.399  16.279 0.0000000000
161032  50.773  23.535  15.648 0.0000000000
161033  50.288  23.352  15.343 0.0000000000
161041  49.904  23.150  14.942 0.0000000000
161066  47.809  22.647  12.272 0.0000000000
161679  52.705  23.739  19.862 0.0000000000
161682  50.436  23.265  19.605 0.0000000000
161691  53.089  23.527  19.385 0.0000000000
161694  53.073  23.345  18.719 0.0000000000
161695  52.919  23.641  17.977 0.0000000000
161698  52.517  24.216  17.311 0.0000000000
161702  51.601  23.949  16.388 0.0000000000
161703  51.188  23.774  16.039 0.0000000000
161713  50.270  24.084  14.742 0.0000000000
161714  49.988  23.626  14.486 0.0000000000
161724  49.731  23.726  13.860 0.0000000000
161733  49.771  23.981  13.698 0.0000000000
161734  49.374  23.923  13.163 0.0000000000
161742  49.135  24.193  12.623 0.0000000000
161743  48.924  23.800  12.187 0.0000000000
161763  48.388  24.350  11.016 0.0000000000
161778  47.938  23.750  9.573 0.0000000000
162417  51.696  24.884  19.716 0.0000000000
162418  51.037  24.839  19.824 0.0000000000
162421  48.272  24.578  19.683 0.0000000000
162424  45.795  24.916  19.683 0.0000000000
162434  53.102  24.044  18.756 0.0000000000
162443  51.818  24.883  16.312 0.0000000000
162450  51.063  24.586  15.987 0.0000000000
162451  50.766  24.504  15.540 0.0000000000
162460  50.437  24.415  15.076 0.0000000000
162462  49.378  24.762  14.423 0.0000000000
162465  47.040  24.495  14.818 0.0000000000
162473  49.985  24.435  13.947 0.0000000000
162476  46.146  24.861  14.053 0.0000000000
162526  48.243  24.354  10.097 0.0000000000
163172  52.136  25.345  19.478 0.0000000000
163175  50.051  25.655  19.756 0.0000000000
163179  46.817  25.568  19.746 0.0000000000
163192  52.598  25.325  18.029 0.0000000000
163195  52.223  25.492  17.109 0.0000000000
163196  51.820  25.293  16.645 0.0000000000
163199  47.372  25.342  17.200 0.0000000000
163203  51.560  25.089  16.413 0.0000000000
163229  49.333  24.969  13.814 0.0000000000
163230  48.807  25.003  13.711 0.0000000000
163239  49.840  24.878  13.632 0.0000000000
163241  48.837  25.158  13.167 0.0000000000
163243  47.300  25.402  13.117 0.0000000000
163252  46.334  25.847  12.267 0.0000000000
163261  48.138  25.527  11.407 0.0000000000
163298  47.932  25.779  10.043 0.0000000000
163901  52.104  26.092  19.161 0.0000000000
163922  52.021  26.658  18.871 0.0000000000
163930  51.887  26.789  17.564 0.0000000000
163936  45.132  27.363  17.834 0.0000000000
163940  50.907  26.303  17.268 0.0000000000
163943  48.660  26.033  17.420 0.0000000000
163947  45.401  26.122  17.424 0.0000000000
163948  44.072  26.683  17.224 0.0000000000
163952  50.667  25.692  16.901 0.0000000000
163973  46.652  26.142  11.624 0.0000000000
163979  46.722  26.559  10.986 0.0000000000
164608  51.326  27.695  19.267 0.0000000000
164610  49.493  27.558  19.693 0.0000000000
164625  51.719  27.285  18.765 0.0000000000
164634  51.636  27.363  18.005 0.0000000000
164635  51.160  27.707  17.879 0.0000000000
164640  47.049  27.967  18.099 0.0000000000
164642  45.514  28.419  18.162 0.0000000000
164647  51.087  27.264  17.389 0.0000000000
164649  49.830  26.721  17.635 0.0000000000
164656  42.840  26.708  16.604 0.0000000000
164661  42.345  26.423  15.976 0.0000000000
164689  45.552  26.920  11.755 0.0000000000
165295  50.578  27.919  19.276 0.0000000000
165296  49.885  28.126  19.364 0.0000000000
165308  51.290  27.881  18.566 0.0000000000
165311  49.612  28.331  19.133 0.0000000000
165312  48.810  28.531  19.173 0.0000000000
165326  50.920  28.008  18.401 0.0000000000
165327  50.543  28.100  18.615 0.0000000000
165328  48.407  28.336  18.869 0.0000000000
165329  47.517  28.393  18.654 0.0000000000
165330  46.450  28.689  18.167 0.0000000000
165344  41.161  27.659  16.803 0.0000000000
190627  45.886  25.229  13.402 0.0000000000
191743  49.589  3.527  28.969 0.0000000000
192401  52.127  9.937  14.875 0.0000000000
192416  51.087  4.303  25.590 0.0000000000
194412  51.865  4.715  26.678 0.0000000000
194780  50.323  12.677  22.470 0.0000000000
194932  50.310  3.420  29.049 0.0000000000
195146  57.143  7.903  26.478 0.0000000000
196171  55.933  11.920  29.874 0.0000000000
196809  55.497  15.730  30.146 0.0000000000
197900  54.104  9.312  24.634 0.0000000000
199598  51.604  22.683  17.086 0.0000000000
200521  50.737  11.710  18.940 0.0000000000
201869  49.655  23.086  19.618 0.0000000000
201908  50.554  24.081  19.635 0.0000000000
201962  49.692  24.276  19.637 0.0000000000
202022  55.787  14.119  30.110 0.0000000000
204122  53.441  9.056  16.877 0.0000000000
204285  51.658  15.745  13.197 0.0000000000
204612  53.213  4.698  31.427 0.0000000000
205228  50.802  8.480  26.153 0.0000000000
205799  53.708  15.510  17.475 0.0000000000
206737  55.324  15.823  27.889 0.0000000000
207212  48.640  25.279  19.739 0.0000000000
207524  56.825  9.679  23.906 0.0000000000
207616  51.018  18.932  17.308 0.0000000000
207654  55.548  6.197  29.737 0.0000000000
207845  47.921  24.721  8.496 0.0000000000
207936  50.141  3.019  30.418 0.0000000000
207972  55.802  14.338  28.364 0.0000000000
208835  57.163  8.484  26.169 0.0000000000
208867  56.078  10.520  27.819 0.0000000000
209380  55.721  14.693  27.927 0.0000000000
209760  48.633  14.867  17.252 0.0000000000
209827  55.963  9.839  28.938 0.0000000000
209983  56.652  9.314  22.231 0.0000000000
210006  52.686  10.949  23.199 0.0000000000
210454  48.308  9.581  24.956 0.0000000000
210875  51.238  24.910  16.209 0.0000000000
211114  52.766  20.713  18.486 0.0000000000
211166  53.510  10.143  23.890 0.0000000000
211236  50.203  27.929  18.342 0.0000000000
211281  57.210  8.481  25.512 0.0000000000
211290  50.162  18.759  16.361 0.0000000000
211313  55.648  13.989  31.025 0.0000000000
211700  51.322  26.920  19.476 0.0000000000
217545  46.815  24.326  19.611 0.0000000000
218618  50.970  3.247  28.951 0.0000000000
219321  52.808  24.898  19.355 0.0000000000
220574  52.143  25.044  16.640 0.0000000000
221082  45.931  25.646  12.821 0.0000000000
221298  54.759  15.514  26.290 0.0000000000
221432  46.734  28.446  10.563 0.0000000000
222453  46.235  24.411  19.648 0.0000000000
222619  57.091  8.657  26.636 0.0000000000
222921  51.672  21.314  17.746 0.0000000000
222982  47.954  25.657  12.057 0.0000000000
223128  51.815  9.680  16.870 0.0000000000
223390  49.561  14.768  16.827 0.0000000000
223567  47.648  12.403  23.945 0.0000000000
223751  50.403  22.645  16.066 0.0000000000
224168  48.571  25.210  12.638 0.0000000000
224329  52.135  9.471  17.831 0.0000000000
225297  50.235  12.209  23.708 0.0000000000
225789  55.241  12.489  27.330 0.0000000000
226100  53.606  16.335  18.795 0.0000000000
226156  49.430  13.023  21.485 0.0000000000
226322  56.447  10.133  25.650 0.0000000000
226954  55.766  13.135  30.786 0.0000000000
227390  45.638  13.518  17.960 0.0000000000
227511  45.693  27.159  11.317 0.0000000000
227773  47.120  24.363  8.331 0.0000000000
228838  56.812  6.952  24.609 0.0000000000
228848  54.317  6.679  30.702 0.0000000000
229497  51.320  3.121  28.625 0.0000000000
229659  55.760  8.879  20.031 0.0000000000
229719  55.345  13.890  27.104 0.0000000000
229736  52.016  4.555  31.091 0.0000000000
230131  56.055  10.525  27.827 0.0000000000
230547  52.754  18.227  21.271 0.0000000000
230726  46.522  27.975  18.049 0.0000000000
230992  53.084  5.270  27.625 0.0000000000
231297  53.868  14.641  17.173 0.0000000000
