#!ascii label  , from subject sub-v2s11x28707_ses-1 vox2ras=TkReg
1630
87660  -12.071  -37.630  56.273 0.0000000000
93373  -36.631  -35.872  38.185 0.0000000000
101481  -33.963  -30.019  36.414 0.0000000000
95786  -31.322  -32.361  45.217 0.0000000000
111586  -39.681  -23.848  28.352 0.0000000000
111490  -33.081  -23.322  32.890 0.0000000000
92145  -40.574  -34.877  40.894 0.0000000000
95819  -35.159  -32.925  41.711 0.0000000000
110316  -42.898  -24.194  31.814 0.0000000000
112737  -46.788  -22.181  30.616 0.0000000000
228394  -49.161  -20.519  29.387 0.0000000000
233512  -34.857  -22.764  42.190 0.0000000000
109066  -31.441  -25.695  35.728 0.0000000000
117077  -35.443  -19.177  39.992 0.0000000000
117113  -38.517  -19.577  38.174 0.0000000000
92067  -22.237  -35.234  42.881 0.0000000000
86133  -11.846  -38.977  60.965 0.0000000000
97277  -36.692  -31.944  35.800 0.0000000000
107728  -37.371  -26.565  40.716 0.0000000000
93316  -25.387  -35.023  40.048 0.0000000000
98549  -29.138  -31.283  38.849 0.0000000000
227764  -50.153  -20.800  24.553 0.0000000000
118380  -51.944  -18.451  27.459 0.0000000000
111558  -36.271  -23.783  30.325 0.0000000000
112665  -40.178  -23.293  35.559 0.0000000000
86275  -13.213  -38.590  50.800 0.0000000000
73909  -9.837  -45.749  61.480 0.0000000000
112719  -44.401  -22.884  31.104 0.0000000000
115884  -34.689  -20.270  41.409 0.0000000000
213367  -19.419  -36.104  42.629 0.0000000000
87646  -11.654  -38.358  58.494 0.0000000000
94644  -37.403  -35.112  34.727 0.0000000000
94633  -38.673  -35.439  35.908 0.0000000000
97166  -27.809  -32.545  42.973 0.0000000000
97215  -26.808  -32.235  39.597 0.0000000000
98497  -30.899  -31.062  42.589 0.0000000000
94590  -35.013  -35.083  39.376 0.0000000000
97251  -33.381  -33.347  38.714 0.0000000000
94632  -33.861  -34.721  37.858 0.0000000000
94478  -29.883  -33.960  45.931 0.0000000000
93278  -26.443  -34.787  42.626 0.0000000000
113833  -45.346  -21.512  26.921 0.0000000000
227208  -48.555  -20.589  25.532 0.0000000000
228438  -50.737  -19.557  28.565 0.0000000000
111455  -31.009  -23.675  34.593 0.0000000000
111521  -34.598  -23.463  31.663 0.0000000000
113724  -38.866  -21.683  36.400 0.0000000000
90630  -17.928  -36.047  46.539 0.0000000000
91948  -16.589  -36.069  48.671 0.0000000000
91918  -15.810  -35.601  50.775 0.0000000000
86297  -14.459  -38.424  49.057 0.0000000000
75321  -9.171  -45.260  58.338 0.0000000000
93349  -38.680  -35.856  38.448 0.0000000000
95893  -40.415  -33.206  36.863 0.0000000000
97236  -41.776  -32.882  38.850 0.0000000000
95765  -34.960  -32.346  46.124 0.0000000000
97157  -34.192  -31.542  43.458 0.0000000000
94492  -36.339  -33.065  44.085 0.0000000000
92087  -36.765  -34.979  41.513 0.0000000000
111562  -40.629  -23.669  30.123 0.0000000000
112746  -42.815  -22.577  29.207 0.0000000000
113796  -44.693  -21.839  29.168 0.0000000000
114927  -46.887  -21.000  28.917 0.0000000000
229677  -47.769  -20.241  27.922 0.0000000000
200237  -47.967  -21.427  29.755 0.0000000000
107748  -34.083  -26.103  38.832 0.0000000000
105443  -32.595  -27.664  36.432 0.0000000000
110202  -32.752  -23.843  39.115 0.0000000000
113715  -32.654  -22.056  37.626 0.0000000000
114851  -33.839  -21.122  36.598 0.0000000000
113744  -35.959  -21.564  35.224 0.0000000000
118231  -37.305  -18.740  38.918 0.0000000000
204161  -21.091  -35.083  44.720 0.0000000000
90686  -18.496  -36.167  44.691 0.0000000000
120748  -52.228  -16.727  24.161 0.0000000000
83194  -10.595  -40.290  63.074 0.0000000000
95926  -36.206  -33.030  35.144 0.0000000000
99985  -35.386  -31.052  36.657 0.0000000000
98569  -38.669  -30.842  36.794 0.0000000000
102805  -36.703  -29.349  38.636 0.0000000000
105421  -35.856  -28.035  38.366 0.0000000000
110183  -35.698  -24.744  41.430 0.0000000000
225525  -33.104  -31.134  40.988 0.0000000000
231009  -25.319  -36.545  42.685 0.0000000000
92103  -23.920  -36.685  40.948 0.0000000000
225938  -48.862  -19.292  26.736 0.0000000000
117260  -50.225  -18.641  26.171 0.0000000000
118398  -51.273  -17.714  25.539 0.0000000000
119538  -52.905  -17.405  26.781 0.0000000000
81923  -10.777  -41.163  53.373 0.0000000000
83261  -10.208  -40.589  56.067 0.0000000000
225095  -38.404  -24.139  29.575 0.0000000000
112696  -36.374  -22.968  33.795 0.0000000000
111511  -38.106  -23.780  32.577 0.0000000000
110328  -39.653  -23.906  30.917 0.0000000000
110264  -41.058  -24.320  33.721 0.0000000000
87699  -12.747  -38.153  53.409 0.0000000000
81840  -10.082  -41.254  58.989 0.0000000000
79110  -10.438  -42.882  61.204 0.0000000000
79100  -9.562  -43.302  62.544 0.0000000000
87652  -11.846  -37.605  57.552 0.0000000000
210644  -35.381  -36.182  37.376 0.0000000000
93409  -37.761  -36.197  35.900 0.0000000000
93393  -37.534  -36.305  37.215 0.0000000000
95797  -29.412  -32.330  44.047 0.0000000000
98485  -29.566  -31.585  42.733 0.0000000000
218187  -31.516  -31.574  44.026 0.0000000000
93347  -36.071  -35.348  38.809 0.0000000000
94612  -34.337  -35.025  38.325 0.0000000000
93371  -35.024  -35.914  38.160 0.0000000000
93407  -34.406  -35.756  37.250 0.0000000000
95763  -32.455  -32.632  46.676 0.0000000000
213634  -31.328  -33.889  47.305 0.0000000000
95771  -30.977  -32.902  45.684 0.0000000000
95783  -29.119  -33.241  44.411 0.0000000000
199427  -47.714  -20.966  25.833 0.0000000000
98590  -34.418  -31.338  36.096 0.0000000000
99982  -33.570  -30.474  36.008 0.0000000000
111489  -31.855  -23.489  33.360 0.0000000000
109138  -31.802  -24.954  32.125 0.0000000000
221743  -34.172  -23.331  32.151 0.0000000000
89220  -16.527  -37.343  46.791 0.0000000000
91962  -17.349  -35.733  47.923 0.0000000000
89205  -16.151  -37.303  47.488 0.0000000000
222944  -15.482  -37.355  48.477 0.0000000000
86329  -15.030  -38.692  47.866 0.0000000000
92157  -40.083  -36.213  39.173 0.0000000000
93376  -40.772  -35.240  37.877 0.0000000000
93354  -41.578  -34.599  39.641 0.0000000000
94463  -36.859  -33.201  46.799 0.0000000000
95776  -35.949  -32.664  44.920 0.0000000000
94481  -37.037  -33.287  45.267 0.0000000000
90755  -39.687  -34.006  41.750 0.0000000000
207053  -38.366  -34.272  41.887 0.0000000000
90792  -38.968  -35.203  40.492 0.0000000000
92139  -37.526  -35.245  40.233 0.0000000000
217290  -41.547  -23.999  31.433 0.0000000000
111563  -42.007  -23.086  30.150 0.0000000000
111564  -42.676  -23.143  30.561 0.0000000000
242448  -45.654  -22.528  31.272 0.0000000000
112748  -44.632  -22.243  30.020 0.0000000000
113798  -45.748  -21.735  29.559 0.0000000000
113810  -45.670  -21.303  28.849 0.0000000000
113799  -46.873  -21.415  29.526 0.0000000000
114916  -47.497  -21.068  29.329 0.0000000000
113792  -47.191  -22.014  30.232 0.0000000000
110204  -33.856  -24.520  39.923 0.0000000000
109027  -33.225  -25.154  38.725 0.0000000000
111409  -33.615  -23.261  40.282 0.0000000000
118197  -35.130  -19.102  40.647 0.0000000000
114791  -33.901  -20.957  39.818 0.0000000000
115925  -34.185  -20.147  38.830 0.0000000000
114835  -33.374  -21.193  37.152 0.0000000000
115926  -34.720  -19.757  38.512 0.0000000000
115943  -35.939  -19.802  37.613 0.0000000000
118230  -36.760  -18.548  39.357 0.0000000000
92052  -23.242  -36.119  43.753 0.0000000000
92015  -22.881  -35.508  44.873 0.0000000000
242848  -21.830  -35.085  43.544 0.0000000000
90704  -18.751  -36.100  43.618 0.0000000000
221223  -53.290  -15.766  24.978 0.0000000000
123105  -53.750  -15.445  24.759 0.0000000000
84638  -11.539  -39.634  62.066 0.0000000000
94651  -37.050  -33.249  34.664 0.0000000000
94650  -36.641  -33.876  34.482 0.0000000000
95917  -36.459  -32.475  35.461 0.0000000000
95916  -35.697  -32.641  35.698 0.0000000000
98593  -36.329  -31.842  36.596 0.0000000000
98571  -40.093  -31.867  36.994 0.0000000000
97253  -39.597  -32.039  36.434 0.0000000000
99953  -39.253  -30.567  37.932 0.0000000000
105388  -38.019  -27.742  40.576 0.0000000000
102797  -37.958  -29.269  39.627 0.0000000000
104145  -37.181  -28.230  39.500 0.0000000000
104152  -36.220  -28.498  38.291 0.0000000000
106552  -36.531  -27.405  39.371 0.0000000000
107738  -35.862  -26.311  39.789 0.0000000000
109006  -36.424  -25.738  40.779 0.0000000000
222733  -28.347  -31.247  39.828 0.0000000000
95798  -34.851  -32.159  43.049 0.0000000000
98500  -33.155  -31.165  41.771 0.0000000000
97195  -33.903  -31.867  40.627 0.0000000000
97249  -32.565  -32.268  37.890 0.0000000000
90713  -27.135  -36.306  43.843 0.0000000000
93301  -25.962  -34.422  41.564 0.0000000000
222616  -25.320  -36.092  41.479 0.0000000000
92120  -25.114  -36.569  40.238 0.0000000000
90785  -22.835  -36.531  40.054 0.0000000000
226807  -48.593  -20.151  28.854 0.0000000000
226661  -48.184  -19.745  27.367 0.0000000000
229318  -49.184  -19.713  28.182 0.0000000000
201079  -51.050  -18.894  27.739 0.0000000000
200189  -49.820  -18.642  27.213 0.0000000000
200512  -50.464  -18.677  27.270 0.0000000000
117261  -50.579  -18.580  25.716 0.0000000000
119536  -51.448  -17.766  26.352 0.0000000000
119543  -51.812  -17.328  26.037 0.0000000000
118381  -52.614  -18.193  27.179 0.0000000000
106565  -31.880  -26.812  35.960 0.0000000000
102848  -31.806  -28.961  35.286 0.0000000000
109173  -37.596  -24.715  28.790 0.0000000000
110344  -37.456  -24.254  30.031 0.0000000000
115970  -36.879  -20.823  36.489 0.0000000000
113760  -36.229  -21.916  34.690 0.0000000000
113731  -37.477  -21.527  35.745 0.0000000000
112654  -39.729  -22.784  35.840 0.0000000000
112678  -38.590  -23.358  34.955 0.0000000000
238505  -39.468  -23.752  33.101 0.0000000000
111524  -39.281  -23.710  31.735 0.0000000000
111499  -39.892  -23.788  32.810 0.0000000000
110294  -40.546  -23.957  32.367 0.0000000000
110242  -40.665  -24.315  34.125 0.0000000000
89159  -14.457  -37.070  50.707 0.0000000000
89136  -13.805  -37.054  52.250 0.0000000000
89122  -13.796  -36.899  53.645 0.0000000000
231752  -13.117  -38.209  51.905 0.0000000000
83302  -12.199  -40.034  51.708 0.0000000000
84763  -12.532  -39.699  51.083 0.0000000000
79151  -9.515  -42.626  56.162 0.0000000000
233843  -9.975  -41.222  57.098 0.0000000000
79139  -9.311  -42.911  56.966 0.0000000000
73922  -9.815  -45.656  60.080 0.0000000000
77804  -9.849  -43.822  59.961 0.0000000000
76589  -10.115  -44.342  61.379 0.0000000000
79101  -9.989  -43.347  62.221 0.0000000000
76583  -9.753  -44.519  62.026 0.0000000000
92022  -38.407  -34.901  45.084 0.0000000000
109126  -43.523  -24.881  33.500 0.0000000000
111527  -43.630  -23.830  31.384 0.0000000000
110299  -44.480  -23.952  32.574 0.0000000000
215675  -34.491  -21.526  41.815 0.0000000000
92080  -21.028  -35.495  42.007 0.0000000000
92065  -20.650  -35.419  42.642 0.0000000000
89070  -12.381  -37.488  59.718 0.0000000000
217580  -12.001  -38.435  60.162 0.0000000000
93408  -36.476  -36.381  36.116 0.0000000000
94645  -38.142  -34.316  34.836 0.0000000000
94646  -38.402  -33.445  35.176 0.0000000000
108979  -37.447  -25.345  42.103 0.0000000000
95816  -26.435  -33.064  41.625 0.0000000000
95841  -25.499  -33.429  39.824 0.0000000000
97194  -27.770  -31.885  42.012 0.0000000000
99912  -28.669  -31.060  41.584 0.0000000000
99927  -30.194  -30.628  41.000 0.0000000000
94546  -34.885  -34.352  40.146 0.0000000000
95843  -34.200  -33.354  40.013 0.0000000000
95873  -34.147  -34.171  39.305 0.0000000000
95906  -33.782  -34.483  38.277 0.0000000000
216373  -33.732  -35.357  36.878 0.0000000000
93240  -28.800  -34.728  45.241 0.0000000000
92055  -27.761  -35.161  44.121 0.0000000000
94503  -28.254  -34.377  44.297 0.0000000000
94510  -26.941  -33.562  42.769 0.0000000000
113832  -44.727  -21.685  27.066 0.0000000000
236893  -49.598  -20.483  24.889 0.0000000000
231483  -50.499  -20.865  29.830 0.0000000000
229126  -49.679  -19.951  28.648 0.0000000000
109082  -30.925  -24.844  35.027 0.0000000000
110352  -35.028  -24.852  29.465 0.0000000000
236957  -35.367  -23.708  31.309 0.0000000000
117097  -39.475  -19.585  38.898 0.0000000000
114822  -38.705  -21.028  37.282 0.0000000000
115948  -39.919  -20.696  38.318 0.0000000000
91977  -18.774  -34.882  46.728 0.0000000000
91964  -18.362  -34.670  47.306 0.0000000000
93172  -17.433  -34.576  49.614 0.0000000000
90575  -16.092  -36.115  49.527 0.0000000000
89172  -15.184  -36.974  49.634 0.0000000000
86296  -13.960  -38.590  49.653 0.0000000000
84818  -13.162  -39.844  49.854 0.0000000000
83341  -13.646  -39.862  48.742 0.0000000000
241530  -37.897  -35.841  38.326 0.0000000000
93375  -38.880  -36.050  37.502 0.0000000000
94591  -39.843  -35.474  37.547 0.0000000000
97256  -40.594  -33.028  37.075 0.0000000000
97124  -33.616  -32.108  45.828 0.0000000000
208473  -32.716  -31.558  44.558 0.0000000000
97130  -34.674  -31.859  44.911 0.0000000000
95799  -35.284  -32.303  43.655 0.0000000000
95810  -35.745  -32.994  42.708 0.0000000000
93270  -37.328  -34.213  43.538 0.0000000000
94514  -36.793  -33.831  42.747 0.0000000000
94523  -36.012  -33.930  41.751 0.0000000000
223649  -36.012  -35.610  40.512 0.0000000000
93331  -36.497  -35.225  39.343 0.0000000000
95754  -33.742  -32.575  47.300 0.0000000000
111568  -40.008  -23.570  29.545 0.0000000000
111587  -40.296  -23.593  27.944 0.0000000000
112744  -41.411  -23.002  28.836 0.0000000000
112754  -42.125  -22.773  28.598 0.0000000000
112756  -43.449  -22.167  28.207 0.0000000000
112734  -43.756  -22.804  30.603 0.0000000000
112747  -44.046  -22.014  29.621 0.0000000000
113822  -44.050  -21.914  27.992 0.0000000000
113824  -45.199  -21.385  27.657 0.0000000000
113825  -45.802  -21.192  27.547 0.0000000000
114945  -47.156  -20.784  27.240 0.0000000000
201004  -47.578  -20.434  27.113 0.0000000000
227135  -47.633  -20.475  28.401 0.0000000000
229738  -47.785  -20.661  28.940 0.0000000000
226803  -48.552  -21.312  29.684 0.0000000000
112739  -48.142  -22.685  30.109 0.0000000000
226339  -49.738  -21.908  29.993 0.0000000000
105435  -34.187  -27.875  37.513 0.0000000000
102829  -33.191  -29.201  36.309 0.0000000000
106561  -33.194  -27.054  37.158 0.0000000000
107770  -32.309  -26.116  37.144 0.0000000000
109045  -31.793  -25.071  37.230 0.0000000000
113684  -33.785  -22.221  40.071 0.0000000000
112627  -32.856  -22.534  38.778 0.0000000000
231033  -31.508  -23.928  36.890 0.0000000000
112651  -31.872  -23.004  36.284 0.0000000000
113740  -32.704  -22.298  35.774 0.0000000000
112671  -33.551  -22.446  34.454 0.0000000000
112672  -34.362  -22.364  34.347 0.0000000000
114868  -34.970  -21.302  35.906 0.0000000000
222549  -36.544  -20.205  36.988 0.0000000000
117095  -37.922  -19.362  38.150 0.0000000000
119369  -38.858  -17.957  39.769 0.0000000000
118234  -39.532  -18.439  39.551 0.0000000000
91994  -20.605  -35.119  45.464 0.0000000000
90706  -19.884  -35.403  43.653 0.0000000000
92030  -19.780  -35.329  44.333 0.0000000000
92011  -19.106  -35.364  45.489 0.0000000000
90650  -17.988  -36.099  45.727 0.0000000000
232628  -34.691  -31.903  36.012 0.0000000000
99984  -34.789  -30.848  36.460 0.0000000000
95908  -39.461  -33.541  35.800 0.0000000000
95907  -38.633  -32.732  35.395 0.0000000000
98581  -37.275  -31.355  36.935 0.0000000000
99961  -37.300  -30.872  38.136 0.0000000000
98580  -36.640  -31.461  37.013 0.0000000000
101474  -36.125  -30.146  37.503 0.0000000000
102815  -35.398  -29.335  37.490 0.0000000000
102814  -34.752  -29.150  37.259 0.0000000000
106556  -34.806  -27.222  38.247 0.0000000000
109019  -34.828  -25.534  39.864 0.0000000000
111398  -35.214  -24.055  41.629 0.0000000000
110152  -36.851  -24.269  42.886 0.0000000000
111365  -36.017  -23.426  43.013 0.0000000000
98488  -32.009  -30.982  42.949 0.0000000000
98510  -32.116  -30.809  41.776 0.0000000000
99939  -30.909  -30.754  39.800 0.0000000000
98538  -33.326  -31.733  39.819 0.0000000000
98536  -31.997  -31.193  39.144 0.0000000000
212018  -24.535  -36.250  43.686 0.0000000000
90728  -23.689  -36.306  42.640 0.0000000000
92070  -25.953  -36.109  42.523 0.0000000000
90750  -24.423  -36.513  42.040 0.0000000000
92082  -22.937  -35.752  41.830 0.0000000000
90769  -21.824  -36.002  40.812 0.0000000000
227207  -47.823  -20.284  26.624 0.0000000000
228101  -48.707  -20.043  25.816 0.0000000000
226214  -49.275  -20.026  25.452 0.0000000000
226238  -49.180  -19.327  27.583 0.0000000000
229128  -49.274  -18.858  26.938 0.0000000000
116092  -50.196  -19.404  25.199 0.0000000000
117267  -50.833  -19.081  24.969 0.0000000000
117268  -51.481  -18.936  24.544 0.0000000000
119555  -51.875  -17.953  24.307 0.0000000000
120747  -51.913  -17.106  24.703 0.0000000000
223956  -52.617  -16.575  25.915 0.0000000000
84692  -11.444  -39.203  54.865 0.0000000000
86190  -11.108  -38.832  56.221 0.0000000000
81911  -10.629  -40.921  54.628 0.0000000000
101498  -32.417  -29.987  35.460 0.0000000000
110357  -38.806  -24.247  29.258 0.0000000000
112704  -35.071  -22.951  33.351 0.0000000000
225242  -35.496  -23.303  32.563 0.0000000000
111509  -36.421  -23.318  32.662 0.0000000000
113747  -37.800  -22.061  35.511 0.0000000000
111496  -37.253  -23.583  33.121 0.0000000000
111538  -37.363  -23.751  31.351 0.0000000000
111539  -38.233  -23.888  31.393 0.0000000000
110346  -38.895  -23.997  30.090 0.0000000000
234027  -39.548  -23.915  29.870 0.0000000000
110329  -40.296  -23.987  31.026 0.0000000000
241255  -40.841  -24.067  31.445 0.0000000000
110296  -41.900  -24.409  32.867 0.0000000000
90495  -13.298  -36.413  56.010 0.0000000000
89113  -13.527  -36.762  54.327 0.0000000000
87674  -12.481  -37.719  54.804 0.0000000000
84711  -11.739  -39.702  53.354 0.0000000000
216566  -11.508  -40.960  52.168 0.0000000000
240430  -11.166  -38.805  57.577 0.0000000000
83222  -10.718  -40.010  58.880 0.0000000000
83214  -10.821  -40.127  59.738 0.0000000000
79120  -9.596  -43.325  58.876 0.0000000000
217324  -10.213  -42.424  60.209 0.0000000000
83203  -11.065  -40.630  61.146 0.0000000000
81826  -10.718  -41.411  62.201 0.0000000000
213192  -9.811  -41.999  62.741 0.0000000000
73907  -8.957  -45.723  61.901 0.0000000000
76588  -8.565  -44.362  61.992 0.0000000000
89086  -12.375  -37.163  56.679 0.0000000000
87655  -11.877  -37.547  56.912 0.0000000000
93392  -36.072  -36.254  37.840 0.0000000000
97137  -30.491  -32.362  44.686 0.0000000000
97154  -30.985  -31.897  44.035 0.0000000000
97138  -31.277  -32.018  44.634 0.0000000000
93372  -35.583  -35.853  38.468 0.0000000000
95772  -31.769  -32.324  45.728 0.0000000000
95761  -31.299  -33.119  46.196 0.0000000000
95785  -30.727  -32.658  45.206 0.0000000000
99983  -34.207  -30.644  36.217 0.0000000000
99999  -33.866  -31.080  35.748 0.0000000000
237516  -32.415  -23.440  32.964 0.0000000000
110274  -32.036  -24.065  32.894 0.0000000000
110291  -32.265  -24.460  32.361 0.0000000000
110292  -32.905  -24.209  32.055 0.0000000000
110293  -33.584  -23.984  31.871 0.0000000000
111507  -33.396  -23.652  32.388 0.0000000000
87792  -16.043  -37.827  47.020 0.0000000000
87778  -15.705  -37.836  47.537 0.0000000000
89204  -15.600  -37.608  47.916 0.0000000000
92143  -40.020  -36.101  39.990 0.0000000000
92158  -40.616  -35.872  39.384 0.0000000000
234263  -40.962  -34.649  40.951 0.0000000000
93219  -37.346  -33.854  46.471 0.0000000000
94471  -37.041  -33.211  46.036 0.0000000000
93231  -37.528  -33.615  45.779 0.0000000000
90794  -39.908  -34.733  41.173 0.0000000000
90773  -39.160  -34.347  40.976 0.0000000000
209936  -39.876  -35.454  40.693 0.0000000000
92126  -39.421  -36.024  40.350 0.0000000000
93209  -37.262  -33.738  47.305 0.0000000000
110330  -42.425  -23.844  31.414 0.0000000000
111543  -41.978  -23.620  30.837 0.0000000000
110331  -43.111  -24.087  31.285 0.0000000000
112721  -46.211  -22.311  31.054 0.0000000000
207084  -45.525  -22.296  30.830 0.0000000000
112736  -46.123  -21.961  30.364 0.0000000000
209299  -46.382  -21.715  29.705 0.0000000000
113791  -46.796  -21.820  30.075 0.0000000000
240964  -34.335  -23.658  40.935 0.0000000000
111410  -34.004  -23.881  40.506 0.0000000000
243156  -34.357  -22.992  41.222 0.0000000000
118211  -35.670  -18.785  40.585 0.0000000000
117061  -34.463  -19.871  39.984 0.0000000000
117076  -34.935  -19.523  39.693 0.0000000000
207960  -35.441  -19.359  39.411 0.0000000000
117092  -35.699  -19.380  38.862 0.0000000000
206020  -36.150  -18.665  39.855 0.0000000000
92051  -22.816  -35.689  43.580 0.0000000000
204146  -22.166  -35.179  43.824 0.0000000000
234549  -22.342  -35.172  43.386 0.0000000000
121886  -53.773  -15.811  25.301 0.0000000000
123098  -54.506  -15.520  25.141 0.0000000000
86130  -11.868  -39.080  61.691 0.0000000000
84642  -11.573  -39.535  61.282 0.0000000000
95918  -37.330  -32.578  35.052 0.0000000000
97276  -36.000  -32.251  36.177 0.0000000000
99964  -39.596  -31.058  37.271 0.0000000000
99954  -39.852  -30.686  37.891 0.0000000000
106540  -37.673  -27.186  40.612 0.0000000000
104133  -37.618  -28.223  39.944 0.0000000000
106546  -37.475  -27.406  40.204 0.0000000000
105409  -36.720  -27.846  39.087 0.0000000000
106545  -36.849  -27.148  39.884 0.0000000000
107739  -36.489  -26.620  40.068 0.0000000000
107716  -37.049  -25.927  40.900 0.0000000000
92136  -25.086  -36.351  39.547 0.0000000000
92152  -25.259  -35.515  39.337 0.0000000000
95808  -34.776  -32.326  42.132 0.0000000000
97183  -34.281  -31.899  41.670 0.0000000000
95818  -34.669  -32.571  41.282 0.0000000000
94528  -25.532  -34.460  40.590 0.0000000000
93300  -25.321  -35.461  40.782 0.0000000000
92121  -25.364  -35.934  39.966 0.0000000000
92135  -24.571  -36.773  39.689 0.0000000000
116099  -50.560  -20.226  24.577 0.0000000000
229680  -48.618  -19.814  28.190 0.0000000000
199922  -49.186  -19.993  28.845 0.0000000000
117246  -51.871  -18.903  27.902 0.0000000000
118379  -51.217  -18.495  27.277 0.0000000000
118389  -51.147  -18.151  26.682 0.0000000000
118390  -51.664  -18.085  26.923 0.0000000000
107780  -31.717  -26.050  36.126 0.0000000000
105450  -31.736  -27.512  35.519 0.0000000000
105461  -31.260  -27.284  34.931 0.0000000000
211315  -36.126  -23.909  29.745 0.0000000000
109171  -36.107  -24.985  28.997 0.0000000000
110354  -36.429  -24.299  29.353 0.0000000000
110355  -37.133  -24.374  29.352 0.0000000000
110343  -36.717  -23.896  29.780 0.0000000000
115959  -37.574  -20.706  36.935 0.0000000000
114855  -37.155  -21.223  36.128 0.0000000000
114839  -37.874  -21.125  36.616 0.0000000000
112679  -39.242  -23.604  35.084 0.0000000000
111459  -39.703  -23.921  34.439 0.0000000000
111483  -39.691  -23.818  33.551 0.0000000000
111500  -40.194  -23.947  33.108 0.0000000000
111460  -40.266  -24.103  34.639 0.0000000000
87733  -13.947  -37.816  50.657 0.0000000000
89146  -14.028  -37.151  51.441 0.0000000000
87722  -13.762  -37.649  51.230 0.0000000000
87713  -13.526  -37.478  51.867 0.0000000000
223966  -13.178  -38.391  51.402 0.0000000000
84744  -12.911  -38.983  51.295 0.0000000000
84764  -12.955  -39.203  50.736 0.0000000000
238528  -9.370  -42.748  56.552 0.0000000000
73916  -9.834  -45.759  60.746 0.0000000000
75306  -9.909  -45.136  60.327 0.0000000000
224521  -10.054  -44.808  61.337 0.0000000000
76584  -10.007  -44.683  61.722 0.0000000000
75285  -9.756  -45.108  61.881 0.0000000000
115860  -35.519  -20.594  43.227 0.0000000000
92079  -20.434  -35.617  41.952 0.0000000000
89074  -12.409  -37.345  58.827 0.0000000000
89075  -12.924  -36.904  59.374 0.0000000000
87641  -11.978  -37.926  59.086 0.0000000000
225301  -12.056  -38.072  59.750 0.0000000000
87640  -11.645  -38.572  59.439 0.0000000000
207493  -26.865  -32.697  42.059 0.0000000000
97192  -26.637  -32.539  41.254 0.0000000000
97180  -28.112  -32.020  42.688 0.0000000000
202160  -30.279  -31.459  42.827 0.0000000000
98509  -29.086  -31.331  42.162 0.0000000000
98496  -29.674  -31.123  42.141 0.0000000000
99913  -29.423  -30.811  41.483 0.0000000000
99914  -30.149  -30.687  41.826 0.0000000000
95858  -34.294  -33.989  39.873 0.0000000000
94568  -34.705  -34.531  39.596 0.0000000000
95905  -33.511  -34.102  37.938 0.0000000000
93390  -33.868  -35.008  37.361 0.0000000000
208397  -30.897  -33.717  46.698 0.0000000000
93229  -30.721  -34.427  46.990 0.0000000000
93228  -30.250  -34.123  46.500 0.0000000000
209246  -30.175  -34.760  46.663 0.0000000000
93242  -29.577  -34.560  45.823 0.0000000000
93254  -28.461  -34.540  44.725 0.0000000000
239218  -29.067  -33.900  44.993 0.0000000000
97151  -28.481  -32.888  43.765 0.0000000000
95795  -28.147  -33.472  43.908 0.0000000000
95806  -27.521  -33.166  43.134 0.0000000000
95817  -26.633  -33.317  42.160 0.0000000000
110241  -30.898  -24.312  34.616 0.0000000000
107821  -30.791  -25.707  33.959 0.0000000000
109110  -30.908  -24.930  34.213 0.0000000000
202611  -34.301  -23.950  31.149 0.0000000000
110325  -34.509  -24.019  30.616 0.0000000000
110341  -34.909  -24.310  30.013 0.0000000000
110311  -34.891  -23.772  31.215 0.0000000000
117079  -40.433  -19.415  39.598 0.0000000000
115928  -39.714  -20.138  38.652 0.0000000000
113717  -40.551  -21.891  37.547 0.0000000000
91976  -18.183  -35.348  46.904 0.0000000000
90603  -16.820  -36.156  48.174 0.0000000000
91950  -17.570  -35.018  48.274 0.0000000000
91949  -17.039  -35.539  48.637 0.0000000000
91926  -16.506  -35.398  49.823 0.0000000000
91934  -16.553  -35.751  49.137 0.0000000000
87754  -15.074  -37.684  48.829 0.0000000000
89184  -15.397  -37.208  49.059 0.0000000000
87753  -14.739  -37.953  49.219 0.0000000000
87743  -14.589  -37.754  49.788 0.0000000000
84790  -13.523  -39.397  49.420 0.0000000000
232092  -14.072  -39.059  48.932 0.0000000000
94617  -41.216  -33.991  37.764 0.0000000000
95895  -40.695  -33.870  37.161 0.0000000000
97257  -41.094  -33.055  37.560 0.0000000000
95764  -33.974  -32.313  46.430 0.0000000000
97129  -33.961  -31.848  45.207 0.0000000000
95774  -34.444  -31.998  45.663 0.0000000000
212932  -36.541  -33.173  44.896 0.0000000000
95787  -35.303  -32.164  44.498 0.0000000000
95788  -35.741  -32.581  44.112 0.0000000000
235541  -35.364  -32.542  42.996 0.0000000000
94504  -36.339  -33.265  43.157 0.0000000000
90694  -39.382  -34.439  44.459 0.0000000000
92040  -38.386  -34.585  44.360 0.0000000000
92088  -37.258  -34.878  41.444 0.0000000000
92072  -37.419  -34.426  42.359 0.0000000000
93291  -36.707  -34.680  41.649 0.0000000000
93279  -36.452  -33.920  42.132 0.0000000000
93290  -35.964  -34.594  41.546 0.0000000000
93302  -36.023  -34.952  40.913 0.0000000000
93303  -36.508  -34.982  40.891 0.0000000000
93333  -38.493  -35.455  39.161 0.0000000000
93319  -37.063  -35.026  39.836 0.0000000000
208534  -37.601  -35.519  39.070 0.0000000000
93348  -37.038  -35.639  38.603 0.0000000000
95747  -35.148  -32.874  47.358 0.0000000000
95755  -34.630  -32.591  46.894 0.0000000000
239520  -33.205  -32.364  46.338 0.0000000000
111569  -40.736  -23.397  29.159 0.0000000000
111570  -41.349  -23.246  29.639 0.0000000000
112733  -42.708  -22.751  29.978 0.0000000000
112745  -42.039  -22.825  29.406 0.0000000000
112755  -42.804  -22.526  28.380 0.0000000000
202864  -43.471  -22.266  29.007 0.0000000000
111528  -44.113  -23.330  31.590 0.0000000000
112718  -43.799  -23.239  31.105 0.0000000000
113807  -44.054  -21.910  28.777 0.0000000000
113808  -44.536  -21.732  28.468 0.0000000000
113823  -44.644  -21.688  27.799 0.0000000000
113809  -45.089  -21.475  28.497 0.0000000000
114926  -46.257  -21.108  28.341 0.0000000000
204478  -45.604  -21.264  28.204 0.0000000000
114944  -46.512  -21.044  27.421 0.0000000000
114938  -47.035  -20.691  28.168 0.0000000000
228400  -48.117  -20.872  29.344 0.0000000000
106555  -34.116  -26.966  38.047 0.0000000000
105434  -33.517  -27.716  37.165 0.0000000000
106554  -33.463  -26.725  37.777 0.0000000000
110212  -32.961  -24.456  38.881 0.0000000000
109038  -32.829  -25.516  38.252 0.0000000000
109026  -32.654  -24.766  38.362 0.0000000000
109046  -32.079  -25.600  37.374 0.0000000000
221590  -32.190  -24.409  38.009 0.0000000000
114763  -34.559  -20.906  41.673 0.0000000000
113685  -33.936  -22.009  40.624 0.0000000000
114775  -33.982  -21.221  40.666 0.0000000000
114790  -33.637  -21.432  39.290 0.0000000000
113707  -33.173  -21.901  38.985 0.0000000000
112626  -32.522  -22.565  38.152 0.0000000000
111433  -32.240  -23.273  38.013 0.0000000000
112635  -32.274  -22.712  37.518 0.0000000000
111440  -31.622  -23.497  36.787 0.0000000000
112643  -31.997  -22.860  36.912 0.0000000000
114836  -34.056  -20.858  37.155 0.0000000000
218661  -32.925  -21.872  36.318 0.0000000000
114867  -33.621  -21.367  36.036 0.0000000000
112661  -32.986  -22.267  35.059 0.0000000000
237209  -34.244  -21.152  36.044 0.0000000000
113742  -34.321  -21.539  35.467 0.0000000000
114837  -34.581  -20.986  36.447 0.0000000000
117093  -36.625  -19.482  38.352 0.0000000000
117110  -36.575  -19.737  37.685 0.0000000000
211427  -36.971  -19.667  37.828 0.0000000000
117123  -37.004  -19.966  37.299 0.0000000000
118246  -37.780  -18.929  38.576 0.0000000000
120501  -39.532  -17.092  40.842 0.0000000000
120521  -39.744  -17.436  40.429 0.0000000000
119350  -39.608  -17.820  40.013 0.0000000000
119370  -40.091  -18.201  39.956 0.0000000000
92013  -21.706  -35.013  44.715 0.0000000000
91995  -21.557  -34.866  45.416 0.0000000000
90726  -19.970  -35.625  43.014 0.0000000000
92049  -20.632  -35.288  43.419 0.0000000000
202849  -18.757  -35.953  44.212 0.0000000000
90705  -19.210  -35.585  43.933 0.0000000000
90687  -19.049  -35.577  44.683 0.0000000000
92012  -19.764  -35.302  45.079 0.0000000000
90669  -18.491  -35.786  45.265 0.0000000000
83193  -10.019  -40.482  63.189 0.0000000000
95934  -35.890  -33.483  34.720 0.0000000000
98592  -35.633  -31.718  36.502 0.0000000000
97275  -35.247  -32.173  36.162 0.0000000000
98591  -35.023  -31.488  36.317 0.0000000000
94613  -39.678  -34.834  36.588 0.0000000000
95892  -40.032  -33.379  36.305 0.0000000000
97271  -39.079  -32.218  35.806 0.0000000000
97252  -38.260  -31.097  36.303 0.0000000000
97270  -37.837  -31.517  35.813 0.0000000000
101458  -37.343  -29.719  39.122 0.0000000000
99951  -37.675  -30.501  38.689 0.0000000000
101467  -36.919  -30.129  38.534 0.0000000000
99974  -36.993  -31.187  37.555 0.0000000000
99960  -36.631  -30.514  37.888 0.0000000000
99973  -36.339  -30.873  37.330 0.0000000000
101466  -36.405  -29.707  37.998 0.0000000000
102803  -35.856  -28.914  37.847 0.0000000000
104151  -35.636  -28.456  38.058 0.0000000000
104166  -35.181  -28.765  37.749 0.0000000000
105420  -35.030  -27.980  37.961 0.0000000000
105407  -35.495  -27.514  38.551 0.0000000000
109005  -35.750  -25.577  40.681 0.0000000000
107725  -35.450  -25.827  40.149 0.0000000000
110196  -35.550  -25.093  40.954 0.0000000000
110195  -35.127  -24.594  40.973 0.0000000000
110153  -37.382  -24.441  43.049 0.0000000000
110170  -37.144  -24.720  42.483 0.0000000000
111367  -37.114  -24.016  43.413 0.0000000000
112572  -35.861  -22.785  43.271 0.0000000000
97214  -26.258  -32.584  39.909 0.0000000000
95855  -25.484  -33.380  39.209 0.0000000000
95870  -25.903  -32.978  38.852 0.0000000000
204199  -33.372  -31.317  43.904 0.0000000000
97156  -32.724  -31.119  43.308 0.0000000000
218269  -33.595  -31.179  42.939 0.0000000000
98511  -32.815  -31.043  41.569 0.0000000000
98499  -32.436  -31.031  42.190 0.0000000000
207301  -32.480  -30.913  41.108 0.0000000000
99916  -31.632  -30.748  41.136 0.0000000000
98524  -32.137  -30.863  40.473 0.0000000000
97233  -33.544  -33.263  39.309 0.0000000000
97218  -33.918  -32.966  39.736 0.0000000000
97217  -33.592  -32.462  39.464 0.0000000000
90709  -25.142  -36.761  43.329 0.0000000000
90708  -23.815  -36.079  43.309 0.0000000000
90729  -24.563  -36.329  42.794 0.0000000000
207239  -27.497  -35.153  43.728 0.0000000000
92053  -26.930  -35.730  43.361 0.0000000000
204647  -26.460  -35.541  42.861 0.0000000000
92104  -24.691  -36.690  40.905 0.0000000000
92085  -24.997  -36.600  41.439 0.0000000000
92084  -24.274  -36.734  41.405 0.0000000000
92083  -23.634  -36.392  41.595 0.0000000000
92102  -23.082  -36.167  41.080 0.0000000000
92101  -22.293  -35.855  41.305 0.0000000000
92117  -22.523  -36.203  40.667 0.0000000000
228751  -47.798  -20.018  27.272 0.0000000000
228753  -48.687  -19.533  27.477 0.0000000000
229127  -48.469  -19.635  26.597 0.0000000000
229678  -48.895  -19.648  26.041 0.0000000000
227822  -50.308  -19.860  28.873 0.0000000000
229679  -49.722  -19.669  28.196 0.0000000000
229316  -50.208  -19.526  28.248 0.0000000000
227335  -50.061  -18.549  26.743 0.0000000000
226660  -49.750  -18.703  26.233 0.0000000000
228754  -49.345  -19.333  25.862 0.0000000000
117266  -50.287  -18.868  25.599 0.0000000000
118404  -51.007  -18.350  25.158 0.0000000000
118405  -51.474  -18.131  24.715 0.0000000000
118410  -52.072  -18.835  24.230 0.0000000000
119550  -51.687  -17.458  25.152 0.0000000000
120728  -52.366  -17.052  26.278 0.0000000000
231848  -52.849  -16.867  26.341 0.0000000000
120734  -53.253  -16.554  26.075 0.0000000000
120729  -53.497  -17.080  26.519 0.0000000000
83280  -11.366  -40.063  53.819 0.0000000000
207104  -10.961  -40.459  54.225 0.0000000000
214926  -10.713  -41.069  53.961 0.0000000000
104181  -32.628  -28.338  36.237 0.0000000000
102850  -32.874  -29.545  35.835 0.0000000000
102828  -32.712  -28.935  36.026 0.0000000000
110356  -38.266  -24.422  28.969 0.0000000000
110362  -38.780  -24.512  28.524 0.0000000000
113758  -34.762  -21.977  34.836 0.0000000000
112694  -34.761  -22.591  33.749 0.0000000000
112673  -35.134  -22.320  34.260 0.0000000000
112675  -36.444  -22.472  34.202 0.0000000000
224391  -35.989  -22.648  33.723 0.0000000000
112706  -36.154  -23.070  33.459 0.0000000000
207786  -35.979  -23.264  32.314 0.0000000000
111495  -36.559  -23.345  33.156 0.0000000000
114841  -39.130  -21.395  36.962 0.0000000000
114857  -38.242  -21.484  36.251 0.0000000000
113733  -38.641  -21.967  35.949 0.0000000000
111481  -38.145  -24.123  33.769 0.0000000000
112698  -37.598  -23.389  34.181 0.0000000000
111510  -37.114  -23.539  32.686 0.0000000000
111522  -37.727  -23.771  32.061 0.0000000000
111560  -37.820  -24.046  30.742 0.0000000000
111541  -39.473  -23.767  31.302 0.0000000000
111540  -38.970  -23.784  31.298 0.0000000000
110327  -39.210  -23.892  30.796 0.0000000000
110347  -39.349  -24.050  30.353 0.0000000000
110348  -39.886  -23.951  30.331 0.0000000000
110313  -40.426  -23.924  31.789 0.0000000000
110295  -41.074  -24.186  32.759 0.0000000000
110314  -41.115  -24.055  32.064 0.0000000000
110276  -41.469  -24.277  33.311 0.0000000000
89121  -13.338  -37.380  53.273 0.0000000000
89112  -13.312  -37.272  53.855 0.0000000000
87688  -13.029  -37.759  53.615 0.0000000000
89101  -12.858  -37.005  54.768 0.0000000000
87687  -12.569  -38.097  54.012 0.0000000000
86218  -12.095  -38.670  54.026 0.0000000000
206335  -12.340  -38.867  53.056 0.0000000000
81942  -11.950  -40.687  51.654 0.0000000000
83294  -11.839  -40.310  52.189 0.0000000000
81956  -11.715  -41.323  51.561 0.0000000000
83262  -10.565  -40.022  55.681 0.0000000000
86176  -11.016  -38.948  56.688 0.0000000000
208076  -10.447  -39.952  56.434 0.0000000000
81855  -10.070  -41.282  57.713 0.0000000000
239700  -10.560  -40.289  58.269 0.0000000000
83213  -10.309  -40.684  58.758 0.0000000000
84653  -10.977  -39.521  59.432 0.0000000000
212885  -10.354  -40.968  59.468 0.0000000000
213427  -9.212  -44.180  57.726 0.0000000000
76605  -9.359  -44.402  58.574 0.0000000000
79115  -10.039  -43.261  60.320 0.0000000000
79121  -9.830  -42.877  59.490 0.0000000000
218164  -10.513  -42.231  60.971 0.0000000000
80457  -10.553  -41.748  60.432 0.0000000000
80453  -10.666  -41.750  61.164 0.0000000000
81829  -10.857  -41.263  61.441 0.0000000000
80452  -10.702  -42.342  61.667 0.0000000000
80446  -10.029  -42.734  62.464 0.0000000000
244478  -9.062  -41.708  62.693 0.0000000000
236461  -8.297  -45.940  61.753 0.0000000000
87647  -11.941  -37.769  58.269 0.0000000000
203239  -36.647  -36.432  37.013 0.0000000000
97152  -29.008  -32.160  43.479 0.0000000000
97181  -28.790  -31.844  42.722 0.0000000000
97168  -30.010  -31.941  43.277 0.0000000000
98473  -30.746  -31.641  43.430 0.0000000000
98486  -30.655  -31.501  42.998 0.0000000000
93346  -35.196  -35.497  38.999 0.0000000000
94589  -34.610  -34.843  38.961 0.0000000000
235071  -34.925  -35.478  38.600 0.0000000000
93391  -34.400  -35.429  37.760 0.0000000000
94461  -32.198  -33.259  47.420 0.0000000000
94469  -31.653  -33.226  46.795 0.0000000000
94468  -30.507  -33.490  46.168 0.0000000000
94479  -30.269  -33.279  45.651 0.0000000000
207718  -29.352  -33.548  45.065 0.0000000000
95784  -30.047  -33.039  45.175 0.0000000000
97136  -29.743  -32.717  44.615 0.0000000000
113834  -45.983  -21.355  26.736 0.0000000000
202207  -48.267  -21.256  25.258 0.0000000000
98602  -34.199  -31.791  35.487 0.0000000000
111477  -31.312  -23.641  33.928 0.0000000000
110272  -30.974  -24.699  33.633 0.0000000000
110273  -31.296  -24.204  33.342 0.0000000000
109144  -31.435  -25.377  31.776 0.0000000000
206585  -33.723  -24.341  31.362 0.0000000000
110310  -34.139  -23.668  31.603 0.0000000000
90629  -17.318  -36.420  46.861 0.0000000000
90615  -17.669  -35.918  47.257 0.0000000000
89206  -16.706  -36.776  47.146 0.0000000000
90613  -16.484  -36.667  47.810 0.0000000000
90602  -16.310  -36.520  48.412 0.0000000000
90601  -15.821  -36.841  48.714 0.0000000000
89191  -15.982  -37.054  48.136 0.0000000000
87765  -15.185  -37.885  48.253 0.0000000000
86312  -14.991  -38.310  48.164 0.0000000000
86311  -14.625  -38.745  48.396 0.0000000000
84845  -14.706  -39.310  47.873 0.0000000000
93334  -39.477  -36.080  38.693 0.0000000000
94570  -39.991  -35.965  38.193 0.0000000000
93351  -40.361  -35.810  38.512 0.0000000000
94595  -41.458  -34.314  38.487 0.0000000000
95876  -41.777  -33.740  39.068 0.0000000000
95756  -35.480  -32.701  46.589 0.0000000000
95766  -35.810  -32.517  45.830 0.0000000000
94470  -36.400  -32.779  46.334 0.0000000000
94480  -36.516  -32.906  45.537 0.0000000000
94493  -36.902  -33.486  44.495 0.0000000000
90735  -38.889  -34.147  42.854 0.0000000000
90754  -39.167  -34.165  42.083 0.0000000000
214698  -38.076  -34.645  41.188 0.0000000000
90771  -37.856  -35.091  40.675 0.0000000000
92122  -37.201  -35.063  40.872 0.0000000000
92124  -38.317  -35.078  40.140 0.0000000000
92141  -38.657  -35.403  39.490 0.0000000000
94462  -35.995  -33.004  47.074 0.0000000000
111542  -41.078  -23.879  30.875 0.0000000000
220883  -41.363  -23.528  30.338 0.0000000000
235497  -43.252  -22.869  30.404 0.0000000000
112720  -45.043  -22.651  31.146 0.0000000000
215629  -44.876  -22.591  30.587 0.0000000000
113790  -45.341  -22.102  30.176 0.0000000000
113797  -45.138  -21.906  29.620 0.0000000000
205751  -45.260  -21.614  29.132 0.0000000000
113811  -46.291  -21.329  29.165 0.0000000000
113800  -47.345  -21.579  29.892 0.0000000000
209893  -47.702  -22.030  30.006 0.0000000000
109018  -34.198  -25.216  39.583 0.0000000000
107747  -33.414  -25.852  38.598 0.0000000000
109017  -33.573  -24.824  39.231 0.0000000000
110203  -33.184  -24.191  39.487 0.0000000000
231728  -33.072  -23.691  39.525 0.0000000000
117048  -34.921  -19.551  41.105 0.0000000000
115894  -34.162  -20.477  40.312 0.0000000000
115895  -34.571  -20.062  40.689 0.0000000000
115910  -34.138  -20.276  39.551 0.0000000000
114806  -33.405  -21.151  38.426 0.0000000000
113716  -33.074  -21.445  37.711 0.0000000000
241247  -33.905  -20.588  38.484 0.0000000000
217389  -34.359  -20.217  38.130 0.0000000000
115941  -34.545  -20.477  37.439 0.0000000000
241995  -35.164  -20.405  37.027 0.0000000000
117108  -35.414  -19.575  38.297 0.0000000000
118244  -36.199  -19.210  38.795 0.0000000000
118245  -36.719  -19.006  38.808 0.0000000000
92035  -23.478  -35.847  44.448 0.0000000000
92034  -22.761  -35.708  44.128 0.0000000000
92033  -22.210  -35.211  44.417 0.0000000000
92032  -21.540  -35.046  44.188 0.0000000000
216790  -19.276  -35.709  43.246 0.0000000000
90685  -18.124  -36.649  44.639 0.0000000000
121892  -52.781  -16.124  24.710 0.0000000000
120754  -52.828  -16.446  23.786 0.0000000000
121893  -53.172  -15.737  24.276 0.0000000000
123112  -53.634  -15.303  23.978 0.0000000000
84637  -11.167  -40.234  62.569 0.0000000000
93416  -36.616  -35.578  34.719 0.0000000000
97254  -40.270  -32.709  36.781 0.0000000000
98570  -39.593  -31.429  36.807 0.0000000000
99963  -38.902  -30.775  37.391 0.0000000000
102785  -38.560  -29.066  39.963 0.0000000000
104134  -38.236  -28.642  40.020 0.0000000000
102796  -37.090  -28.830  39.187 0.0000000000
102804  -36.294  -29.050  38.090 0.0000000000
104144  -36.665  -28.310  38.816 0.0000000000
105422  -36.378  -28.078  38.642 0.0000000000
105408  -36.186  -27.670  38.825 0.0000000000
106551  -35.871  -27.157  39.054 0.0000000000
106544  -36.197  -26.884  39.582 0.0000000000
107726  -36.124  -26.052  40.316 0.0000000000
108990  -36.026  -25.319  41.199 0.0000000000
112558  -37.130  -23.295  44.335 0.0000000000
98534  -27.840  -31.500  39.904 0.0000000000
97170  -34.261  -31.708  42.548 0.0000000000
97182  -33.794  -31.574  41.281 0.0000000000
98512  -33.423  -31.345  41.137 0.0000000000
95889  -33.287  -33.422  38.057 0.0000000000
97250  -33.112  -32.738  38.259 0.0000000000
90711  -26.352  -36.744  43.136 0.0000000000
93289  -25.974  -34.882  42.035 0.0000000000
92086  -25.701  -35.697  41.932 0.0000000000
93288  -25.518  -35.239  41.482 0.0000000000
92105  -25.096  -36.388  41.009 0.0000000000
92119  -24.212  -36.628  40.333 0.0000000000
92118  -23.286  -36.535  40.453 0.0000000000
235537  -23.621  -36.572  39.928 0.0000000000
90801  -22.910  -36.801  39.757 0.0000000000
229317  -48.165  -20.069  28.086 0.0000000000
226662  -50.471  -19.136  27.882 0.0000000000
118388  -50.586  -18.444  26.610 0.0000000000
118397  -50.962  -18.120  26.047 0.0000000000
119537  -52.118  -17.594  26.595 0.0000000000
80556  -10.859  -42.070  52.341 0.0000000000
80540  -10.457  -42.240  53.013 0.0000000000
105442  -32.139  -27.403  36.070 0.0000000000
104199  -32.247  -28.605  35.751 0.0000000000
104198  -31.789  -28.249  35.402 0.0000000000
104214  -31.413  -28.598  34.900 0.0000000000
212364  -37.807  -24.403  29.495 0.0000000000
114854  -36.595  -21.192  36.107 0.0000000000
114871  -36.882  -21.487  35.732 0.0000000000
113746  -37.190  -21.884  35.395 0.0000000000
113734  -39.293  -22.223  36.103 0.0000000000
112653  -39.026  -22.613  35.771 0.0000000000
112663  -38.780  -23.046  35.465 0.0000000000
111482  -39.038  -23.761  33.666 0.0000000000
111498  -38.855  -23.869  33.130 0.0000000000
111523  -38.644  -23.844  31.911 0.0000000000
213384  -39.422  -23.736  32.592 0.0000000000
230751  -39.532  -23.683  32.111 0.0000000000
111525  -39.754  -23.698  31.794 0.0000000000
110312  -39.935  -23.819  31.496 0.0000000000
111514  -40.256  -23.837  32.544 0.0000000000
110275  -40.546  -24.064  32.867 0.0000000000
90562  -14.862  -36.508  50.919 0.0000000000
216639  -14.462  -36.728  51.316 0.0000000000
89147  -14.286  -36.642  51.976 0.0000000000
212163  -13.706  -37.006  52.967 0.0000000000
89135  -13.353  -37.422  52.586 0.0000000000
86253  -12.901  -38.325  52.408 0.0000000000
86252  -12.490  -38.919  52.448 0.0000000000
84743  -12.484  -39.294  51.764 0.0000000000
220906  -12.253  -40.397  51.235 0.0000000000
80491  -9.711  -41.954  56.147 0.0000000000
83250  -10.185  -40.592  56.783 0.0000000000
80481  -9.676  -41.773  56.897 0.0000000000
239427  -9.846  -41.713  57.459 0.0000000000
80475  -9.808  -41.943  58.032 0.0000000000
73921  -9.625  -45.805  59.543 0.0000000000
76601  -9.592  -44.626  59.309 0.0000000000
76602  -9.868  -44.463  59.969 0.0000000000
77797  -10.051  -43.973  60.708 0.0000000000
222917  -10.243  -43.479  61.117 0.0000000000
217756  -10.401  -42.832  62.043 0.0000000000
79104  -10.253  -43.411  61.750 0.0000000000
77786  -9.680  -43.882  62.213 0.0000000000
92001  -38.030  -34.593  45.599 0.0000000000
90738  -40.476  -34.127  43.295 0.0000000000
110297  -43.035  -24.645  32.354 0.0000000000
110332  -43.379  -24.152  31.463 0.0000000000
202673  -43.396  -24.313  31.912 0.0000000000
110317  -43.700  -24.024  31.656 0.0000000000
110318  -44.305  -23.695  32.052 0.0000000000
225472  -46.169  -22.680  31.585 0.0000000000
112722  -46.887  -22.704  31.159 0.0000000000
113653  -35.046  -21.840  42.774 0.0000000000
212627  -34.581  -22.183  41.882 0.0000000000
114752  -34.813  -21.285  42.381 0.0000000000
115870  -34.865  -20.579  42.127 0.0000000000
117035  -34.992  -19.909  41.868 0.0000000000
117049  -35.219  -19.368  41.663 0.0000000000
118183  -35.651  -18.952  41.882 0.0000000000
230202  -36.833  -18.008  40.800 0.0000000000
92081  -22.037  -35.461  42.103 0.0000000000
92066  -21.425  -35.350  42.637 0.0000000000
90749  -19.983  -35.821  42.316 0.0000000000
87635  -12.106  -38.492  60.717 0.0000000000
84646  -11.501  -39.373  60.600 0.0000000000
95919  -37.589  -32.033  35.396 0.0000000000
107717  -37.578  -26.309  41.189 0.0000000000
94544  -25.423  -34.116  39.995 0.0000000000
95826  -26.080  -33.219  40.991 0.0000000000
97204  -26.266  -32.708  40.573 0.0000000000
97193  -27.316  -31.906  41.103 0.0000000000
98508  -28.103  -31.469  41.305 0.0000000000
98522  -27.742  -31.541  40.580 0.0000000000
98523  -28.294  -31.201  40.523 0.0000000000
99936  -28.825  -30.959  40.070 0.0000000000
99937  -29.313  -30.848  39.486 0.0000000000
95828  -34.985  -33.190  40.917 0.0000000000
95827  -34.465  -32.941  40.567 0.0000000000
95844  -34.681  -33.596  40.253 0.0000000000
95857  -33.841  -33.684  39.614 0.0000000000
95872  -33.567  -33.893  39.099 0.0000000000
95891  -33.962  -34.393  38.718 0.0000000000
95890  -33.530  -33.971  38.481 0.0000000000
92037  -28.004  -35.188  44.428 0.0000000000
92038  -28.443  -35.076  44.968 0.0000000000
93268  -27.941  -34.715  44.163 0.0000000000
93267  -27.696  -34.494  43.768 0.0000000000
95796  -28.565  -33.652  44.147 0.0000000000
94501  -27.771  -33.700  43.712 0.0000000000
212992  -26.820  -34.202  42.861 0.0000000000
94521  -26.440  -34.106  42.209 0.0000000000
94520  -26.145  -33.642  41.640 0.0000000000
113831  -44.159  -22.096  27.245 0.0000000000
226808  -49.739  -21.002  29.798 0.0000000000
199421  -49.870  -20.276  29.350 0.0000000000
200255  -50.836  -20.398  29.454 0.0000000000
117247  -52.698  -18.807  27.846 0.0000000000
109054  -31.191  -25.129  35.675 0.0000000000
107805  -31.154  -26.031  34.898 0.0000000000
107804  -30.939  -25.531  34.620 0.0000000000
111536  -35.752  -23.697  30.872 0.0000000000
115927  -39.095  -19.951  38.441 0.0000000000
115946  -38.609  -20.375  37.762 0.0000000000
115947  -39.336  -20.444  38.196 0.0000000000
114823  -39.360  -21.027  37.716 0.0000000000
114842  -39.813  -21.639  37.295 0.0000000000
113726  -40.254  -22.198  36.883 0.0000000000
113735  -40.000  -22.452  36.251 0.0000000000
112655  -40.430  -23.033  35.971 0.0000000000
111446  -40.880  -23.485  35.661 0.0000000000
91963  -17.864  -35.216  47.600 0.0000000000
93201  -18.150  -34.612  47.980 0.0000000000
91925  -15.917  -35.833  50.122 0.0000000000
90586  -15.714  -36.671  49.296 0.0000000000
90574  -15.529  -36.421  49.878 0.0000000000
90573  -14.957  -36.716  50.229 0.0000000000
89171  -14.727  -37.265  50.015 0.0000000000
87734  -14.319  -37.550  50.343 0.0000000000
86284  -13.631  -38.270  50.361 0.0000000000
84789  -13.278  -39.033  50.148 0.0000000000
72580  -9.506  -47.065  60.991 0.0000000000
93374  -37.698  -36.001  37.813 0.0000000000
94614  -40.320  -34.378  36.947 0.0000000000
94592  -40.238  -35.245  37.589 0.0000000000
206540  -40.288  -34.510  37.563 0.0000000000
95874  -39.963  -33.754  37.569 0.0000000000
97255  -40.351  -32.774  36.848 0.0000000000
95859  -42.040  -33.293  39.648 0.0000000000
95773  -32.695  -32.241  45.968 0.0000000000
97139  -31.897  -31.775  45.031 0.0000000000
97128  -33.327  -31.932  45.396 0.0000000000
97140  -33.493  -31.675  44.738 0.0000000000
237676  -34.178  -31.675  44.641 0.0000000000
95775  -35.287  -32.059  45.364 0.0000000000
97142  -34.678  -31.815  44.050 0.0000000000
93244  -37.745  -34.029  45.297 0.0000000000
93243  -37.404  -33.553  44.881 0.0000000000
93256  -37.139  -33.886  44.030 0.0000000000
92073  -37.884  -34.372  43.104 0.0000000000
93269  -36.989  -34.218  43.216 0.0000000000
94505  -36.800  -33.727  43.655 0.0000000000
94513  -36.194  -33.572  42.390 0.0000000000
94512  -35.645  -33.281  42.066 0.0000000000
94522  -35.580  -33.490  41.316 0.0000000000
94530  -35.348  -33.850  40.624 0.0000000000
94547  -35.600  -34.817  40.502 0.0000000000
93317  -35.892  -35.677  40.129 0.0000000000
242283  -36.897  -34.935  40.385 0.0000000000
93318  -36.102  -35.582  40.277 0.0000000000
93330  -35.568  -35.278  39.350 0.0000000000
95745  -33.514  -33.088  47.980 0.0000000000
202722  -33.056  -32.519  47.012 0.0000000000
111575  -39.576  -23.804  29.176 0.0000000000
111576  -40.112  -23.427  28.728 0.0000000000
111577  -40.837  -23.263  28.342 0.0000000000
112766  -41.533  -22.979  28.091 0.0000000000
111545  -43.417  -23.875  31.168 0.0000000000
111565  -43.322  -23.292  30.805 0.0000000000
224205  -43.484  -22.462  29.919 0.0000000000
112735  -44.255  -22.688  30.655 0.0000000000
203100  -44.037  -22.318  30.268 0.0000000000
113835  -46.701  -21.204  26.430 0.0000000000
201548  -47.398  -20.903  26.483 0.0000000000
228102  -47.455  -20.449  27.781 0.0000000000
201809  -47.382  -20.694  28.792 0.0000000000
200416  -48.114  -20.410  28.720 0.0000000000
227134  -48.603  -20.695  29.345 0.0000000000
199411  -49.102  -21.185  29.715 0.0000000000
112738  -47.395  -22.511  30.489 0.0000000000
201433  -49.001  -21.845  29.816 0.0000000000
229464  -50.452  -21.606  29.965 0.0000000000
102813  -34.089  -28.966  37.006 0.0000000000
102830  -33.742  -29.398  36.582 0.0000000000
104183  -33.473  -28.805  36.732 0.0000000000
104182  -33.149  -28.149  36.711 0.0000000000
106567  -32.801  -27.174  36.714 0.0000000000
107758  -33.135  -26.128  38.022 0.0000000000
107771  -32.901  -26.404  37.416 0.0000000000
106560  -32.604  -26.699  36.910 0.0000000000
107781  -32.141  -26.384  36.551 0.0000000000
107769  -31.795  -25.709  36.823 0.0000000000
217196  -31.571  -25.078  36.712 0.0000000000
112592  -34.155  -22.533  41.099 0.0000000000
112607  -33.869  -22.659  40.454 0.0000000000
111425  -32.963  -23.202  39.186 0.0000000000
113698  -33.769  -21.661  39.986 0.0000000000
112618  -33.182  -22.602  39.388 0.0000000000
111424  -32.625  -23.232  38.613 0.0000000000
220415  -31.910  -23.865  37.827 0.0000000000
110223  -31.539  -24.435  36.932 0.0000000000
110228  -31.334  -24.678  36.216 0.0000000000
223816  -31.444  -24.016  36.455 0.0000000000
111445  -31.549  -23.507  36.022 0.0000000000
111451  -31.167  -23.482  35.291 0.0000000000
112644  -32.457  -22.236  36.973 0.0000000000
206796  -32.227  -22.666  35.890 0.0000000000
111456  -31.652  -23.099  34.712 0.0000000000
112670  -32.308  -22.610  34.893 0.0000000000
212666  -32.808  -22.340  34.435 0.0000000000
112692  -33.138  -22.651  33.940 0.0000000000
112702  -33.524  -22.969  33.372 0.0000000000
114869  -35.677  -21.400  35.768 0.0000000000
115968  -35.609  -20.658  36.479 0.0000000000
114853  -35.995  -21.126  36.100 0.0000000000
115944  -37.358  -20.238  37.172 0.0000000000
117112  -38.066  -19.847  37.793 0.0000000000
211768  -36.880  -18.081  40.033 0.0000000000
119348  -37.586  -17.922  39.943 0.0000000000
119367  -37.423  -18.274  39.473 0.0000000000
121667  -39.304  -16.695  41.434 0.0000000000
120520  -38.963  -17.429  40.347 0.0000000000
119368  -38.127  -18.141  39.605 0.0000000000
118233  -38.693  -18.494  39.275 0.0000000000
118247  -38.442  -18.979  38.649 0.0000000000
117096  -38.939  -19.416  38.665 0.0000000000
117078  -39.831  -19.156  39.325 0.0000000000
118235  -40.244  -18.746  39.757 0.0000000000
92050  -21.466  -35.156  43.225 0.0000000000
205784  -21.368  -35.085  43.702 0.0000000000
92031  -20.665  -35.280  44.089 0.0000000000
231270  -20.366  -35.256  44.731 0.0000000000
91993  -19.823  -35.067  45.801 0.0000000000
203774  -19.222  -34.985  46.171 0.0000000000
90651  -18.534  -35.519  46.105 0.0000000000
90668  -18.076  -36.349  45.103 0.0000000000
89238  -17.617  -36.658  45.470 0.0000000000
90649  -17.562  -36.571  46.187 0.0000000000
123106  -54.285  -15.083  24.469 0.0000000000
97283  -34.870  -32.409  35.538 0.0000000000
101482  -34.562  -30.210  36.649 0.0000000000
93394  -38.790  -35.840  36.730 0.0000000000
94634  -39.210  -34.463  35.732 0.0000000000
97269  -36.884  -31.510  36.307 0.0000000000
99962  -38.003  -30.960  37.961 0.0000000000
98568  -37.695  -31.353  37.544 0.0000000000
98579  -35.984  -31.367  36.956 0.0000000000
99972  -35.741  -30.641  37.123 0.0000000000
102816  -35.997  -29.462  37.644 0.0000000000
101473  -35.554  -29.965  37.302 0.0000000000
99971  -35.112  -30.443  36.953 0.0000000000
101472  -34.936  -29.797  37.110 0.0000000000
102831  -34.402  -29.535  36.723 0.0000000000
104165  -34.511  -28.506  37.426 0.0000000000
105419  -34.409  -27.452  37.841 0.0000000000
106549  -34.458  -26.659  38.542 0.0000000000
106550  -35.181  -26.905  38.774 0.0000000000
107749  -34.842  -26.341  39.042 0.0000000000
107736  -34.507  -25.795  39.326 0.0000000000
109003  -34.500  -25.017  40.066 0.0000000000
111411  -34.618  -24.044  40.995 0.0000000000
111381  -34.967  -23.334  42.042 0.0000000000
108992  -37.155  -25.808  41.587 0.0000000000
108978  -36.858  -25.143  41.933 0.0000000000
110184  -36.277  -24.959  41.738 0.0000000000
111354  -36.861  -23.513  43.778 0.0000000000
111383  -36.277  -24.050  42.699 0.0000000000
110168  -35.930  -24.376  42.079 0.0000000000
111382  -35.621  -23.712  42.392 0.0000000000
112582  -35.350  -22.978  42.692 0.0000000000
112571  -35.432  -22.332  42.989 0.0000000000
97155  -31.985  -31.427  44.365 0.0000000000
98475  -31.996  -31.148  43.705 0.0000000000
98489  -32.859  -31.202  42.494 0.0000000000
98498  -31.697  -30.931  42.425 0.0000000000
99902  -31.363  -30.768  41.942 0.0000000000
99915  -30.844  -30.595  41.461 0.0000000000
238542  -30.312  -30.655  40.261 0.0000000000
99938  -30.051  -30.710  39.599 0.0000000000
97208  -34.158  -32.606  40.256 0.0000000000
98526  -33.480  -31.552  40.498 0.0000000000
98554  -33.119  -31.925  39.153 0.0000000000
98537  -32.589  -31.360  39.575 0.0000000000
241863  -32.404  -31.035  40.016 0.0000000000
99940  -31.843  -30.886  39.736 0.0000000000
99949  -30.537  -31.029  39.011 0.0000000000
90689  -24.519  -36.405  44.538 0.0000000000
90688  -24.020  -35.910  44.009 0.0000000000
90707  -23.205  -36.243  43.174 0.0000000000
92068  -22.853  -35.617  43.033 0.0000000000
92054  -27.293  -35.792  43.771 0.0000000000
90732  -26.456  -36.286  42.972 0.0000000000
90730  -25.687  -36.490  42.507 0.0000000000
92069  -25.413  -36.290  41.999 0.0000000000
90751  -25.180  -36.496  42.113 0.0000000000
90727  -23.311  -36.245  42.465 0.0000000000
216865  -22.743  -35.527  42.494 0.0000000000
92100  -21.455  -35.706  41.376 0.0000000000
90784  -22.104  -36.371  40.366 0.0000000000
228100  -47.724  -20.590  26.393 0.0000000000
199425  -48.042  -20.584  25.945 0.0000000000
199968  -48.117  -20.032  26.395 0.0000000000
200451  -49.163  -20.587  25.207 0.0000000000
227209  -49.854  -20.031  25.032 0.0000000000
228752  -49.712  -19.092  27.753 0.0000000000
116093  -50.936  -19.774  24.638 0.0000000000
117274  -51.706  -19.827  24.511 0.0000000000
120739  -52.051  -16.880  25.660 0.0000000000
120740  -52.348  -16.443  25.195 0.0000000000
121885  -53.064  -16.083  25.510 0.0000000000
121880  -53.852  -16.246  25.816 0.0000000000
86204  -11.646  -38.530  55.251 0.0000000000
86191  -11.303  -38.400  55.994 0.0000000000
84683  -11.213  -38.984  55.621 0.0000000000
83271  -10.803  -40.251  54.913 0.0000000000
81896  -10.322  -40.685  55.315 0.0000000000
80539  -10.182  -42.407  53.639 0.0000000000
80514  -10.097  -42.011  54.649 0.0000000000
80502  -9.920  -41.959  55.323 0.0000000000
101480  -33.371  -29.826  36.186 0.0000000000
101499  -32.987  -30.256  35.738 0.0000000000
104213  -30.913  -27.765  34.483 0.0000000000
110363  -39.196  -24.221  28.836 0.0000000000
111491  -33.920  -23.316  32.880 0.0000000000
111492  -34.664  -23.203  32.870 0.0000000000
111508  -34.956  -23.388  32.406 0.0000000000
112695  -35.436  -22.629  33.749 0.0000000000
111493  -35.319  -23.130  32.951 0.0000000000
206485  -35.322  -23.619  31.940 0.0000000000
204648  -35.927  -23.447  31.611 0.0000000000
111537  -36.506  -23.607  31.145 0.0000000000
112676  -37.172  -22.818  34.556 0.0000000000
112662  -38.129  -22.794  35.353 0.0000000000
112697  -36.890  -23.113  34.000 0.0000000000
234934  -36.713  -23.475  32.031 0.0000000000
111559  -37.012  -23.875  30.525 0.0000000000
110345  -38.213  -24.012  30.131 0.0000000000
111561  -38.580  -23.847  30.742 0.0000000000
110358  -39.196  -24.144  29.659 0.0000000000
110315  -42.026  -24.055  31.983 0.0000000000
207694  -42.416  -24.445  32.393 0.0000000000
110234  -41.307  -23.901  35.338 0.0000000000
89090  -12.390  -37.138  55.994 0.0000000000
89102  -13.350  -36.476  55.161 0.0000000000
89100  -12.490  -37.206  55.346 0.0000000000
87673  -12.112  -38.110  55.229 0.0000000000
86217  -11.773  -38.795  54.547 0.0000000000
84701  -11.640  -39.313  54.067 0.0000000000
83288  -11.460  -40.318  53.164 0.0000000000
84726  -11.822  -40.005  52.757 0.0000000000
216342  -11.548  -40.499  52.621 0.0000000000
81935  -11.041  -41.406  52.404 0.0000000000
83313  -12.809  -39.741  50.381 0.0000000000
83312  -12.431  -40.412  50.648 0.0000000000
86177  -11.275  -38.520  56.684 0.0000000000
86163  -11.324  -38.585  57.321 0.0000000000
86151  -11.339  -38.684  57.950 0.0000000000
83251  -10.439  -40.034  57.106 0.0000000000
84658  -10.753  -39.732  58.117 0.0000000000
86145  -11.333  -38.798  58.614 0.0000000000
84654  -11.218  -39.038  59.192 0.0000000000
84649  -11.081  -39.726  60.198 0.0000000000
219798  -9.224  -44.191  56.942 0.0000000000
79126  -9.564  -43.017  58.259 0.0000000000
79127  -9.775  -42.577  58.644 0.0000000000
77812  -9.711  -43.987  59.258 0.0000000000
220225  -9.980  -42.278  59.326 0.0000000000
80463  -10.243  -41.680  59.614 0.0000000000
81835  -10.615  -41.265  60.013 0.0000000000
83207  -10.949  -40.376  60.452 0.0000000000
84645  -11.205  -39.949  60.909 0.0000000000
84641  -11.327  -40.151  61.627 0.0000000000
83201  -11.012  -40.783  61.932 0.0000000000
83198  -10.605  -40.884  62.801 0.0000000000
80447  -10.479  -42.164  62.321 0.0000000000
81825  -10.192  -41.482  62.778 0.0000000000
81821  -9.915  -40.987  63.090 0.0000000000
231345  -9.524  -40.687  63.194 0.0000000000
72574  -9.489  -46.845  61.624 0.0000000000
208487  -8.903  -46.427  61.728 0.0000000000
73908  -9.619  -46.132  61.797 0.0000000000
73901  -9.383  -45.575  61.899 0.0000000000
76582  -9.251  -44.307  62.134 0.0000000000
77785  -9.016  -43.778  62.243 0.0000000000
72581  -9.753  -46.398  61.337 0.0000000000
73902  -9.718  -45.573  61.733 0.0000000000
75284  -9.145  -44.976  62.023 0.0000000000
75292  -9.955  -45.207  61.590 0.0000000000
75299  -9.962  -45.140  60.851 0.0000000000
75305  -9.737  -45.138  59.685 0.0000000000
75314  -9.420  -45.181  59.066 0.0000000000
75329  -9.110  -45.325  57.630 0.0000000000
76597  -10.010  -44.640  60.766 0.0000000000
77789  -10.196  -43.859  61.448 0.0000000000
77813  -9.734  -43.421  59.581 0.0000000000
77821  -9.401  -43.591  58.173 0.0000000000
77830  -9.291  -43.538  57.364 0.0000000000
77850  -9.614  -43.085  55.555 0.0000000000
79131  -9.393  -42.970  57.695 0.0000000000
79150  -9.406  -43.092  56.300 0.0000000000
79170  -10.068  -42.533  54.273 0.0000000000
80448  -10.714  -41.803  61.766 0.0000000000
80469  -9.927  -41.809  58.820 0.0000000000
80474  -9.547  -42.551  57.993 0.0000000000
80480  -9.457  -42.291  57.398 0.0000000000
80490  -9.406  -42.355  56.724 0.0000000000
80526  -10.218  -42.027  54.104 0.0000000000
80527  -10.384  -41.676  53.586 0.0000000000
81824  -9.427  -41.249  63.033 0.0000000000
81832  -10.787  -41.115  60.661 0.0000000000
81847  -10.019  -41.278  58.403 0.0000000000
81867  -9.940  -41.233  56.480 0.0000000000
81880  -10.003  -41.277  55.731 0.0000000000
81895  -10.156  -41.350  54.997 0.0000000000
81910  -10.403  -41.523  54.335 0.0000000000
81924  -11.122  -40.917  52.862 0.0000000000
81934  -10.719  -41.563  52.904 0.0000000000
83206  -10.692  -40.721  59.963 0.0000000000
83221  -10.288  -40.741  58.011 0.0000000000
83234  -10.278  -40.700  57.411 0.0000000000
83235  -10.538  -40.189  57.716 0.0000000000
83272  -11.231  -39.835  54.529 0.0000000000
83279  -11.053  -40.654  53.562 0.0000000000
83295  -12.122  -39.662  52.285 0.0000000000
84650  -11.351  -39.166  59.870 0.0000000000
84668  -10.737  -39.559  57.464 0.0000000000
84674  -10.747  -39.472  56.849 0.0000000000
84682  -10.897  -39.387  56.123 0.0000000000
84691  -11.010  -39.593  55.296 0.0000000000
84712  -12.012  -39.047  53.458 0.0000000000
84727  -12.098  -39.384  52.895 0.0000000000
86137  -11.743  -38.830  60.329 0.0000000000
86144  -10.951  -39.244  58.610 0.0000000000
86150  -10.980  -39.073  57.870 0.0000000000
86162  -11.006  -38.978  57.242 0.0000000000
86205  -12.116  -38.310  54.641 0.0000000000
86236  -12.439  -38.570  53.495 0.0000000000
86237  -12.659  -38.443  52.976 0.0000000000
86264  -12.877  -38.676  51.881 0.0000000000
87631  -12.203  -38.581  61.369 0.0000000000
87651  -11.590  -38.168  57.764 0.0000000000
87654  -11.581  -38.077  57.119 0.0000000000
87659  -11.623  -38.040  56.471 0.0000000000
87665  -11.769  -38.055  55.819 0.0000000000
87666  -12.253  -37.709  55.595 0.0000000000
87675  -12.948  -37.548  54.181 0.0000000000
87700  -12.996  -37.890  52.942 0.0000000000
87712  -13.183  -37.855  52.218 0.0000000000
87721  -13.369  -37.912  51.596 0.0000000000
87732  -13.496  -38.040  50.994 0.0000000000
87742  -14.129  -37.991  50.055 0.0000000000
87752  -14.436  -38.158  49.564 0.0000000000
87764  -14.829  -38.151  48.624 0.0000000000
87777  -15.330  -38.178  47.785 0.0000000000
89158  -14.091  -37.447  50.855 0.0000000000
89183  -14.946  -37.490  49.425 0.0000000000
90554  -14.925  -36.256  51.735 0.0000000000
90563  -15.398  -36.185  50.502 0.0000000000
90587  -16.195  -36.354  48.978 0.0000000000
90614  -17.034  -36.276  47.520 0.0000000000
90690  -26.849  -36.931  43.771 0.0000000000
90693  -38.865  -34.292  44.062 0.0000000000
90710  -25.840  -36.851  43.024 0.0000000000
90712  -26.823  -36.490  43.386 0.0000000000
90731  -26.074  -36.561  42.762 0.0000000000
90733  -37.605  -34.359  41.641 0.0000000000
90734  -38.114  -34.281  42.499 0.0000000000
90752  -37.364  -34.999  41.081 0.0000000000
90753  -38.706  -34.355  41.435 0.0000000000
90756  -40.258  -33.799  42.474 0.0000000000
90772  -38.552  -34.884  40.867 0.0000000000
90774  -39.636  -34.397  41.170 0.0000000000
90775  -39.952  -33.865  41.642 0.0000000000
90786  -23.628  -36.775  39.522 0.0000000000
90791  -38.531  -35.038  40.339 0.0000000000
90793  -39.465  -35.056  40.793 0.0000000000
90802  -24.554  -36.680  39.062 0.0000000000
91927  -17.023  -34.843  49.888 0.0000000000
92017  -28.326  -35.280  44.852 0.0000000000
92020  -29.739  -34.929  46.283 0.0000000000
92021  -38.011  -34.528  44.769 0.0000000000
92036  -27.643  -35.722  44.193 0.0000000000
92039  -37.891  -34.208  43.967 0.0000000000
92041  -38.979  -34.477  44.787 0.0000000000
92056  -37.223  -34.286  42.691 0.0000000000
92057  -37.595  -34.463  43.207 0.0000000000
92071  -37.054  -34.423  41.899 0.0000000000
92106  -37.052  -35.015  41.225 0.0000000000
92107  -37.449  -35.194  40.922 0.0000000000
92108  -40.327  -33.875  41.530 0.0000000000
92123  -37.741  -35.330  40.593 0.0000000000
92125  -38.917  -35.940  39.996 0.0000000000
92140  -38.102  -35.190  39.870 0.0000000000
92142  -39.612  -36.214  39.539 0.0000000000
92144  -40.383  -35.526  40.514 0.0000000000
93232  -37.594  -34.324  46.090 0.0000000000
93241  -29.265  -34.572  45.482 0.0000000000
93253  -28.002  -34.802  44.306 0.0000000000
93255  -28.931  -34.360  45.133 0.0000000000
93257  -37.567  -33.999  44.411 0.0000000000
93266  -27.010  -34.816  43.292 0.0000000000
93277  -25.989  -35.332  42.436 0.0000000000
93280  -37.062  -34.176  42.241 0.0000000000
93332  -37.731  -35.223  39.642 0.0000000000
93335  -39.911  -36.149  38.655 0.0000000000
93336  -41.016  -35.187  40.286 0.0000000000
93337  -41.326  -34.532  40.711 0.0000000000
93350  -39.701  -35.939  38.205 0.0000000000
93352  -40.778  -35.477  38.403 0.0000000000
93353  -41.235  -35.140  39.079 0.0000000000
94489  -28.769  -33.996  44.711 0.0000000000
94490  -29.395  -34.132  45.445 0.0000000000
94491  -29.692  -33.566  45.554 0.0000000000
94502  -27.969  -34.007  43.934 0.0000000000
94511  -27.273  -33.981  43.334 0.0000000000
94529  -25.855  -34.013  41.047 0.0000000000
94531  -35.816  -34.253  41.135 0.0000000000
94545  -25.668  -33.680  40.452 0.0000000000
94567  -25.306  -34.002  38.945 0.0000000000
94569  -35.239  -35.123  39.882 0.0000000000
94571  -41.664  -33.879  40.156 0.0000000000
94593  -40.416  -35.334  37.774 0.0000000000
94594  -41.152  -34.807  38.147 0.0000000000
94615  -40.373  -34.404  37.429 0.0000000000
94616  -41.021  -34.481  37.564 0.0000000000
95746  -34.344  -32.807  47.688 0.0000000000
95753  -32.952  -32.955  47.630 0.0000000000
95762  -31.922  -32.631  46.341 0.0000000000
95800  -35.874  -32.662  43.395 0.0000000000
95807  -28.017  -32.994  43.551 0.0000000000
95809  -35.193  -32.792  42.480 0.0000000000
95842  -25.898  -33.075  40.223 0.0000000000
95856  -25.794  -32.912  39.519 0.0000000000
95860  -41.932  -33.601  40.453 0.0000000000
95875  -41.456  -33.430  38.168 0.0000000000
95894  -39.893  -33.583  37.568 0.0000000000
97127  -32.668  -31.873  45.268 0.0000000000
97141  -34.018  -31.553  44.175 0.0000000000
97153  -30.119  -31.945  44.169 0.0000000000
97167  -28.324  -32.309  43.307 0.0000000000
97169  -33.700  -31.319  42.074 0.0000000000
97179  -27.466  -32.451  42.560 0.0000000000
97196  -34.243  -32.236  40.874 0.0000000000
97205  -26.723  -32.269  40.430 0.0000000000
97206  -27.286  -31.850  40.125 0.0000000000
97207  -33.824  -32.179  40.032 0.0000000000
97228  -26.252  -32.528  39.181 0.0000000000
97231  -32.815  -32.131  38.585 0.0000000000
97232  -33.322  -32.652  38.918 0.0000000000
97235  -41.375  -32.598  38.178 0.0000000000
98474  -31.408  -31.381  43.481 0.0000000000
98487  -31.232  -31.264  42.947 0.0000000000
98495  -28.447  -31.608  42.098 0.0000000000
98525  -32.872  -31.150  40.350 0.0000000000
98547  -28.104  -31.517  39.302 0.0000000000
98552  -31.725  -31.351  38.618 0.0000000000
98572  -40.489  -32.175  37.200 0.0000000000
99901  -30.715  -30.792  42.089 0.0000000000
99926  -28.835  -30.867  40.903 0.0000000000
99928  -30.880  -30.681  40.650 0.0000000000
99929  -31.457  -30.753  40.356 0.0000000000
99950  -31.339  -30.963  39.074 0.0000000000
102784  -37.758  -28.626  39.819 0.0000000000
102795  -36.525  -28.750  38.571 0.0000000000
104164  -33.806  -28.339  37.108 0.0000000000
105397  -37.180  -27.671  39.750 0.0000000000
105398  -37.790  -28.028  40.168 0.0000000000
105444  -33.055  -27.544  36.829 0.0000000000
105451  -32.215  -27.952  35.891 0.0000000000
106539  -37.128  -26.868  40.298 0.0000000000
106562  -33.829  -27.281  37.553 0.0000000000
106566  -32.347  -27.026  36.443 0.0000000000
106572  -31.557  -26.900  35.346 0.0000000000
106585  -30.878  -26.211  34.375 0.0000000000
106586  -31.229  -26.610  34.870 0.0000000000
107727  -36.800  -26.224  40.441 0.0000000000
107737  -35.165  -26.087  39.595 0.0000000000
107750  -35.527  -26.608  39.299 0.0000000000
107757  -32.518  -25.847  37.720 0.0000000000
107759  -33.739  -26.431  38.344 0.0000000000
107790  -31.167  -25.575  35.227 0.0000000000
107791  -31.514  -26.243  35.431 0.0000000000
108991  -36.593  -25.532  41.392 0.0000000000
109004  -35.091  -25.173  40.457 0.0000000000
109028  -33.798  -25.521  39.078 0.0000000000
109037  -32.258  -25.093  37.801 0.0000000000
109055  -31.499  -25.406  36.222 0.0000000000
109137  -31.229  -25.191  32.420 0.0000000000
109145  -31.978  -25.083  31.501 0.0000000000
110169  -36.587  -24.552  42.292 0.0000000000
110194  -34.523  -24.540  40.484 0.0000000000
110217  -31.790  -24.426  37.558 0.0000000000
110218  -32.424  -23.977  38.436 0.0000000000
110232  -31.059  -24.545  35.575 0.0000000000
110233  -31.214  -24.040  35.801 0.0000000000
110262  -30.966  -24.195  34.053 0.0000000000
110263  -40.511  -24.245  33.451 0.0000000000
110290  -31.583  -24.652  32.694 0.0000000000
110298  -43.879  -24.223  32.171 0.0000000000
110326  -35.119  -23.886  30.699 0.0000000000
111366  -36.567  -23.790  43.273 0.0000000000
111397  -34.597  -23.454  41.340 0.0000000000
111417  -33.433  -23.810  39.940 0.0000000000
111432  -31.872  -23.346  37.413 0.0000000000
111450  -30.945  -24.070  35.131 0.0000000000
111452  -39.906  -23.669  35.144 0.0000000000
111453  -40.586  -23.755  35.235 0.0000000000
111457  -38.374  -23.761  34.378 0.0000000000
111458  -39.118  -23.802  34.364 0.0000000000
111478  -31.854  -23.142  33.964 0.0000000000
111479  -36.666  -23.358  33.555 0.0000000000
111480  -37.345  -23.621  33.608 0.0000000000
111484  -40.127  -24.131  33.834 0.0000000000
111494  -35.926  -23.155  32.971 0.0000000000
111497  -38.043  -23.933  33.107 0.0000000000
111506  -32.658  -23.778  32.519 0.0000000000
111512  -39.014  -23.758  32.255 0.0000000000
111513  -39.911  -23.707  32.281 0.0000000000
111526  -40.174  -23.747  32.042 0.0000000000
111544  -42.841  -23.683  31.011 0.0000000000
111546  -44.713  -22.962  31.472 0.0000000000
112593  -34.570  -22.790  41.587 0.0000000000
112606  -33.543  -22.674  39.924 0.0000000000
112645  -40.728  -22.736  36.479 0.0000000000
112652  -32.353  -22.508  36.368 0.0000000000
112656  -41.166  -23.269  36.149 0.0000000000
112659  -31.812  -22.934  35.512 0.0000000000
112660  -32.361  -22.495  35.417 0.0000000000
112664  -39.466  -23.194  35.514 0.0000000000
112674  -35.827  -22.227  34.142 0.0000000000
112677  -37.857  -23.134  34.842 0.0000000000
112691  -32.392  -22.789  34.222 0.0000000000
112693  -33.952  -22.583  33.814 0.0000000000
112701  -32.582  -22.979  33.449 0.0000000000
112703  -34.366  -22.935  33.303 0.0000000000
112705  -35.654  -22.942  33.394 0.0000000000
113665  -34.735  -21.830  42.314 0.0000000000
113673  -34.193  -21.836  41.287 0.0000000000
113697  -33.531  -22.080  39.594 0.0000000000
113706  -32.869  -21.882  38.295 0.0000000000
113723  -32.921  -21.669  37.068 0.0000000000
113725  -39.545  -21.909  36.606 0.0000000000
113732  -38.047  -21.703  35.823 0.0000000000
113741  -33.413  -21.930  35.582 0.0000000000
113743  -35.244  -21.595  35.316 0.0000000000
113745  -36.570  -21.740  35.298 0.0000000000
113748  -38.398  -22.349  35.658 0.0000000000
113757  -33.919  -22.092  34.938 0.0000000000
113759  -35.536  -21.953  34.764 0.0000000000
113761  -36.867  -22.151  34.853 0.0000000000
113762  -37.523  -22.433  35.095 0.0000000000
114742  -35.165  -21.440  42.952 0.0000000000
114762  -34.255  -21.202  41.311 0.0000000000
114807  -33.878  -20.761  39.056 0.0000000000
114820  -33.460  -20.981  37.674 0.0000000000
114821  -33.909  -20.665  37.893 0.0000000000
114838  -37.373  -20.975  36.532 0.0000000000
114840  -38.420  -21.371  36.847 0.0000000000
114850  -33.295  -21.395  36.624 0.0000000000
114852  -35.303  -21.121  36.244 0.0000000000
114856  -37.701  -21.276  36.128 0.0000000000
114870  -36.290  -21.442  35.711 0.0000000000
115859  -35.135  -20.902  42.810 0.0000000000
115871  -35.194  -20.231  42.573 0.0000000000
115883  -34.279  -20.650  41.040 0.0000000000
115929  -40.315  -20.363  38.856 0.0000000000
115942  -35.099  -19.950  37.654 0.0000000000
115945  -37.833  -20.277  37.336 0.0000000000
115956  -34.835  -20.716  36.732 0.0000000000
115957  -35.797  -20.247  36.982 0.0000000000
115958  -37.121  -20.500  36.877 0.0000000000
115960  -38.129  -20.854  37.109 0.0000000000
115969  -36.269  -20.650  36.422 0.0000000000
117036  -35.356  -19.576  42.291 0.0000000000
117062  -34.866  -19.520  40.360 0.0000000000
117075  -34.496  -19.734  39.265 0.0000000000
117091  -35.125  -19.543  39.017 0.0000000000
117094  -37.231  -19.278  38.301 0.0000000000
117098  -40.083  -19.776  39.118 0.0000000000
117109  -36.101  -19.534  38.289 0.0000000000
117111  -37.446  -19.784  37.643 0.0000000000
118198  -35.350  -19.006  41.177 0.0000000000
118229  -35.836  -19.067  39.336 0.0000000000
118232  -37.974  -18.550  39.057 0.0000000000
118248  -39.150  -19.022  39.086 0.0000000000
205852  -38.922  -34.176  42.067 0.0000000000
206322  -40.251  -34.627  41.133 0.0000000000
206486  -34.942  -22.329  42.534 0.0000000000
208070  -34.129  -23.210  40.850 0.0000000000
209944  -12.750  -36.743  55.604 0.0000000000
211712  -41.689  -24.148  32.457 0.0000000000
212222  -33.224  -23.226  39.760 0.0000000000
212358  -31.622  -23.890  37.271 0.0000000000
216887  -36.515  -34.892  41.426 0.0000000000
217777  -11.144  -38.729  56.982 0.0000000000
219789  -43.464  -24.566  32.408 0.0000000000
220239  -9.150  -44.793  57.897 0.0000000000
220618  -30.196  -31.111  42.402 0.0000000000
221532  -10.042  -44.021  61.874 0.0000000000
221890  -9.745  -42.466  55.637 0.0000000000
222130  -30.861  -25.257  33.477 0.0000000000
223379  -33.011  -28.690  36.426 0.0000000000
224606  -39.286  -36.091  39.189 0.0000000000
230297  -29.050  -32.914  44.060 0.0000000000
230470  -27.048  -32.976  42.615 0.0000000000
230600  -34.367  -22.315  41.466 0.0000000000
231296  -29.549  -30.693  40.379 0.0000000000
231907  -28.471  -31.100  41.110 0.0000000000
236136  -36.283  -18.821  39.178 0.0000000000
236358  -23.784  -36.484  42.004 0.0000000000
236858  -38.759  -23.807  32.699 0.0000000000
236861  -27.168  -32.203  41.878 0.0000000000
237186  -32.568  -31.137  44.026 0.0000000000
237269  -25.643  -34.676  41.098 0.0000000000
237489  -40.843  -24.292  33.209 0.0000000000
237857  -10.553  -40.473  59.371 0.0000000000
238637  -36.851  -35.011  41.389 0.0000000000
239078  -9.501  -43.815  58.717 0.0000000000
240212  -25.352  -35.816  41.208 0.0000000000
241862  -27.849  -34.898  44.106 0.0000000000
242194  -29.890  -34.493  46.213 0.0000000000
242199  -31.354  -23.346  34.298 0.0000000000
244294  -11.129  -38.915  58.228 0.0000000000
244549  -13.175  -37.162  54.242 0.0000000000
