#!ascii label  , from subject sub-v2s11x28685_ses-1 vox2ras=TkReg
2204
96146  -32.325  -9.300  44.297 0.0000000000
99417  -44.877  -5.886  29.977 0.0000000000
100397  -32.217  -5.138  33.924 0.0000000000
80018  -6.015  -20.181  48.421 0.0000000000
88564  -21.359  -14.098  47.508 0.0000000000
92867  -4.552  -11.045  46.038 0.0000000000
92762  -2.621  -10.210  53.632 0.0000000000
101510  -40.856  -4.327  34.033 0.0000000000
94076  -8.097  -10.357  38.378 0.0000000000
84136  -4.046  -17.178  57.894 0.0000000000
90784  -30.848  -12.059  38.191 0.0000000000
86269  -30.137  -14.035  45.194 0.0000000000
89656  -30.529  -11.816  47.917 0.0000000000
104678  -47.158  -1.322  29.087 0.0000000000
101487  -36.339  -4.196  34.913 0.0000000000
85269  -16.789  -15.261  45.623 0.0000000000
97206  -2.650  -7.875  40.332 0.0000000000
86225  -5.523  -15.226  47.384 0.0000000000
191944  -6.074  -15.434  43.590 0.0000000000
81091  -3.991  -19.218  43.842 0.0000000000
88463  -11.461  -13.725  55.435 0.0000000000
89562  -7.277  -13.401  60.071 0.0000000000
97229  -29.964  -7.518  35.114 0.0000000000
90676  -27.682  -11.332  50.445 0.0000000000
88602  -23.147  -13.671  45.021 0.0000000000
90694  -2.897  -11.813  49.008 0.0000000000
87380  -5.357  -15.045  50.763 0.0000000000
97293  -41.928  -7.299  30.756 0.0000000000
88496  -12.933  -13.976  51.999 0.0000000000
195577  -14.690  -15.324  48.376 0.0000000000
92906  -7.198  -10.318  42.432 0.0000000000
87581  -6.593  -14.813  39.253 0.0000000000
92730  -6.959  -11.270  54.256 0.0000000000
88466  -5.490  -13.801  54.999 0.0000000000
176874  -4.324  -18.997  53.020 0.0000000000
95151  -30.840  -9.544  42.825 0.0000000000
179617  -33.254  -11.661  42.481 0.0000000000
92922  -31.709  -11.030  41.411 0.0000000000
90733  -33.186  -11.871  44.648 0.0000000000
86313  -30.953  -14.006  43.396 0.0000000000
92855  -34.540  -10.358  47.072 0.0000000000
193109  -45.802  -3.512  29.969 0.0000000000
98391  -41.551  -7.383  26.442 0.0000000000
100508  -43.243  -5.020  27.117 0.0000000000
178261  -44.068  -2.573  26.735 0.0000000000
100399  -34.441  -5.027  34.413 0.0000000000
97264  -31.324  -7.558  32.526 0.0000000000
100424  -31.766  -5.482  32.157 0.0000000000
102567  -33.228  -3.196  32.423 0.0000000000
84187  -5.668  -17.409  47.817 0.0000000000
184916  -3.913  -17.387  45.786 0.0000000000
81080  -4.744  -19.299  45.766 0.0000000000
77730  -4.014  -22.065  43.878 0.0000000000
77671  -4.965  -22.333  46.473 0.0000000000
87360  -10.223  -14.989  53.709 0.0000000000
87349  -9.262  -15.174  56.033 0.0000000000
95247  -28.798  -8.517  36.194 0.0000000000
94094  -30.267  -10.030  38.269 0.0000000000
91827  -29.966  -11.151  36.667 0.0000000000
202536  -29.951  -9.783  36.788 0.0000000000
95253  -29.633  -9.197  35.192 0.0000000000
97089  -31.290  -7.558  50.453 0.0000000000
88607  -26.923  -12.793  44.753 0.0000000000
168056  -26.712  -13.156  46.352 0.0000000000
194781  -46.794  0.492  24.990 0.0000000000
109815  -46.856  2.301  24.773 0.0000000000
91710  -2.519  -11.682  50.902 0.0000000000
88516  -3.873  -13.596  49.934 0.0000000000
89615  -3.780  -13.412  51.703 0.0000000000
99373  -41.778  -5.670  32.154 0.0000000000
102594  -38.333  -3.301  30.810 0.0000000000
100448  -38.955  -5.268  29.871 0.0000000000
98344  -38.611  -7.265  29.120 0.0000000000
89592  -14.789  -13.255  54.115 0.0000000000
88489  -15.255  -13.512  52.434 0.0000000000
93976  -3.993  -9.579  45.027 0.0000000000
95118  -4.937  -9.340  43.207 0.0000000000
92890  -5.957  -10.541  44.853 0.0000000000
185459  -4.039  -16.227  41.336 0.0000000000
87529  -5.882  -14.981  41.506 0.0000000000
179112  -4.467  -16.624  39.071 0.0000000000
203115  -9.288  -10.839  54.783 0.0000000000
170225  -5.158  -15.727  58.239 0.0000000000
185422  -5.516  -13.192  57.684 0.0000000000
182645  -5.509  -15.603  56.340 0.0000000000
84149  -5.783  -16.769  54.005 0.0000000000
83039  -4.306  -17.577  55.417 0.0000000000
92929  -30.008  -10.607  40.456 0.0000000000
185269  -32.509  -8.125  49.517 0.0000000000
185229  -33.385  -8.672  48.414 0.0000000000
88576  -30.360  -13.169  46.474 0.0000000000
107802  -47.840  0.434  27.519 0.0000000000
198068  -45.577  -1.444  25.567 0.0000000000
101490  -38.791  -3.135  34.912 0.0000000000
102582  -35.600  -3.292  31.836 0.0000000000
87481  -19.584  -14.272  45.244 0.0000000000
86254  -19.154  -14.973  46.230 0.0000000000
192058  -5.202  -9.702  39.246 0.0000000000
89691  -5.680  -13.393  46.709 0.0000000000
89705  -6.960  -13.228  45.015 0.0000000000
86262  -5.812  -15.546  45.424 0.0000000000
188139  -3.990  -16.919  43.790 0.0000000000
82100  -2.398  -18.739  41.893 0.0000000000
90636  -12.808  -11.977  56.985 0.0000000000
92702  -10.463  -10.309  57.532 0.0000000000
89574  -10.571  -13.553  58.131 0.0000000000
86170  -7.739  -15.802  57.488 0.0000000000
99350  -31.012  -6.480  34.331 0.0000000000
96231  -30.630  -8.944  34.125 0.0000000000
89647  -24.182  -13.118  49.242 0.0000000000
167589  -29.404  -11.677  49.895 0.0000000000
89661  -25.317  -13.033  47.938 0.0000000000
88586  -22.712  -13.873  46.580 0.0000000000
93940  -2.765  -10.080  46.358 0.0000000000
93920  -2.255  -9.887  47.857 0.0000000000
91734  -3.163  -11.612  47.159 0.0000000000
88542  -4.549  -13.567  48.443 0.0000000000
86201  -5.479  -15.238  49.059 0.0000000000
84164  -6.368  -17.710  49.797 0.0000000000
95335  -42.842  -7.441  29.007 0.0000000000
95356  -38.957  -8.857  27.410 0.0000000000
174934  -13.449  -12.723  55.661 0.0000000000
88474  -12.333  -13.304  53.693 0.0000000000
192298  -10.806  -15.751  52.001 0.0000000000
86231  -18.010  -14.728  47.176 0.0000000000
87400  -17.322  -14.037  49.574 0.0000000000
87374  -16.624  -14.492  51.277 0.0000000000
87396  -14.151  -14.317  49.981 0.0000000000
174038  -11.568  -15.347  50.007 0.0000000000
186328  -3.009  -7.533  41.570 0.0000000000
95179  -5.447  -9.155  41.246 0.0000000000
92920  -8.205  -10.258  40.797 0.0000000000
89717  -7.645  -13.085  43.385 0.0000000000
89744  -8.474  -13.060  41.133 0.0000000000
179981  -8.378  -13.293  39.046 0.0000000000
92743  -5.487  -10.220  53.881 0.0000000000
91656  -7.047  -11.492  57.143 0.0000000000
194299  -5.418  -11.644  55.364 0.0000000000
89588  -4.615  -12.499  54.040 0.0000000000
88477  -5.656  -14.074  52.862 0.0000000000
84156  -6.368  -16.860  51.974 0.0000000000
81018  -5.365  -19.916  50.850 0.0000000000
80987  -2.282  -19.249  56.340 0.0000000000
81000  -2.104  -19.646  53.481 0.0000000000
77597  -4.272  -21.750  49.047 0.0000000000
95134  -31.528  -9.512  43.431 0.0000000000
96145  -31.857  -8.902  43.920 0.0000000000
94009  -32.759  -10.402  43.293 0.0000000000
94007  -31.859  -10.163  42.560 0.0000000000
168440  -33.215  -9.946  44.360 0.0000000000
91771  -33.508  -11.401  43.640 0.0000000000
96125  -32.457  -8.798  45.249 0.0000000000
95083  -32.952  -9.348  45.664 0.0000000000
101571  -45.328  -4.276  29.896 0.0000000000
98369  -42.536  -6.556  28.135 0.0000000000
99447  -42.229  -6.411  26.545 0.0000000000
100494  -43.682  -5.093  28.448 0.0000000000
102622  -44.179  -3.679  28.632 0.0000000000
101502  -33.225  -4.549  34.239 0.0000000000
100385  -34.143  -5.078  35.084 0.0000000000
101485  -33.120  -4.705  34.907 0.0000000000
98306  -31.591  -6.745  31.779 0.0000000000
172115  -31.815  -5.279  32.842 0.0000000000
101519  -32.649  -4.349  33.165 0.0000000000
198383  -5.868  -18.736  47.895 0.0000000000
82061  -5.072  -18.645  46.938 0.0000000000
80042  -5.760  -20.068  47.004 0.0000000000
78942  -5.155  -20.961  45.768 0.0000000000
78903  -5.559  -21.250  47.062 0.0000000000
85215  -9.601  -16.053  52.958 0.0000000000
85213  -8.966  -16.473  54.014 0.0000000000
94092  -28.757  -9.985  38.056 0.0000000000
193705  -30.487  -9.890  37.632 0.0000000000
94106  -28.973  -9.667  37.333 0.0000000000
95248  -29.360  -9.338  36.104 0.0000000000
108817  -47.265  1.470  26.383 0.0000000000
108836  -46.582  1.613  24.692 0.0000000000
110754  -47.196  3.167  25.256 0.0000000000
92786  -2.072  -10.867  52.118 0.0000000000
196669  -3.216  -12.695  51.458 0.0000000000
90656  -2.806  -12.076  52.392 0.0000000000
100419  -41.557  -5.054  33.297 0.0000000000
100392  -42.373  -4.909  34.442 0.0000000000
167548  -39.839  -3.524  32.431 0.0000000000
102601  -38.702  -3.785  30.259 0.0000000000
101540  -40.525  -4.474  31.567 0.0000000000
100440  -40.564  -5.285  30.714 0.0000000000
89599  -15.733  -13.418  53.516 0.0000000000
88483  -16.671  -13.757  52.837 0.0000000000
88525  -22.206  -13.423  48.929 0.0000000000
87429  -20.704  -14.112  48.281 0.0000000000
95232  -6.675  -9.707  37.513 0.0000000000
93956  -4.132  -10.063  45.470 0.0000000000
93977  -4.984  -9.892  44.638 0.0000000000
92882  -5.659  -10.798  45.399 0.0000000000
84261  -3.350  -17.302  39.952 0.0000000000
85343  -4.121  -16.486  40.130 0.0000000000
169323  -3.031  -17.186  39.059 0.0000000000
92748  -10.244  -11.020  53.511 0.0000000000
168548  -10.629  -10.792  54.614 0.0000000000
85202  -5.202  -16.230  57.990 0.0000000000
86171  -5.354  -15.644  57.394 0.0000000000
170456  -4.585  -16.955  57.012 0.0000000000
84144  -4.939  -16.848  55.173 0.0000000000
83033  -4.189  -17.432  56.653 0.0000000000
94030  -30.710  -10.046  41.686 0.0000000000
92930  -30.280  -11.091  40.962 0.0000000000
94045  -29.592  -10.303  41.319 0.0000000000
182402  -29.466  -10.085  40.351 0.0000000000
89693  -32.134  -12.671  45.995 0.0000000000
89683  -32.217  -11.990  47.090 0.0000000000
198369  -30.803  -13.392  45.919 0.0000000000
87484  -28.802  -13.796  44.883 0.0000000000
167638  -47.430  -0.656  28.290 0.0000000000
104676  -45.676  -1.707  28.652 0.0000000000
104695  -45.202  -1.821  26.411 0.0000000000
172512  -46.396  -0.823  27.897 0.0000000000
105711  -46.638  -0.705  26.977 0.0000000000
201491  -37.334  -3.285  34.720 0.0000000000
101477  -38.031  -3.746  35.854 0.0000000000
100374  -36.852  -4.413  36.084 0.0000000000
198535  -35.266  -4.873  32.913 0.0000000000
102569  -34.865  -3.900  32.223 0.0000000000
101523  -36.279  -3.719  33.703 0.0000000000
101533  -37.173  -3.550  33.216 0.0000000000
96203  -3.430  -8.509  39.438 0.0000000000
95219  -4.049  -9.750  38.718 0.0000000000
95193  -4.097  -9.157  40.078 0.0000000000
87449  -5.538  -14.606  47.178 0.0000000000
87450  -6.098  -14.589  46.583 0.0000000000
86249  -5.812  -15.730  46.134 0.0000000000
82074  -3.707  -18.431  45.068 0.0000000000
84207  -3.884  -17.176  45.211 0.0000000000
83119  -3.488  -18.127  43.848 0.0000000000
195601  -3.337  -17.992  42.604 0.0000000000
82093  -3.373  -18.945  42.526 0.0000000000
80086  -3.209  -20.436  42.326 0.0000000000
89579  -11.893  -13.145  56.668 0.0000000000
89576  -11.833  -12.663  57.458 0.0000000000
200214  -10.842  -14.060  56.582 0.0000000000
86176  -8.074  -16.060  55.722 0.0000000000
86173  -8.516  -15.409  56.619 0.0000000000
86175  -7.497  -16.405  56.468 0.0000000000
85205  -6.623  -16.606  57.322 0.0000000000
98263  -30.717  -6.984  34.629 0.0000000000
173988  -29.556  -8.588  35.055 0.0000000000
96226  -29.850  -8.795  34.690 0.0000000000
96227  -30.315  -8.423  34.804 0.0000000000
97242  -30.871  -7.782  33.989 0.0000000000
91704  -27.012  -11.073  50.610 0.0000000000
89632  -25.488  -12.780  50.795 0.0000000000
89638  -25.767  -12.749  50.098 0.0000000000
92823  -32.311  -10.184  49.174 0.0000000000
92811  -31.552  -9.765  49.608 0.0000000000
90696  -29.815  -12.086  48.798 0.0000000000
88589  -24.870  -13.382  45.698 0.0000000000
89675  -25.553  -12.836  47.184 0.0000000000
202976  -24.462  -13.413  46.403 0.0000000000
88567  -23.729  -13.467  47.185 0.0000000000
168286  -22.426  -13.908  45.432 0.0000000000
88617  -20.895  -13.605  44.735 0.0000000000
92825  -1.866  -10.612  49.490 0.0000000000
92838  -2.493  -11.032  48.521 0.0000000000
92848  -2.730  -11.033  47.969 0.0000000000
90701  -3.046  -11.688  48.384 0.0000000000
90707  -4.003  -12.346  48.006 0.0000000000
90703  -3.618  -12.514  48.379 0.0000000000
87393  -4.042  -14.596  50.397 0.0000000000
87406  -4.408  -14.432  49.937 0.0000000000
86196  -5.261  -15.640  49.948 0.0000000000
85233  -5.928  -16.620  49.416 0.0000000000
85227  -5.715  -16.284  49.947 0.0000000000
95305  -42.927  -7.788  29.870 0.0000000000
95288  -43.759  -7.425  30.962 0.0000000000
96249  -43.733  -7.184  31.675 0.0000000000
97302  -40.576  -7.760  29.603 0.0000000000
96311  -38.798  -8.594  28.112 0.0000000000
96301  -40.696  -8.297  29.172 0.0000000000
95333  -41.343  -7.844  28.416 0.0000000000
90644  -14.480  -12.394  55.455 0.0000000000
88480  -13.609  -13.554  53.213 0.0000000000
168608  -13.235  -13.390  53.767 0.0000000000
88479  -12.855  -13.636  53.104 0.0000000000
87365  -11.517  -14.368  52.664 0.0000000000
87371  -11.704  -14.735  52.003 0.0000000000
85270  -17.319  -15.145  45.564 0.0000000000
182863  -18.401  -14.630  46.796 0.0000000000
86242  -17.151  -14.995  46.473 0.0000000000
86216  -15.395  -15.474  48.020 0.0000000000
87424  -16.467  -14.771  48.075 0.0000000000
87411  -15.983  -14.596  48.596 0.0000000000
170103  -16.964  -14.292  50.428 0.0000000000
193298  -15.860  -14.238  49.855 0.0000000000
87397  -14.896  -13.938  50.412 0.0000000000
87409  -14.333  -14.697  49.487 0.0000000000
85236  -12.016  -15.636  48.839 0.0000000000
180307  -2.827  -7.050  42.703 0.0000000000
94005  -6.017  -9.468  43.084 0.0000000000
170683  -4.746  -8.780  41.959 0.0000000000
94027  -6.046  -9.384  41.655 0.0000000000
94041  -5.995  -9.457  40.911 0.0000000000
92913  -7.256  -10.211  41.668 0.0000000000
87493  -6.636  -14.610  44.338 0.0000000000
89711  -7.239  -12.861  44.561 0.0000000000
87507  -7.339  -14.435  43.333 0.0000000000
87570  -6.197  -14.705  40.367 0.0000000000
88671  -7.478  -14.023  41.192 0.0000000000
88686  -7.528  -14.139  40.516 0.0000000000
89750  -8.450  -13.108  40.347 0.0000000000
182400  -7.366  -14.520  39.295 0.0000000000
88699  -7.740  -14.416  38.652 0.0000000000
194983  -6.306  -11.277  54.325 0.0000000000
91640  -8.622  -11.572  59.209 0.0000000000
92700  -8.722  -10.528  57.130 0.0000000000
90627  -6.782  -11.306  58.950 0.0000000000
88462  -5.562  -13.831  55.927 0.0000000000
90634  -5.249  -12.378  56.291 0.0000000000
89580  -5.164  -12.412  55.636 0.0000000000
90647  -4.973  -11.951  54.394 0.0000000000
89589  -5.007  -12.568  54.255 0.0000000000
88476  -4.872  -13.602  53.046 0.0000000000
87359  -5.846  -14.482  53.681 0.0000000000
83048  -5.334  -18.057  53.546 0.0000000000
84153  -6.187  -17.053  52.757 0.0000000000
83052  -5.415  -18.162  52.740 0.0000000000
82022  -5.939  -18.584  51.391 0.0000000000
82020  -4.620  -19.344  52.065 0.0000000000
78759  -1.757  -20.838  55.606 0.0000000000
80990  -1.968  -19.710  54.674 0.0000000000
95167  -30.049  -9.728  42.262 0.0000000000
195657  -32.624  -13.637  41.779 0.0000000000
191982  -32.247  -12.377  40.838 0.0000000000
91791  -32.883  -11.316  41.584 0.0000000000
94018  -31.130  -9.987  41.973 0.0000000000
88609  -32.130  -13.061  45.060 0.0000000000
88637  -32.532  -13.193  43.952 0.0000000000
88660  -32.779  -13.318  42.914 0.0000000000
91749  -34.447  -11.064  45.803 0.0000000000
103661  -46.254  -1.885  29.355 0.0000000000
170619  -41.510  -5.270  25.915 0.0000000000
101642  -42.268  -4.147  25.475 0.0000000000
102671  -43.151  -3.104  25.572 0.0000000000
101611  -44.020  -3.929  27.283 0.0000000000
170656  -45.044  -2.451  28.578 0.0000000000
100401  -35.379  -4.570  34.577 0.0000000000
100373  -35.702  -4.804  35.631 0.0000000000
202739  -34.876  -4.822  35.373 0.0000000000
99333  -34.356  -5.159  36.126 0.0000000000
96263  -29.967  -7.910  32.337 0.0000000000
97279  -30.453  -7.054  31.627 0.0000000000
98305  -31.373  -6.882  31.438 0.0000000000
99385  -31.783  -6.066  30.807 0.0000000000
100438  -32.175  -4.749  31.186 0.0000000000
101529  -32.376  -4.081  32.528 0.0000000000
186848  -34.257  -4.615  33.324 0.0000000000
84186  -5.231  -16.919  47.438 0.0000000000
85255  -5.180  -16.606  46.785 0.0000000000
196172  -4.949  -17.343  46.754 0.0000000000
82067  -4.299  -18.637  46.032 0.0000000000
81086  -4.801  -19.457  44.966 0.0000000000
80080  -4.267  -20.739  43.500 0.0000000000
78957  -5.099  -20.899  44.949 0.0000000000
77690  -4.277  -22.264  45.077 0.0000000000
87355  -10.574  -14.455  54.892 0.0000000000
88460  -10.508  -14.469  56.206 0.0000000000
86180  -9.693  -15.309  54.657 0.0000000000
96222  -28.940  -7.992  35.596 0.0000000000
92946  -31.180  -10.611  37.991 0.0000000000
175424  -30.952  -11.670  37.724 0.0000000000
92953  -31.078  -10.358  37.492 0.0000000000
92964  -30.470  -10.535  36.066 0.0000000000
94133  -30.373  -10.299  35.713 0.0000000000
95254  -29.833  -9.758  35.537 0.0000000000
169893  -29.261  -8.982  35.496 0.0000000000
93856  -29.907  -9.693  51.434 0.0000000000
88573  -28.784  -12.838  46.271 0.0000000000
88551  -28.496  -12.734  47.236 0.0000000000
168865  -27.317  -12.824  45.633 0.0000000000
88605  -24.945  -13.423  44.788 0.0000000000
107825  -46.259  0.217  23.277 0.0000000000
108857  -46.092  1.087  22.805 0.0000000000
109838  -46.330  2.316  23.115 0.0000000000
110785  -46.553  2.882  22.653 0.0000000000
91715  -2.448  -11.597  50.097 0.0000000000
90695  -3.236  -12.354  49.317 0.0000000000
90679  -3.157  -12.679  50.809 0.0000000000
89625  -3.377  -13.281  51.049 0.0000000000
87368  -4.146  -14.330  50.948 0.0000000000
98308  -42.216  -6.896  31.613 0.0000000000
98276  -42.851  -5.620  33.170 0.0000000000
101568  -37.820  -4.653  29.315 0.0000000000
100478  -37.478  -5.930  28.723 0.0000000000
98355  -36.726  -7.326  28.546 0.0000000000
100462  -39.063  -5.968  29.622 0.0000000000
99399  -40.329  -6.392  30.059 0.0000000000
90645  -15.233  -12.299  54.866 0.0000000000
89593  -15.396  -13.171  54.098 0.0000000000
170026  -14.935  -13.392  53.056 0.0000000000
88498  -14.181  -13.699  51.899 0.0000000000
85258  -14.176  -15.971  46.489 0.0000000000
86214  -13.490  -15.426  48.327 0.0000000000
96118  -3.044  -8.499  44.371 0.0000000000
96119  -3.355  -8.243  43.613 0.0000000000
95090  -4.202  -9.124  44.243 0.0000000000
93990  -5.351  -9.544  43.896 0.0000000000
92898  -6.743  -10.657  43.891 0.0000000000
86318  -4.503  -15.758  42.297 0.0000000000
87516  -6.310  -15.099  42.275 0.0000000000
86319  -4.781  -15.651  41.593 0.0000000000
86355  -4.721  -16.073  40.119 0.0000000000
86376  -5.300  -15.732  39.395 0.0000000000
92790  -9.939  -10.990  51.919 0.0000000000
92747  -8.966  -11.344  53.430 0.0000000000
191399  -8.553  -10.936  54.885 0.0000000000
87336  -5.609  -15.738  60.218 0.0000000000
89563  -5.398  -13.536  59.640 0.0000000000
87345  -5.408  -14.858  57.880 0.0000000000
185266  -5.676  -14.329  56.851 0.0000000000
87352  -5.661  -14.582  55.466 0.0000000000
86181  -6.057  -15.133  54.272 0.0000000000
85208  -5.831  -15.993  55.458 0.0000000000
84148  -5.139  -17.073  54.367 0.0000000000
82010  -3.940  -18.691  54.003 0.0000000000
89758  -30.403  -12.813  39.199 0.0000000000
90775  -31.289  -11.991  40.768 0.0000000000
90774  -30.531  -11.981  39.847 0.0000000000
91809  -30.417  -11.624  39.597 0.0000000000
92936  -30.100  -10.707  39.409 0.0000000000
94062  -29.218  -10.070  39.478 0.0000000000
91720  -32.223  -10.650  48.694 0.0000000000
95037  -33.591  -9.122  47.737 0.0000000000
91724  -32.567  -10.570  47.771 0.0000000000
88553  -30.254  -12.693  46.884 0.0000000000
87454  -29.023  -13.021  46.123 0.0000000000
104713  -44.485  -1.851  24.938 0.0000000000
105719  -46.524  -0.583  25.576 0.0000000000
106752  -47.126  0.306  26.359 0.0000000000
102533  -39.603  -3.267  34.623 0.0000000000
101479  -40.465  -4.165  35.508 0.0000000000
101478  -39.696  -3.652  35.809 0.0000000000
103624  -32.781  -2.897  31.363 0.0000000000
102584  -37.016  -3.282  31.985 0.0000000000
102574  -38.622  -3.248  32.906 0.0000000000
87464  -20.085  -14.309  46.507 0.0000000000
87452  -20.198  -14.479  47.123 0.0000000000
86264  -18.881  -14.881  45.606 0.0000000000
86276  -18.016  -15.059  44.965 0.0000000000
95220  -4.952  -9.937  38.450 0.0000000000
94074  -6.958  -9.569  39.046 0.0000000000
90724  -5.202  -12.130  46.402 0.0000000000
90731  -6.018  -12.152  45.590 0.0000000000
89699  -5.957  -13.134  46.171 0.0000000000
87478  -6.695  -14.509  45.127 0.0000000000
86275  -5.933  -15.487  44.737 0.0000000000
85277  -4.929  -16.395  45.181 0.0000000000
85285  -4.696  -16.274  44.403 0.0000000000
85296  -4.929  -15.883  43.792 0.0000000000
85307  -3.838  -16.700  42.507 0.0000000000
92712  -10.918  -10.220  55.953 0.0000000000
91653  -11.583  -10.792  57.193 0.0000000000
90629  -10.861  -12.135  58.487 0.0000000000
89566  -8.885  -13.290  59.298 0.0000000000
87344  -9.683  -14.556  57.133 0.0000000000
87339  -8.632  -14.671  58.049 0.0000000000
87334  -7.209  -14.804  59.515 0.0000000000
87341  -5.857  -15.840  59.154 0.0000000000
85203  -5.549  -16.437  57.826 0.0000000000
84133  -4.501  -17.174  57.966 0.0000000000
99351  -31.450  -6.391  33.789 0.0000000000
100383  -32.047  -5.286  34.752 0.0000000000
100395  -31.103  -5.672  34.549 0.0000000000
90789  -28.982  -12.349  37.361 0.0000000000
95280  -29.574  -9.175  32.972 0.0000000000
98275  -31.036  -7.103  33.627 0.0000000000
182065  -24.145  -12.956  50.005 0.0000000000
88533  -22.415  -13.543  48.112 0.0000000000
97095  -32.297  -7.261  49.889 0.0000000000
92799  -30.260  -9.487  50.225 0.0000000000
90683  -28.851  -11.692  50.429 0.0000000000
187606  -28.140  -12.273  48.189 0.0000000000
89651  -27.626  -12.287  48.853 0.0000000000
89640  -27.078  -12.250  49.510 0.0000000000
89660  -24.626  -13.012  48.461 0.0000000000
88547  -23.409  -13.443  47.536 0.0000000000
88565  -21.915  -14.096  47.197 0.0000000000
88600  -20.945  -13.970  45.627 0.0000000000
111720  -47.178  3.623  21.670 0.0000000000
110808  -47.339  3.459  20.781 0.0000000000
111745  -48.133  3.677  19.869 0.0000000000
93955  -3.642  -9.958  45.516 0.0000000000
195366  -3.451  -10.896  46.111 0.0000000000
95040  -2.277  -9.466  47.003 0.0000000000
92865  -2.986  -10.896  46.560 0.0000000000
91745  -4.032  -11.431  46.409 0.0000000000
90716  -4.838  -12.063  47.088 0.0000000000
89674  -4.923  -13.201  47.692 0.0000000000
87435  -5.292  -14.543  47.853 0.0000000000
88521  -3.942  -13.402  49.193 0.0000000000
88530  -4.754  -13.959  48.809 0.0000000000
86212  -5.279  -15.761  47.895 0.0000000000
84178  -5.382  -16.808  48.161 0.0000000000
84179  -5.897  -17.337  48.448 0.0000000000
83070  -6.741  -18.855  48.759 0.0000000000
97318  -43.848  -6.764  29.734 0.0000000000
96310  -36.889  -8.801  27.677 0.0000000000
177364  -37.242  -9.382  26.555 0.0000000000
96350  -38.755  -8.678  26.625 0.0000000000
96352  -39.883  -7.878  27.363 0.0000000000
96331  -42.149  -7.181  28.156 0.0000000000
200513  -13.016  -12.454  56.491 0.0000000000
89585  -12.086  -13.407  55.540 0.0000000000
191636  -14.412  -13.114  54.770 0.0000000000
89590  -12.838  -13.253  54.364 0.0000000000
88468  -11.827  -13.499  54.909 0.0000000000
86186  -10.470  -15.201  53.039 0.0000000000
86233  -19.712  -15.013  47.723 0.0000000000
86219  -19.644  -15.203  48.472 0.0000000000
86205  -19.234  -15.451  49.055 0.0000000000
86229  -16.749  -15.042  46.951 0.0000000000
87425  -17.764  -14.580  48.167 0.0000000000
179519  -18.418  -15.174  49.771 0.0000000000
87388  -18.288  -14.418  50.383 0.0000000000
87375  -17.370  -14.421  51.702 0.0000000000
88492  -17.017  -14.102  52.318 0.0000000000
88501  -16.104  -14.338  51.889 0.0000000000
167874  -14.469  -13.851  51.382 0.0000000000
88509  -13.745  -14.032  51.168 0.0000000000
184314  -13.294  -15.249  49.002 0.0000000000
86195  -12.682  -15.059  50.165 0.0000000000
87382  -12.385  -14.593  50.902 0.0000000000
194897  -11.359  -15.322  51.009 0.0000000000
97193  -3.151  -7.636  41.159 0.0000000000
96150  -3.728  -8.075  42.145 0.0000000000
96174  -4.063  -7.982  41.509 0.0000000000
96193  -4.230  -8.176  40.971 0.0000000000
95195  -5.362  -9.274  40.528 0.0000000000
94058  -6.778  -9.724  39.817 0.0000000000
94059  -7.521  -9.949  39.534 0.0000000000
91755  -6.428  -11.959  45.000 0.0000000000
91769  -6.971  -11.330  44.133 0.0000000000
91778  -7.756  -11.671  43.150 0.0000000000
88654  -7.553  -14.217  42.292 0.0000000000
89724  -8.343  -12.945  42.415 0.0000000000
91785  -8.469  -11.478  42.109 0.0000000000
91796  -9.021  -11.670  40.829 0.0000000000
91803  -9.034  -11.349  39.960 0.0000000000
91808  -8.694  -11.684  38.780 0.0000000000
89756  -8.438  -13.004  38.306 0.0000000000
92710  -9.439  -10.424  56.052 0.0000000000
170984  -8.638  -10.647  56.250 0.0000000000
92717  -7.497  -11.230  55.487 0.0000000000
91647  -6.433  -11.974  57.529 0.0000000000
91661  -6.118  -11.374  56.049 0.0000000000
91673  -6.388  -11.588  54.793 0.0000000000
91672  -5.471  -11.055  54.603 0.0000000000
91670  -3.939  -11.211  54.680 0.0000000000
90652  -3.165  -12.153  53.522 0.0000000000
89605  -3.862  -13.108  52.603 0.0000000000
88485  -4.870  -13.860  52.285 0.0000000000
194286  -5.796  -14.859  51.348 0.0000000000
193230  -6.027  -15.283  53.595 0.0000000000
184574  -6.285  -15.704  52.174 0.0000000000
85223  -6.125  -16.139  51.014 0.0000000000
84162  -6.642  -17.420  50.668 0.0000000000
83061  -6.484  -18.236  50.237 0.0000000000
81026  -5.885  -19.645  49.666 0.0000000000
83022  -3.619  -17.431  58.545 0.0000000000
80977  -2.153  -19.211  58.295 0.0000000000
83031  -2.993  -18.085  56.766 0.0000000000
83037  -3.131  -18.061  55.858 0.0000000000
179811  -2.792  -18.816  54.284 0.0000000000
81002  -3.173  -19.280  53.028 0.0000000000
79955  -2.714  -20.239  52.493 0.0000000000
81005  -3.352  -19.615  52.484 0.0000000000
79965  -4.054  -20.299  51.516 0.0000000000
79982  -4.568  -20.654  50.223 0.0000000000
78883  -5.265  -21.041  48.395 0.0000000000
77630  -4.697  -22.167  47.853 0.0000000000
76519  -3.936  -23.039  46.751 0.0000000000
95135  -32.047  -9.694  43.603 0.0000000000
93996  -32.414  -9.969  43.676 0.0000000000
95136  -32.732  -9.621  44.484 0.0000000000
93997  -32.758  -10.214  43.986 0.0000000000
95109  -32.611  -9.144  44.779 0.0000000000
95110  -32.750  -9.216  45.154 0.0000000000
96124  -32.207  -8.593  44.552 0.0000000000
100464  -45.006  -5.177  30.002 0.0000000000
100465  -45.819  -4.879  30.191 0.0000000000
99418  -45.570  -5.705  30.265 0.0000000000
180109  -43.322  -6.278  28.812 0.0000000000
99450  -43.335  -5.845  28.221 0.0000000000
99431  -43.620  -5.807  28.981 0.0000000000
100480  -44.466  -4.714  29.725 0.0000000000
101501  -32.623  -4.613  34.534 0.0000000000
100396  -31.591  -5.587  33.878 0.0000000000
99363  -31.613  -6.261  33.097 0.0000000000
100415  -31.758  -5.452  33.316 0.0000000000
100398  -32.787  -4.579  33.811 0.0000000000
168744  -6.037  -19.622  48.058 0.0000000000
81060  -5.672  -19.443  47.508 0.0000000000
80028  -5.877  -20.149  47.682 0.0000000000
78904  -5.842  -20.708  47.154 0.0000000000
78884  -5.794  -20.666  47.992 0.0000000000
84155  -8.612  -16.871  52.957 0.0000000000
91685  -2.456  -11.148  52.826 0.0000000000
91686  -2.784  -11.772  53.154 0.0000000000
200599  -41.027  -4.417  33.172 0.0000000000
100404  -41.792  -4.975  33.959 0.0000000000
100403  -41.255  -4.635  34.417 0.0000000000
102561  -40.279  -3.639  33.104 0.0000000000
101534  -40.131  -4.014  31.833 0.0000000000
101535  -40.607  -4.176  32.351 0.0000000000
202494  -41.094  -4.594  32.492 0.0000000000
89601  -16.975  -13.277  53.157 0.0000000000
88532  -21.863  -13.874  48.318 0.0000000000
88544  -21.361  -14.027  47.976 0.0000000000
94090  -7.634  -9.856  37.910 0.0000000000
95233  -7.248  -9.546  37.496 0.0000000000
92880  -4.370  -10.491  45.792 0.0000000000
92881  -5.031  -10.569  45.685 0.0000000000
91753  -5.264  -11.150  45.853 0.0000000000
184957  -3.061  -17.278  39.517 0.0000000000
168575  -11.245  -10.704  54.450 0.0000000000
84137  -4.615  -17.026  57.651 0.0000000000
85206  -4.973  -16.562  57.356 0.0000000000
95183  -30.225  -9.849  41.951 0.0000000000
167488  -30.265  -10.264  41.422 0.0000000000
191656  -29.120  -9.917  40.829 0.0000000000
87458  -31.065  -13.307  45.695 0.0000000000
88592  -31.541  -13.032  45.872 0.0000000000
86257  -30.287  -13.899  45.646 0.0000000000
171122  -47.228  -1.081  28.622 0.0000000000
104677  -46.420  -1.410  29.012 0.0000000000
104684  -46.018  -1.250  28.219 0.0000000000
105700  -46.653  -1.131  28.564 0.0000000000
196571  -46.990  -0.738  28.246 0.0000000000
101476  -37.185  -3.835  35.647 0.0000000000
100389  -36.510  -4.247  35.465 0.0000000000
101504  -35.745  -4.408  34.225 0.0000000000
101522  -35.701  -4.162  33.672 0.0000000000
101505  -36.339  -4.126  34.369 0.0000000000
101506  -36.863  -3.688  34.536 0.0000000000
96199  -2.984  -8.473  40.260 0.0000000000
96204  -3.646  -9.014  39.914 0.0000000000
86238  -5.864  -15.235  46.720 0.0000000000
175792  -5.571  -15.907  46.876 0.0000000000
82080  -3.605  -18.582  44.320 0.0000000000
83114  -3.552  -18.022  44.668 0.0000000000
82086  -3.518  -18.738  43.454 0.0000000000
83126  -3.331  -18.243  42.964 0.0000000000
81098  -3.717  -19.442  43.147 0.0000000000
196078  -3.567  -19.797  42.599 0.0000000000
201501  -3.843  -19.918  43.008 0.0000000000
88464  -11.742  -13.632  56.063 0.0000000000
88461  -11.337  -13.676  56.616 0.0000000000
175877  -11.071  -14.018  55.960 0.0000000000
98262  -30.244  -7.072  35.025 0.0000000000
98252  -29.713  -6.659  35.348 0.0000000000
89763  -30.288  -12.716  38.577 0.0000000000
97232  -30.581  -7.771  34.730 0.0000000000
91701  -28.492  -10.861  51.344 0.0000000000
91705  -28.066  -11.115  50.864 0.0000000000
167727  -26.852  -11.607  50.525 0.0000000000
89634  -26.754  -12.030  50.166 0.0000000000
90693  -31.327  -10.753  48.651 0.0000000000
91716  -31.741  -10.422  48.959 0.0000000000
89655  -29.948  -12.098  48.098 0.0000000000
88603  -23.764  -13.640  45.357 0.0000000000
88588  -24.110  -13.461  45.963 0.0000000000
88587  -23.391  -13.561  46.277 0.0000000000
88618  -21.697  -13.515  44.306 0.0000000000
88619  -22.483  -13.605  44.644 0.0000000000
92826  -2.019  -11.197  49.041 0.0000000000
91722  -2.597  -11.413  48.740 0.0000000000
91726  -2.862  -11.366  48.165 0.0000000000
90706  -3.464  -11.977  48.147 0.0000000000
90702  -3.306  -12.169  48.638 0.0000000000
87379  -4.641  -14.709  50.603 0.0000000000
191263  -4.628  -14.701  50.227 0.0000000000
86193  -5.024  -15.131  50.323 0.0000000000
86194  -5.460  -15.867  50.535 0.0000000000
96275  -42.144  -7.575  30.498 0.0000000000
96277  -43.156  -7.584  31.069 0.0000000000
96265  -43.085  -7.465  31.287 0.0000000000
97303  -40.937  -7.779  29.772 0.0000000000
96285  -40.588  -8.146  29.398 0.0000000000
96286  -41.145  -8.038  29.606 0.0000000000
95303  -41.530  -7.986  29.650 0.0000000000
88488  -13.205  -13.677  52.530 0.0000000000
88487  -12.600  -13.968  52.457 0.0000000000
87366  -12.084  -14.298  52.380 0.0000000000
87372  -12.321  -14.340  51.755 0.0000000000
198038  -17.097  -15.142  45.899 0.0000000000
168956  -17.451  -14.998  46.021 0.0000000000
86252  -16.923  -15.190  46.134 0.0000000000
87423  -15.863  -14.949  47.994 0.0000000000
87422  -15.268  -14.976  48.603 0.0000000000
175284  -16.158  -14.320  49.232 0.0000000000
176588  -15.536  -14.587  49.236 0.0000000000
87410  -14.927  -14.774  49.247 0.0000000000
86204  -14.481  -14.970  48.949 0.0000000000
97154  -2.766  -7.068  43.520 0.0000000000
94006  -6.612  -9.779  42.821 0.0000000000
94015  -6.006  -9.496  42.360 0.0000000000
94016  -6.643  -9.759  42.041 0.0000000000
87506  -6.627  -14.893  43.594 0.0000000000
88629  -6.930  -14.116  43.961 0.0000000000
168976  -6.162  -14.842  39.705 0.0000000000
88685  -6.873  -14.355  40.805 0.0000000000
88693  -6.933  -14.523  39.981 0.0000000000
88694  -7.729  -14.177  39.856 0.0000000000
87587  -7.065  -14.864  38.773 0.0000000000
202417  -6.407  -15.113  38.863 0.0000000000
92745  -7.401  -11.145  53.563 0.0000000000
90623  -8.002  -11.958  59.849 0.0000000000
91639  -7.668  -11.330  59.213 0.0000000000
90622  -7.044  -11.822  59.543 0.0000000000
170772  -5.240  -12.963  56.120 0.0000000000
89584  -5.281  -13.042  55.355 0.0000000000
89583  -5.137  -12.417  54.863 0.0000000000
88465  -5.322  -13.032  54.490 0.0000000000
88471  -5.433  -13.817  54.192 0.0000000000
82014  -4.810  -18.501  53.183 0.0000000000
83049  -5.843  -17.673  53.144 0.0000000000
82017  -4.846  -18.710  52.432 0.0000000000
82016  -4.295  -19.214  52.521 0.0000000000
77479  -1.250  -22.339  55.323 0.0000000000
78758  -1.358  -21.337  56.258 0.0000000000
78774  -1.254  -21.488  55.163 0.0000000000
95150  -30.356  -9.447  42.741 0.0000000000
195544  -33.205  -12.764  41.851 0.0000000000
90764  -33.155  -12.313  41.429 0.0000000000
91786  -33.194  -11.190  42.193 0.0000000000
95153  -31.550  -9.900  42.916 0.0000000000
94019  -31.447  -10.099  42.299 0.0000000000
95169  -31.168  -9.812  42.466 0.0000000000
95168  -30.710  -9.834  42.209 0.0000000000
170354  -32.664  -12.505  44.882 0.0000000000
88624  -32.292  -13.114  44.478 0.0000000000
89707  -32.805  -12.683  44.338 0.0000000000
91781  -33.346  -11.748  43.226 0.0000000000
90751  -33.203  -12.468  43.251 0.0000000000
183139  -33.211  -12.520  42.812 0.0000000000
172425  -32.836  -13.774  42.378 0.0000000000
92884  -33.855  -10.547  44.964 0.0000000000
93968  -33.520  -10.043  45.768 0.0000000000
91756  -33.531  -11.460  45.375 0.0000000000
89701  -32.855  -12.449  45.539 0.0000000000
103653  -46.625  -2.355  29.927 0.0000000000
103654  -47.443  -2.272  30.020 0.0000000000
102613  -47.237  -2.992  30.260 0.0000000000
172729  -40.306  -7.413  26.873 0.0000000000
98408  -40.001  -6.986  26.412 0.0000000000
98410  -41.473  -7.109  26.354 0.0000000000
100507  -42.757  -5.251  26.692 0.0000000000
99484  -42.407  -5.715  26.311 0.0000000000
100541  -42.408  -4.815  26.162 0.0000000000
101641  -41.914  -4.654  25.735 0.0000000000
100521  -43.032  -4.603  26.500 0.0000000000
101625  -43.209  -3.878  26.397 0.0000000000
101610  -43.568  -4.354  26.891 0.0000000000
101588  -45.253  -3.496  29.615 0.0000000000
103659  -44.510  -2.990  28.504 0.0000000000
102623  -45.166  -2.894  29.119 0.0000000000
103660  -45.600  -2.197  29.072 0.0000000000
100400  -34.843  -4.743  34.461 0.0000000000
173152  -35.083  -4.729  35.056 0.0000000000
100386  -34.675  -4.890  35.000 0.0000000000
100371  -33.991  -5.303  35.766 0.0000000000
100353  -33.826  -5.602  36.311 0.0000000000
97263  -30.545  -7.532  32.243 0.0000000000
99372  -31.649  -6.268  32.270 0.0000000000
99377  -31.772  -6.172  31.502 0.0000000000
98319  -31.643  -6.598  31.051 0.0000000000
100430  -31.981  -5.496  31.321 0.0000000000
100431  -32.148  -4.801  31.901 0.0000000000
101520  -33.370  -4.270  33.519 0.0000000000
100417  -34.740  -5.029  33.728 0.0000000000
191502  -5.347  -17.640  47.303 0.0000000000
82068  -4.841  -19.012  46.439 0.0000000000
82060  -4.426  -18.389  46.635 0.0000000000
82075  -4.285  -18.836  45.348 0.0000000000
191243  -5.048  -20.164  44.579 0.0000000000
80066  -5.052  -20.123  45.524 0.0000000000
77672  -5.081  -21.654  46.101 0.0000000000
78941  -4.869  -21.628  45.358 0.0000000000
171846  -4.703  -22.298  45.761 0.0000000000
76543  -4.396  -22.783  46.211 0.0000000000
87357  -10.147  -14.908  54.427 0.0000000000
87354  -10.119  -14.884  55.094 0.0000000000
86183  -9.758  -15.399  53.989 0.0000000000
92941  -30.709  -10.416  38.511 0.0000000000
94095  -30.936  -10.199  37.947 0.0000000000
94107  -29.891  -9.624  37.244 0.0000000000
94121  -30.283  -10.169  36.877 0.0000000000
199683  -30.571  -10.387  35.963 0.0000000000
95249  -30.068  -9.989  36.154 0.0000000000
94968  -30.503  -8.769  51.135 0.0000000000
94969  -30.714  -8.590  50.476 0.0000000000
88590  -28.180  -13.318  45.793 0.0000000000
106758  -46.549  -0.010  24.580 0.0000000000
106762  -45.914  -0.313  23.574 0.0000000000
106763  -46.472  0.082  23.895 0.0000000000
108846  -46.400  1.358  24.018 0.0000000000
182168  -46.597  2.050  24.197 0.0000000000
108869  -46.208  1.633  22.757 0.0000000000
110768  -46.807  3.023  24.009 0.0000000000
110761  -46.823  2.696  24.352 0.0000000000
90678  -2.841  -12.108  50.481 0.0000000000
187827  -3.472  -13.124  51.610 0.0000000000
88495  -3.677  -13.785  51.156 0.0000000000
191541  -4.023  -13.851  51.422 0.0000000000
99379  -42.052  -6.289  31.842 0.0000000000
98297  -42.454  -6.545  32.007 0.0000000000
99374  -42.229  -5.910  32.348 0.0000000000
102600  -37.287  -3.112  30.108 0.0000000000
101558  -38.866  -4.511  30.007 0.0000000000
101557  -38.267  -4.172  29.798 0.0000000000
101569  -38.501  -4.935  29.494 0.0000000000
100460  -37.989  -5.461  29.135 0.0000000000
99413  -38.045  -6.277  29.034 0.0000000000
100433  -41.338  -5.328  31.764 0.0000000000
99386  -40.817  -5.896  30.457 0.0000000000
99378  -41.588  -5.949  31.521 0.0000000000
98321  -41.488  -6.768  30.760 0.0000000000
89594  -16.053  -12.845  53.991 0.0000000000
88481  -15.507  -13.522  52.992 0.0000000000
89598  -15.182  -13.433  53.599 0.0000000000
168095  -14.583  -13.429  52.509 0.0000000000
86226  -14.665  -15.680  47.032 0.0000000000
85250  -13.925  -16.086  47.099 0.0000000000
95089  -3.546  -9.127  44.648 0.0000000000
181652  -3.568  -8.837  44.050 0.0000000000
92889  -5.592  -10.099  44.397 0.0000000000
93991  -5.821  -9.769  43.749 0.0000000000
92897  -6.188  -10.287  44.219 0.0000000000
188570  -4.319  -15.867  41.625 0.0000000000
86333  -4.427  -16.069  40.982 0.0000000000
180137  -4.213  -16.564  39.690 0.0000000000
86374  -4.436  -16.275  39.891 0.0000000000
86375  -4.829  -16.113  39.586 0.0000000000
86356  -5.090  -15.836  39.859 0.0000000000
85361  -4.824  -16.237  39.232 0.0000000000
85380  -4.657  -16.941  38.639 0.0000000000
92733  -9.606  -11.049  53.994 0.0000000000
167377  -9.657  -11.294  53.182 0.0000000000
92732  -8.778  -11.032  54.172 0.0000000000
87340  -5.231  -15.586  59.112 0.0000000000
88451  -5.273  -14.755  59.783 0.0000000000
191215  -5.455  -15.089  57.309 0.0000000000
184597  -5.600  -14.896  56.395 0.0000000000
191468  -5.670  -15.104  55.822 0.0000000000
185737  -5.884  -15.335  55.222 0.0000000000
84143  -4.633  -17.325  54.818 0.0000000000
83043  -4.783  -17.535  54.022 0.0000000000
83042  -4.329  -18.030  54.590 0.0000000000
89757  -29.957  -13.339  39.124 0.0000000000
91798  -31.986  -11.492  41.000 0.0000000000
90769  -32.070  -11.955  40.743 0.0000000000
194941  -31.567  -11.840  40.846 0.0000000000
91797  -30.415  -11.583  41.004 0.0000000000
91804  -30.376  -11.745  40.267 0.0000000000
92937  -30.145  -11.236  40.133 0.0000000000
92942  -30.696  -11.040  38.812 0.0000000000
86297  -30.275  -14.697  43.446 0.0000000000
96074  -33.110  -8.741  48.822 0.0000000000
93900  -32.849  -9.727  48.998 0.0000000000
93908  -33.142  -9.595  48.667 0.0000000000
95053  -33.999  -9.669  46.987 0.0000000000
93928  -33.708  -10.077  47.553 0.0000000000
88556  -31.467  -12.608  46.619 0.0000000000
90705  -32.405  -11.247  47.649 0.0000000000
89681  -31.342  -12.194  47.152 0.0000000000
89669  -31.519  -11.516  47.793 0.0000000000
89680  -30.759  -12.495  46.983 0.0000000000
188507  -29.727  -13.024  46.421 0.0000000000
87455  -29.713  -13.205  46.090 0.0000000000
87483  -28.260  -13.362  44.213 0.0000000000
107803  -48.803  0.403  27.185 0.0000000000
102661  -43.930  -3.025  26.386 0.0000000000
103703  -43.465  -2.693  25.188 0.0000000000
103696  -44.079  -2.188  26.243 0.0000000000
104696  -45.724  -1.569  26.188 0.0000000000
103705  -44.774  -1.656  25.451 0.0000000000
104714  -45.333  -1.538  25.324 0.0000000000
104720  -45.791  -1.317  24.997 0.0000000000
105718  -46.003  -1.056  25.659 0.0000000000
106735  -47.607  -0.052  27.729 0.0000000000
106744  -47.198  0.021  26.989 0.0000000000
172467  -47.660  0.415  27.344 0.0000000000
107812  -47.533  0.683  26.676 0.0000000000
102525  -39.445  -3.255  35.252 0.0000000000
168074  -38.782  -3.426  35.558 0.0000000000
101462  -38.150  -3.924  36.381 0.0000000000
197881  -38.827  -3.895  36.660 0.0000000000
99320  -35.939  -5.072  36.192 0.0000000000
191663  -36.398  -4.898  36.308 0.0000000000
102566  -32.612  -3.289  32.306 0.0000000000
101546  -32.260  -3.888  31.051 0.0000000000
102579  -32.862  -2.696  32.062 0.0000000000
174409  -35.304  -3.841  32.169 0.0000000000
102591  -35.443  -2.878  31.231 0.0000000000
102583  -36.185  -3.126  32.064 0.0000000000
101525  -37.494  -3.334  34.192 0.0000000000
102558  -37.862  -3.424  33.499 0.0000000000
102548  -38.162  -3.232  33.976 0.0000000000
101508  -38.921  -3.177  34.097 0.0000000000
87463  -19.450  -14.518  45.911 0.0000000000
87480  -19.102  -14.701  45.264 0.0000000000
95218  -3.736  -9.366  38.289 0.0000000000
94056  -4.439  -9.843  38.979 0.0000000000
188544  -5.666  -9.753  38.585 0.0000000000
94073  -6.137  -9.569  39.258 0.0000000000
90717  -5.410  -12.707  46.742 0.0000000000
90725  -5.698  -12.433  46.091 0.0000000000
86250  -6.034  -15.055  46.012 0.0000000000
87462  -6.462  -14.435  45.872 0.0000000000
87477  -6.175  -14.975  45.320 0.0000000000
176713  -6.376  -15.011  44.739 0.0000000000
84194  -4.896  -16.911  46.258 0.0000000000
85266  -5.257  -16.361  46.040 0.0000000000
85265  -4.495  -16.877  45.625 0.0000000000
85275  -3.901  -16.999  44.551 0.0000000000
85276  -4.334  -16.708  44.858 0.0000000000
85284  -4.262  -16.603  44.268 0.0000000000
85295  -4.397  -16.265  43.649 0.0000000000
85308  -4.299  -16.189  42.821 0.0000000000
185974  -4.148  -16.656  43.192 0.0000000000
82092  -2.884  -18.441  42.277 0.0000000000
83132  -3.074  -17.897  41.987 0.0000000000
78985  -4.229  -21.566  43.655 0.0000000000
78984  -3.580  -21.271  43.140 0.0000000000
77729  -3.277  -22.010  43.519 0.0000000000
92708  -12.210  -10.315  56.625 0.0000000000
91658  -12.111  -11.120  57.055 0.0000000000
89575  -11.295  -13.023  58.027 0.0000000000
90632  -11.464  -11.876  58.001 0.0000000000
89571  -10.704  -12.956  58.533 0.0000000000
90625  -9.755  -12.632  59.199 0.0000000000
89569  -9.442  -13.593  58.775 0.0000000000
87348  -9.847  -14.708  56.450 0.0000000000
87346  -8.534  -15.311  57.230 0.0000000000
87342  -8.178  -15.371  57.864 0.0000000000
88452  -8.370  -14.459  58.809 0.0000000000
86166  -7.054  -15.758  58.506 0.0000000000
87337  -6.425  -15.737  59.594 0.0000000000
86169  -6.445  -16.043  58.197 0.0000000000
84135  -5.467  -16.860  57.663 0.0000000000
84134  -4.926  -16.846  57.777 0.0000000000
91816  -30.612  -11.629  37.295 0.0000000000
90790  -29.925  -12.272  37.656 0.0000000000
91815  -29.606  -11.723  37.031 0.0000000000
95263  -29.729  -9.159  34.135 0.0000000000
95271  -30.126  -9.131  33.372 0.0000000000
167963  -24.763  -13.079  49.881 0.0000000000
172540  -25.155  -12.875  50.348 0.0000000000
88527  -23.325  -13.039  48.849 0.0000000000
91713  -30.893  -10.201  49.499 0.0000000000
92800  -30.908  -9.438  49.882 0.0000000000
91712  -30.144  -10.410  49.971 0.0000000000
91708  -29.898  -10.002  50.520 0.0000000000
90691  -28.768  -12.099  49.968 0.0000000000
88550  -27.513  -13.277  47.112 0.0000000000
89679  -28.044  -12.510  47.684 0.0000000000
89678  -27.394  -12.765  47.671 0.0000000000
89676  -25.992  -12.992  47.660 0.0000000000
89663  -26.703  -12.760  48.236 0.0000000000
181968  -26.024  -12.976  48.174 0.0000000000
89650  -26.757  -12.653  49.028 0.0000000000
89662  -26.112  -12.900  48.787 0.0000000000
89649  -25.656  -12.938  49.117 0.0000000000
168466  -25.496  -12.989  48.616 0.0000000000
168349  -23.148  -13.693  47.032 0.0000000000
88566  -22.357  -13.681  47.078 0.0000000000
168161  -22.030  -14.138  46.696 0.0000000000
198479  -21.378  -14.175  46.354 0.0000000000
88631  -20.258  -13.752  44.337 0.0000000000
111702  -46.809  3.421  23.136 0.0000000000
198276  -46.745  3.203  21.971 0.0000000000
111709  -47.041  3.527  22.466 0.0000000000
111734  -48.129  3.821  20.541 0.0000000000
111722  -48.637  4.175  21.105 0.0000000000
95054  -2.472  -9.346  46.085 0.0000000000
93954  -3.103  -9.745  45.725 0.0000000000
93941  -3.268  -10.439  45.856 0.0000000000
93910  -2.020  -9.851  48.567 0.0000000000
91733  -2.909  -11.454  47.508 0.0000000000
172422  -2.705  -11.122  47.309 0.0000000000
92856  -2.974  -11.430  46.976 0.0000000000
91744  -3.388  -11.382  46.542 0.0000000000
91735  -3.852  -11.470  47.131 0.0000000000
91736  -4.364  -11.610  46.927 0.0000000000
90715  -4.263  -11.826  47.505 0.0000000000
89673  -4.402  -13.125  48.024 0.0000000000
183975  -4.882  -13.540  48.097 0.0000000000
88562  -5.259  -13.866  47.664 0.0000000000
88543  -5.013  -13.999  48.274 0.0000000000
89644  -3.571  -12.994  49.638 0.0000000000
87407  -5.190  -14.728  48.931 0.0000000000
88523  -4.899  -14.312  49.233 0.0000000000
87421  -5.148  -14.487  48.494 0.0000000000
191338  -5.257  -15.175  48.358 0.0000000000
85241  -5.388  -16.002  48.486 0.0000000000
84171  -6.153  -17.291  49.198 0.0000000000
84170  -5.642  -16.684  48.802 0.0000000000
83079  -6.486  -17.991  48.714 0.0000000000
83069  -6.464  -18.429  49.356 0.0000000000
96302  -43.272  -7.474  29.194 0.0000000000
97319  -44.665  -6.784  30.036 0.0000000000
96288  -43.712  -7.217  29.886 0.0000000000
101484  -32.566  -4.743  35.259 0.0000000000
98356  -37.528  -7.572  28.568 0.0000000000
97329  -36.821  -8.070  28.184 0.0000000000
97330  -37.625  -8.312  28.334 0.0000000000
95330  -39.282  -8.738  27.948 0.0000000000
201816  -38.187  -9.100  27.482 0.0000000000
95344  -38.436  -9.162  27.225 0.0000000000
96349  -38.097  -9.132  26.657 0.0000000000
196833  -38.796  -8.902  26.946 0.0000000000
97368  -39.123  -8.148  26.820 0.0000000000
96327  -39.516  -8.452  27.619 0.0000000000
95334  -41.886  -7.549  29.118 0.0000000000
96330  -41.609  -7.618  27.879 0.0000000000
96314  -42.618  -7.192  28.740 0.0000000000
96332  -42.775  -6.809  28.522 0.0000000000
91662  -13.611  -11.338  56.262 0.0000000000
90641  -13.447  -12.337  56.232 0.0000000000
89582  -12.810  -12.963  55.798 0.0000000000
90648  -15.064  -12.955  54.618 0.0000000000
88469  -12.223  -13.332  54.446 0.0000000000
88473  -11.655  -13.522  54.176 0.0000000000
88478  -11.622  -13.828  53.409 0.0000000000
86189  -11.180  -15.092  52.264 0.0000000000
87364  -10.916  -14.775  52.814 0.0000000000
194040  -10.754  -15.369  52.529 0.0000000000
86188  -10.262  -15.768  52.578 0.0000000000
85219  -10.280  -15.981  52.076 0.0000000000
87451  -19.647  -14.725  46.692 0.0000000000
87441  -19.825  -14.774  47.281 0.0000000000
86245  -19.372  -14.923  46.951 0.0000000000
86232  -18.693  -14.669  47.501 0.0000000000
86218  -19.260  -14.957  47.977 0.0000000000
200187  -19.143  -15.303  48.552 0.0000000000
87440  -18.770  -14.840  48.217 0.0000000000
86241  -16.655  -15.274  46.423 0.0000000000
176479  -17.167  -14.652  48.169 0.0000000000
87412  -17.644  -14.627  48.874 0.0000000000
87413  -18.287  -15.257  49.259 0.0000000000
87401  -17.959  -14.640  49.676 0.0000000000
183810  -16.255  -14.152  50.508 0.0000000000
87387  -17.452  -14.526  50.947 0.0000000000
88502  -16.671  -14.293  51.904 0.0000000000
87386  -15.876  -14.160  51.225 0.0000000000
88510  -15.126  -13.660  51.080 0.0000000000
87385  -14.352  -14.055  50.769 0.0000000000
87384  -13.676  -14.073  50.309 0.0000000000
86213  -12.986  -15.687  47.937 0.0000000000
170409  -12.796  -15.453  48.553 0.0000000000
86197  -11.836  -15.355  49.436 0.0000000000
86198  -12.589  -15.400  49.787 0.0000000000
169662  -12.065  -15.186  49.971 0.0000000000
178715  -11.817  -15.085  50.520 0.0000000000
85226  -11.151  -15.717  50.505 0.0000000000
97176  -2.775  -7.118  42.026 0.0000000000
98190  -2.826  -7.256  41.529 0.0000000000
95117  -4.437  -9.074  43.380 0.0000000000
191320  -3.562  -8.197  42.851 0.0000000000
95144  -4.060  -8.654  42.706 0.0000000000
95163  -5.038  -8.823  41.549 0.0000000000
95162  -4.548  -8.324  41.448 0.0000000000
193826  -4.708  -8.505  41.070 0.0000000000
95177  -4.476  -8.604  40.620 0.0000000000
95178  -5.016  -8.839  40.840 0.0000000000
94029  -7.406  -9.999  40.997 0.0000000000
94042  -6.699  -9.728  40.579 0.0000000000
94043  -7.471  -9.962  40.300 0.0000000000
92928  -8.102  -10.435  40.014 0.0000000000
90732  -6.601  -12.608  45.386 0.0000000000
173207  -6.959  -12.566  44.898 0.0000000000
89712  -7.321  -12.925  43.939 0.0000000000
90736  -7.118  -12.141  44.348 0.0000000000
90742  -7.480  -12.399  43.661 0.0000000000
90741  -7.411  -11.763  43.732 0.0000000000
90748  -7.890  -12.429  43.161 0.0000000000
87531  -7.032  -14.696  42.253 0.0000000000
87530  -6.495  -14.723  41.748 0.0000000000
89732  -7.968  -13.539  41.534 0.0000000000
181765  -7.588  -13.936  41.787 0.0000000000
89733  -8.432  -12.997  41.858 0.0000000000
90758  -8.595  -12.317  42.154 0.0000000000
91790  -8.944  -11.674  41.644 0.0000000000
90762  -8.822  -12.400  41.402 0.0000000000
191238  -8.613  -12.825  39.603 0.0000000000
90773  -8.869  -12.279  40.133 0.0000000000
180771  -8.755  -11.963  39.452 0.0000000000
182517  -8.865  -11.128  39.288 0.0000000000
90777  -8.581  -12.503  38.915 0.0000000000
179329  -8.649  -12.199  38.234 0.0000000000
92742  -4.568  -10.291  54.080 0.0000000000
92706  -10.670  -10.228  56.683 0.0000000000
92711  -10.126  -10.101  55.984 0.0000000000
92705  -9.905  -10.369  56.690 0.0000000000
91649  -8.173  -10.949  57.723 0.0000000000
91657  -7.876  -10.971  56.873 0.0000000000
92709  -7.884  -10.963  56.064 0.0000000000
169547  -7.100  -11.425  56.231 0.0000000000
89572  -5.490  -13.436  58.763 0.0000000000
89568  -5.741  -12.608  59.065 0.0000000000
89573  -5.784  -12.480  57.920 0.0000000000
90639  -5.270  -11.900  55.863 0.0000000000
91654  -5.592  -11.741  56.392 0.0000000000
91660  -5.661  -11.448  55.744 0.0000000000
91666  -6.063  -11.577  55.400 0.0000000000
91665  -5.735  -11.426  55.033 0.0000000000
91671  -4.746  -11.183  54.579 0.0000000000
90646  -4.164  -11.789  54.542 0.0000000000
91678  -3.493  -11.653  54.237 0.0000000000
89596  -3.805  -12.371  53.862 0.0000000000
89597  -4.249  -13.032  53.287 0.0000000000
89606  -4.309  -13.414  52.495 0.0000000000
87369  -4.647  -14.042  51.545 0.0000000000
87363  -5.500  -14.516  51.992 0.0000000000
202389  -6.126  -15.530  54.045 0.0000000000
185336  -6.278  -16.005  53.876 0.0000000000
85216  -6.315  -16.302  52.444 0.0000000000
85220  -6.260  -16.085  51.655 0.0000000000
180128  -6.614  -16.749  51.155 0.0000000000
84159  -6.603  -17.428  51.457 0.0000000000
82024  -5.693  -19.289  51.127 0.0000000000
82025  -6.163  -18.769  50.643 0.0000000000
81019  -5.925  -19.532  50.411 0.0000000000
82028  -6.395  -19.027  49.785 0.0000000000
81025  -5.568  -20.145  50.210 0.0000000000
83019  -3.448  -17.785  58.529 0.0000000000
80986  -1.800  -19.669  56.932 0.0000000000
80981  -1.600  -19.533  58.159 0.0000000000
80982  -2.200  -19.164  57.530 0.0000000000
83025  -2.918  -18.062  57.609 0.0000000000
81999  -2.519  -18.536  56.986 0.0000000000
82002  -2.779  -18.716  55.797 0.0000000000
80995  -1.874  -19.578  54.077 0.0000000000
188513  -2.226  -19.254  54.387 0.0000000000
80996  -2.330  -19.105  53.826 0.0000000000
82009  -3.049  -18.887  53.695 0.0000000000
81001  -2.649  -19.332  53.251 0.0000000000
79956  -3.159  -20.009  52.238 0.0000000000
79964  -3.486  -20.383  51.773 0.0000000000
81010  -3.667  -19.936  52.012 0.0000000000
78854  -4.330  -21.102  49.972 0.0000000000
78862  -4.497  -21.200  49.326 0.0000000000
78855  -4.722  -20.706  49.595 0.0000000000
78882  -4.714  -21.372  48.749 0.0000000000
77615  -4.944  -21.554  48.119 0.0000000000
95152  -31.161  -9.622  43.117 0.0000000000
96169  -30.869  -9.211  43.279 0.0000000000
96144  -31.315  -9.012  43.510 0.0000000000
96143  -30.868  -8.558  43.617 0.0000000000
92909  -33.192  -10.766  42.975 0.0000000000
92908  -32.795  -10.491  42.592 0.0000000000
94008  -32.371  -10.223  42.864 0.0000000000
95154  -31.972  -10.007  43.105 0.0000000000
90737  -33.387  -11.690  44.134 0.0000000000
92893  -33.734  -10.323  44.191 0.0000000000
91780  -33.426  -11.058  43.276 0.0000000000
96116  -32.676  -8.991  45.684 0.0000000000
93966  -33.076  -9.522  44.990 0.0000000000
97153  -32.415  -8.368  44.950 0.0000000000
102612  -46.459  -3.213  30.107 0.0000000000
101572  -46.121  -3.980  30.309 0.0000000000
97345  -41.903  -7.137  27.531 0.0000000000
98411  -41.820  -6.861  26.279 0.0000000000
99448  -42.376  -6.038  27.504 0.0000000000
99449  -42.976  -5.982  27.960 0.0000000000
100493  -43.340  -5.414  27.779 0.0000000000
100509  -43.670  -4.717  27.593 0.0000000000
101587  -44.120  -4.330  29.106 0.0000000000
203417  -44.747  -4.090  29.540 0.0000000000
101503  -34.065  -4.837  33.953 0.0000000000
101486  -33.782  -4.891  34.568 0.0000000000
199920  -33.649  -4.996  34.930 0.0000000000
100384  -33.515  -5.129  35.328 0.0000000000
199048  -31.408  -7.327  32.432 0.0000000000
98296  -31.541  -6.969  32.490 0.0000000000
176275  -31.699  -5.716  32.765 0.0000000000
100425  -32.084  -4.829  32.670 0.0000000000
100416  -32.284  -5.008  33.302 0.0000000000
200020  -5.679  -17.978  47.706 0.0000000000
192032  -5.365  -18.304  47.373 0.0000000000
82054  -5.413  -18.876  47.357 0.0000000000
81070  -5.357  -19.313  46.918 0.0000000000
81081  -5.162  -19.820  46.358 0.0000000000
80055  -5.178  -20.472  46.169 0.0000000000
80041  -5.525  -20.440  46.636 0.0000000000
78921  -5.328  -21.022  46.511 0.0000000000
77649  -5.186  -21.689  46.772 0.0000000000
86185  -9.935  -15.548  53.283 0.0000000000
85214  -9.021  -16.423  53.289 0.0000000000
84152  -8.807  -16.894  53.591 0.0000000000
94078  -29.450  -9.944  38.615 0.0000000000
94093  -29.735  -9.689  37.859 0.0000000000
197451  -29.520  -9.532  36.711 0.0000000000
95242  -28.861  -9.078  36.750 0.0000000000
98104  -31.557  -7.037  50.391 0.0000000000
88622  -25.826  -13.937  44.093 0.0000000000
107820  -46.915  0.622  25.570 0.0000000000
193710  -46.782  1.115  25.168 0.0000000000
107821  -46.989  1.309  25.798 0.0000000000
108827  -46.849  1.834  25.306 0.0000000000
110746  -47.786  3.162  26.425 0.0000000000
91703  -2.459  -11.747  51.817 0.0000000000
90668  -2.849  -12.237  51.231 0.0000000000
90669  -3.247  -12.572  52.035 0.0000000000
99364  -41.866  -5.444  32.807 0.0000000000
99365  -42.331  -5.565  32.939 0.0000000000
99352  -41.951  -5.251  33.335 0.0000000000
102585  -38.906  -3.355  31.479 0.0000000000
102586  -39.605  -3.729  31.685 0.0000000000
102596  -39.460  -3.895  31.038 0.0000000000
101548  -39.691  -4.527  30.784 0.0000000000
100439  -39.920  -5.090  30.504 0.0000000000
101549  -40.308  -4.723  30.974 0.0000000000
100426  -41.080  -4.713  31.954 0.0000000000
89600  -16.320  -13.336  53.352 0.0000000000
88482  -16.049  -13.708  52.942 0.0000000000
89645  -23.038  -12.973  49.937 0.0000000000
94103  -5.993  -9.761  37.351 0.0000000000
197998  -6.449  -9.839  36.973 0.0000000000
185293  -4.447  -9.875  45.046 0.0000000000
93957  -4.736  -10.151  45.373 0.0000000000
194870  -5.343  -10.322  45.098 0.0000000000
84248  -3.314  -17.164  40.587 0.0000000000
85327  -4.045  -16.368  40.634 0.0000000000
85326  -3.766  -16.868  40.268 0.0000000000
84278  -3.472  -17.074  39.354 0.0000000000
85359  -4.026  -16.801  39.269 0.0000000000
201791  -10.234  -10.930  54.129 0.0000000000
92720  -9.977  -10.774  54.710 0.0000000000
86167  -5.234  -15.939  57.970 0.0000000000
85204  -5.154  -15.993  57.452 0.0000000000
84140  -5.207  -16.187  56.448 0.0000000000
84145  -5.398  -16.504  55.461 0.0000000000
84139  -4.864  -16.631  56.217 0.0000000000
84138  -4.591  -17.107  55.837 0.0000000000
94031  -31.105  -10.142  41.633 0.0000000000
92931  -30.992  -11.056  41.437 0.0000000000
94048  -30.999  -10.500  41.427 0.0000000000
94047  -30.459  -10.319  41.283 0.0000000000
94046  -29.911  -10.357  40.787 0.0000000000
94063  -29.772  -10.323  39.908 0.0000000000
198026  -30.884  -13.939  42.702 0.0000000000
90719  -33.460  -11.751  46.477 0.0000000000
90710  -33.368  -11.226  47.058 0.0000000000
89694  -32.363  -12.268  46.435 0.0000000000
88578  -31.218  -13.039  46.219 0.0000000000
87457  -30.477  -13.469  46.091 0.0000000000
87468  -29.607  -13.390  45.676 0.0000000000
87469  -29.940  -13.547  45.747 0.0000000000
104682  -44.951  -1.833  27.272 0.0000000000
103681  -44.544  -2.018  26.644 0.0000000000
173218  -45.521  -1.680  26.875 0.0000000000
105710  -45.989  -1.272  27.110 0.0000000000
172824  -46.230  -0.927  26.280 0.0000000000
105701  -46.999  -0.500  27.705 0.0000000000
101489  -37.772  -3.182  35.275 0.0000000000
100375  -37.463  -3.929  36.143 0.0000000000
100355  -37.481  -4.141  36.630 0.0000000000
102568  -34.093  -3.626  32.346 0.0000000000
101532  -35.310  -4.413  32.577 0.0000000000
102570  -35.731  -3.744  32.561 0.0000000000
102571  -36.491  -3.494  32.813 0.0000000000
87494  -18.912  -14.737  44.349 0.0000000000
95207  -3.932  -9.087  39.129 0.0000000000
95208  -4.161  -9.441  39.441 0.0000000000
175031  -4.602  -9.437  39.639 0.0000000000
88563  -5.683  -13.953  46.988 0.0000000000
88583  -5.991  -13.894  46.335 0.0000000000
83100  -3.662  -17.838  45.398 0.0000000000
84206  -3.621  -17.494  44.852 0.0000000000
84213  -3.664  -17.508  44.190 0.0000000000
175838  -3.581  -17.608  43.318 0.0000000000
82101  -2.691  -18.947  42.127 0.0000000000
80093  -3.037  -19.645  42.139 0.0000000000
90640  -12.504  -12.770  56.505 0.0000000000
90635  -12.245  -12.332  57.127 0.0000000000
89578  -11.508  -13.311  57.241 0.0000000000
88458  -10.892  -13.747  57.300 0.0000000000
86174  -8.572  -15.615  55.907 0.0000000000
175747  -7.930  -15.912  56.539 0.0000000000
86172  -7.028  -16.232  57.359 0.0000000000
197502  -6.362  -17.000  57.169 0.0000000000
99342  -30.665  -6.147  34.958 0.0000000000
96236  -30.987  -8.429  33.648 0.0000000000
96232  -30.806  -8.439  34.289 0.0000000000
90675  -26.423  -11.750  51.154 0.0000000000
89633  -26.040  -12.399  50.485 0.0000000000
173402  -25.428  -12.962  49.676 0.0000000000
94987  -32.344  -9.088  49.309 0.0000000000
94971  -31.997  -9.067  49.766 0.0000000000
92812  -31.972  -9.858  49.554 0.0000000000
90686  -31.166  -10.456  49.041 0.0000000000
90692  -30.003  -11.743  49.320 0.0000000000
184872  -25.540  -13.295  45.868 0.0000000000
89692  -26.284  -13.068  47.066 0.0000000000
88569  -25.075  -13.268  46.579 0.0000000000
88549  -24.817  -13.189  47.355 0.0000000000
88548  -24.103  -13.270  47.473 0.0000000000
169161  -23.842  -13.470  46.669 0.0000000000
195473  -22.407  -14.083  46.140 0.0000000000
171638  -21.826  -14.103  45.918 0.0000000000
88601  -21.713  -13.822  45.087 0.0000000000
108867  -45.220  0.997  21.956 0.0000000000
92847  -2.375  -10.540  48.271 0.0000000000
93921  -2.560  -10.627  47.770 0.0000000000
91727  -3.130  -11.649  47.789 0.0000000000
91728  -3.679  -11.708  47.702 0.0000000000
89659  -3.962  -13.149  48.478 0.0000000000
88517  -3.887  -14.283  50.167 0.0000000000
87394  -5.108  -14.868  49.653 0.0000000000
199065  -5.313  -15.428  49.519 0.0000000000
187207  -5.397  -16.050  49.320 0.0000000000
170198  -6.300  -16.959  50.020 0.0000000000
168939  -42.956  -7.779  29.911 0.0000000000
95307  -43.643  -7.436  29.901 0.0000000000
95295  -43.390  -7.627  30.762 0.0000000000
96267  -43.991  -7.319  31.399 0.0000000000
97301  -39.953  -7.620  29.371 0.0000000000
97315  -38.791  -7.903  28.924 0.0000000000
97316  -39.406  -8.076  29.056 0.0000000000
95318  -39.589  -8.393  28.862 0.0000000000
95331  -39.838  -8.401  28.559 0.0000000000
95346  -39.966  -8.255  28.054 0.0000000000
95332  -40.914  -8.385  28.653 0.0000000000
169308  -41.395  -7.913  28.919 0.0000000000
88475  -14.084  -13.309  53.870 0.0000000000
88486  -12.136  -13.788  52.916 0.0000000000
86192  -11.289  -15.263  51.640 0.0000000000
177647  -18.097  -14.801  46.180 0.0000000000
86244  -18.800  -14.792  46.489 0.0000000000
86243  -17.724  -14.822  46.570 0.0000000000
86217  -15.823  -15.126  47.528 0.0000000000
87436  -16.288  -14.975  47.468 0.0000000000
197676  -16.748  -14.313  48.841 0.0000000000
87399  -16.589  -14.104  49.709 0.0000000000
87398  -15.535  -13.907  50.467 0.0000000000
167534  -15.043  -14.440  49.831 0.0000000000
87408  -13.598  -14.570  49.543 0.0000000000
85242  -11.778  -16.098  48.527 0.0000000000
85230  -11.004  -15.579  49.595 0.0000000000
97163  -3.012  -7.467  42.138 0.0000000000
94004  -5.450  -9.358  43.170 0.0000000000
95145  -4.564  -9.060  42.562 0.0000000000
183901  -5.030  -9.254  42.399 0.0000000000
95164  -5.462  -9.217  41.969 0.0000000000
94028  -6.667  -9.731  41.305 0.0000000000
88614  -6.967  -13.990  44.734 0.0000000000
88615  -7.194  -13.459  44.315 0.0000000000
88630  -7.408  -13.700  43.653 0.0000000000
87547  -5.724  -15.178  40.740 0.0000000000
87548  -6.336  -14.660  41.125 0.0000000000
89743  -7.932  -13.587  40.843 0.0000000000
90768  -8.866  -12.554  40.771 0.0000000000
89749  -7.991  -13.743  40.275 0.0000000000
89754  -8.206  -13.546  39.727 0.0000000000
88695  -7.993  -14.020  39.194 0.0000000000
91644  -9.269  -11.128  58.586 0.0000000000
92701  -9.554  -10.575  57.304 0.0000000000
91643  -8.380  -11.148  58.486 0.0000000000
91642  -7.485  -11.081  58.438 0.0000000000
91648  -6.851  -11.347  58.127 0.0000000000
88459  -5.498  -13.528  56.597 0.0000000000
90630  -5.504  -12.438  56.955 0.0000000000
90638  -5.086  -11.947  55.241 0.0000000000
88470  -4.988  -13.181  53.791 0.0000000000
194387  -5.448  -13.789  53.506 0.0000000000
83044  -5.641  -17.511  53.857 0.0000000000
175713  -5.978  -17.155  53.420 0.0000000000
83053  -6.129  -17.676  52.295 0.0000000000
83057  -6.189  -18.005  51.635 0.0000000000
83056  -5.660  -18.361  52.080 0.0000000000
82021  -5.324  -19.015  51.811 0.0000000000
81012  -5.014  -19.614  51.487 0.0000000000
79913  -1.536  -20.765  56.553 0.0000000000
79914  -1.639  -20.170  56.207 0.0000000000
187946  -2.025  -19.824  55.752 0.0000000000
178409  -2.062  -20.247  55.145 0.0000000000
79923  -1.638  -20.000  54.265 0.0000000000
79933  -1.530  -19.976  53.698 0.0000000000
78846  -3.585  -21.192  50.965 0.0000000000
87558  -31.257  -13.408  41.824 0.0000000000
88688  -31.244  -13.012  41.400 0.0000000000
89745  -32.633  -13.218  41.167 0.0000000000
91799  -32.595  -11.646  40.999 0.0000000000
92923  -32.347  -11.087  41.434 0.0000000000
94020  -32.187  -10.398  42.250 0.0000000000
94032  -31.769  -10.414  41.949 0.0000000000
167718  -31.465  -10.196  41.901 0.0000000000
176093  -31.382  -13.459  45.156 0.0000000000
87487  -31.547  -13.646  44.705 0.0000000000
87502  -32.035  -13.480  44.347 0.0000000000
87514  -32.291  -13.354  43.755 0.0000000000
89720  -33.130  -12.591  43.648 0.0000000000
88650  -32.664  -13.125  43.401 0.0000000000
87526  -32.358  -13.267  43.216 0.0000000000
87559  -32.229  -13.757  42.123 0.0000000000
93939  -34.154  -9.884  46.599 0.0000000000
177216  -32.995  -9.062  45.984 0.0000000000
95085  -33.515  -9.973  46.362 0.0000000000
91738  -34.733  -10.949  46.427 0.0000000000
90727  -33.235  -11.894  45.772 0.0000000000
88594  -32.454  -12.816  45.387 0.0000000000
104670  -46.970  -1.678  29.646 0.0000000000
104671  -47.684  -1.510  29.705 0.0000000000
99482  -41.580  -6.268  26.097 0.0000000000
99505  -40.809  -5.628  26.123 0.0000000000
172842  -40.945  -5.046  25.510 0.0000000000
101640  -41.371  -4.571  25.346 0.0000000000
102659  -42.643  -3.582  25.432 0.0000000000
102660  -43.520  -3.308  26.160 0.0000000000
102645  -44.153  -3.092  27.290 0.0000000000
102630  -44.087  -3.406  28.020 0.0000000000
103666  -44.312  -2.815  27.822 0.0000000000
103667  -44.736  -2.366  27.935 0.0000000000
103668  -45.240  -1.953  28.188 0.0000000000
100402  -35.881  -4.502  34.789 0.0000000000
100388  -35.956  -4.593  35.281 0.0000000000
100387  -35.552  -4.658  35.169 0.0000000000
99343  -35.274  -4.717  35.517 0.0000000000
99335  -35.430  -4.802  35.888 0.0000000000
100372  -34.541  -4.999  35.564 0.0000000000
99334  -34.916  -4.804  35.876 0.0000000000
97280  -30.964  -7.138  31.843 0.0000000000
97292  -30.786  -6.955  31.170 0.0000000000
99384  -31.430  -6.474  30.422 0.0000000000
99397  -31.490  -5.833  30.249 0.0000000000
100437  -31.862  -5.348  30.696 0.0000000000
101538  -32.296  -3.919  31.840 0.0000000000
102556  -33.723  -3.986  32.838 0.0000000000
201008  -34.997  -4.908  33.193 0.0000000000
100418  -35.254  -4.795  33.587 0.0000000000
98203  -2.999  -7.295  40.612 0.0000000000
182499  -5.307  -16.221  47.399 0.0000000000
84193  -4.400  -17.385  46.188 0.0000000000
83094  -4.958  -18.014  46.928 0.0000000000
83101  -4.034  -17.977  46.094 0.0000000000
83107  -3.873  -18.323  45.642 0.0000000000
82081  -4.186  -18.989  44.616 0.0000000000
81092  -4.608  -19.661  44.195 0.0000000000
81099  -4.242  -19.953  43.439 0.0000000000
78970  -4.611  -20.864  44.230 0.0000000000
77709  -4.454  -21.677  44.533 0.0000000000
77708  -3.852  -22.352  44.436 0.0000000000
202377  -10.938  -14.073  55.309 0.0000000000
87351  -10.575  -14.509  55.546 0.0000000000
87353  -9.541  -15.185  55.295 0.0000000000
175330  -9.344  -15.851  54.317 0.0000000000
86179  -9.223  -15.650  54.933 0.0000000000
86178  -8.711  -15.890  55.262 0.0000000000
85210  -8.362  -16.388  55.029 0.0000000000
96223  -29.583  -7.938  35.200 0.0000000000
97228  -29.176  -7.121  35.495 0.0000000000
188510  -31.080  -11.368  38.073 0.0000000000
90791  -30.556  -12.216  37.887 0.0000000000
91817  -31.119  -11.066  37.547 0.0000000000
92952  -30.592  -10.850  36.966 0.0000000000
200172  -30.311  -10.529  35.764 0.0000000000
92976  -29.482  -10.540  35.618 0.0000000000
93855  -29.776  -10.057  51.723 0.0000000000
91702  -29.173  -10.618  51.474 0.0000000000
88538  -29.620  -12.457  46.992 0.0000000000
89665  -29.114  -12.599  47.443 0.0000000000
167903  -28.343  -12.977  46.810 0.0000000000
88572  -27.788  -13.222  46.481 0.0000000000
88606  -26.113  -13.408  44.711 0.0000000000
169278  -25.517  -13.271  45.124 0.0000000000
88620  -23.941  -13.703  44.528 0.0000000000
170169  -23.342  -13.366  44.270 0.0000000000
200463  -45.201  0.273  22.417 0.0000000000
107823  -46.625  0.784  24.412 0.0000000000
107829  -46.396  0.909  23.301 0.0000000000
107837  -45.560  0.636  22.419 0.0000000000
108868  -45.751  1.314  22.314 0.0000000000
109847  -45.464  1.612  21.756 0.0000000000
109848  -46.164  1.979  22.289 0.0000000000
110779  -46.611  2.989  23.452 0.0000000000
92814  -1.959  -11.223  49.718 0.0000000000
91718  -2.341  -11.533  49.343 0.0000000000
90687  -2.812  -11.985  49.707 0.0000000000
90688  -3.210  -12.525  50.078 0.0000000000
89635  -3.453  -13.173  50.374 0.0000000000
88507  -3.657  -13.781  50.585 0.0000000000
88508  -3.803  -14.277  50.630 0.0000000000
97281  -42.276  -7.111  31.326 0.0000000000
97282  -42.761  -7.229  31.458 0.0000000000
97265  -42.539  -6.912  31.807 0.0000000000
99354  -42.951  -5.256  34.076 0.0000000000
167911  -38.024  -3.449  30.171 0.0000000000
101567  -37.159  -4.402  29.143 0.0000000000
99430  -37.489  -6.794  28.726 0.0000000000
98343  -38.083  -7.089  29.010 0.0000000000
99415  -39.211  -6.649  29.247 0.0000000000
100450  -40.226  -5.637  30.143 0.0000000000
99398  -39.672  -6.162  29.820 0.0000000000
98332  -39.828  -6.880  29.562 0.0000000000
98333  -40.536  -7.116  29.813 0.0000000000
192105  -41.134  -7.191  30.200 0.0000000000
200134  -15.750  -12.006  54.835 0.0000000000
199456  -14.657  -13.358  53.585 0.0000000000
192521  -14.304  -13.307  53.123 0.0000000000
168903  -13.876  -13.401  52.509 0.0000000000
88497  -13.449  -13.606  51.864 0.0000000000
85279  -15.938  -15.497  44.999 0.0000000000
172232  -15.875  -15.406  45.547 0.0000000000
85260  -15.446  -15.430  46.010 0.0000000000
86239  -15.447  -15.440  46.631 0.0000000000
86227  -15.413  -15.442  47.361 0.0000000000
86215  -14.756  -15.609  47.798 0.0000000000
195259  -14.153  -15.449  48.169 0.0000000000
194968  -13.901  -15.739  47.687 0.0000000000
178399  -2.860  -7.743  43.883 0.0000000000
95116  -3.889  -8.692  43.491 0.0000000000
181390  -4.523  -9.555  44.633 0.0000000000
95091  -4.865  -9.281  44.091 0.0000000000
93992  -6.463  -9.952  43.566 0.0000000000
176159  -7.062  -10.378  43.235 0.0000000000
184743  -5.380  -15.439  43.237 0.0000000000
188318  -6.259  -15.308  43.007 0.0000000000
86304  -5.005  -15.417  42.493 0.0000000000
86320  -5.452  -15.273  41.944 0.0000000000
86335  -5.290  -15.524  41.142 0.0000000000
86354  -4.417  -16.204  40.373 0.0000000000
86334  -4.777  -15.986  40.736 0.0000000000
87569  -5.616  -15.384  39.933 0.0000000000
87580  -5.891  -15.265  39.214 0.0000000000
86390  -6.122  -15.586  38.805 0.0000000000
179346  -9.752  -11.179  52.506 0.0000000000
92766  -9.088  -11.516  52.756 0.0000000000
91687  -8.426  -11.547  52.930 0.0000000000
92746  -8.231  -11.091  53.582 0.0000000000
92731  -7.894  -11.000  54.312 0.0000000000
87330  -5.781  -15.023  60.551 0.0000000000
196251  -5.805  -13.426  60.072 0.0000000000
88448  -5.599  -14.153  60.084 0.0000000000
88455  -5.412  -14.299  58.435 0.0000000000
174030  -5.503  -13.825  57.362 0.0000000000
87356  -5.729  -14.536  54.633 0.0000000000
86177  -6.016  -15.758  54.561 0.0000000000
85212  -5.743  -16.283  54.622 0.0000000000
177173  -5.404  -16.717  54.699 0.0000000000
83047  -4.650  -18.313  53.849 0.0000000000
191608  -4.416  -18.918  53.636 0.0000000000
192083  -30.625  -12.372  38.742 0.0000000000
88697  -30.829  -12.698  41.069 0.0000000000
186854  -30.418  -12.606  40.221 0.0000000000
185104  -31.239  -11.588  41.202 0.0000000000
91805  -30.800  -11.953  40.687 0.0000000000
179015  -30.573  -12.109  40.392 0.0000000000
90779  -30.465  -12.300  39.459 0.0000000000
90778  -30.716  -11.856  38.878 0.0000000000
94079  -29.977  -10.236  39.017 0.0000000000
96065  -32.652  -8.553  49.145 0.0000000000
91717  -32.055  -10.487  49.246 0.0000000000
89657  -31.134  -11.348  48.149 0.0000000000
95020  -33.353  -9.002  48.086 0.0000000000
91730  -33.295  -10.724  47.529 0.0000000000
91725  -32.888  -10.367  47.863 0.0000000000
92845  -33.111  -10.102  48.141 0.0000000000
91723  -32.160  -10.825  48.234 0.0000000000
89667  -30.139  -12.191  47.425 0.0000000000
172242  -29.396  -12.648  46.764 0.0000000000
88591  -28.794  -13.275  45.885 0.0000000000
88608  -27.850  -12.865  44.845 0.0000000000
87467  -28.978  -13.439  45.562 0.0000000000
87482  -27.474  -13.339  44.140 0.0000000000
103697  -44.721  -1.805  26.051 0.0000000000
103725  -43.949  -2.037  24.388 0.0000000000
105726  -46.350  -0.740  24.850 0.0000000000
106754  -46.753  -0.041  25.216 0.0000000000
106751  -46.784  -0.277  26.299 0.0000000000
107817  -46.944  0.128  25.841 0.0000000000
201159  -47.452  1.020  26.472 0.0000000000
108805  -47.645  1.247  26.725 0.0000000000
101509  -40.276  -3.837  34.353 0.0000000000
101492  -40.635  -4.285  34.749 0.0000000000
101491  -39.993  -3.835  35.034 0.0000000000
101463  -38.841  -3.783  36.138 0.0000000000
168593  -36.215  -4.825  35.783 0.0000000000
102593  -37.468  -3.194  31.188 0.0000000000
102572  -37.292  -3.325  32.521 0.0000000000
102573  -37.914  -3.237  32.698 0.0000000000
168170  -38.502  -3.114  32.234 0.0000000000
199670  -39.190  -3.440  32.721 0.0000000000
102549  -39.878  -3.422  33.855 0.0000000000
87465  -20.609  -14.259  46.918 0.0000000000
87453  -20.708  -14.175  47.380 0.0000000000
180064  -18.783  -14.905  45.241 0.0000000000
86263  -18.460  -15.027  45.261 0.0000000000
86253  -18.525  -14.868  45.854 0.0000000000
85271  -17.904  -15.026  45.568 0.0000000000
85280  -16.494  -15.337  45.101 0.0000000000
85286  -16.068  -15.565  44.740 0.0000000000
94089  -6.192  -9.700  38.040 0.0000000000
95221  -7.009  -9.543  38.207 0.0000000000
94075  -7.567  -9.908  38.724 0.0000000000
91746  -4.828  -11.565  46.397 0.0000000000
91747  -5.478  -11.798  45.977 0.0000000000
90726  -6.257  -12.657  45.860 0.0000000000
89700  -6.457  -13.192  45.612 0.0000000000
88584  -6.211  -13.736  45.796 0.0000000000
88598  -6.660  -13.890  45.354 0.0000000000
87492  -6.245  -15.310  44.136 0.0000000000
193312  -5.414  -15.962  45.528 0.0000000000
86274  -5.339  -15.957  44.815 0.0000000000
203700  -5.100  -15.993  44.282 0.0000000000
86288  -5.671  -15.830  44.067 0.0000000000
184956  -4.698  -15.732  43.069 0.0000000000
196504  -3.793  -16.546  41.771 0.0000000000
84226  -3.498  -17.415  42.585 0.0000000000
183817  -3.496  -17.152  41.858 0.0000000000
85317  -3.625  -16.764  41.077 0.0000000000
84247  -2.740  -17.467  40.691 0.0000000000
80079  -3.745  -20.441  42.925 0.0000000000
92703  -11.122  -10.384  57.195 0.0000000000
91652  -11.241  -10.868  57.645 0.0000000000
90633  -11.794  -11.613  57.387 0.0000000000
91646  -10.699  -11.135  58.126 0.0000000000
91641  -9.531  -11.906  59.011 0.0000000000
90624  -8.935  -12.457  59.465 0.0000000000
89565  -8.040  -13.000  59.814 0.0000000000
174569  -10.355  -14.295  56.858 0.0000000000
88457  -10.121  -14.014  57.548 0.0000000000
87347  -9.121  -14.953  56.779 0.0000000000
87343  -8.966  -14.890  57.438 0.0000000000
88456  -9.457  -14.365  57.788 0.0000000000
88453  -9.144  -14.105  58.368 0.0000000000
88449  -8.217  -13.891  59.454 0.0000000000
88447  -7.402  -13.963  59.944 0.0000000000
87333  -5.972  -15.463  60.204 0.0000000000
201333  -5.451  -15.993  58.712 0.0000000000
86168  -5.722  -16.162  58.062 0.0000000000
89769  -29.078  -12.883  38.065 0.0000000000
96246  -30.104  -8.625  32.680 0.0000000000
201524  -30.340  -8.001  32.749 0.0000000000
96247  -30.970  -8.088  32.915 0.0000000000
97249  -31.233  -7.892  33.188 0.0000000000
97250  -31.405  -7.392  32.826 0.0000000000
98285  -31.471  -6.887  33.125 0.0000000000
89631  -24.966  -12.746  50.966 0.0000000000
89637  -24.444  -12.684  50.539 0.0000000000
89636  -23.683  -12.746  50.397 0.0000000000
88526  -22.828  -13.032  49.244 0.0000000000
175625  -22.719  -13.214  48.578 0.0000000000
88545  -22.047  -13.897  47.631 0.0000000000
177320  -31.693  -8.089  50.267 0.0000000000
94970  -31.483  -8.994  49.953 0.0000000000
96054  -31.211  -8.563  50.140 0.0000000000
94952  -30.881  -8.921  50.156 0.0000000000
93875  -30.122  -9.341  50.879 0.0000000000
172957  -29.175  -10.828  50.947 0.0000000000
90677  -28.497  -11.477  50.738 0.0000000000
171348  -29.118  -12.590  48.109 0.0000000000
176632  -28.730  -12.774  48.257 0.0000000000
89652  -28.331  -12.169  48.755 0.0000000000
89677  -26.682  -13.051  47.551 0.0000000000
89664  -27.444  -12.371  48.213 0.0000000000
89642  -28.602  -12.236  49.424 0.0000000000
89641  -27.839  -12.038  49.345 0.0000000000
90689  -27.392  -11.864  49.761 0.0000000000
90681  -27.447  -11.621  50.068 0.0000000000
89639  -26.392  -12.519  49.803 0.0000000000
89648  -25.051  -13.049  49.165 0.0000000000
88536  -24.559  -13.090  47.826 0.0000000000
88535  -23.905  -13.120  47.956 0.0000000000
88528  -23.821  -13.050  48.507 0.0000000000
88534  -23.143  -13.312  48.112 0.0000000000
184131  -21.261  -14.172  46.967 0.0000000000
88585  -20.743  -14.237  46.372 0.0000000000
88616  -20.196  -13.910  45.070 0.0000000000
109863  -46.374  2.335  21.027 0.0000000000
179360  -46.755  2.940  20.672 0.0000000000
174606  -46.962  3.060  20.113 0.0000000000
110822  -48.512  3.341  19.358 0.0000000000
93975  -3.406  -9.440  45.220 0.0000000000
92879  -3.788  -10.455  45.807 0.0000000000
92866  -3.879  -11.012  46.096 0.0000000000
93930  -2.599  -10.372  47.175 0.0000000000
176690  -4.988  -12.784  47.270 0.0000000000
90708  -4.524  -12.597  47.600 0.0000000000
89690  -5.376  -13.284  47.249 0.0000000000
89658  -3.526  -12.850  48.873 0.0000000000
88529  -4.319  -13.617  48.856 0.0000000000
88522  -4.375  -13.905  49.483 0.0000000000
179584  -5.163  -15.166  47.890 0.0000000000
203521  -5.368  -15.687  47.512 0.0000000000
85247  -5.321  -16.360  47.872 0.0000000000
83086  -6.054  -17.965  48.156 0.0000000000
82045  -6.672  -19.164  48.460 0.0000000000
81049  -6.531  -19.679  48.686 0.0000000000
98346  -43.924  -6.494  29.682 0.0000000000
98348  -45.500  -6.279  30.204 0.0000000000
98347  -44.777  -6.650  29.994 0.0000000000
100390  -41.143  -4.496  35.185 0.0000000000
97344  -36.052  -8.480  27.845 0.0000000000
96324  -35.778  -8.914  27.315 0.0000000000
96326  -37.928  -8.764  27.952 0.0000000000
96348  -36.567  -9.339  26.920 0.0000000000
96372  -36.637  -9.130  26.221 0.0000000000
96373  -37.514  -8.984  26.102 0.0000000000
97386  -37.923  -8.359  25.870 0.0000000000
98406  -38.391  -7.637  25.708 0.0000000000
97387  -38.722  -8.126  26.206 0.0000000000
96374  -39.705  -7.822  27.079 0.0000000000
97369  -40.529  -7.545  27.026 0.0000000000
96328  -40.179  -7.963  27.697 0.0000000000
96353  -41.251  -7.556  27.252 0.0000000000
97371  -41.552  -7.406  26.797 0.0000000000
97346  -42.324  -6.827  28.063 0.0000000000
98371  -43.131  -6.713  28.699 0.0000000000
89581  -12.172  -13.194  56.070 0.0000000000
201667  -14.871  -12.615  55.037 0.0000000000
90643  -13.839  -12.857  55.281 0.0000000000
89591  -13.533  -12.975  54.438 0.0000000000
89587  -13.138  -12.966  55.032 0.0000000000
89586  -12.470  -13.218  54.976 0.0000000000
88467  -11.088  -13.848  54.689 0.0000000000
87358  -10.584  -14.384  54.168 0.0000000000
87362  -11.117  -14.249  53.199 0.0000000000
87361  -10.697  -14.564  53.435 0.0000000000
85218  -9.636  -16.033  52.351 0.0000000000
87443  -20.721  -14.120  47.811 0.0000000000
200528  -20.424  -14.664  48.072 0.0000000000
87428  -20.156  -15.052  48.183 0.0000000000
187796  -19.106  -14.912  47.223 0.0000000000
86220  -20.010  -14.982  48.704 0.0000000000
86200  -19.447  -15.408  49.648 0.0000000000
86230  -17.384  -14.906  47.115 0.0000000000
87437  -16.914  -14.893  47.529 0.0000000000
87438  -17.613  -14.688  47.677 0.0000000000
87439  -18.216  -14.425  47.855 0.0000000000
87426  -18.203  -14.958  48.547 0.0000000000
87414  -18.806  -15.457  49.482 0.0000000000
87402  -19.050  -14.905  50.153 0.0000000000
87389  -18.843  -14.489  50.932 0.0000000000
172181  -17.641  -14.250  50.163 0.0000000000
87367  -17.645  -14.104  52.201 0.0000000000
88491  -16.366  -14.059  52.394 0.0000000000
88490  -15.832  -13.759  52.402 0.0000000000
88500  -15.539  -13.757  51.817 0.0000000000
88499  -14.886  -13.682  51.872 0.0000000000
87373  -12.953  -14.095  51.334 0.0000000000
167862  -13.952  -15.145  48.665 0.0000000000
86203  -13.755  -14.903  49.211 0.0000000000
86202  -12.632  -15.485  49.259 0.0000000000
86199  -13.164  -15.270  49.704 0.0000000000
87395  -13.315  -14.629  49.928 0.0000000000
87381  -11.759  -14.822  51.255 0.0000000000
86191  -10.843  -15.623  51.224 0.0000000000
85229  -10.379  -15.953  49.967 0.0000000000
85225  -10.274  -15.802  50.731 0.0000000000
85222  -10.234  -15.874  51.454 0.0000000000
98202  -3.091  -7.216  40.996 0.0000000000
97205  -3.034  -7.757  40.850 0.0000000000
96126  -3.155  -7.590  42.974 0.0000000000
181192  -3.342  -7.786  42.322 0.0000000000
96149  -3.419  -7.799  41.906 0.0000000000
96175  -4.326  -8.388  41.981 0.0000000000
96173  -3.339  -7.784  41.188 0.0000000000
96192  -3.260  -8.250  40.824 0.0000000000
96200  -3.642  -8.676  40.472 0.0000000000
95194  -4.793  -9.057  40.247 0.0000000000
184730  -5.184  -9.340  39.897 0.0000000000
94057  -5.863  -9.614  40.056 0.0000000000
91754  -5.902  -11.418  45.535 0.0000000000
91762  -6.230  -11.116  45.065 0.0000000000
91763  -6.679  -11.459  44.638 0.0000000000
92891  -6.516  -10.861  44.541 0.0000000000
92899  -7.311  -11.102  43.534 0.0000000000
92907  -7.577  -10.937  42.838 0.0000000000
87517  -6.915  -14.867  42.871 0.0000000000
87518  -7.430  -14.493  42.767 0.0000000000
88642  -7.722  -13.879  42.944 0.0000000000
88670  -7.033  -14.353  41.599 0.0000000000
88643  -8.068  -13.592  42.307 0.0000000000
89723  -8.100  -13.159  42.856 0.0000000000
90749  -8.311  -12.593  42.689 0.0000000000
91784  -7.977  -11.401  42.546 0.0000000000
179181  -7.957  -10.739  42.079 0.0000000000
92914  -8.714  -10.826  41.397 0.0000000000
182521  -8.843  -10.769  40.468 0.0000000000
92935  -8.799  -10.797  39.763 0.0000000000
92934  -8.245  -10.496  39.202 0.0000000000
92940  -8.522  -10.963  38.645 0.0000000000
91811  -8.680  -11.430  38.117 0.0000000000
201342  -8.470  -13.111  37.800 0.0000000000
88700  -8.216  -13.761  38.520 0.0000000000
172472  -8.397  -13.568  37.895 0.0000000000
93817  -3.234  -10.150  53.967 0.0000000000
92721  -11.092  -10.559  55.205 0.0000000000
168559  -10.379  -10.374  55.331 0.0000000000
168310  -9.715  -10.477  55.395 0.0000000000
92704  -9.254  -10.462  56.657 0.0000000000
92719  -9.006  -10.707  55.484 0.0000000000
194978  -8.269  -10.917  55.524 0.0000000000
92718  -7.901  -11.119  54.985 0.0000000000
167449  -7.196  -11.293  54.851 0.0000000000
90621  -6.206  -12.059  59.221 0.0000000000
90626  -6.212  -11.819  58.551 0.0000000000
90631  -5.802  -12.002  57.068 0.0000000000
91655  -6.266  -11.549  56.761 0.0000000000
91667  -6.704  -11.489  55.453 0.0000000000
92729  -5.872  -10.748  54.207 0.0000000000
92728  -5.099  -10.706  54.267 0.0000000000
91664  -5.267  -11.481  54.848 0.0000000000
193927  -4.275  -10.810  54.528 0.0000000000
185042  -3.571  -10.713  54.302 0.0000000000
196222  -2.685  -11.044  53.521 0.0000000000
90657  -3.050  -12.485  52.746 0.0000000000
89614  -3.552  -12.934  52.224 0.0000000000
88484  -4.243  -13.610  51.891 0.0000000000
87370  -5.025  -14.510  51.125 0.0000000000
172745  -5.977  -14.866  52.877 0.0000000000
186688  -6.268  -16.518  53.248 0.0000000000
86184  -6.202  -15.688  52.911 0.0000000000
191956  -6.132  -15.129  52.213 0.0000000000
202098  -5.949  -14.913  51.817 0.0000000000
86190  -5.974  -15.456  51.084 0.0000000000
182821  -6.288  -16.457  50.556 0.0000000000
198734  -6.540  -16.925  50.620 0.0000000000
83060  -6.458  -18.058  51.008 0.0000000000
82036  -6.717  -19.081  49.131 0.0000000000
81034  -6.562  -19.477  49.136 0.0000000000
79998  -6.016  -20.060  49.083 0.0000000000
83023  -4.040  -17.257  58.504 0.0000000000
83027  -3.817  -17.274  58.035 0.0000000000
194247  -1.605  -19.583  58.607 0.0000000000
81994  -2.966  -18.545  58.337 0.0000000000
83021  -3.207  -17.872  58.326 0.0000000000
83026  -3.293  -17.608  57.857 0.0000000000
83032  -3.636  -17.843  56.775 0.0000000000
83038  -3.728  -17.938  55.474 0.0000000000
80991  -2.547  -19.548  55.255 0.0000000000
82005  -3.151  -18.494  55.049 0.0000000000
83041  -3.489  -18.499  54.460 0.0000000000
180126  -3.778  -19.168  53.470 0.0000000000
181789  -1.707  -20.554  53.488 0.0000000000
79946  -2.506  -19.893  52.973 0.0000000000
81004  -2.894  -19.665  52.699 0.0000000000
82013  -3.794  -19.360  52.821 0.0000000000
81006  -3.979  -19.582  52.283 0.0000000000
81011  -4.303  -19.818  51.757 0.0000000000
81017  -4.747  -20.209  51.251 0.0000000000
79972  -3.799  -20.710  51.224 0.0000000000
79973  -4.411  -20.604  50.933 0.0000000000
79974  -4.969  -20.369  50.566 0.0000000000
79984  -5.492  -20.113  49.627 0.0000000000
79997  -5.347  -20.492  49.360 0.0000000000
80017  -5.666  -20.603  48.748 0.0000000000
196258  -5.495  -21.146  47.651 0.0000000000
77631  -5.093  -21.661  47.443 0.0000000000
76542  -3.681  -23.219  46.025 0.0000000000
78847  -4.162  -21.014  50.655 0.0000000000
78863  -4.990  -20.877  49.050 0.0000000000
79945  -2.069  -20.275  53.171 0.0000000000
79983  -5.066  -20.404  49.874 0.0000000000
80073  -4.642  -20.260  43.949 0.0000000000
81035  -6.809  -19.298  48.832 0.0000000000
81995  -3.382  -18.132  58.475 0.0000000000
81996  -2.682  -18.545  57.931 0.0000000000
83093  -4.477  -17.883  46.536 0.0000000000
84220  -3.866  -17.091  43.102 0.0000000000
84293  -3.551  -16.992  38.903 0.0000000000
85318  -4.147  -16.180  42.067 0.0000000000
85342  -3.888  -16.907  39.728 0.0000000000
85360  -4.468  -16.435  39.473 0.0000000000
86182  -9.364  -15.910  53.608 0.0000000000
86187  -6.137  -15.309  51.674 0.0000000000
86270  -30.540  -13.831  45.348 0.0000000000
86285  -31.265  -13.857  44.344 0.0000000000
86299  -31.409  -13.789  43.828 0.0000000000
86305  -5.692  -15.296  42.595 0.0000000000
86311  -29.425  -14.734  42.744 0.0000000000
86314  -31.346  -13.512  43.239 0.0000000000
86388  -5.075  -16.015  39.170 0.0000000000
87329  -5.799  -15.017  60.443 0.0000000000
87331  -6.580  -14.713  60.026 0.0000000000
87332  -5.646  -15.406  60.486 0.0000000000
87335  -5.828  -15.139  60.434 0.0000000000
87338  -7.660  -15.190  58.668 0.0000000000
87427  -18.714  -15.402  48.887 0.0000000000
87442  -20.281  -14.712  47.715 0.0000000000
87456  -30.101  -13.295  46.177 0.0000000000
87466  -28.552  -13.465  45.239 0.0000000000
87470  -30.304  -13.703  45.867 0.0000000000
87471  -30.632  -13.695  45.756 0.0000000000
87472  -31.708  -13.181  45.403 0.0000000000
87485  -29.293  -13.750  45.300 0.0000000000
87486  -31.105  -13.569  45.183 0.0000000000
87488  -31.846  -13.315  44.850 0.0000000000
87495  -19.244  -14.552  44.802 0.0000000000
87500  -27.748  -13.941  43.769 0.0000000000
87501  -31.820  -13.767  44.081 0.0000000000
87513  -31.840  -13.519  43.559 0.0000000000
87540  -31.736  -13.672  42.458 0.0000000000
87546  -5.186  -15.750  40.407 0.0000000000
88445  -5.859  -14.236  60.073 0.0000000000
88446  -6.578  -14.136  59.992 0.0000000000
88450  -8.863  -13.875  58.904 0.0000000000
88454  -9.878  -13.862  58.253 0.0000000000
88537  -28.650  -12.799  47.747 0.0000000000
88546  -22.688  -13.508  47.512 0.0000000000
88552  -28.849  -12.631  47.021 0.0000000000
88554  -30.637  -12.898  46.719 0.0000000000
88555  -30.926  -12.807  46.694 0.0000000000
88568  -24.333  -13.354  46.981 0.0000000000
88570  -25.919  -13.192  46.436 0.0000000000
88571  -27.089  -13.409  46.936 0.0000000000
88574  -29.297  -12.817  46.459 0.0000000000
88575  -29.954  -12.914  46.655 0.0000000000
88577  -30.756  -13.227  46.262 0.0000000000
88579  -31.701  -12.823  46.116 0.0000000000
88593  -32.030  -12.989  45.673 0.0000000000
88610  -32.476  -12.761  44.692 0.0000000000
88625  -32.732  -12.964  44.127 0.0000000000
88638  -32.874  -13.005  43.610 0.0000000000
88651  -32.936  -13.042  43.170 0.0000000000
88661  -33.047  -13.265  42.712 0.0000000000
88676  -33.077  -13.280  41.895 0.0000000000
88689  -31.919  -13.479  41.429 0.0000000000
89561  -6.536  -13.415  59.925 0.0000000000
89564  -5.732  -13.046  59.645 0.0000000000
89567  -9.505  -13.036  59.181 0.0000000000
89570  -10.086  -13.226  58.755 0.0000000000
89577  -5.345  -12.953  56.816 0.0000000000
89604  -3.547  -12.725  53.044 0.0000000000
89643  -29.297  -12.219  49.310 0.0000000000
89646  -23.542  -13.014  49.632 0.0000000000
89653  -28.943  -12.391  48.728 0.0000000000
89654  -29.430  -12.343  48.428 0.0000000000
89666  -29.483  -12.345  47.635 0.0000000000
89668  -30.955  -11.962  47.507 0.0000000000
89670  -31.924  -11.631  47.559 0.0000000000
89682  -31.773  -12.181  47.004 0.0000000000
89702  -33.058  -12.044  45.038 0.0000000000
89708  -32.916  -12.349  44.584 0.0000000000
89713  -33.023  -12.810  43.868 0.0000000000
89714  -33.103  -12.394  44.108 0.0000000000
89719  -33.058  -12.874  43.408 0.0000000000
89726  -33.116  -12.892  43.023 0.0000000000
89734  -33.235  -12.894  42.523 0.0000000000
89746  -33.036  -12.840  41.140 0.0000000000
89751  -31.915  -12.812  41.003 0.0000000000
89752  -32.632  -12.744  40.877 0.0000000000
90619  -6.450  -12.750  59.581 0.0000000000
90620  -7.323  -12.671  59.893 0.0000000000
90628  -10.255  -12.410  58.852 0.0000000000
90674  -25.747  -12.450  51.083 0.0000000000
90680  -26.263  -12.059  50.846 0.0000000000
90682  -28.191  -11.625  50.236 0.0000000000
90684  -30.165  -11.214  49.749 0.0000000000
90685  -30.689  -10.708  49.493 0.0000000000
90690  -28.006  -11.834  49.788 0.0000000000
90697  -30.304  -11.644  48.591 0.0000000000
90698  -30.805  -11.304  48.528 0.0000000000
90699  -31.664  -10.950  48.316 0.0000000000
90700  -31.967  -10.800  48.325 0.0000000000
90704  -32.112  -11.013  47.961 0.0000000000
90709  -32.800  -11.721  46.987 0.0000000000
90718  -32.877  -12.199  46.219 0.0000000000
90743  -33.246  -12.092  43.657 0.0000000000
90750  -33.249  -11.950  42.825 0.0000000000
90759  -33.220  -12.277  42.321 0.0000000000
90763  -32.972  -11.833  41.221 0.0000000000
90770  -32.779  -12.269  40.840 0.0000000000
90782  -8.653  -12.667  37.701 0.0000000000
91645  -10.103  -11.498  58.567 0.0000000000
91650  -9.006  -10.781  57.894 0.0000000000
91651  -9.868  -10.743  58.066 0.0000000000
91677  -3.014  -11.395  53.826 0.0000000000
91700  -27.594  -10.792  50.893 0.0000000000
91706  -28.792  -11.269  51.242 0.0000000000
91707  -29.715  -10.272  51.519 0.0000000000
91709  -30.479  -9.994  49.893 0.0000000000
91711  -29.377  -10.942  50.266 0.0000000000
91714  -31.439  -10.111  49.238 0.0000000000
91719  -31.896  -10.635  48.636 0.0000000000
91721  -32.585  -10.535  48.656 0.0000000000
91729  -32.819  -10.914  47.582 0.0000000000
91737  -33.968  -10.871  47.074 0.0000000000
91748  -34.026  -11.464  46.098 0.0000000000
91757  -33.910  -10.975  45.369 0.0000000000
91764  -33.757  -10.954  44.163 0.0000000000
91770  -33.688  -10.780  43.690 0.0000000000
91779  -8.278  -11.995  42.703 0.0000000000
91792  -33.137  -11.741  41.886 0.0000000000
92707  -11.514  -10.226  56.763 0.0000000000
92784  -29.651  -10.177  51.674 0.0000000000
92785  -29.814  -10.076  51.638 0.0000000000
92798  -29.901  -9.894  50.958 0.0000000000
92810  -30.969  -9.779  49.680 0.0000000000
92822  -31.967  -10.171  49.256 0.0000000000
92824  -32.715  -10.037  49.052 0.0000000000
92834  -32.586  -10.441  48.976 0.0000000000
92835  -32.992  -10.096  48.838 0.0000000000
92836  -33.151  -9.823  48.359 0.0000000000
92846  -33.135  -10.059  47.928 0.0000000000
92854  -33.628  -10.389  47.643 0.0000000000
92861  -34.688  -10.291  46.482 0.0000000000
92872  -34.200  -10.530  45.693 0.0000000000
92900  -33.317  -10.434  43.626 0.0000000000
92915  -32.746  -10.753  42.011 0.0000000000
92921  -31.507  -10.479  41.582 0.0000000000
93876  -30.521  -9.124  50.219 0.0000000000
93877  -31.206  -9.293  49.897 0.0000000000
93890  -31.819  -9.506  49.743 0.0000000000
93891  -32.063  -9.658  49.583 0.0000000000
93909  -33.238  -9.562  48.276 0.0000000000
93919  -33.328  -9.543  48.014 0.0000000000
93929  -34.365  -9.727  47.024 0.0000000000
93949  -34.366  -10.096  46.055 0.0000000000
93967  -33.145  -9.649  45.540 0.0000000000
93983  -33.450  -9.960  44.857 0.0000000000
94017  -29.626  -10.046  41.889 0.0000000000
94033  -32.052  -10.661  41.779 0.0000000000
94950  -30.147  -9.214  51.276 0.0000000000
94951  -30.497  -8.929  50.776 0.0000000000
95003  -32.938  -9.007  48.862 0.0000000000
95004  -33.171  -9.091  48.524 0.0000000000
95068  -33.394  -9.657  46.621 0.0000000000
95084  -33.195  -9.554  46.099 0.0000000000
95146  -5.500  -9.369  42.579 0.0000000000
95293  -42.563  -7.645  30.379 0.0000000000
95294  -42.871  -7.690  30.451 0.0000000000
95296  -43.681  -7.465  30.534 0.0000000000
95304  -42.028  -7.624  30.179 0.0000000000
95306  -43.396  -7.739  30.229 0.0000000000
95319  -40.548  -8.481  28.831 0.0000000000
95320  -41.102  -8.149  29.135 0.0000000000
95321  -41.844  -7.668  29.315 0.0000000000
95322  -42.466  -7.550  29.596 0.0000000000
95323  -43.407  -7.821  29.542 0.0000000000
95345  -38.648  -8.871  27.596 0.0000000000
95347  -40.606  -8.180  28.163 0.0000000000
96055  -31.893  -8.569  50.000 0.0000000000
96064  -32.304  -8.581  49.627 0.0000000000
96191  -3.203  -7.951  40.920 0.0000000000
96248  -43.242  -7.236  31.533 0.0000000000
96264  -42.518  -7.399  31.086 0.0000000000
96266  -43.447  -7.458  31.297 0.0000000000
96274  -41.509  -7.739  30.156 0.0000000000
96276  -42.711  -7.555  30.832 0.0000000000
96287  -41.561  -7.740  30.043 0.0000000000
96289  -44.228  -7.026  30.171 0.0000000000
96299  -38.984  -8.297  28.698 0.0000000000
96300  -40.186  -8.368  29.020 0.0000000000
96303  -43.519  -7.437  29.512 0.0000000000
96304  -43.750  -7.001  29.832 0.0000000000
96312  -39.309  -8.546  28.435 0.0000000000
96313  -42.067  -7.379  28.544 0.0000000000
96315  -42.989  -7.182  28.894 0.0000000000
96316  -43.228  -7.167  29.004 0.0000000000
96325  -37.622  -9.350  27.224 0.0000000000
96329  -40.919  -7.805  27.731 0.0000000000
96351  -39.237  -8.483  27.156 0.0000000000
97090  -31.916  -7.482  50.154 0.0000000000
97266  -43.017  -6.880  31.863 0.0000000000
97317  -40.024  -8.156  29.224 0.0000000000
97331  -38.421  -8.197  28.378 0.0000000000
97332  -43.049  -6.960  28.759 0.0000000000
97370  -41.256  -7.423  26.766 0.0000000000
97388  -39.493  -7.695  26.610 0.0000000000
98286  -42.711  -6.019  32.439 0.0000000000
98295  -31.423  -7.115  32.091 0.0000000000
98298  -42.908  -6.618  32.058 0.0000000000
98307  -41.784  -6.578  31.310 0.0000000000
98320  -41.016  -6.613  30.320 0.0000000000
98322  -41.816  -6.959  30.956 0.0000000000
98331  -30.894  -6.781  30.286 0.0000000000
98345  -39.302  -7.383  29.133 0.0000000000
98357  -38.179  -7.734  28.747 0.0000000000
98358  -43.434  -6.839  29.211 0.0000000000
98368  -42.087  -6.654  27.439 0.0000000000
98370  -42.831  -6.748  28.466 0.0000000000
98390  -41.235  -7.354  26.687 0.0000000000
98392  -41.772  -7.066  26.717 0.0000000000
98409  -40.779  -7.117  26.652 0.0000000000
99118  -31.950  -6.006  50.443 0.0000000000
99318  -34.690  -5.007  36.426 0.0000000000
99353  -42.399  -5.200  33.628 0.0000000000
99387  -41.337  -6.221  30.897 0.0000000000
99414  -38.556  -6.539  29.289 0.0000000000
99416  -44.050  -5.931  29.561 0.0000000000
99467  -42.493  -5.760  26.884 0.0000000000
99483  -42.096  -6.165  26.164 0.0000000000
100427  -41.442  -5.043  32.532 0.0000000000
100432  -40.870  -4.986  31.303 0.0000000000
100441  -41.130  -5.576  31.078 0.0000000000
100449  -39.522  -5.489  30.045 0.0000000000
100461  -38.479  -5.786  29.536 0.0000000000
100463  -44.243  -5.472  29.660 0.0000000000
100479  -43.950  -5.077  29.270 0.0000000000
100492  -42.777  -5.538  27.393 0.0000000000
100520  -42.131  -5.441  26.049 0.0000000000
101488  -36.937  -3.712  35.084 0.0000000000
101507  -38.058  -3.181  34.502 0.0000000000
101521  -35.432  -4.541  32.963 0.0000000000
101524  -36.998  -3.646  33.960 0.0000000000
101539  -40.002  -4.212  31.264 0.0000000000
101547  -39.156  -4.251  30.574 0.0000000000
101556  -37.463  -3.823  29.660 0.0000000000
101559  -39.332  -4.891  30.334 0.0000000000
101570  -44.663  -3.594  29.108 0.0000000000
101597  -43.865  -4.171  28.235 0.0000000000
101624  -42.638  -4.012  26.056 0.0000000000
101626  -43.791  -3.682  26.640 0.0000000000
102557  -35.842  -3.838  33.218 0.0000000000
102559  -38.576  -3.167  33.558 0.0000000000
102560  -39.322  -3.399  33.235 0.0000000000
102578  -32.456  -3.136  31.678 0.0000000000
102581  -35.054  -3.552  31.638 0.0000000000
102592  -36.624  -2.902  31.391 0.0000000000
102595  -38.982  -3.650  30.773 0.0000000000
102611  -45.837  -2.736  29.757 0.0000000000
102672  -43.670  -2.587  25.852 0.0000000000
103680  -44.398  -2.374  27.264 0.0000000000
103704  -44.254  -2.074  25.587 0.0000000000
104683  -45.518  -1.552  27.691 0.0000000000
104708  -45.253  -1.683  25.816 0.0000000000
104728  -43.698  -1.895  23.809 0.0000000000
105733  -45.999  -1.115  24.420 0.0000000000
105734  -46.263  -0.613  24.142 0.0000000000
107818  -47.140  0.782  26.205 0.0000000000
107826  -46.485  0.699  23.759 0.0000000000
107828  -46.010  0.526  22.875 0.0000000000
108788  -47.809  0.928  27.271 0.0000000000
108858  -46.326  1.713  23.465 0.0000000000
109809  -47.054  2.027  25.908 0.0000000000
109822  -46.951  2.955  24.818 0.0000000000
110794  -46.786  3.086  21.301 0.0000000000
111746  -48.739  3.666  19.979 0.0000000000
167897  -28.440  -13.113  46.267 0.0000000000
168033  -41.322  -4.710  33.776 0.0000000000
168336  -22.967  -13.826  45.820 0.0000000000
169108  -28.809  -12.627  46.752 0.0000000000
169277  -26.317  -12.956  45.473 0.0000000000
170109  -24.433  -13.512  45.270 0.0000000000
170413  -32.521  -12.546  45.912 0.0000000000
170488  -33.643  -11.281  44.782 0.0000000000
170709  -31.910  -12.398  46.504 0.0000000000
170712  -40.646  -7.673  27.256 0.0000000000
171112  -46.479  2.531  21.801 0.0000000000
171841  -42.967  -6.401  28.374 0.0000000000
173222  -8.025  -10.316  41.395 0.0000000000
173543  -41.655  -7.376  27.489 0.0000000000
174492  -33.358  -11.275  42.776 0.0000000000
174633  -40.357  -8.396  28.473 0.0000000000
174682  -34.692  -10.573  46.100 0.0000000000
175559  -26.033  -12.803  49.414 0.0000000000
179869  -6.493  -18.545  48.411 0.0000000000
179939  -2.448  -20.273  52.824 0.0000000000
181532  -42.773  -7.565  29.391 0.0000000000
183955  -30.940  -8.092  50.359 0.0000000000
185209  -17.216  -12.757  53.359 0.0000000000
185914  -32.713  -7.958  49.271 0.0000000000
186243  -6.434  -9.568  38.651 0.0000000000
186612  -30.489  -12.251  47.273 0.0000000000
191341  -39.094  -3.472  32.262 0.0000000000
191571  -29.615  -10.362  50.637 0.0000000000
192534  -31.731  -10.296  42.195 0.0000000000
192587  -3.957  -13.241  52.114 0.0000000000
192865  -32.397  -8.834  44.761 0.0000000000
192998  -33.149  -10.806  42.478 0.0000000000
193304  -40.512  -3.886  33.702 0.0000000000
193368  -38.247  -8.750  26.154 0.0000000000
194338  -34.056  -11.363  46.602 0.0000000000
194494  -30.718  -11.142  49.139 0.0000000000
194498  -37.916  -3.171  31.801 0.0000000000
195356  -43.227  -6.326  28.594 0.0000000000
196136  -5.937  -11.254  54.572 0.0000000000
196635  -42.232  -6.959  27.949 0.0000000000
197133  -31.890  -11.123  48.004 0.0000000000
197266  -30.232  -8.939  51.419 0.0000000000
197295  -12.402  -15.536  48.742 0.0000000000
197377  -42.413  -7.296  28.920 0.0000000000
197898  -33.796  -9.465  47.471 0.0000000000
198121  -37.734  -3.029  30.514 0.0000000000
198294  -2.784  -19.026  54.882 0.0000000000
198328  -44.063  -3.341  26.786 0.0000000000
198707  -46.134  -0.980  25.261 0.0000000000
199434  -28.915  -11.383  50.847 0.0000000000
200096  -2.894  -8.195  40.698 0.0000000000
200383  -7.647  -12.058  43.441 0.0000000000
201046  -2.973  -10.717  53.877 0.0000000000
201168  -27.262  -13.202  46.375 0.0000000000
201232  -46.081  -2.211  29.601 0.0000000000
201561  -9.087  -15.517  55.483 0.0000000000
201873  -28.009  -12.819  47.297 0.0000000000
201952  -32.218  -9.997  49.303 0.0000000000
202206  -36.049  -4.047  34.029 0.0000000000
202375  -31.206  -13.708  44.979 0.0000000000
202422  -7.500  -11.180  57.651 0.0000000000
202463  -41.902  -5.816  26.043 0.0000000000
202623  -6.379  -17.835  49.234 0.0000000000
202762  -42.961  -3.520  25.971 0.0000000000
203629  -48.455  3.789  20.235 0.0000000000
203711  -2.974  -12.285  51.804 0.0000000000
