#!ascii label  , from subject sub-v2s11x28701_ses-1 vox2ras=TkReg
1319
93458  -10.467  -23.279  48.427 0.0000000000
224393  -34.541  -13.987  41.601 0.0000000000
114931  -35.247  -10.568  36.470 0.0000000000
100023  -28.037  -19.638  43.405 0.0000000000
128704  -44.485  -1.766  28.570 0.0000000000
119963  -38.832  -7.613  30.505 0.0000000000
108130  -35.432  -14.073  46.500 0.0000000000
105629  -31.192  -16.319  44.539 0.0000000000
131017  -51.644  0.287  31.813 0.0000000000
135810  -54.192  3.509  29.827 0.0000000000
139553  -57.324  6.302  27.388 0.0000000000
118617  -39.221  -7.853  37.544 0.0000000000
117466  -36.648  -8.665  33.124 0.0000000000
118704  -40.930  -8.176  34.712 0.0000000000
235459  -44.146  -6.867  32.506 0.0000000000
104258  -22.694  -17.328  43.017 0.0000000000
224447  -6.418  -25.687  51.346 0.0000000000
110868  -36.307  -13.475  38.670 0.0000000000
225788  -38.682  -9.597  40.908 0.0000000000
100062  -25.175  -19.218  40.715 0.0000000000
98831  -28.057  -20.419  40.373 0.0000000000
140852  -55.760  6.009  21.157 0.0000000000
141973  -59.336  8.183  25.078 0.0000000000
123519  -41.802  -5.327  29.050 0.0000000000
126079  -47.963  -3.252  32.510 0.0000000000
94842  -14.143  -22.540  45.910 0.0000000000
265997  -3.757  -32.569  50.808 0.0000000000
254233  -52.909  2.152  30.648 0.0000000000
118648  -40.178  -7.796  36.276 0.0000000000
101364  -20.532  -18.945  42.241 0.0000000000
92075  -8.077  -24.079  50.142 0.0000000000
109548  -34.011  -14.399  37.924 0.0000000000
109512  -35.698  -14.520  39.984 0.0000000000
101371  -26.359  -19.673  42.453 0.0000000000
98829  -26.866  -20.487  40.426 0.0000000000
100066  -28.194  -20.175  41.692 0.0000000000
108189  -32.764  -13.942  43.830 0.0000000000
106953  -30.289  -15.863  42.498 0.0000000000
109494  -32.369  -13.468  41.697 0.0000000000
101314  -27.078  -18.891  44.377 0.0000000000
102758  -25.746  -18.573  43.207 0.0000000000
135884  -49.963  2.948  24.348 0.0000000000
138388  -53.778  4.873  21.798 0.0000000000
140763  -58.181  7.085  26.437 0.0000000000
118783  -37.594  -8.163  31.415 0.0000000000
121122  -40.372  -6.485  29.928 0.0000000000
123475  -46.109  -5.091  32.432 0.0000000000
97470  -18.538  -20.481  45.173 0.0000000000
96178  -17.243  -22.177  46.086 0.0000000000
96167  -15.827  -22.583  47.154 0.0000000000
94870  -15.669  -22.832  44.831 0.0000000000
79389  -5.201  -31.615  49.380 0.0000000000
108191  -34.972  -13.746  43.883 0.0000000000
108209  -36.441  -14.761  42.737 0.0000000000
109439  -37.232  -12.989  44.837 0.0000000000
99989  -29.926  -19.620  45.255 0.0000000000
101349  -29.468  -18.700  43.378 0.0000000000
105597  -32.209  -16.555  46.413 0.0000000000
108157  -33.339  -14.518  45.262 0.0000000000
129889  -47.619  -0.818  29.811 0.0000000000
132181  -49.034  0.768  28.897 0.0000000000
135836  -51.056  2.912  27.756 0.0000000000
137110  -52.667  4.487  26.855 0.0000000000
138355  -53.800  5.650  25.492 0.0000000000
137100  -55.802  5.059  28.587 0.0000000000
117387  -37.106  -8.967  37.431 0.0000000000
116189  -35.572  -9.904  35.142 0.0000000000
118670  -38.182  -8.237  35.593 0.0000000000
255689  -38.646  -8.350  33.834 0.0000000000
269738  -39.843  -8.234  32.376 0.0000000000
119966  -41.228  -7.163  31.649 0.0000000000
227747  -42.421  -8.191  33.553 0.0000000000
102721  -20.904  -17.632  44.985 0.0000000000
100021  -19.249  -19.454  43.805 0.0000000000
144469  -60.229  9.459  20.970 0.0000000000
86022  -3.860  -27.369  52.404 0.0000000000
110892  -35.091  -13.672  36.687 0.0000000000
113640  -35.962  -11.772  37.698 0.0000000000
109514  -37.307  -13.686  40.394 0.0000000000
113626  -37.409  -11.824  39.394 0.0000000000
116153  -37.147  -10.037  38.385 0.0000000000
230112  -38.453  -8.374  39.635 0.0000000000
102777  -29.233  -18.443  41.935 0.0000000000
104223  -24.379  -17.497  44.709 0.0000000000
102775  -24.259  -17.919  41.916 0.0000000000
140795  -55.447  6.754  24.502 0.0000000000
257825  -56.901  7.381  22.891 0.0000000000
143214  -58.717  8.225  21.461 0.0000000000
262666  -60.782  9.306  24.094 0.0000000000
92141  -10.810  -24.643  46.301 0.0000000000
89223  -8.339  -26.281  47.887 0.0000000000
126113  -42.909  -3.703  28.749 0.0000000000
233023  -42.865  -5.955  30.682 0.0000000000
124681  -44.618  -4.523  30.773 0.0000000000
127455  -45.701  -2.568  30.062 0.0000000000
128652  -49.384  -1.400  32.337 0.0000000000
93472  -11.781  -22.761  47.251 0.0000000000
86060  -6.601  -27.571  49.672 0.0000000000
83186  -4.600  -29.506  50.860 0.0000000000
81898  -3.714  -30.229  50.744 0.0000000000
92087  -9.351  -23.816  48.927 0.0000000000
109495  -33.801  -13.827  40.674 0.0000000000
234271  -34.499  -14.048  40.023 0.0000000000
109497  -35.132  -14.348  41.097 0.0000000000
100033  -27.113  -19.868  42.661 0.0000000000
100049  -27.746  -20.134  42.202 0.0000000000
100050  -28.313  -19.931  42.404 0.0000000000
109462  -33.331  -13.498  43.042 0.0000000000
108205  -32.496  -13.846  43.125 0.0000000000
262193  -33.170  -13.411  41.940 0.0000000000
110843  -32.958  -13.310  40.517 0.0000000000
101316  -28.475  -19.310  44.635 0.0000000000
101294  -27.865  -18.930  45.220 0.0000000000
101333  -27.510  -19.391  43.869 0.0000000000
101347  -26.546  -19.591  43.106 0.0000000000
138381  -53.050  4.941  22.883 0.0000000000
242703  -34.963  -11.677  36.158 0.0000000000
267537  -34.676  -10.762  35.665 0.0000000000
118797  -38.543  -7.846  30.972 0.0000000000
118808  -38.317  -8.117  30.088 0.0000000000
121103  -39.900  -6.844  30.255 0.0000000000
97483  -18.011  -21.455  44.541 0.0000000000
97469  -18.164  -21.136  45.330 0.0000000000
96186  -17.277  -22.137  45.410 0.0000000000
96185  -16.885  -22.673  45.662 0.0000000000
96197  -16.880  -22.773  44.488 0.0000000000
108159  -35.525  -13.790  45.110 0.0000000000
108160  -36.157  -13.444  44.740 0.0000000000
109425  -36.125  -13.327  45.317 0.0000000000
101263  -31.650  -18.821  46.546 0.0000000000
101298  -31.245  -18.503  45.769 0.0000000000
104175  -32.335  -16.998  46.948 0.0000000000
108129  -34.721  -14.466  46.883 0.0000000000
108144  -34.183  -14.810  46.470 0.0000000000
108145  -34.817  -14.352  46.133 0.0000000000
226732  -34.239  -14.150  45.121 0.0000000000
131031  -49.195  -0.270  31.015 0.0000000000
131068  -47.975  -0.024  29.118 0.0000000000
132158  -50.042  0.815  30.498 0.0000000000
134626  -53.678  2.943  30.246 0.0000000000
134623  -51.969  2.606  29.729 0.0000000000
135824  -52.461  3.570  28.812 0.0000000000
137109  -52.250  4.092  27.479 0.0000000000
137097  -53.364  4.456  28.174 0.0000000000
138310  -53.699  4.933  27.707 0.0000000000
137084  -55.098  4.402  29.123 0.0000000000
118634  -37.982  -8.301  37.257 0.0000000000
117402  -37.194  -8.545  36.466 0.0000000000
267021  -38.474  -8.102  36.950 0.0000000000
118674  -40.561  -7.854  35.828 0.0000000000
260049  -39.258  -8.422  35.008 0.0000000000
227483  -40.102  -8.162  34.553 0.0000000000
229753  -39.218  -7.918  33.119 0.0000000000
118752  -40.313  -8.311  33.326 0.0000000000
118753  -41.016  -8.274  33.399 0.0000000000
118732  -41.377  -8.297  34.008 0.0000000000
104203  -23.031  -17.065  44.954 0.0000000000
104190  -22.149  -16.946  46.043 0.0000000000
104237  -21.678  -17.331  43.994 0.0000000000
100032  -20.055  -19.383  42.556 0.0000000000
144456  -61.063  10.359  22.316 0.0000000000
145688  -61.683  10.755  20.768 0.0000000000
87519  -5.078  -26.858  51.963 0.0000000000
109549  -35.189  -14.225  37.950 0.0000000000
229338  -34.576  -14.418  37.597 0.0000000000
110879  -35.663  -13.601  37.652 0.0000000000
110893  -35.495  -13.261  37.135 0.0000000000
110880  -36.095  -13.110  38.097 0.0000000000
108211  -37.626  -14.259  43.128 0.0000000000
108232  -37.658  -14.892  41.511 0.0000000000
261244  -38.197  -13.852  41.807 0.0000000000
114875  -38.828  -10.497  41.340 0.0000000000
112214  -38.361  -11.711  40.934 0.0000000000
232899  -38.118  -10.726  40.253 0.0000000000
113633  -37.346  -10.969  39.073 0.0000000000
116146  -37.849  -9.876  39.380 0.0000000000
117362  -37.755  -9.412  38.952 0.0000000000
117337  -38.420  -9.264  40.429 0.0000000000
98830  -27.508  -20.611  40.324 0.0000000000
102741  -30.582  -17.610  44.418 0.0000000000
102759  -29.303  -18.560  42.648 0.0000000000
104261  -29.865  -17.259  42.755 0.0000000000
104283  -29.304  -16.790  41.326 0.0000000000
102708  -25.220  -17.701  45.481 0.0000000000
101369  -25.316  -18.691  41.918 0.0000000000
102776  -24.879  -18.187  42.384 0.0000000000
101368  -24.848  -18.267  41.516 0.0000000000
101383  -23.985  -18.942  40.860 0.0000000000
139569  -55.173  6.164  26.061 0.0000000000
139575  -55.094  6.462  24.979 0.0000000000
140777  -56.077  6.728  25.556 0.0000000000
141953  -58.948  7.701  25.648 0.0000000000
141970  -57.028  7.575  24.358 0.0000000000
141985  -58.327  8.211  23.929 0.0000000000
143200  -58.000  8.181  22.398 0.0000000000
143189  -59.255  8.640  23.510 0.0000000000
143203  -59.664  9.076  23.035 0.0000000000
143191  -60.349  9.078  24.247 0.0000000000
117447  -35.991  -8.998  34.190 0.0000000000
234757  -35.131  -9.944  33.914 0.0000000000
124731  -41.888  -4.302  27.860 0.0000000000
124702  -42.472  -4.224  29.113 0.0000000000
119955  -42.543  -7.576  32.079 0.0000000000
237750  -42.285  -6.548  31.044 0.0000000000
121087  -43.358  -6.731  31.556 0.0000000000
124663  -47.045  -4.108  32.579 0.0000000000
123497  -44.915  -4.877  31.256 0.0000000000
124683  -46.099  -3.785  31.312 0.0000000000
124694  -44.938  -3.886  30.562 0.0000000000
126097  -46.842  -2.895  31.142 0.0000000000
128676  -47.530  -1.977  30.945 0.0000000000
127438  -48.488  -2.346  32.298 0.0000000000
94830  -14.716  -22.385  46.632 0.0000000000
94829  -13.894  -22.227  46.705 0.0000000000
94815  -12.907  -22.052  47.563 0.0000000000
94840  -12.502  -22.627  46.302 0.0000000000
93495  -12.050  -23.201  45.833 0.0000000000
93496  -12.686  -22.867  45.519 0.0000000000
86091  -7.705  -27.853  47.797 0.0000000000
87575  -7.605  -26.700  48.761 0.0000000000
83251  -6.742  -29.172  48.355 0.0000000000
78198  -4.479  -32.198  50.321 0.0000000000
81908  -4.872  -29.939  50.248 0.0000000000
80646  -4.143  -30.576  50.725 0.0000000000
255189  -3.915  -29.949  51.048 0.0000000000
79369  -3.574  -31.630  50.637 0.0000000000
105578  -33.647  -15.611  48.139 0.0000000000
131018  -53.363  0.053  31.866 0.0000000000
133377  -52.115  1.262  31.186 0.0000000000
132141  -53.570  0.530  32.488 0.0000000000
118636  -39.758  -7.848  36.775 0.0000000000
254182  -22.332  -17.808  42.027 0.0000000000
102753  -21.250  -17.815  42.540 0.0000000000
93423  -8.318  -23.048  51.051 0.0000000000
90628  -7.175  -25.192  50.777 0.0000000000
109537  -33.618  -13.982  38.617 0.0000000000
109526  -34.907  -14.439  39.228 0.0000000000
109540  -36.039  -14.433  38.880 0.0000000000
117325  -38.945  -8.777  41.657 0.0000000000
101386  -25.666  -19.037  41.568 0.0000000000
256775  -26.157  -19.718  41.007 0.0000000000
100064  -26.858  -20.119  41.135 0.0000000000
100065  -27.642  -20.360  41.504 0.0000000000
232357  -28.295  -20.139  41.033 0.0000000000
106942  -31.636  -15.329  44.030 0.0000000000
105645  -31.016  -15.785  43.628 0.0000000000
108187  -31.573  -15.044  43.613 0.0000000000
108218  -31.485  -14.298  42.654 0.0000000000
109523  -31.307  -13.507  39.782 0.0000000000
102710  -26.702  -18.191  45.658 0.0000000000
102724  -25.980  -18.166  44.605 0.0000000000
101313  -26.442  -18.687  44.136 0.0000000000
101346  -25.986  -19.221  42.862 0.0000000000
135869  -49.163  2.468  25.036 0.0000000000
139607  -54.591  5.628  21.935 0.0000000000
139543  -58.679  6.230  28.089 0.0000000000
139554  -57.959  6.625  27.019 0.0000000000
117488  -37.032  -8.489  31.830 0.0000000000
122323  -40.596  -6.188  28.747 0.0000000000
122324  -41.596  -5.817  29.395 0.0000000000
121056  -45.705  -6.712  33.542 0.0000000000
122255  -45.146  -6.077  32.384 0.0000000000
122244  -47.329  -5.471  33.721 0.0000000000
99986  -18.996  -19.329  45.434 0.0000000000
98718  -18.692  -19.878  46.384 0.0000000000
97441  -17.439  -21.490  47.240 0.0000000000
96177  -16.726  -22.660  46.351 0.0000000000
94844  -15.619  -22.850  46.146 0.0000000000
94857  -14.617  -22.837  45.400 0.0000000000
94868  -14.201  -22.991  44.702 0.0000000000
93525  -15.396  -23.216  44.190 0.0000000000
108207  -34.919  -14.019  42.716 0.0000000000
108219  -35.222  -14.287  41.911 0.0000000000
237079  -35.896  -14.525  43.258 0.0000000000
108178  -37.003  -13.875  44.087 0.0000000000
100007  -28.887  -19.752  44.076 0.0000000000
100036  -28.932  -19.713  43.273 0.0000000000
101317  -30.028  -19.036  44.722 0.0000000000
102727  -30.753  -17.982  44.916 0.0000000000
104206  -31.306  -16.662  44.936 0.0000000000
106883  -32.979  -15.679  46.887 0.0000000000
106898  -32.891  -15.441  46.295 0.0000000000
106913  -32.032  -15.682  44.979 0.0000000000
108173  -32.826  -14.171  44.616 0.0000000000
224269  -34.175  -13.799  44.039 0.0000000000
98719  -29.613  -19.771  45.730 0.0000000000
129886  -45.764  -1.254  29.271 0.0000000000
129905  -44.701  -1.136  28.079 0.0000000000
268183  -46.106  -0.176  28.888 0.0000000000
132189  -47.482  0.709  27.826 0.0000000000
133438  -48.361  1.543  26.982 0.0000000000
255426  -50.771  1.782  30.011 0.0000000000
257262  -50.142  2.227  28.590 0.0000000000
134664  -49.564  2.437  26.404 0.0000000000
135855  -50.733  3.144  26.282 0.0000000000
137136  -51.449  4.156  25.159 0.0000000000
138362  -52.377  4.862  24.636 0.0000000000
138363  -52.833  5.146  24.396 0.0000000000
228368  -53.461  5.293  26.164 0.0000000000
138328  -54.422  5.508  26.983 0.0000000000
139541  -56.623  5.790  28.144 0.0000000000
137069  -57.185  4.376  29.998 0.0000000000
138300  -58.482  5.254  29.086 0.0000000000
116172  -36.175  -9.496  36.850 0.0000000000
116180  -35.268  -9.823  35.921 0.0000000000
117401  -36.564  -9.016  36.559 0.0000000000
231113  -36.313  -8.760  35.449 0.0000000000
118699  -36.944  -8.094  34.350 0.0000000000
239305  -39.269  -8.228  35.884 0.0000000000
118701  -38.388  -8.453  34.871 0.0000000000
117467  -37.426  -8.306  33.226 0.0000000000
118768  -38.233  -8.218  32.396 0.0000000000
260909  -39.003  -8.018  32.141 0.0000000000
118798  -39.241  -7.761  31.224 0.0000000000
119964  -39.745  -7.205  30.895 0.0000000000
119952  -40.628  -7.487  32.055 0.0000000000
119939  -41.999  -7.907  32.375 0.0000000000
119927  -42.945  -8.084  32.839 0.0000000000
118736  -44.377  -8.222  34.288 0.0000000000
119930  -44.668  -7.712  33.686 0.0000000000
267096  -19.970  -17.885  45.995 0.0000000000
235995  -20.916  -17.842  43.153 0.0000000000
101330  -19.937  -18.479  43.765 0.0000000000
263099  -19.430  -18.743  45.153 0.0000000000
100004  -18.835  -19.932  44.187 0.0000000000
112288  -35.324  -12.121  36.639 0.0000000000
113650  -35.901  -10.952  37.453 0.0000000000
108230  -36.161  -14.556  41.087 0.0000000000
234460  -36.682  -14.119  40.435 0.0000000000
109528  -36.548  -13.725  39.291 0.0000000000
110855  -37.634  -12.931  40.065 0.0000000000
112242  -36.985  -12.830  39.027 0.0000000000
112257  -36.870  -11.814  38.646 0.0000000000
113641  -36.482  -11.323  38.010 0.0000000000
114923  -36.122  -10.217  37.339 0.0000000000
116163  -36.981  -9.561  37.779 0.0000000000
118592  -37.906  -8.818  38.735 0.0000000000
119815  -38.602  -8.057  39.059 0.0000000000
119748  -39.326  -8.069  41.527 0.0000000000
119794  -39.377  -7.537  39.968 0.0000000000
100051  -28.741  -19.622  42.646 0.0000000000
254468  -28.582  -19.766  41.431 0.0000000000
101387  -28.597  -19.449  40.858 0.0000000000
104272  -29.550  -17.009  42.091 0.0000000000
102789  -29.199  -18.321  41.151 0.0000000000
104204  -23.658  -17.129  45.425 0.0000000000
104240  -23.538  -17.278  43.792 0.0000000000
102722  -24.798  -17.570  44.032 0.0000000000
104260  -24.168  -17.538  43.479 0.0000000000
102755  -23.556  -17.583  42.254 0.0000000000
102787  -23.501  -18.458  41.185 0.0000000000
139587  -53.744  5.722  23.842 0.0000000000
139597  -54.308  5.990  22.668 0.0000000000
140823  -55.418  6.622  22.899 0.0000000000
140778  -56.769  7.137  25.574 0.0000000000
140810  -55.990  6.936  23.439 0.0000000000
140839  -56.306  6.703  22.098 0.0000000000
142025  -57.317  7.320  21.573 0.0000000000
142027  -58.288  7.649  21.077 0.0000000000
142047  -59.031  7.602  20.115 0.0000000000
144454  -59.821  9.076  21.267 0.0000000000
144455  -60.093  9.574  21.889 0.0000000000
234084  -10.427  -23.935  47.384 0.0000000000
90675  -9.414  -24.812  48.226 0.0000000000
90705  -9.829  -25.168  47.065 0.0000000000
114947  -34.741  -10.679  34.756 0.0000000000
127463  -43.811  -2.857  28.786 0.0000000000
121105  -41.143  -6.773  30.953 0.0000000000
121124  -41.715  -6.298  30.663 0.0000000000
122303  -42.539  -5.712  30.250 0.0000000000
122269  -44.262  -5.988  31.667 0.0000000000
123495  -43.663  -5.340  30.681 0.0000000000
123521  -42.884  -4.597  29.772 0.0000000000
126104  -43.822  -3.727  29.762 0.0000000000
126115  -44.206  -3.155  29.388 0.0000000000
127466  -45.173  -2.187  29.509 0.0000000000
268638  -46.835  -1.488  30.257 0.0000000000
129864  -48.331  -0.992  30.987 0.0000000000
129851  -50.144  -0.346  31.883 0.0000000000
94802  -10.826  -22.767  48.854 0.0000000000
94804  -12.194  -22.213  48.393 0.0000000000
93471  -11.236  -23.089  47.474 0.0000000000
93484  -11.403  -23.336  46.852 0.0000000000
92142  -11.184  -24.245  45.839 0.0000000000
90659  -8.658  -24.807  49.020 0.0000000000
89186  -7.517  -26.047  49.565 0.0000000000
87535  -6.559  -26.538  50.465 0.0000000000
81920  -5.644  -30.212  49.203 0.0000000000
84622  -5.677  -28.583  50.107 0.0000000000
86048  -5.019  -28.047  51.439 0.0000000000
84592  -4.324  -28.538  51.951 0.0000000000
83162  -3.825  -29.001  51.920 0.0000000000
78185  -3.163  -32.157  50.567 0.0000000000
79368  -3.287  -31.488  50.301 0.0000000000
93448  -10.129  -23.024  49.062 0.0000000000
93457  -9.884  -23.602  48.683 0.0000000000
226828  -33.902  -13.753  41.378 0.0000000000
109496  -34.493  -14.117  40.861 0.0000000000
100022  -27.249  -19.706  43.297 0.0000000000
100034  -27.844  -19.882  42.842 0.0000000000
230621  -33.877  -13.470  42.183 0.0000000000
109472  -33.003  -13.486  42.506 0.0000000000
100006  -28.279  -19.516  44.007 0.0000000000
138380  -52.605  4.595  23.182 0.0000000000
248387  -34.911  -10.970  36.217 0.0000000000
113669  -34.466  -11.159  35.868 0.0000000000
114930  -34.845  -10.437  36.071 0.0000000000
119974  -38.845  -7.672  29.716 0.0000000000
119975  -39.303  -7.182  30.169 0.0000000000
96199  -17.785  -22.076  44.408 0.0000000000
96187  -17.754  -21.812  45.067 0.0000000000
96198  -17.441  -22.378  44.804 0.0000000000
108146  -35.497  -13.855  45.772 0.0000000000
109414  -36.181  -13.381  46.095 0.0000000000
104141  -32.644  -17.322  48.046 0.0000000000
104155  -32.327  -17.453  47.384 0.0000000000
104156  -32.676  -16.771  47.656 0.0000000000
108158  -34.847  -14.168  45.473 0.0000000000
102659  -32.277  -18.096  47.740 0.0000000000
131032  -49.831  0.025  31.353 0.0000000000
131048  -49.622  0.234  30.781 0.0000000000
132136  -50.298  0.537  31.056 0.0000000000
135809  -53.584  3.509  29.669 0.0000000000
134625  -53.138  3.055  29.826 0.0000000000
137081  -52.869  3.974  28.480 0.0000000000
135827  -54.001  3.944  29.233 0.0000000000
137083  -54.457  4.472  28.826 0.0000000000
135828  -54.678  4.012  29.438 0.0000000000
118635  -38.477  -8.074  37.554 0.0000000000
257776  -40.885  -7.903  35.337 0.0000000000
238170  -40.193  -7.903  35.248 0.0000000000
118730  -39.890  -8.279  33.888 0.0000000000
118731  -40.612  -8.309  33.978 0.0000000000
118705  -41.737  -8.060  34.591 0.0000000000
104239  -22.842  -17.199  43.711 0.0000000000
104220  -22.346  -17.117  44.349 0.0000000000
104238  -22.176  -17.314  43.496 0.0000000000
145687  -61.147  10.409  21.221 0.0000000000
145675  -61.569  10.776  21.916 0.0000000000
90614  -6.677  -25.121  51.627 0.0000000000
90613  -6.001  -25.450  51.950 0.0000000000
89137  -5.685  -26.180  51.805 0.0000000000
110867  -35.770  -13.949  38.303 0.0000000000
109483  -37.952  -14.393  41.933 0.0000000000
109484  -38.385  -13.767  42.425 0.0000000000
116099  -38.891  -9.982  41.455 0.0000000000
114889  -38.457  -10.597  40.774 0.0000000000
114888  -38.178  -10.175  40.324 0.0000000000
114901  -37.954  -10.290  39.790 0.0000000000
116113  -38.262  -9.714  40.386 0.0000000000
117349  -38.091  -9.407  39.937 0.0000000000
100087  -25.641  -19.739  40.675 0.0000000000
104224  -30.876  -16.843  44.430 0.0000000000
267026  -30.119  -17.469  43.276 0.0000000000
245257  -30.678  -16.446  43.813 0.0000000000
101385  -25.247  -18.824  41.263 0.0000000000
101384  -24.691  -18.758  40.982 0.0000000000
140853  -56.410  6.022  20.706 0.0000000000
139571  -56.445  6.419  26.983 0.0000000000
139570  -55.870  6.436  26.180 0.0000000000
242584  -58.778  7.914  25.056 0.0000000000
141972  -58.311  7.941  24.651 0.0000000000
141986  -58.824  8.203  24.478 0.0000000000
265176  -58.854  8.426  23.875 0.0000000000
236433  -59.325  8.545  24.283 0.0000000000
143190  -59.765  8.936  23.941 0.0000000000
141987  -59.879  8.714  24.708 0.0000000000
117465  -35.964  -8.962  33.456 0.0000000000
239992  -35.553  -9.342  32.894 0.0000000000
231565  -35.917  -8.951  32.670 0.0000000000
122342  -41.487  -5.642  28.690 0.0000000000
123539  -41.557  -5.325  28.256 0.0000000000
124711  -41.880  -4.652  28.574 0.0000000000
123520  -42.148  -4.798  29.493 0.0000000000
121071  -43.547  -7.066  32.207 0.0000000000
259939  -43.020  -7.192  31.877 0.0000000000
124664  -47.673  -3.924  32.826 0.0000000000
124674  -46.673  -3.777  31.910 0.0000000000
124675  -47.350  -3.440  32.322 0.0000000000
124684  -46.625  -3.368  31.418 0.0000000000
126088  -47.090  -3.097  31.737 0.0000000000
127437  -48.105  -2.591  32.069 0.0000000000
127429  -48.302  -2.850  32.518 0.0000000000
94828  -13.075  -22.223  46.853 0.0000000000
94841  -13.260  -22.439  46.070 0.0000000000
94855  -13.414  -22.766  45.354 0.0000000000
83252  -7.161  -28.931  47.910 0.0000000000
78187  -4.146  -32.082  50.687 0.0000000000
79380  -4.226  -31.670  50.595 0.0000000000
79370  -3.833  -31.775  50.739 0.0000000000
80645  -3.936  -31.184  50.675 0.0000000000
119840  -40.560  -7.486  37.946 0.0000000000
101367  -22.207  -18.426  41.604 0.0000000000
93434  -8.859  -23.181  50.079 0.0000000000
93424  -8.802  -22.867  50.622 0.0000000000
93433  -8.378  -23.363  50.366 0.0000000000
92066  -7.891  -23.695  50.791 0.0000000000
254122  -35.240  -14.467  39.754 0.0000000000
109527  -35.693  -14.650  39.228 0.0000000000
100047  -26.281  -19.464  41.587 0.0000000000
100048  -27.028  -19.959  41.928 0.0000000000
98805  -27.936  -20.500  41.031 0.0000000000
108172  -32.166  -14.745  44.250 0.0000000000
108188  -31.974  -14.510  43.696 0.0000000000
109471  -32.497  -13.711  42.563 0.0000000000
108204  -31.915  -14.297  43.120 0.0000000000
109481  -31.882  -13.768  42.149 0.0000000000
109480  -31.200  -14.043  41.862 0.0000000000
109493  -31.672  -13.649  41.399 0.0000000000
109508  -31.459  -13.493  40.603 0.0000000000
110852  -32.483  -13.333  39.826 0.0000000000
99968  -27.904  -18.910  45.949 0.0000000000
101293  -27.235  -18.639  45.100 0.0000000000
101278  -27.349  -18.480  45.820 0.0000000000
102725  -26.620  -18.337  44.892 0.0000000000
101370  -25.795  -19.195  42.196 0.0000000000
135870  -49.766  2.897  25.126 0.0000000000
117496  -36.854  -8.584  31.111 0.0000000000
121136  -40.221  -6.396  29.200 0.0000000000
122301  -40.956  -6.181  29.461 0.0000000000
122227  -46.973  -6.084  34.138 0.0000000000
122243  -46.752  -5.718  33.579 0.0000000000
124655  -48.024  -4.036  33.435 0.0000000000
229352  -18.749  -19.935  45.675 0.0000000000
97458  -17.662  -21.622  45.755 0.0000000000
97459  -18.080  -21.065  46.176 0.0000000000
97449  -17.594  -21.587  46.500 0.0000000000
96169  -17.096  -22.103  46.808 0.0000000000
94859  -16.364  -22.775  45.076 0.0000000000
94845  -16.156  -22.826  45.807 0.0000000000
268710  -15.894  -22.825  45.294 0.0000000000
94858  -15.405  -22.817  45.474 0.0000000000
94869  -14.920  -22.916  44.725 0.0000000000
249065  -34.574  -13.841  43.368 0.0000000000
236554  -35.290  -14.039  43.266 0.0000000000
108192  -35.719  -14.089  43.826 0.0000000000
109438  -36.804  -13.329  44.483 0.0000000000
108177  -36.311  -13.816  44.223 0.0000000000
109451  -37.353  -13.548  44.429 0.0000000000
100008  -29.598  -20.271  44.462 0.0000000000
100025  -29.271  -19.758  43.956 0.0000000000
101296  -30.067  -19.266  45.213 0.0000000000
104207  -31.879  -17.793  45.787 0.0000000000
102711  -30.982  -18.239  45.354 0.0000000000
228269  -31.409  -17.410  45.321 0.0000000000
227881  -30.895  -17.435  44.787 0.0000000000
225568  -31.664  -16.858  45.684 0.0000000000
106875  -33.296  -15.652  47.480 0.0000000000
106899  -33.401  -14.868  46.071 0.0000000000
106914  -32.622  -15.139  45.573 0.0000000000
106930  -32.429  -14.989  44.840 0.0000000000
108175  -34.583  -13.902  44.519 0.0000000000
108174  -33.787  -14.083  44.636 0.0000000000
99972  -30.546  -19.445  46.285 0.0000000000
98735  -29.705  -20.158  44.991 0.0000000000
129887  -46.293  -0.769  29.552 0.0000000000
129898  -45.938  -0.603  29.038 0.0000000000
131056  -46.576  -0.257  29.265 0.0000000000
132169  -48.628  0.278  29.303 0.0000000000
132179  -47.726  0.415  28.475 0.0000000000
132190  -48.170  0.798  28.054 0.0000000000
133428  -47.876  1.127  27.435 0.0000000000
133419  -48.857  0.885  28.262 0.0000000000
133397  -52.467  1.821  30.821 0.0000000000
133396  -51.729  1.791  30.688 0.0000000000
134606  -52.042  2.153  30.292 0.0000000000
135822  -51.248  2.821  28.560 0.0000000000
134637  -50.647  2.413  28.951 0.0000000000
134646  -50.604  2.532  28.211 0.0000000000
224598  -50.030  2.190  27.924 0.0000000000
134655  -50.443  2.640  27.480 0.0000000000
135844  -50.252  2.754  26.732 0.0000000000
135845  -50.865  3.088  27.052 0.0000000000
228389  -52.006  4.094  26.752 0.0000000000
137120  -51.736  4.025  25.996 0.0000000000
137121  -52.271  4.442  26.084 0.0000000000
138352  -51.968  4.535  24.874 0.0000000000
138353  -52.374  4.713  25.370 0.0000000000
138354  -52.794  5.093  25.133 0.0000000000
138339  -52.873  4.868  25.962 0.0000000000
138312  -55.160  5.148  28.074 0.0000000000
139551  -55.159  5.609  27.369 0.0000000000
230246  -55.879  5.457  28.018 0.0000000000
242617  -58.595  4.747  29.420 0.0000000000
117386  -36.712  -9.240  37.183 0.0000000000
117400  -35.873  -9.396  36.285 0.0000000000
224420  -37.029  -8.881  36.942 0.0000000000
118646  -37.859  -8.129  36.290 0.0000000000
117414  -36.745  -8.576  35.962 0.0000000000
117415  -37.420  -8.108  35.853 0.0000000000
118669  -37.006  -8.321  35.190 0.0000000000
245841  -37.739  -8.142  35.249 0.0000000000
118647  -39.524  -7.992  36.317 0.0000000000
118729  -38.840  -8.562  34.356 0.0000000000
118702  -38.964  -8.519  34.884 0.0000000000
118728  -38.254  -8.449  34.165 0.0000000000
118749  -38.140  -8.250  33.429 0.0000000000
118748  -37.873  -8.251  32.750 0.0000000000
118750  -38.720  -8.103  33.302 0.0000000000
118770  -39.488  -8.082  32.579 0.0000000000
118769  -38.754  -7.965  32.609 0.0000000000
118784  -38.837  -7.978  31.652 0.0000000000
118785  -39.535  -8.032  31.987 0.0000000000
119951  -39.937  -7.686  31.667 0.0000000000
118786  -40.173  -8.140  32.312 0.0000000000
118754  -41.834  -8.318  33.322 0.0000000000
118772  -41.390  -8.142  32.775 0.0000000000
118773  -42.085  -8.233  32.766 0.0000000000
119940  -42.555  -8.061  32.547 0.0000000000
118774  -42.484  -8.204  33.012 0.0000000000
118709  -44.497  -8.433  34.730 0.0000000000
118737  -44.866  -8.558  34.369 0.0000000000
118757  -44.289  -7.893  33.971 0.0000000000
121043  -46.012  -6.993  34.169 0.0000000000
104201  -21.650  -17.075  45.590 0.0000000000
102706  -21.076  -17.318  45.592 0.0000000000
102689  -20.703  -17.415  46.218 0.0000000000
101292  -20.354  -17.621  45.660 0.0000000000
101365  -21.144  -18.463  41.950 0.0000000000
101344  -20.633  -18.212  42.633 0.0000000000
100031  -19.586  -19.635  43.043 0.0000000000
101329  -19.648  -19.009  43.433 0.0000000000
101311  -19.503  -18.869  44.199 0.0000000000
100005  -19.085  -19.350  44.622 0.0000000000
86021  -3.554  -27.120  52.065 0.0000000000
109559  -34.421  -14.132  36.911 0.0000000000
112273  -35.791  -12.607  37.577 0.0000000000
267719  -35.512  -12.552  37.058 0.0000000000
236043  -35.615  -11.843  37.233 0.0000000000
108220  -36.158  -14.605  41.893 0.0000000000
109498  -35.644  -14.498  41.297 0.0000000000
109500  -37.468  -14.492  40.947 0.0000000000
265451  -36.668  -14.336  40.899 0.0000000000
109529  -36.688  -13.776  39.920 0.0000000000
113627  -38.041  -11.491  40.239 0.0000000000
112213  -38.024  -12.343  40.479 0.0000000000
112230  -37.748  -12.173  39.890 0.0000000000
112229  -37.372  -12.639  39.598 0.0000000000
114909  -37.347  -10.333  38.847 0.0000000000
114917  -36.993  -10.777  38.458 0.0000000000
114916  -36.611  -10.336  37.838 0.0000000000
117374  -37.358  -9.522  38.410 0.0000000000
118569  -38.005  -9.151  39.382 0.0000000000
118593  -38.178  -8.600  39.209 0.0000000000
118616  -38.463  -8.374  38.373 0.0000000000
240573  -39.365  -8.558  42.301 0.0000000000
119727  -39.636  -7.807  42.020 0.0000000000
237616  -26.211  -20.160  40.572 0.0000000000
101334  -29.224  -19.501  43.698 0.0000000000
101348  -29.117  -19.298  42.956 0.0000000000
101372  -29.019  -19.161  42.267 0.0000000000
101388  -29.042  -19.162  41.468 0.0000000000
106954  -30.853  -15.594  42.984 0.0000000000
105657  -30.024  -16.537  42.607 0.0000000000
247820  -24.137  -17.276  45.177 0.0000000000
104222  -23.715  -17.305  44.655 0.0000000000
104241  -24.080  -17.557  44.157 0.0000000000
102739  -25.906  -18.374  43.868 0.0000000000
102723  -25.422  -17.909  44.326 0.0000000000
102738  -25.325  -18.065  43.611 0.0000000000
102737  -24.722  -17.954  43.213 0.0000000000
102756  -24.228  -17.667  42.681 0.0000000000
104259  -23.661  -17.360  43.024 0.0000000000
102773  -22.982  -17.973  41.688 0.0000000000
102774  -23.718  -17.964  41.620 0.0000000000
227180  -53.267  5.415  24.889 0.0000000000
138364  -53.320  5.408  24.139 0.0000000000
139581  -53.758  5.728  24.618 0.0000000000
139583  -54.717  6.467  24.188 0.0000000000
139589  -54.734  6.496  23.213 0.0000000000
140809  -55.306  6.825  23.731 0.0000000000
140762  -57.372  7.078  26.377 0.0000000000
140779  -57.517  7.298  25.896 0.0000000000
141996  -57.217  7.716  23.440 0.0000000000
141983  -56.616  7.350  23.532 0.0000000000
141995  -56.437  7.013  22.815 0.0000000000
142008  -56.868  7.112  22.200 0.0000000000
140854  -56.779  6.709  21.309 0.0000000000
262442  -58.233  8.105  21.742 0.0000000000
142009  -57.794  7.772  21.688 0.0000000000
143230  -58.838  7.902  20.745 0.0000000000
143232  -59.617  8.565  20.837 0.0000000000
265479  -59.505  8.791  21.430 0.0000000000
143204  -60.329  9.428  23.476 0.0000000000
143217  -59.991  9.442  22.620 0.0000000000
143218  -60.535  9.892  22.736 0.0000000000
143205  -60.909  9.661  23.672 0.0000000000
92127  -10.597  -24.261  46.879 0.0000000000
92113  -10.062  -24.507  47.366 0.0000000000
90706  -10.329  -24.900  46.710 0.0000000000
116188  -34.923  -10.396  35.390 0.0000000000
116202  -35.102  -10.180  34.616 0.0000000000
124712  -42.243  -3.961  28.318 0.0000000000
126122  -42.780  -3.545  27.928 0.0000000000
126123  -43.306  -3.229  28.395 0.0000000000
119965  -40.502  -7.121  31.355 0.0000000000
121104  -40.443  -6.767  30.622 0.0000000000
122283  -42.380  -6.130  30.663 0.0000000000
122302  -41.960  -5.875  30.153 0.0000000000
122256  -45.743  -5.686  32.719 0.0000000000
122270  -44.905  -5.802  31.844 0.0000000000
123496  -44.284  -5.106  30.959 0.0000000000
123506  -43.990  -4.815  30.402 0.0000000000
123505  -43.348  -5.013  30.167 0.0000000000
124692  -43.562  -4.398  29.993 0.0000000000
124693  -44.252  -4.163  30.245 0.0000000000
127454  -45.252  -3.251  30.273 0.0000000000
126105  -44.563  -3.515  29.982 0.0000000000
127465  -44.850  -2.813  29.753 0.0000000000
128697  -45.822  -1.835  29.713 0.0000000000
127456  -46.454  -1.919  30.341 0.0000000000
128665  -48.297  -1.972  31.738 0.0000000000
128677  -48.131  -1.573  31.198 0.0000000000
128678  -48.501  -1.285  31.501 0.0000000000
129865  -48.787  -0.684  31.293 0.0000000000
269621  -49.622  -0.828  31.923 0.0000000000
94827  -12.371  -22.458  47.051 0.0000000000
94814  -12.276  -22.307  47.730 0.0000000000
94813  -11.722  -22.680  47.941 0.0000000000
93509  -12.311  -23.540  45.129 0.0000000000
93494  -11.534  -23.622  46.192 0.0000000000
92155  -11.677  -23.861  45.412 0.0000000000
90689  -9.217  -25.383  47.995 0.0000000000
90674  -8.945  -25.105  48.510 0.0000000000
89207  -8.697  -25.725  48.278 0.0000000000
86071  -7.304  -27.223  48.996 0.0000000000
89205  -7.662  -26.215  49.092 0.0000000000
87562  -6.962  -27.026  49.480 0.0000000000
87550  -7.089  -26.399  49.934 0.0000000000
87549  -6.636  -27.007  50.021 0.0000000000
79400  -5.920  -31.616  48.918 0.0000000000
80678  -6.162  -30.432  48.748 0.0000000000
80667  -5.583  -30.934  49.215 0.0000000000
83209  -5.209  -29.288  50.132 0.0000000000
84621  -4.998  -28.869  50.713 0.0000000000
84608  -5.372  -28.249  50.748 0.0000000000
84607  -4.816  -28.555  51.225 0.0000000000
83164  -4.399  -29.078  51.441 0.0000000000
261285  -3.891  -29.400  51.589 0.0000000000
245689  -3.626  -29.676  51.154 0.0000000000
83184  -3.682  -29.110  51.499 0.0000000000
77012  -2.973  -33.055  50.306 0.0000000000
92076  -8.629  -23.740  49.784 0.0000000000
109525  -34.077  -14.039  39.289 0.0000000000
109511  -35.139  -14.374  40.409 0.0000000000
110824  -32.920  -13.429  41.749 0.0000000000
261779  -32.830  -13.307  41.269 0.0000000000
110836  -33.363  -13.513  41.260 0.0000000000
245950  -28.960  -19.485  45.585 0.0000000000
101315  -27.790  -19.026  44.513 0.0000000000
101332  -26.829  -19.228  43.685 0.0000000000
135885  -50.591  3.448  24.222 0.0000000000
138382  -53.490  5.260  22.527 0.0000000000
112299  -34.572  -12.095  35.646 0.0000000000
236758  -38.240  -8.021  31.377 0.0000000000
118795  -37.274  -8.497  30.646 0.0000000000
118796  -37.887  -8.056  30.747 0.0000000000
118807  -37.665  -8.596  30.055 0.0000000000
121121  -39.746  -6.741  29.648 0.0000000000
255777  -16.968  -22.546  45.095 0.0000000000
94871  -16.168  -23.003  44.396 0.0000000000
108176  -35.445  -13.789  44.441 0.0000000000
109426  -36.712  -12.912  45.409 0.0000000000
101279  -30.882  -18.988  46.005 0.0000000000
101297  -30.625  -18.714  45.555 0.0000000000
102672  -32.069  -18.316  46.600 0.0000000000
102695  -32.127  -17.973  46.227 0.0000000000
104194  -32.135  -17.374  46.257 0.0000000000
108115  -34.163  -14.887  47.264 0.0000000000
226451  -34.169  -14.528  45.731 0.0000000000
232300  -34.913  -13.991  44.938 0.0000000000
231118  -31.396  -19.251  47.077 0.0000000000
129890  -48.100  -0.725  29.923 0.0000000000
131058  -47.929  -0.522  29.527 0.0000000000
131046  -48.464  -0.360  30.229 0.0000000000
132157  -49.366  0.510  30.227 0.0000000000
132171  -49.783  1.095  29.906 0.0000000000
134608  -53.049  2.612  30.288 0.0000000000
134607  -52.542  2.413  30.184 0.0000000000
256503  -52.793  2.753  29.861 0.0000000000
135807  -52.236  3.100  29.237 0.0000000000
135823  -51.980  3.463  28.583 0.0000000000
224837  -51.335  3.342  27.368 0.0000000000
135838  -52.389  3.885  28.176 0.0000000000
137096  -52.772  4.325  27.767 0.0000000000
138326  -53.216  4.753  27.363 0.0000000000
228504  -53.177  4.939  26.663 0.0000000000
239334  -54.612  4.898  28.303 0.0000000000
137099  -55.122  4.813  28.690 0.0000000000
117388  -37.494  -8.699  37.653 0.0000000000
118633  -37.524  -8.543  36.954 0.0000000000
232336  -38.210  -8.174  36.617 0.0000000000
244935  -39.846  -7.883  35.841 0.0000000000
118703  -39.644  -8.173  34.947 0.0000000000
227484  -39.376  -8.426  34.501 0.0000000000
225893  -39.205  -8.192  33.775 0.0000000000
118751  -39.747  -8.291  33.186 0.0000000000
227740  -40.049  -8.424  32.723 0.0000000000
118771  -40.596  -8.149  32.905 0.0000000000
118733  -42.060  -8.229  34.038 0.0000000000
104172  -22.799  -16.940  46.573 0.0000000000
104202  -22.236  -16.969  45.240 0.0000000000
104219  -21.512  -17.174  44.810 0.0000000000
98762  -19.114  -20.117  43.437 0.0000000000
144470  -60.567  10.037  21.625 0.0000000000
144486  -60.714  9.921  20.528 0.0000000000
87506  -4.407  -26.836  52.307 0.0000000000
232595  -34.675  -14.514  38.167 0.0000000000
110878  -35.131  -13.981  37.307 0.0000000000
108210  -37.124  -14.699  42.879 0.0000000000
108221  -37.099  -14.906  42.069 0.0000000000
108222  -37.616  -14.672  42.275 0.0000000000
109501  -37.915  -14.361  41.315 0.0000000000
109515  -37.779  -13.992  40.903 0.0000000000
113598  -38.765  -11.123  41.276 0.0000000000
113634  -37.812  -10.983  39.668 0.0000000000
114910  -37.702  -10.345  39.268 0.0000000000
116145  -37.543  -9.891  38.893 0.0000000000
242731  -37.945  -9.558  39.508 0.0000000000
117350  -38.240  -8.866  39.934 0.0000000000
245806  -40.141  -7.283  42.047 0.0000000000
98804  -27.450  -20.500  40.907 0.0000000000
102740  -30.009  -17.988  43.817 0.0000000000
102760  -29.716  -17.942  42.999 0.0000000000
102778  -29.420  -17.779  42.355 0.0000000000
249342  -30.178  -15.575  41.920 0.0000000000
105669  -29.806  -16.195  41.789 0.0000000000
102707  -24.595  -17.470  45.306 0.0000000000
101345  -25.479  -18.725  42.601 0.0000000000
102757  -25.256  -18.264  42.996 0.0000000000
102788  -24.203  -18.295  41.301 0.0000000000
100061  -24.508  -19.410  40.600 0.0000000000
228521  -54.513  5.960  25.835 0.0000000000
139582  -54.459  6.001  24.986 0.0000000000
244590  -54.933  6.207  25.486 0.0000000000
139576  -55.481  6.395  25.537 0.0000000000
140776  -55.663  6.638  25.080 0.0000000000
244341  -57.958  7.458  25.708 0.0000000000
141952  -58.394  7.717  25.390 0.0000000000
141984  -57.689  7.996  24.136 0.0000000000
141997  -57.820  8.109  23.253 0.0000000000
231405  -57.394  7.695  22.479 0.0000000000
141998  -58.538  8.440  23.138 0.0000000000
143202  -59.132  8.585  22.779 0.0000000000
143215  -59.250  8.649  22.006 0.0000000000
269341  -60.056  9.172  23.698 0.0000000000
90723  -10.516  -25.383  46.081 0.0000000000
90722  -10.085  -25.443  46.564 0.0000000000
117428  -36.031  -9.332  34.925 0.0000000000
116203  -35.581  -9.652  34.404 0.0000000000
236232  -35.533  -9.373  33.709 0.0000000000
256253  -35.247  -9.808  33.313 0.0000000000
123560  -41.574  -4.833  27.673 0.0000000000
119954  -41.913  -7.344  31.867 0.0000000000
121106  -41.839  -6.879  31.260 0.0000000000
121086  -42.512  -7.001  31.527 0.0000000000
266144  -42.964  -6.890  31.484 0.0000000000
268589  -43.322  -6.348  31.236 0.0000000000
123476  -46.805  -4.801  32.726 0.0000000000
123487  -45.769  -4.881  31.909 0.0000000000
123488  -46.438  -4.535  32.118 0.0000000000
124673  -45.984  -4.346  31.629 0.0000000000
124682  -45.361  -4.244  31.150 0.0000000000
126095  -45.600  -3.570  30.850 0.0000000000
126096  -46.229  -3.237  30.997 0.0000000000
127445  -46.314  -2.636  30.700 0.0000000000
127446  -46.964  -2.259  30.845 0.0000000000
126098  -47.404  -2.577  31.298 0.0000000000
128666  -48.740  -1.678  32.057 0.0000000000
94831  -15.436  -22.713  46.641 0.0000000000
96166  -15.211  -22.336  47.209 0.0000000000
96165  -14.486  -22.108  47.316 0.0000000000
94816  -13.687  -22.085  47.450 0.0000000000
93485  -11.885  -22.952  46.571 0.0000000000
87588  -8.154  -26.917  47.554 0.0000000000
87576  -7.814  -26.742  48.102 0.0000000000
86080  -7.518  -27.421  48.362 0.0000000000
86079  -6.993  -27.916  48.682 0.0000000000
84646  -6.689  -28.650  48.803 0.0000000000
79381  -4.620  -31.637  49.992 0.0000000000
80666  -4.902  -31.039  49.858 0.0000000000
231090  -4.619  -30.527  50.314 0.0000000000
81899  -4.335  -30.046  50.816 0.0000000000
83185  -4.096  -29.585  51.475 0.0000000000
237826  -3.875  -30.564  50.758 0.0000000000
80644  -3.649  -30.939  50.513 0.0000000000
104142  -33.085  -16.622  48.440 0.0000000000
262500  -34.722  -14.656  47.584 0.0000000000
264511  -52.583  0.073  32.283 0.0000000000
132138  -51.737  0.871  31.417 0.0000000000
132139  -52.469  0.569  31.865 0.0000000000
132140  -53.216  0.770  32.106 0.0000000000
133379  -53.589  1.407  31.545 0.0000000000
134609  -54.729  2.755  30.781 0.0000000000
134628  -55.139  3.253  30.525 0.0000000000
256927  -55.568  3.688  30.163 0.0000000000
119839  -39.723  -7.641  38.126 0.0000000000
118618  -40.132  -7.810  37.381 0.0000000000
118637  -40.416  -7.767  36.774 0.0000000000
267266  -41.074  -7.713  36.413 0.0000000000
118675  -41.495  -7.874  35.131 0.0000000000
102754  -22.781  -17.507  42.357 0.0000000000
223794  -22.037  -17.527  42.634 0.0000000000
102772  -21.730  -17.991  42.012 0.0000000000
267449  -21.652  -18.432  41.687 0.0000000000
90615  -7.096  -24.784  51.208 0.0000000000
259014  -6.888  -25.337  51.124 0.0000000000
109538  -34.454  -14.530  38.583 0.0000000000
109539  -35.261  -14.434  38.618 0.0000000000
117324  -38.911  -9.433  41.582 0.0000000000
100063  -25.709  -19.272  41.102 0.0000000000
106928  -31.428  -15.819  44.283 0.0000000000
105628  -31.154  -16.003  44.277 0.0000000000
106941  -31.369  -15.567  43.933 0.0000000000
106955  -31.289  -15.346  43.405 0.0000000000
257233  -31.499  -14.827  43.196 0.0000000000
108203  -31.098  -14.973  42.856 0.0000000000
106973  -30.379  -15.058  41.670 0.0000000000
110842  -32.040  -13.375  40.184 0.0000000000
102709  -25.961  -17.972  45.415 0.0000000000
101331  -26.251  -18.972  43.440 0.0000000000
134662  -48.285  1.875  25.778 0.0000000000
139608  -55.175  5.858  21.570 0.0000000000
139542  -57.862  6.116  27.889 0.0000000000
259660  -57.149  6.704  26.818 0.0000000000
226827  -58.503  6.525  27.522 0.0000000000
140746  -58.611  6.743  27.066 0.0000000000
141974  -60.002  8.332  25.445 0.0000000000
117477  -36.446  -8.689  32.255 0.0000000000
117487  -36.282  -8.752  31.482 0.0000000000
121055  -45.066  -7.098  33.223 0.0000000000
121072  -44.802  -6.738  32.652 0.0000000000
121073  -45.406  -6.372  32.965 0.0000000000
122257  -46.405  -5.342  33.059 0.0000000000
123478  -47.723  -4.334  33.258 0.0000000000
124665  -48.023  -3.756  33.025 0.0000000000
124666  -48.409  -3.571  33.210 0.0000000000
126081  -48.753  -3.052  33.135 0.0000000000
98717  -18.478  -20.510  45.909 0.0000000000
98706  -18.370  -20.413  46.618 0.0000000000
96168  -16.459  -22.429  47.043 0.0000000000
96176  -16.042  -22.789  46.546 0.0000000000
94843  -15.015  -22.732  46.067 0.0000000000
94856  -13.998  -22.827  45.243 0.0000000000
77013  -4.255  -32.818  50.648 0.0000000000
108206  -34.569  -13.882  42.253 0.0000000000
108208  -35.609  -14.388  42.641 0.0000000000
108193  -36.550  -14.378  43.574 0.0000000000
108194  -37.209  -14.261  43.558 0.0000000000
230358  -36.906  -12.920  46.050 0.0000000000
100024  -28.749  -19.771  43.547 0.0000000000
101335  -29.723  -18.930  44.071 0.0000000000
101318  -30.383  -18.548  45.126 0.0000000000
102726  -30.186  -18.346  44.542 0.0000000000
104225  -31.073  -17.052  44.879 0.0000000000
105577  -33.170  -16.126  47.926 0.0000000000
105589  -32.709  -16.234  47.146 0.0000000000
106884  -33.519  -15.179  46.909 0.0000000000
233669  -32.566  -15.964  46.524 0.0000000000
105598  -32.198  -15.969  45.793 0.0000000000
105613  -31.681  -16.243  45.127 0.0000000000
105612  -31.481  -16.033  44.546 0.0000000000
106929  -31.800  -15.534  44.394 0.0000000000
257429  -33.443  -13.903  44.172 0.0000000000
108190  -33.752  -13.686  43.567 0.0000000000
232188  -34.216  -13.686  42.847 0.0000000000
99987  -29.069  -19.948  44.804 0.0000000000
129897  -45.344  -0.868  28.632 0.0000000000
131065  -45.694  -0.283  28.387 0.0000000000
131067  -47.178  0.117  28.917 0.0000000000
131066  -46.364  0.218  28.590 0.0000000000
132177  -46.491  0.395  27.882 0.0000000000
132159  -50.724  1.083  30.758 0.0000000000
133395  -50.458  1.336  30.206 0.0000000000
133412  -50.180  1.670  29.700 0.0000000000
133413  -51.387  2.092  30.036 0.0000000000
134622  -50.720  2.094  29.558 0.0000000000
133431  -49.630  1.769  28.474 0.0000000000
134645  -49.460  1.817  27.630 0.0000000000
134653  -49.113  1.896  26.843 0.0000000000
134652  -48.575  1.758  26.367 0.0000000000
134663  -48.951  2.081  26.062 0.0000000000
135854  -50.024  2.832  25.949 0.0000000000
135871  -50.545  3.142  25.494 0.0000000000
135846  -51.383  3.585  26.670 0.0000000000
137135  -51.145  3.597  25.780 0.0000000000
231370  -50.837  3.664  25.018 0.0000000000
137145  -51.040  4.056  24.508 0.0000000000
137146  -51.517  4.371  24.371 0.0000000000
138370  -52.046  4.522  24.169 0.0000000000
138371  -52.460  4.788  23.910 0.0000000000
138327  -53.736  5.235  26.998 0.0000000000
138340  -54.098  5.613  26.340 0.0000000000
139568  -54.784  5.881  26.575 0.0000000000
138329  -56.063  5.902  27.492 0.0000000000
234370  -56.761  6.139  27.687 0.0000000000
135829  -55.532  4.107  29.615 0.0000000000
228441  -56.429  4.515  29.621 0.0000000000
138298  -56.486  4.956  29.135 0.0000000000
138299  -57.226  5.252  29.182 0.0000000000
242456  -57.824  5.569  29.003 0.0000000000
138314  -57.443  5.935  28.168 0.0000000000
138316  -58.889  5.648  28.584 0.0000000000
116161  -35.980  -9.902  37.025 0.0000000000
116171  -35.539  -9.961  36.526 0.0000000000
117413  -35.879  -9.395  35.635 0.0000000000
117429  -36.400  -8.523  34.696 0.0000000000
117448  -36.478  -8.576  33.958 0.0000000000
117449  -37.018  -8.348  33.705 0.0000000000
256518  -39.086  -8.037  36.883 0.0000000000
237518  -38.919  -8.198  36.401 0.0000000000
118671  -38.663  -8.308  35.910 0.0000000000
118672  -39.061  -8.393  35.370 0.0000000000
237788  -38.712  -8.414  35.308 0.0000000000
118700  -37.679  -8.211  34.602 0.0000000000
118727  -37.568  -8.201  33.896 0.0000000000
256087  -37.219  -8.446  32.536 0.0000000000
118767  -37.753  -8.324  32.138 0.0000000000
237985  -38.376  -8.293  31.967 0.0000000000
119938  -40.779  -7.811  32.536 0.0000000000
119953  -41.292  -7.609  32.232 0.0000000000
119941  -43.121  -7.678  32.477 0.0000000000
119942  -43.726  -7.387  32.833 0.0000000000
118706  -42.420  -8.155  34.648 0.0000000000
118734  -42.745  -8.117  34.088 0.0000000000
118708  -43.886  -8.229  34.760 0.0000000000
118735  -43.516  -7.956  34.192 0.0000000000
118755  -43.048  -8.068  33.423 0.0000000000
118756  -43.763  -7.797  33.790 0.0000000000
119929  -43.958  -7.541  33.512 0.0000000000
119943  -44.363  -7.218  33.092 0.0000000000
121044  -46.681  -6.745  34.436 0.0000000000
102736  -21.494  -17.572  43.304 0.0000000000
102735  -20.920  -17.643  44.044 0.0000000000
101343  -20.117  -18.725  42.979 0.0000000000
102734  -20.449  -18.138  43.425 0.0000000000
243504  -20.289  -18.087  44.102 0.0000000000
101312  -19.829  -18.308  44.559 0.0000000000
255637  -19.830  -18.105  45.467 0.0000000000
99985  -18.780  -19.912  44.942 0.0000000000
98751  -18.641  -20.383  44.556 0.0000000000
98761  -18.719  -20.674  43.860 0.0000000000
97484  -18.352  -20.876  44.557 0.0000000000
145689  -62.076  10.968  21.429 0.0000000000
110906  -35.298  -12.946  36.616 0.0000000000
112287  -34.998  -12.504  36.132 0.0000000000
113658  -35.438  -11.233  36.671 0.0000000000
114922  -35.667  -10.415  36.944 0.0000000000
225923  -35.640  -14.563  40.700 0.0000000000
108231  -36.899  -14.621  41.375 0.0000000000
109499  -36.134  -14.507  40.416 0.0000000000
109513  -36.158  -14.392  39.665 0.0000000000
110844  -37.930  -13.196  40.674 0.0000000000
110854  -37.058  -13.230  39.717 0.0000000000
255412  -36.590  -12.738  38.468 0.0000000000
112256  -36.331  -12.240  38.073 0.0000000000
116162  -36.461  -9.744  37.349 0.0000000000
229943  -37.257  -9.126  37.925 0.0000000000
117375  -37.505  -8.939  38.324 0.0000000000
118615  -37.915  -8.485  37.989 0.0000000000
119838  -38.968  -7.860  38.319 0.0000000000
118525  -38.803  -9.070  40.962 0.0000000000
118546  -38.632  -8.829  40.477 0.0000000000
119793  -38.638  -8.372  40.187 0.0000000000
119749  -39.926  -7.320  41.364 0.0000000000
119770  -39.260  -7.523  40.812 0.0000000000
264926  -38.903  -7.851  40.368 0.0000000000
237628  -38.798  -7.906  39.743 0.0000000000
119816  -39.346  -7.600  39.028 0.0000000000
100035  -28.473  -19.791  42.994 0.0000000000
100067  -28.667  -19.673  41.996 0.0000000000
100088  -28.438  -19.946  40.317 0.0000000000
256969  -30.218  -16.774  43.312 0.0000000000
104271  -29.316  -17.634  41.625 0.0000000000
101405  -28.981  -18.792  40.675 0.0000000000
104192  -23.662  -17.179  46.200 0.0000000000
104221  -23.090  -17.110  44.288 0.0000000000
259630  -25.490  -17.888  44.951 0.0000000000
249351  -24.947  -17.734  44.822 0.0000000000
243485  -23.176  -17.377  42.764 0.0000000000
138372  -52.943  5.047  23.662 0.0000000000
138373  -53.398  5.329  23.348 0.0000000000
139596  -53.836  5.633  23.012 0.0000000000
262421  -54.144  6.021  24.257 0.0000000000
139588  -54.190  6.108  23.544 0.0000000000
139606  -54.009  5.464  22.222 0.0000000000
139598  -54.934  6.222  22.358 0.0000000000
140761  -56.601  6.808  26.251 0.0000000000
140796  -56.152  6.875  24.831 0.0000000000
140798  -57.245  7.447  25.245 0.0000000000
140811  -56.325  7.226  24.208 0.0000000000
241662  -55.829  6.975  24.150 0.0000000000
140838  -55.683  6.320  22.044 0.0000000000
255698  -56.168  6.394  21.458 0.0000000000
140855  -57.449  6.891  20.827 0.0000000000
142026  -57.785  7.358  21.111 0.0000000000
142045  -58.041  7.049  20.567 0.0000000000
144468  -59.952  8.834  20.475 0.0000000000
143216  -59.712  9.122  22.043 0.0000000000
144444  -61.567  10.179  23.591 0.0000000000
92114  -10.148  -23.967  48.006 0.0000000000
90690  -9.618  -24.986  47.699 0.0000000000
89224  -8.951  -25.964  47.676 0.0000000000
89241  -9.638  -25.787  46.747 0.0000000000
89240  -9.186  -26.217  47.049 0.0000000000
87589  -8.670  -26.563  47.314 0.0000000000
114946  -34.470  -11.022  35.222 0.0000000000
269203  -35.585  -9.136  32.389 0.0000000000
127473  -43.965  -2.285  28.378 0.0000000000
121123  -40.990  -6.304  30.332 0.0000000000
241901  -41.465  -6.066  30.012 0.0000000000
123503  -42.067  -5.417  29.773 0.0000000000
121088  -43.923  -6.520  31.918 0.0000000000
122268  -43.693  -6.192  31.427 0.0000000000
122284  -43.361  -5.936  30.954 0.0000000000
123485  -44.598  -5.441  31.417 0.0000000000
122285  -43.956  -5.645  31.200 0.0000000000
122304  -43.100  -5.542  30.418 0.0000000000
123504  -42.658  -5.166  30.014 0.0000000000
124703  -43.122  -3.947  29.511 0.0000000000
126114  -43.533  -3.444  29.119 0.0000000000
127464  -44.452  -2.387  29.093 0.0000000000
128696  -44.853  -1.836  29.116 0.0000000000
265204  -45.343  -1.710  29.302 0.0000000000
235116  -46.462  -1.281  29.916 0.0000000000
129876  -47.220  -1.175  30.208 0.0000000000
128688  -47.122  -1.656  30.568 0.0000000000
128689  -47.653  -1.483  30.585 0.0000000000
129877  -47.849  -1.093  30.227 0.0000000000
129879  -48.619  -0.517  30.764 0.0000000000
129866  -49.434  -0.513  31.506 0.0000000000
129852  -51.059  -0.193  32.077 0.0000000000
127431  -49.180  -2.528  32.990 0.0000000000
94803  -11.583  -22.555  48.630 0.0000000000
93459  -11.100  -22.971  48.172 0.0000000000
93470  -10.718  -23.487  47.756 0.0000000000
93483  -10.879  -23.629  47.104 0.0000000000
92128  -11.065  -23.965  46.518 0.0000000000
93511  -13.589  -23.200  44.808 0.0000000000
93510  -12.977  -23.355  44.923 0.0000000000
92086  -8.863  -24.098  49.202 0.0000000000
92085  -8.326  -24.460  49.522 0.0000000000
89206  -8.024  -26.089  48.587 0.0000000000
90658  -8.058  -25.104  49.317 0.0000000000
90643  -7.804  -24.851  49.907 0.0000000000
90642  -7.423  -25.324  50.298 0.0000000000
89153  -6.910  -25.814  50.618 0.0000000000
89152  -6.250  -26.295  51.053 0.0000000000
81934  -6.617  -29.957  48.220 0.0000000000
81921  -6.117  -29.546  48.908 0.0000000000
83231  -6.316  -28.840  49.133 0.0000000000
81919  -5.134  -30.416  49.734 0.0000000000
83210  -5.828  -29.099  49.554 0.0000000000
84623  -6.173  -28.051  49.827 0.0000000000
241458  -5.907  -27.995  50.358 0.0000000000
87534  -6.103  -26.817  50.809 0.0000000000
87520  -5.686  -26.838  51.347 0.0000000000
86034  -5.120  -27.426  51.630 0.0000000000
86023  -4.471  -27.422  52.216 0.0000000000
86033  -4.023  -27.993  52.294 0.0000000000
83163  -3.982  -29.135  51.947 0.0000000000
84591  -3.850  -28.574  52.116 0.0000000000
236288  -3.637  -27.840  52.091 0.0000000000
84590  -3.649  -28.544  51.838 0.0000000000
247260  -3.668  -33.119  50.748 0.0000000000
77003  -3.259  -33.321  50.668 0.0000000000
232754  -3.360  -32.689  50.728 0.0000000000
254251  -3.476  -30.461  50.250 0.0000000000
78186  -3.587  -32.161  50.758 0.0000000000
80656  -4.398  -31.107  50.415 0.0000000000
81909  -5.360  -29.725  49.538 0.0000000000
84634  -6.111  -28.542  49.546 0.0000000000
84635  -6.530  -28.156  49.241 0.0000000000
84647  -7.067  -28.537  48.299 0.0000000000
84657  -7.461  -28.484  47.854 0.0000000000
86035  -5.720  -27.477  50.836 0.0000000000
86059  -6.227  -27.521  50.181 0.0000000000
86070  -6.875  -27.562  49.183 0.0000000000
86081  -7.769  -27.292  47.781 0.0000000000
87548  -6.233  -27.039  50.423 0.0000000000
87563  -7.393  -26.595  49.322 0.0000000000
89136  -4.978  -26.375  52.262 0.0000000000
89187  -7.870  -25.719  49.183 0.0000000000
89225  -9.397  -25.566  47.378 0.0000000000
90657  -7.630  -25.466  49.693 0.0000000000
90673  -8.391  -25.424  48.822 0.0000000000
92065  -7.534  -24.554  50.620 0.0000000000
92100  -9.150  -24.476  48.703 0.0000000000
92101  -9.618  -24.241  48.404 0.0000000000
98736  -29.768  -19.661  45.581 0.0000000000
99957  -31.088  -19.269  46.545 0.0000000000
99971  -30.080  -19.569  45.958 0.0000000000
99988  -29.537  -20.238  45.002 0.0000000000
99990  -30.295  -19.270  45.737 0.0000000000
100009  -29.833  -20.073  44.731 0.0000000000
100026  -29.677  -20.013  44.163 0.0000000000
101251  -31.870  -18.624  47.195 0.0000000000
101280  -31.375  -18.794  46.157 0.0000000000
102694  -31.821  -18.403  46.002 0.0000000000
102712  -31.495  -18.072  45.539 0.0000000000
102720  -20.359  -17.924  44.797 0.0000000000
102728  -31.102  -17.714  45.152 0.0000000000
104242  -30.409  -17.159  43.882 0.0000000000
105658  -30.486  -16.134  43.157 0.0000000000
106965  -30.580  -15.262  42.377 0.0000000000
108217  -30.874  -14.641  42.169 0.0000000000
108229  -30.628  -14.459  41.373 0.0000000000
109470  -32.113  -13.882  42.630 0.0000000000
109473  -38.080  -14.133  42.693 0.0000000000
109474  -38.629  -13.679  43.132 0.0000000000
109482  -32.559  -13.612  42.187 0.0000000000
109509  -32.239  -13.333  40.966 0.0000000000
113616  -38.405  -11.101  40.672 0.0000000000
114852  -39.156  -10.402  41.930 0.0000000000
116114  -38.554  -10.087  40.841 0.0000000000
116131  -38.023  -9.826  39.887 0.0000000000
116223  -34.820  -10.286  33.337 0.0000000000
118673  -39.503  -8.154  35.397 0.0000000000
118758  -44.693  -8.292  34.148 0.0000000000
119769  -38.869  -8.327  40.894 0.0000000000
119928  -43.419  -7.840  33.101 0.0000000000
119931  -45.367  -7.409  33.853 0.0000000000
121057  -46.377  -6.375  33.854 0.0000000000
121089  -44.550  -6.349  32.143 0.0000000000
121107  -42.891  -6.453  31.127 0.0000000000
122242  -46.041  -6.005  33.307 0.0000000000
122271  -45.470  -5.441  32.144 0.0000000000
123466  -47.107  -5.147  33.255 0.0000000000
123477  -47.416  -4.559  33.058 0.0000000000
123486  -45.188  -5.196  31.673 0.0000000000
124656  -48.577  -3.840  33.520 0.0000000000
124672  -45.427  -4.700  31.542 0.0000000000
126080  -48.330  -3.216  32.886 0.0000000000
126089  -47.654  -2.838  31.919 0.0000000000
126106  -45.820  -3.056  30.597 0.0000000000
127430  -48.646  -2.713  32.761 0.0000000000
127439  -48.964  -2.130  32.560 0.0000000000
127447  -47.903  -2.209  31.413 0.0000000000
128667  -50.070  -0.919  32.289 0.0000000000
128690  -48.051  -1.313  30.687 0.0000000000
128705  -45.037  -1.382  28.870 0.0000000000
129850  -49.063  -1.051  31.758 0.0000000000
129878  -48.246  -0.861  30.445 0.0000000000
129888  -46.942  -0.757  29.743 0.0000000000
131016  -50.634  0.211  31.591 0.0000000000
131033  -52.895  0.178  32.305 0.0000000000
131047  -48.961  -0.041  30.538 0.0000000000
131057  -47.397  -0.377  29.419 0.0000000000
131059  -48.312  -0.229  29.655 0.0000000000
131060  -48.751  0.182  29.963 0.0000000000
132137  -51.061  0.738  31.264 0.0000000000
132160  -51.409  1.259  30.955 0.0000000000
132170  -49.139  0.753  29.611 0.0000000000
132178  -47.035  0.433  28.228 0.0000000000
132180  -48.445  0.458  28.644 0.0000000000
133378  -52.790  1.051  31.579 0.0000000000
133398  -53.475  2.182  30.804 0.0000000000
133411  -49.525  1.390  29.214 0.0000000000
133420  -49.253  1.227  28.575 0.0000000000
133421  -50.081  1.980  29.123 0.0000000000
133429  -48.612  1.182  27.669 0.0000000000
133430  -49.176  1.344  27.971 0.0000000000
133439  -48.965  1.550  27.420 0.0000000000
134624  -52.487  2.773  29.688 0.0000000000
134627  -54.472  3.002  30.276 0.0000000000
134638  -51.291  2.526  29.356 0.0000000000
134654  -49.831  2.256  27.155 0.0000000000
134677  -48.745  2.123  25.351 0.0000000000
135808  -53.140  3.431  29.390 0.0000000000
135811  -54.918  3.579  29.965 0.0000000000
135825  -52.917  3.592  29.007 0.0000000000
135826  -53.400  3.834  28.910 0.0000000000
135837  -51.611  3.279  28.001 0.0000000000
135853  -49.334  2.548  25.664 0.0000000000
135883  -49.331  2.579  24.476 0.0000000000
137082  -53.841  4.263  28.649 0.0000000000
137085  -55.735  4.632  29.109 0.0000000000
137098  -54.034  4.722  28.222 0.0000000000
137108  -51.765  3.715  27.365 0.0000000000
137137  -51.996  4.343  25.497 0.0000000000
138311  -54.381  5.180  27.668 0.0000000000
138313  -56.509  5.364  28.620 0.0000000000
138315  -58.264  5.855  28.525 0.0000000000
139552  -55.557  6.085  26.784 0.0000000000
139555  -58.899  6.540  27.656 0.0000000000
140797  -56.671  7.220  24.843 0.0000000000
140824  -55.992  6.644  22.687 0.0000000000
141971  -57.724  7.806  24.972 0.0000000000
143201  -58.616  8.414  22.234 0.0000000000
143231  -59.205  8.407  21.121 0.0000000000
143253  -59.308  8.136  20.449 0.0000000000
227043  -32.217  -17.699  46.745 0.0000000000
229653  -9.791  -24.554  47.971 0.0000000000
232607  -53.024  0.004  32.296 0.0000000000
233671  -45.164  -0.637  28.016 0.0000000000
235795  -32.151  -18.033  47.127 0.0000000000
239477  -23.182  -17.311  43.262 0.0000000000
239757  -47.894  -1.724  30.950 0.0000000000
240390  -51.064  1.638  30.504 0.0000000000
242197  -52.737  3.163  29.416 0.0000000000
243558  -4.577  -27.920  52.016 0.0000000000
246488  -7.350  -28.072  48.207 0.0000000000
255965  -51.730  2.983  29.048 0.0000000000
256131  -19.809  -19.151  42.982 0.0000000000
257561  -53.101  1.574  31.179 0.0000000000
257681  -36.189  -8.954  36.029 0.0000000000
258433  -53.220  5.289  25.530 0.0000000000
260814  -52.013  3.703  27.917 0.0000000000
261214  -38.337  -8.070  32.874 0.0000000000
263284  -7.344  -25.819  50.038 0.0000000000
263988  -31.978  -18.637  47.733 0.0000000000
264022  -6.506  -29.053  48.818 0.0000000000
264074  -37.786  -11.596  39.782 0.0000000000
264624  -50.350  3.211  24.855 0.0000000000
265225  -57.139  5.677  28.711 0.0000000000
265823  -39.263  -7.474  30.710 0.0000000000
266091  -38.763  -8.023  37.914 0.0000000000
266256  -36.626  -13.078  44.918 0.0000000000
269541  -51.633  3.180  28.578 0.0000000000
