#!ascii label  , from subject sub-v2s11x28675_ses-1 vox2ras=TkReg
1258
22206  44.640  -56.192  -18.125 0.3000000119
32627  40.559  -48.522  -20.106 0.6000000238
34767  38.237  -47.073  -20.483 0.6999999881
34768  37.553  -47.279  -20.278 0.6999999881
22207  44.173  -56.079  -18.521 0.4000000060
27908  42.942  -51.187  -16.610 0.4000000060
170425  45.270  -55.132  -16.888 0.5000000000
23139  45.687  -55.481  -16.710 0.5000000000
32626  41.106  -48.293  -19.720 0.6999999881
32631  39.805  -48.581  -21.281 0.6999999881
32630  40.271  -48.449  -20.897 0.5000000000
35808  39.226  -46.325  -20.308 0.6000000238
34766  38.932  -46.855  -20.706 0.6000000238
35792  38.149  -46.312  -19.424 0.6999999881
35793  37.468  -46.539  -19.296 0.6999999881
180016  44.265  -54.942  -16.847 0.5000000000
28950  43.490  -50.971  -16.663 0.4000000060
24087  44.706  -54.808  -16.482 0.6000000238
30164  42.708  -50.139  -17.482 0.4000000060
31440  42.584  -48.969  -18.151 0.5000000000
26909  45.150  -52.753  -15.277 0.6000000238
31441  41.931  -49.104  -18.286 0.6000000238
32621  41.479  -48.664  -18.953 0.6000000238
25948  45.518  -53.411  -15.117 0.6000000238
32625  41.749  -47.986  -19.341 0.6000000238
34778  40.093  -47.035  -21.261 0.6000000238
34765  39.634  -46.631  -20.890 0.6000000238
35775  39.061  -45.567  -19.279 0.6999999881
35791  38.822  -46.073  -19.651 0.6999999881
35776  38.413  -45.775  -19.022 0.6999999881
36721  37.953  -45.412  -18.367 0.6999999881
35763  36.589  -45.848  -18.230 0.6999999881
159480  37.835  -44.852  -17.785 0.6999999881
36705  37.165  -45.287  -17.899 0.6999999881
37603  37.766  -44.303  -17.306 0.6999999881
24088  43.910  -54.801  -16.174 0.5000000000
26920  43.920  -52.247  -15.718 0.5000000000
26911  43.369  -52.292  -15.803 0.5000000000
31427  43.266  -50.053  -17.492 0.4000000060
26910  44.562  -52.529  -15.540 0.5000000000
32613  43.171  -48.846  -18.076 0.5000000000
32620  42.157  -48.436  -18.674 0.6000000238
28936  46.017  -51.231  -15.473 0.6000000238
27881  45.305  -51.576  -15.678 0.5000000000
30142  45.648  -50.349  -16.163 0.5000000000
33677  41.412  -47.661  -20.117 0.6999999881
34777  40.739  -46.706  -21.417 0.6000000238
32629  40.865  -48.014  -20.506 0.6999999881
35807  39.844  -46.094  -20.585 0.6000000238
35817  40.278  -46.384  -21.145 0.6000000238
161106  39.269  -45.117  -18.910 0.6000000238
35790  39.473  -45.862  -19.912 0.6000000238
37618  39.072  -44.850  -18.313 0.6000000238
36704  38.435  -44.830  -18.132 0.6999999881
36706  36.312  -45.391  -17.762 0.6999999881
163868  38.830  -44.322  -17.838 0.6000000238
36689  37.325  -44.738  -17.505 0.6999999881
36690  36.708  -44.833  -17.483 0.6999999881
189885  38.258  -44.468  -17.677 0.6999999881
30153  43.466  -50.405  -17.236 0.4000000060
27897  44.263  -51.921  -15.833 0.5000000000
28949  43.929  -51.292  -16.375 0.4000000060
31434  43.535  -49.406  -17.688 0.5000000000
32619  42.717  -48.220  -18.423 0.6000000238
179026  44.628  -50.954  -16.335 0.4000000060
33676  42.002  -47.301  -19.750 0.6000000238
28947  45.121  -50.955  -16.075 0.4000000060
30151  44.858  -49.956  -16.909 0.4000000060
30150  45.584  -49.697  -16.600 0.4000000060
31424  45.259  -49.266  -17.077 0.4000000060
33686  41.734  -47.037  -20.692 0.6999999881
33702  41.134  -47.030  -21.285 0.6000000238
35816  40.909  -46.058  -21.300 0.6000000238
36719  39.741  -44.908  -19.132 0.6000000238
36745  40.092  -45.589  -20.208 0.6000000238
188714  39.485  -44.763  -18.607 0.6000000238
36691  35.973  -44.911  -17.352 0.6999999881
164885  36.685  -43.930  -16.943 0.6999999881
185507  37.961  -43.733  -17.116 0.6000000238
164717  37.335  -43.719  -16.900 0.6000000238
168046  44.284  -50.123  -17.069 0.4000000060
31433  44.150  -49.151  -17.497 0.4000000060
33675  42.470  -46.937  -19.281 0.6999999881
32603  44.842  -48.824  -17.307 0.4000000060
34751  42.296  -46.686  -20.109 0.8000000119
175860  45.940  -48.947  -16.923 0.5000000000
171219  41.654  -46.614  -21.219 0.6999999881
36750  41.288  -45.618  -21.113 0.6000000238
37629  40.274  -44.732  -19.382 0.5000000000
36744  40.795  -45.481  -20.760 0.6000000238
37587  35.620  -44.345  -17.103 0.6999999881
189656  38.925  -43.080  -17.187 0.6000000238
166668  39.283  -43.922  -17.822 0.6000000238
38504  35.961  -43.781  -16.801 0.8000000119
38491  35.263  -43.377  -16.601 0.8000000119
160950  38.414  -43.420  -17.144 0.6000000238
38503  38.369  -44.007  -17.400 0.6000000238
33663  43.915  -47.828  -18.066 0.5000000000
32618  43.264  -48.001  -18.175 0.6000000238
33662  44.576  -47.597  -17.872 0.5000000000
33660  45.911  -47.178  -17.655 0.6999999881
33652  45.620  -47.757  -17.450 0.4000000060
34764  42.036  -46.387  -20.714 0.6999999881
35814  41.924  -45.784  -20.996 0.6999999881
162787  40.848  -44.574  -19.773 0.6000000238
192338  41.103  -44.938  -20.398 0.6000000238
37616  40.543  -44.130  -19.175 0.6000000238
38506  34.737  -43.768  -16.883 0.6000000238
38490  35.951  -43.137  -16.476 0.6999999881
184692  35.459  -42.828  -16.431 0.6999999881
162536  37.867  -42.524  -16.393 0.6999999881
39382  37.880  -43.201  -16.824 0.6999999881
39369  36.557  -42.805  -16.330 0.6999999881
33669  44.102  -47.068  -18.295 0.5000000000
33670  43.470  -47.265  -18.506 0.6000000238
33671  42.871  -47.451  -18.708 0.6000000238
35772  45.332  -45.553  -18.564 0.6999999881
34734  44.803  -46.878  -18.131 0.6000000238
34750  42.780  -46.367  -19.687 0.6999999881
35760  46.503  -45.828  -18.001 0.6999999881
33659  46.583  -46.928  -17.483 0.6999999881
34763  42.545  -46.091  -20.330 0.6999999881
35813  42.354  -45.452  -20.822 0.6999999881
37628  41.431  -44.416  -20.208 0.5000000000
190280  41.557  -44.748  -20.691 0.6000000238
39383  33.679  -42.844  -17.073 0.5000000000
38527  40.309  -43.700  -18.549 0.6000000238
171315  34.470  -42.399  -16.834 0.6000000238
164164  34.024  -42.432  -16.972 0.5000000000
39398  39.475  -43.309  -17.594 0.6000000238
38520  39.763  -43.835  -18.117 0.6000000238
39370  35.926  -42.522  -16.323 0.6000000238
40288  34.771  -42.089  -16.528 0.5000000000
41329  34.114  -41.138  -16.819 0.5000000000
39367  38.991  -42.483  -16.851 0.6999999881
39368  38.439  -42.827  -16.806 0.6999999881
40286  36.482  -42.161  -16.142 0.6999999881
168717  35.844  -41.888  -16.208 0.5000000000
40284  38.068  -41.913  -16.315 0.6999999881
41326  36.408  -41.470  -15.916 0.6000000238
34749  43.248  -46.084  -19.291 0.6000000238
35773  44.600  -45.747  -18.814 0.6999999881
35774  43.848  -45.878  -18.995 0.6000000238
36717  45.616  -44.947  -18.786 0.6999999881
35789  43.023  -45.811  -19.979 0.6999999881
37639  41.973  -44.410  -20.629 0.6999999881
36741  42.875  -45.136  -20.841 0.6999999881
40297  33.454  -42.163  -17.118 0.4000000060
37615  41.189  -43.971  -19.582 0.5000000000
41335  33.651  -41.558  -17.071 0.4000000060
190496  39.358  -42.730  -17.241 0.6000000238
38519  40.129  -43.215  -17.974 0.6000000238
162439  35.201  -41.579  -16.294 0.5000000000
177846  34.580  -41.553  -16.512 0.5000000000
174581  35.781  -41.308  -16.089 0.5000000000
41327  35.404  -40.871  -16.137 0.4000000060
179432  38.503  -42.201  -16.505 0.6000000238
187719  37.292  -41.320  -15.881 0.6999999881
191861  36.880  -41.384  -15.784 0.6000000238
41319  36.067  -40.741  -15.757 0.5000000000
36718  44.893  -45.167  -19.042 0.6000000238
35787  44.108  -45.311  -19.238 0.6999999881
35788  43.478  -45.527  -19.548 0.6999999881
37625  45.598  -43.975  -19.666 0.6999999881
37626  44.796  -44.224  -19.767 0.6999999881
36740  43.376  -44.921  -20.593 0.6000000238
37638  42.534  -44.509  -20.875 0.6000000238
39406  41.223  -42.872  -18.780 0.6000000238
39415  41.603  -43.363  -19.309 0.5000000000
39407  40.648  -43.081  -18.426 0.6000000238
40296  39.506  -42.141  -17.086 0.6000000238
39397  40.498  -42.571  -17.975 0.6000000238
41328  34.784  -40.998  -16.434 0.4000000060
42433  34.432  -40.429  -16.712 0.5000000000
42441  33.830  -40.454  -17.156 0.4000000060
40283  39.061  -41.716  -16.609 0.6000000238
41324  37.963  -41.277  -16.120 0.6000000238
42423  36.590  -40.324  -15.645 0.5000000000
36739  44.054  -44.497  -20.059 0.6999999881
37637  43.866  -44.136  -20.696 0.6000000238
38539  45.436  -42.845  -20.480 0.6999999881
38541  43.753  -43.547  -20.936 0.6000000238
38542  43.036  -43.927  -20.935 0.6000000238
38532  45.876  -43.243  -19.981 0.6999999881
38533  42.658  -43.465  -20.484 0.5000000000
40308  40.914  -42.024  -18.070 0.6000000238
39405  41.901  -42.623  -19.115 0.6000000238
40295  39.995  -41.886  -17.319 0.5000000000
173981  38.467  -41.630  -16.348 0.6000000238
189766  36.999  -40.480  -15.654 0.5000000000
40331  44.443  -41.807  -20.860 0.6999999881
40332  43.720  -42.272  -20.725 0.6999999881
40322  42.560  -42.270  -19.618 0.6000000238
40314  42.149  -41.797  -19.062 0.5000000000
41349  40.818  -41.403  -17.856 0.6000000238
175982  41.293  -41.535  -18.195 0.6000000238
172462  40.258  -40.912  -17.183 0.6000000238
41322  39.353  -40.878  -16.530 0.6000000238
41317  37.470  -40.660  -15.748 0.5000000000
30139  47.850  -49.260  -15.502 0.5000000000
32599  47.516  -47.714  -16.827 0.5000000000
32585  48.395  -48.033  -16.035 0.5000000000
31421  47.713  -48.200  -16.311 0.5000000000
34723  47.327  -46.543  -17.379 0.6999999881
34729  49.172  -45.887  -17.676 0.6999999881
33648  47.832  -47.060  -17.060 0.5000000000
171238  48.895  -46.621  -16.775 0.5000000000
35759  47.221  -45.674  -17.873 0.6999999881
35758  47.973  -45.597  -17.507 0.6999999881
36716  46.303  -44.769  -18.590 0.6999999881
21245  44.636  -56.791  -17.980 0.3000000119
161874  37.724  -46.066  -18.821 0.6999999881
34779  39.409  -47.277  -21.206 0.6000000238
35762  37.296  -45.829  -18.360 0.6999999881
33651  46.160  -47.659  -17.316 0.6000000238
37617  39.932  -44.365  -18.713 0.6000000238
38488  37.254  -43.032  -16.485 0.6999999881
39371  34.890  -42.749  -16.569 0.6000000238
40287  35.321  -42.298  -16.313 0.6000000238
40285  37.146  -42.405  -16.172 0.6999999881
40289  34.149  -41.908  -16.825 0.5000000000
38543  42.430  -44.044  -20.651 0.5000000000
38540  44.571  -43.382  -20.743 0.6999999881
39414  42.257  -43.057  -19.790 0.5000000000
41334  39.775  -41.361  -16.997 0.6000000238
41323  38.674  -41.069  -16.297 0.6000000238
39426  43.390  -43.138  -20.880 0.6000000238
41333  40.334  -41.383  -17.424 0.6000000238
40321  43.306  -41.865  -20.107 0.5000000000
37597  49.953  -44.128  -17.870 0.6000000238
36669  46.897  -44.734  -16.185 0.6000000238
37571  45.526  -44.229  -16.298 0.4000000060
37567  48.256  -44.472  -16.667 0.5000000000
36699  49.146  -45.107  -17.728 0.6000000238
31442  40.344  -49.478  -18.511 0.5000000000
172767  45.315  -45.391  -16.426 0.4000000060
31443  39.735  -49.378  -19.351 0.5000000000
37552  47.952  -44.720  -16.166 0.5000000000
36672  45.030  -44.696  -16.346 0.4000000060
31446  40.598  -48.929  -19.302 0.5000000000
171845  39.528  -49.494  -20.339 0.5000000000
37553  47.432  -44.620  -16.232 0.6000000238
31447  40.072  -49.007  -20.179 0.5000000000
38498  48.243  -44.171  -17.330 0.5000000000
36701  48.038  -45.051  -17.686 0.6000000238
37555  43.078  -43.696  -15.721 0.4000000060
36674  42.793  -44.788  -16.535 0.4000000060
171831  45.924  -43.843  -16.397 0.4000000060
30184  38.041  -50.065  -20.684 0.5000000000
38484  47.356  -43.811  -16.831 0.5000000000
166910  39.329  -49.521  -20.961 0.5000000000
31459  38.248  -49.345  -21.174 0.5000000000
38517  48.134  -44.199  -17.746 0.6000000238
37611  47.425  -44.007  -18.330 0.6000000238
36702  47.437  -45.115  -17.973 0.6000000238
33705  39.233  -47.951  -21.563 0.5000000000
32632  37.443  -48.537  -21.074 0.5000000000
163918  37.624  -49.270  -21.169 0.4000000060
39376  47.525  -43.580  -17.907 0.5000000000
169909  47.515  -43.604  -17.429 0.5000000000
39391  47.203  -43.278  -18.411 0.6000000238
39402  46.763  -43.066  -19.090 0.6000000238
37612  46.990  -44.059  -18.571 0.6000000238
175476  46.283  -42.991  -19.670 0.6000000238
37613  46.512  -44.171  -18.818 0.6000000238
37572  44.693  -44.023  -16.232 0.4000000060
37573  43.776  -43.914  -16.083 0.4000000060
33691  37.248  -47.790  -20.761 0.5000000000
32633  36.736  -48.359  -20.880 0.5000000000
32644  36.374  -49.067  -21.029 0.4000000060
33690  37.935  -47.518  -20.789 0.6000000238
172471  37.054  -48.991  -21.075 0.4000000060
38500  46.950  -43.491  -17.245 0.6000000238
39393  46.344  -42.317  -18.881 0.6000000238
40312  46.143  -41.759  -19.570 0.6000000238
40319  45.992  -41.401  -20.040 0.6000000238
38473  42.772  -43.306  -15.310 0.4000000060
33678  36.830  -47.397  -20.141 0.5000000000
33693  35.612  -47.743  -20.403 0.4000000060
32646  34.651  -48.608  -20.968 0.4000000060
39364  44.824  -43.024  -16.852 0.6000000238
176208  45.271  -43.834  -16.306 0.4000000060
40306  45.097  -41.921  -18.410 0.6000000238
38501  46.185  -43.466  -16.966 0.6000000238
39378  46.421  -42.999  -17.914 0.5000000000
41344  45.412  -41.219  -19.196 0.6000000238
40305  45.856  -41.714  -19.072 0.5000000000
40329  45.917  -41.611  -20.363 0.6000000238
37556  42.363  -43.681  -15.597 0.4000000060
38487  44.119  -43.453  -15.988 0.4000000060
34755  36.485  -47.010  -19.674 0.6000000238
33680  35.288  -47.415  -19.863 0.5000000000
32636  34.560  -47.974  -20.664 0.5000000000
39380  44.102  -42.766  -16.580 0.4000000060
159759  44.331  -43.176  -16.094 0.4000000060
40293  43.799  -42.081  -17.396 0.5000000000
41345  44.839  -40.948  -18.820 0.5000000000
41360  45.734  -41.114  -19.808 0.6000000238
41371  45.295  -40.788  -20.445 0.6000000238
40330  45.340  -41.396  -20.737 0.6000000238
40276  42.569  -42.407  -15.514 0.4000000060
39361  42.909  -42.999  -15.421 0.4000000060
174623  42.239  -42.585  -15.037 0.4000000060
39353  41.884  -42.718  -14.886 0.4000000060
35764  35.802  -45.923  -18.103 0.6000000238
40282  42.241  -41.645  -15.990 0.4000000060
34757  35.061  -47.089  -19.358 0.6000000238
33682  34.006  -46.820  -19.616 0.5000000000
33695  34.120  -47.519  -20.485 0.4000000060
40280  43.431  -42.452  -16.479 0.4000000060
40307  44.389  -41.788  -18.111 0.5000000000
42458  44.293  -39.628  -19.362 0.5000000000
42457  44.713  -40.214  -19.760 0.6000000238
41372  44.756  -40.997  -20.566 0.6000000238
40320  44.020  -41.367  -20.612 0.6000000238
41307  41.671  -41.720  -15.028 0.4000000060
35779  35.292  -46.413  -18.471 0.6000000238
34747  34.223  -46.580  -19.116 0.5000000000
188028  32.904  -46.884  -20.457 0.5000000000
40281  42.798  -41.974  -16.434 0.4000000060
160932  43.228  -41.920  -17.067 0.4000000060
186239  43.410  -41.544  -17.624 0.5000000000
42436  43.641  -39.768  -18.492 0.5000000000
42465  44.757  -40.380  -20.141 0.5000000000
40269  41.784  -42.229  -14.820 0.4000000060
35765  35.048  -45.883  -18.149 0.6000000238
35781  33.929  -46.154  -18.808 0.5000000000
35782  33.310  -46.006  -18.982 0.5000000000
41331  43.450  -40.802  -18.026 0.5000000000
171871  44.123  -39.265  -19.058 0.4000000060
43642  43.955  -38.738  -19.261 0.4000000060
41362  43.855  -40.160  -19.906 0.4000000060
41353  43.248  -40.449  -19.551 0.6000000238
41316  41.384  -41.147  -15.097 0.4000000060
41315  41.815  -41.344  -15.550 0.4000000060
36692  35.225  -44.815  -17.453 0.6000000238
175049  41.944  -40.890  -16.298 0.4000000060
37588  34.929  -44.312  -17.119 0.5000000000
35766  34.323  -45.777  -18.293 0.5000000000
36722  33.681  -45.589  -18.533 0.5000000000
35783  32.672  -45.853  -19.080 0.4000000060
43613  43.311  -39.272  -18.127 0.5000000000
44841  43.561  -38.296  -18.448 0.5000000000
44850  43.789  -38.081  -19.090 0.6000000238
42467  43.655  -39.370  -19.469 0.4000000060
42459  42.963  -39.119  -19.167 0.4000000060
41347  42.066  -40.494  -18.670 0.4000000060
46096  43.004  -37.666  -18.830 0.5000000000
37589  34.241  -44.201  -17.188 0.5000000000
37604  33.758  -44.713  -17.565 0.6000000238
37590  33.509  -44.053  -17.309 0.4000000060
42450  41.778  -39.950  -18.454 0.5000000000
41355  41.800  -41.296  -18.580 0.5000000000
46087  42.573  -37.266  -18.525 0.5000000000
44860  43.537  -37.868  -18.863 0.5000000000
176839  42.912  -38.340  -18.925 0.5000000000
43626  42.312  -39.101  -18.768 0.5000000000
42419  41.506  -40.623  -15.762 0.4000000060
41348  41.458  -40.827  -18.065 0.4000000060
42451  41.191  -40.086  -17.964 0.5000000000
44851  42.294  -38.171  -18.675 0.5000000000
39384  32.988  -42.748  -17.235 0.4000000060
42428  39.599  -40.111  -16.478 0.4000000060
43617  40.176  -39.943  -16.861 0.4000000060
42439  40.408  -40.388  -17.204 0.5000000000
43615  41.035  -39.420  -17.706 0.5000000000
44843  41.566  -38.620  -18.140 0.5000000000
44844  41.146  -38.375  -17.646 0.5000000000
43616  40.496  -39.241  -17.195 0.4000000060
33689  38.641  -47.541  -21.071 0.5000000000
34743  36.842  -46.650  -19.366 0.6000000238
31457  39.413  -48.939  -21.333 0.6000000238
169794  41.163  -49.275  -18.440 0.5000000000
38507  34.056  -43.487  -17.027 0.5000000000
40313  42.859  -41.399  -19.566 0.4000000060
31454  38.440  -49.740  -21.008 0.5000000000
190135  38.733  -48.210  -21.378 0.5000000000
33706  38.067  -48.131  -21.130 0.5000000000
33692  36.393  -47.808  -20.509 0.4000000060
32645  35.511  -48.797  -20.896 0.4000000060
39395  45.128  -42.583  -17.671 0.6000000238
33679  36.056  -47.388  -20.046 0.6000000238
32635  35.184  -48.106  -20.704 0.4000000060
39366  43.070  -42.625  -15.873 0.4000000060
35778  36.035  -46.317  -18.609 0.6000000238
34756  35.765  -47.028  -19.542 0.6000000238
33681  34.511  -47.221  -19.837 0.5000000000
187215  34.041  -48.078  -20.996 0.5000000000
31463  34.308  -49.344  -21.221 0.5000000000
34769  33.435  -47.145  -20.566 0.5000000000
35780  34.603  -46.252  -18.646 0.5000000000
191750  33.894  -47.054  -20.081 0.5000000000
35794  33.592  -46.514  -19.281 0.5000000000
43635  43.963  -38.775  -19.226 0.5000000000
162706  33.371  -46.713  -19.953 0.5000000000
42437  42.833  -40.415  -17.669 0.5000000000
36693  34.483  -44.798  -17.454 0.6000000238
175404  42.793  -40.040  -19.098 0.3000000119
179871  40.566  -39.857  -17.294 0.4000000060
11003  35.696  -65.636  -12.496 0.3000000119
10174  35.872  -65.964  -14.631 0.3000000119
11901  36.124  -64.990  -13.728 0.3000000119
11046  37.317  -65.119  -15.007 0.3000000119
11047  36.227  -65.710  -15.020 0.3000000119
179650  37.701  -65.113  -14.496 0.3000000119
159037  37.811  -64.855  -15.744 0.3000000119
11061  38.542  -65.200  -15.436 0.3000000119
11868  39.112  -64.079  -12.844 0.3000000119
11899  38.822  -64.992  -14.057 0.3000000119
176278  38.858  -65.206  -15.193 0.3000000119
11060  38.773  -65.069  -15.423 0.3000000119
11880  39.156  -64.494  -13.660 0.3000000119
13543  39.806  -63.123  -13.796 0.3000000119
12725  39.610  -63.787  -13.990 0.3000000119
11915  39.167  -64.563  -14.763 0.4000000060
11924  38.954  -64.577  -15.307 0.4000000060
13592  38.874  -63.493  -15.998 0.4000000060
12788  38.508  -63.352  -16.774 0.3000000119
15235  39.352  -62.003  -14.241 0.3000000119
14390  39.348  -62.675  -14.796 0.4000000060
14400  39.110  -62.900  -15.189 0.4000000060
12756  38.913  -63.672  -15.650 0.4000000060
16220  40.092  -61.853  -13.497 0.3000000119
13601  38.702  -62.872  -16.729 0.4000000060
16223  38.459  -60.824  -14.010 0.4000000060
16222  38.738  -61.224  -14.369 0.4000000060
166897  38.845  -62.673  -17.054 0.4000000060
15289  39.496  -61.361  -17.214 0.3000000119
16239  38.919  -61.565  -14.759 0.4000000060
15248  39.292  -62.294  -14.779 0.3000000119
15263  39.074  -62.265  -15.736 0.4000000060
16241  38.509  -60.551  -14.740 0.4000000060
16285  39.601  -61.033  -16.661 0.5000000000
184146  39.281  -61.602  -16.541 0.4000000060
25930  45.988  -53.431  -15.249 0.5000000000
18290  38.146  -59.547  -14.246 0.4000000060
13600  38.942  -62.252  -16.829 0.4000000060
21234  44.821  -56.972  -17.176 0.3000000119
23125  45.309  -55.149  -15.522 0.4000000060
18342  41.415  -59.370  -16.923 0.3000000119
192756  41.448  -50.114  -17.497 0.4000000060
30157  40.585  -50.252  -17.194 0.4000000060
31411  46.803  -49.211  -16.227 0.4000000060
31410  47.490  -48.923  -16.048 0.4000000060
28945  46.272  -50.414  -15.746 0.4000000060
17279  38.906  -60.133  -15.404 0.4000000060
16263  38.941  -61.149  -15.564 0.3000000119
16262  39.323  -60.922  -16.182 0.5000000000
30128  47.038  -50.156  -15.539 0.4000000060
27880  46.456  -51.657  -15.104 0.4000000060
18302  38.553  -59.664  -14.836 0.4000000060
24065  45.548  -54.839  -15.486 0.4000000060
16284  40.063  -60.586  -16.910 0.4000000060
183687  46.620  -54.388  -15.677 0.5000000000
16312  39.902  -60.692  -17.305 0.5000000000
22179  45.171  -55.375  -15.192 0.4000000060
21226  44.826  -57.054  -16.382 0.4000000060
17322  40.688  -59.665  -17.434 0.3000000119
20309  44.016  -57.399  -16.439 0.4000000060
32600  46.968  -47.960  -16.953 0.4000000060
18301  39.258  -59.361  -15.362 0.4000000060
176229  39.650  -59.866  -15.734 0.4000000060
28934  47.575  -50.629  -15.331 0.4000000060
27866  46.950  -52.152  -15.136 0.5000000000
18314  40.062  -59.135  -15.573 0.4000000060
17296  39.938  -60.220  -16.105 0.4000000060
179684  47.476  -52.476  -15.022 0.5000000000
20288  40.328  -58.039  -14.786 0.4000000060
20287  41.089  -58.158  -14.728 0.4000000060
189382  40.775  -59.014  -15.626 0.4000000060
18312  41.275  -59.222  -15.791 0.5000000000
18311  41.885  -59.096  -15.516 0.5000000000
27878  47.884  -51.269  -15.275 0.4000000060
26892  47.679  -52.990  -14.837 0.5000000000
21189  41.349  -57.358  -13.854 0.4000000060
18310  42.135  -59.017  -15.336 0.5000000000
24051  46.728  -54.941  -15.183 0.4000000060
18327  42.259  -58.726  -15.824 0.4000000060
19319  43.044  -57.862  -15.463 0.4000000060
165558  43.556  -57.527  -15.685 0.4000000060
21214  44.837  -55.924  -14.779 0.4000000060
192398  48.238  -49.588  -15.315 0.4000000060
31407  48.497  -48.553  -15.569 0.3000000119
181282  41.879  -58.374  -14.360 0.4000000060
19288  42.170  -58.524  -14.251 0.4000000060
27864  48.268  -51.361  -14.639 0.4000000060
177892  34.782  -50.014  -21.196 0.4000000060
22142  42.275  -56.573  -12.906 0.4000000060
21188  41.742  -57.648  -13.864 0.4000000060
19306  42.448  -58.706  -14.551 0.5000000000
19305  42.891  -58.146  -15.014 0.5000000000
27843  48.498  -51.626  -13.732 0.5000000000
25921  48.175  -52.948  -14.064 0.4000000060
179971  42.681  -56.922  -13.098 0.4000000060
19304  42.994  -57.833  -14.936 0.4000000060
24042  46.981  -55.388  -14.128 0.4000000060
21204  44.479  -56.583  -14.379 0.4000000060
23091  46.403  -55.143  -13.500 0.4000000060
33646  49.496  -46.672  -16.792 0.4000000060
28920  48.719  -50.172  -14.898 0.3000000119
20254  42.569  -57.487  -13.443 0.4000000060
21168  43.342  -57.109  -13.322 0.4000000060
28892  48.981  -50.169  -14.076 0.3000000119
22123  43.638  -56.148  -12.897 0.4000000060
178920  44.515  -55.399  -12.968 0.4000000060
21167  43.805  -56.874  -13.319 0.4000000060
21187  43.885  -57.074  -13.651 0.5000000000
24019  44.064  -54.960  -12.795 0.4000000060
24971  44.625  -54.588  -12.738 0.4000000060
23072  45.631  -54.536  -12.808 0.4000000060
24034  46.477  -54.776  -12.819 0.4000000060
24983  47.806  -54.355  -13.021 0.4000000060
162749  49.800  -46.455  -17.837 0.4000000060
22121  44.623  -55.689  -13.056 0.4000000060
12817  37.147  -63.661  -20.055 0.3000000119
186375  40.339  -62.934  -12.644 0.3000000119
182005  40.366  -62.118  -13.253 0.3000000119
16207  39.138  -61.127  -13.526 0.4000000060
19290  38.486  -58.883  -14.366 0.4000000060
20289  39.725  -58.021  -14.641 0.4000000060
21191  39.846  -57.197  -13.844 0.4000000060
22143  41.621  -56.461  -12.944 0.4000000060
31392  48.632  -48.650  -15.109 0.3000000119
24020  43.413  -55.236  -12.809 0.4000000060
33611  49.076  -47.024  -16.001 0.4000000060
31361  48.940  -49.398  -14.049 0.4000000060
28872  49.081  -50.533  -13.246 0.4000000060
24984  44.938  -53.904  -12.622 0.4000000060
24970  45.399  -54.259  -12.536 0.4000000060
172723  46.351  -54.307  -12.344 0.4000000060
24969  47.159  -54.368  -11.821 0.4000000060
25897  48.237  -52.701  -12.420 0.3000000119
26882  48.378  -52.263  -13.499 0.4000000060
25911  45.370  -52.906  -12.281 0.4000000060
25929  46.705  -53.757  -15.541 0.4000000060
36685  50.650  -45.783  -17.154 0.4000000060
10173  35.711  -66.467  -14.798 0.3000000119
166498  37.039  -64.785  -14.005 0.3000000119
11062  37.484  -64.967  -15.494 0.3000000119
167186  36.449  -65.242  -20.353 0.3000000119
172718  36.640  -64.220  -19.790 0.3000000119
11045  38.484  -65.346  -14.986 0.3000000119
174579  39.568  -63.744  -13.363 0.3000000119
11898  38.839  -64.908  -14.063 0.4000000060
11939  38.648  -64.503  -16.008 0.4000000060
161712  39.561  -63.540  -14.549 0.3000000119
14378  39.767  -62.539  -13.919 0.3000000119
161010  39.101  -63.707  -15.078 0.4000000060
14411  38.954  -62.640  -16.025 0.4000000060
16206  40.016  -61.466  -13.223 0.3000000119
17262  37.839  -59.766  -13.673 0.4000000060
17295  40.646  -59.826  -16.288 0.4000000060
17308  41.022  -59.613  -16.808 0.5000000000
171567  41.957  -59.046  -16.503 0.3000000119
17309  40.654  -60.033  -16.730 0.5000000000
21190  40.581  -57.163  -13.916 0.4000000060
21186  44.448  -56.644  -13.697 0.4000000060
24015  47.402  -54.672  -12.249 0.4000000060
189231  47.968  -46.059  -15.410 0.4000000060
36645  48.369  -45.580  -15.803 0.4000000060
34692  46.903  -47.016  -15.569 0.4000000060
36660  46.774  -45.351  -16.009 0.3000000119
36658  47.800  -45.160  -15.847 0.5000000000
36656  49.162  -45.503  -16.257 0.4000000060
38480  50.466  -43.762  -16.736 0.4000000060
30113  40.677  -49.964  -14.659 0.3000000119
30112  41.343  -49.908  -14.868 0.3000000119
178483  41.516  -47.344  -16.592 0.3000000119
34724  42.862  -46.777  -17.014 0.3000000119
36686  43.095  -45.401  -16.987 0.3000000119
36673  44.237  -44.648  -16.413 0.3000000119
31381  41.349  -49.338  -15.308 0.3000000119
33617  41.126  -48.305  -15.889 0.3000000119
164765  40.826  -47.030  -16.465 0.3000000119
30114  40.070  -49.963  -14.462 0.3000000119
32558  40.025  -48.893  -15.144 0.3000000119
35750  42.640  -46.084  -17.136 0.3000000119
36675  42.089  -44.807  -16.479 0.3000000119
32572  40.610  -48.586  -15.593 0.3000000119
34713  40.293  -46.597  -16.313 0.3000000119
34725  41.849  -46.126  -17.076 0.3000000119
33620  39.066  -47.245  -15.496 0.3000000119
33619  39.754  -47.510  -15.792 0.3000000119
36678  39.791  -45.260  -16.149 0.3000000119
177776  39.256  -46.171  -15.712 0.3000000119
36661  39.331  -45.172  -15.829 0.3000000119
166105  39.486  -48.444  -15.158 0.3000000119
36676  41.067  -45.332  -16.502 0.3000000119
190362  41.138  -44.041  -15.836 0.3000000119
34698  38.406  -46.206  -15.249 0.3000000119
36677  40.404  -45.283  -16.343 0.3000000119
38462  40.665  -43.206  -15.033 0.3000000119
189621  38.491  -44.695  -15.302 0.3000000119
38477  39.439  -43.886  -15.505 0.3000000119
37559  39.861  -44.293  -15.779 0.3000000119
39356  39.791  -42.763  -14.582 0.3000000119
41308  41.273  -41.670  -14.613 0.3000000119
39354  41.128  -42.680  -14.775 0.3000000119
40270  41.353  -42.180  -14.644 0.3000000119
167470  41.076  -41.039  -14.559 0.3000000119
42420  41.112  -40.346  -15.020 0.3000000119
43595  40.820  -39.781  -14.370 0.3000000119
43598  40.936  -39.302  -15.312 0.3000000119
35736  45.594  -46.179  -16.357 0.3000000119
35724  47.175  -45.420  -15.859 0.4000000060
168277  43.841  -45.394  -16.782 0.3000000119
37557  41.655  -43.643  -15.505 0.3000000119
34680  47.491  -47.314  -15.252 0.5000000000
31382  40.762  -49.141  -15.316 0.3000000119
34712  41.193  -46.564  -16.810 0.3000000119
34711  42.280  -47.255  -16.801 0.3000000119
35749  43.397  -46.134  -17.074 0.3000000119
35738  44.245  -46.206  -16.795 0.3000000119
33635  40.336  -47.339  -16.188 0.3000000119
32573  39.918  -48.245  -15.546 0.3000000119
173096  41.488  -44.864  -16.412 0.3000000119
34714  39.727  -46.347  -16.008 0.3000000119
37560  38.786  -44.265  -15.343 0.3000000119
39357  39.193  -42.971  -14.682 0.3000000119
37558  40.512  -44.153  -15.844 0.3000000119
36663  38.246  -45.077  -15.222 0.3000000119
39355  40.384  -42.736  -14.694 0.3000000119
186799  48.983  -50.484  -12.732 0.3000000119
27822  47.897  -51.341  -12.325 0.4000000060
28876  46.443  -51.006  -13.060 0.4000000060
28875  46.951  -50.580  -12.753 0.4000000060
176482  48.889  -49.154  -13.444 0.3000000119
167188  46.293  -49.974  -13.814 0.4000000060
30089  45.732  -49.971  -14.113 0.3000000119
166552  48.644  -49.807  -12.598 0.4000000060
31364  47.017  -49.220  -13.847 0.4000000060
31375  46.082  -49.052  -14.576 0.3000000119
32543  48.164  -48.716  -13.993 0.3000000119
31363  47.637  -49.047  -13.603 0.4000000060
31374  46.726  -48.976  -14.294 0.4000000060
33598  47.951  -47.214  -15.182 0.3000000119
33586  47.811  -48.051  -14.656 0.4000000060
33612  46.871  -47.693  -15.227 0.4000000060
33584  48.336  -47.924  -14.758 0.3000000119
34676  48.723  -46.541  -15.699 0.3000000119
35721  50.089  -45.716  -15.688 0.3000000119
33596  48.733  -47.281  -15.609 0.3000000119
32553  47.430  -48.418  -14.475 0.4000000060
28874  47.704  -50.595  -12.519 0.4000000060
16187  39.779  -61.044  -12.803 0.3000000119
182944  46.517  -52.885  -11.728 0.3000000119
17188  40.850  -59.945  -11.144 0.3000000119
17205  40.631  -60.259  -11.843 0.3000000119
17224  39.424  -60.690  -12.347 0.3000000119
187013  38.609  -60.796  -13.434 0.3000000119
27823  47.130  -51.216  -12.457 0.3000000119
25900  45.833  -52.864  -11.862 0.3000000119
176702  39.018  -60.341  -10.399 0.3000000119
17207  38.826  -60.685  -11.753 0.3000000119
17191  38.489  -60.515  -11.023 0.3000000119
17247  37.878  -60.246  -13.013 0.3000000119
19276  38.174  -58.557  -13.711 0.3000000119
190903  46.602  -51.431  -12.627 0.3000000119
18179  38.432  -59.785  -8.601 0.3000000119
17181  38.160  -60.228  -10.336 0.3000000119
17180  38.372  -60.092  -9.714 0.3000000119
17226  38.064  -60.598  -12.329 0.3000000119
18212  37.745  -60.129  -11.079 0.3000000119
19277  37.644  -59.024  -13.410 0.3000000119
18203  37.366  -59.361  -10.122 0.3000000119
18213  37.358  -59.457  -10.812 0.3000000119
19267  37.419  -58.886  -12.589 0.3000000119
18236  37.369  -59.582  -11.534 0.3000000119
20255  39.175  -57.492  -13.604 0.3000000119
22144  40.873  -56.396  -12.845 0.3000000119
23075  42.350  -55.659  -12.556 0.3000000119
18193  37.484  -59.326  -9.414 0.3000000119
20256  38.525  -57.888  -13.340 0.3000000119
20239  38.233  -57.649  -12.686 0.3000000119
22145  40.084  -56.373  -12.772 0.3000000119
26865  45.635  -52.404  -12.472 0.3000000119
19236  37.174  -58.834  -10.478 0.3000000119
19220  37.243  -58.775  -9.744 0.3000000119
19255  37.223  -58.854  -11.263 0.3000000119
20241  37.313  -58.499  -11.887 0.3000000119
21174  38.885  -57.216  -12.948 0.3000000119
23076  41.665  -55.618  -12.380 0.3000000119
24985  43.973  -53.826  -12.931 0.3000000119
26866  44.874  -52.521  -13.070 0.3000000119
27825  45.434  -51.813  -13.257 0.3000000119
26845  47.759  -52.345  -11.937 0.3000000119
182566  37.693  -57.330  -11.496 0.3000000119
21153  38.593  -57.039  -12.236 0.3000000119
23077  40.967  -55.587  -12.300 0.3000000119
24986  43.294  -54.031  -13.018 0.3000000119
17225  38.657  -60.818  -12.392 0.3000000119
17189  39.914  -60.202  -10.691 0.3000000119
17206  39.769  -60.458  -11.803 0.3000000119
10127  35.693  -66.606  -12.675 0.3000000119
11025  38.814  -65.163  -14.533 0.4000000060
11026  38.447  -65.260  -14.524 0.3000000119
11027  36.692  -65.339  -14.673 0.3000000119
11028  36.015  -65.462  -14.256 0.3000000119
11043  38.939  -64.908  -15.104 0.4000000060
11044  38.987  -64.958  -14.557 0.4000000060
11078  38.410  -64.968  -15.833 0.3000000119
11896  39.513  -64.378  -14.309 0.3000000119
11897  39.263  -64.682  -14.185 0.4000000060
11925  38.836  -64.790  -15.634 0.4000000060
11938  38.836  -64.383  -15.763 0.4000000060
11954  38.649  -64.005  -16.303 0.4000000060
12711  39.894  -63.462  -12.696 0.3000000119
12712  39.247  -64.058  -13.220 0.3000000119
12726  39.399  -64.256  -13.800 0.3000000119
12742  39.416  -63.908  -14.784 0.4000000060
12743  39.062  -63.936  -15.123 0.4000000060
12773  38.870  -63.977  -15.840 0.4000000060
12789  38.090  -63.720  -17.028 0.3000000119
13529  39.930  -63.269  -13.199 0.3000000119
13577  38.968  -63.278  -15.464 0.4000000060
13591  38.930  -62.922  -15.912 0.4000000060
14377  40.317  -62.413  -13.219 0.3000000119
14422  39.014  -62.146  -17.198 0.4000000060
15224  40.769  -61.830  -13.137 0.3000000119
15234  39.897  -62.149  -13.666 0.3000000119
15249  38.978  -61.756  -15.326 0.3000000119
15264  39.117  -61.707  -16.012 0.4000000060
15275  39.162  -61.860  -16.648 0.4000000060
16221  39.313  -61.655  -13.896 0.3000000119
16240  38.748  -60.908  -15.201 0.4000000060
16311  40.466  -60.140  -17.190 0.5000000000
17190  39.338  -60.437  -11.139 0.3000000119
17208  38.135  -60.610  -11.658 0.3000000119
17245  39.043  -60.822  -12.931 0.3000000119
17246  38.343  -60.685  -12.960 0.3000000119
17261  38.175  -60.200  -14.231 0.4000000060
17297  39.179  -60.510  -15.817 0.4000000060
17310  40.105  -60.435  -16.565 0.5000000000
18202  37.772  -59.788  -9.870 0.3000000119
18235  37.656  -60.169  -11.885 0.3000000119
18258  37.633  -60.096  -12.496 0.3000000119
18259  37.375  -59.610  -12.247 0.3000000119
18278  37.517  -59.609  -12.959 0.3000000119
18298  42.434  -58.822  -15.062 0.5000000000
18299  42.217  -58.995  -14.793 0.5000000000
18300  41.947  -59.050  -15.106 0.4000000060
18313  40.440  -59.589  -15.902 0.4000000060
18328  41.709  -59.200  -16.135 0.5000000000
18329  41.221  -59.442  -16.253 0.5000000000
19285  43.029  -57.835  -14.539 0.5000000000
19286  42.793  -58.039  -14.324 0.5000000000
19287  42.521  -58.300  -14.189 0.5000000000
19289  39.139  -58.330  -14.598 0.4000000060
19291  37.962  -59.147  -13.937 0.3000000119
19307  42.159  -59.022  -14.586 0.4000000060
19308  41.443  -58.748  -15.126 0.4000000060
19309  40.574  -58.542  -15.249 0.4000000060
19310  39.697  -58.605  -15.061 0.4000000060
19311  38.981  -58.939  -14.908 0.4000000060
19320  42.673  -58.307  -15.316 0.4000000060
19333  43.223  -57.816  -16.109 0.4000000060
19334  42.681  -58.218  -15.935 0.4000000060
20215  37.179  -58.217  -10.799 0.3000000119
20226  37.470  -57.864  -11.714 0.3000000119
20227  37.262  -58.201  -11.366 0.3000000119
20240  37.688  -58.107  -12.341 0.3000000119
20252  43.381  -57.405  -13.576 0.4000000060
20253  42.958  -57.678  -13.515 0.4000000060
20257  37.881  -58.327  -13.056 0.3000000119
20267  43.952  -57.089  -14.120 0.4000000060
20268  43.353  -57.561  -14.102 0.5000000000
20269  43.184  -57.883  -13.887 0.5000000000
20270  42.463  -58.042  -13.907 0.4000000060
20271  40.818  -57.647  -14.352 0.4000000060
20272  40.097  -57.539  -14.386 0.4000000060
20273  39.460  -57.767  -14.191 0.4000000060
20274  38.810  -58.131  -13.986 0.4000000060
20285  43.992  -57.008  -14.763 0.4000000060
20286  43.466  -57.480  -14.537 0.4000000060
20297  44.175  -57.053  -15.594 0.4000000060
20298  43.499  -57.454  -15.112 0.4000000060
20317  44.313  -57.427  -17.536 0.4000000060
20318  43.498  -57.773  -16.952 0.4000000060
21165  44.959  -56.194  -13.415 0.4000000060
21166  44.527  -56.358  -13.291 0.5000000000
21169  42.953  -57.195  -13.244 0.4000000060
21170  41.962  -57.013  -13.339 0.4000000060
21171  41.138  -56.805  -13.413 0.4000000060
21172  40.328  -56.721  -13.394 0.3000000119
21173  39.589  -56.892  -13.195 0.3000000119
21203  44.964  -56.139  -14.033 0.4000000060
21215  44.598  -56.499  -15.154 0.4000000060
21225  45.174  -56.673  -15.952 0.4000000060
21233  45.340  -56.561  -16.835 0.3000000119
21244  45.074  -56.310  -17.591 0.3000000119
21249  44.291  -56.620  -18.614 0.3000000119
22122  44.188  -55.919  -12.932 0.4000000060
22124  42.847  -56.235  -12.825 0.4000000060
22125  42.028  -56.101  -12.644 0.4000000060
22126  41.308  -56.049  -12.511 0.3000000119
22127  40.603  -56.039  -12.409 0.3000000119
22138  44.748  -55.930  -13.153 0.5000000000
22139  44.224  -56.256  -13.101 0.4000000060
22140  43.772  -56.532  -13.089 0.4000000060
22141  43.218  -56.714  -13.107 0.4000000060
22157  45.337  -55.721  -13.605 0.4000000060
22169  45.284  -55.559  -14.349 0.4000000060
22180  45.182  -55.962  -15.567 0.4000000060
22188  45.772  -55.566  -16.030 0.4000000060
22189  45.726  -56.092  -16.445 0.4000000060
22198  45.384  -55.937  -17.107 0.5000000000
22199  44.976  -55.657  -17.688 0.3000000119
22219  43.972  -56.395  -19.082 0.4000000060
23073  44.030  -55.531  -12.824 0.4000000060
23074  43.416  -55.798  -12.815 0.4000000060
23092  44.952  -55.187  -13.058 0.4000000060
23102  46.210  -55.010  -14.401 0.4000000060
23103  45.711  -55.178  -13.903 0.4000000060
23114  45.981  -54.867  -15.031 0.4000000060
23115  45.562  -55.049  -14.734 0.4000000060
23126  45.692  -55.131  -16.136 0.5000000000
23140  44.786  -55.204  -17.106 0.6000000238
23141  43.609  -55.063  -16.798 0.5000000000
23155  45.227  -55.505  -17.105 0.5000000000
23170  44.374  -55.758  -18.038 0.4000000060
24016  47.153  -55.185  -12.152 0.4000000060
24017  45.698  -54.505  -12.708 0.4000000060
24018  45.070  -54.698  -12.820 0.4000000060
24021  42.626  -55.175  -12.554 0.3000000119
24033  47.216  -55.487  -12.953 0.4000000060
24041  47.460  -55.048  -13.611 0.4000000060
24050  47.347  -54.875  -14.694 0.4000000060
24064  46.017  -54.611  -15.483 0.4000000060
24066  45.348  -54.679  -15.794 0.5000000000
24067  44.843  -54.511  -15.895 0.6000000238
24068  44.188  -54.359  -15.493 0.5000000000
24086  45.360  -54.898  -16.466 0.5000000000
24972  43.748  -54.619  -12.817 0.3000000119
24973  42.941  -54.647  -12.863 0.3000000119
24991  47.724  -54.277  -14.377 0.4000000060
24995  47.284  -54.435  -15.411 0.5000000000
24996  45.966  -53.858  -15.343 0.5000000000
25011  45.474  -54.502  -15.258 0.5000000000
25012  44.968  -54.224  -15.354 0.6000000238
25013  44.553  -53.846  -15.344 0.5000000000
25888  48.055  -52.524  -12.090 0.3000000119
25898  47.866  -52.982  -11.911 0.3000000119
25899  47.180  -53.413  -11.658 0.3000000119
25901  45.565  -53.544  -12.125 0.4000000060
25909  48.280  -52.869  -13.176 0.4000000060
25910  48.264  -53.509  -12.665 0.3000000119
25922  48.212  -53.636  -13.645 0.4000000060
25928  47.459  -53.704  -15.214 0.5000000000
25949  44.920  -53.391  -15.293 0.6000000238
25950  44.328  -52.998  -15.417 0.5000000000
25951  43.805  -52.896  -15.499 0.5000000000
25952  43.256  -52.951  -15.489 0.5000000000
26844  48.078  -52.091  -12.294 0.3000000119
26846  47.143  -52.445  -11.718 0.3000000119
26862  48.381  -52.298  -12.767 0.3000000119
26863  46.798  -51.786  -12.162 0.3000000119
26864  46.277  -52.315  -12.024 0.3000000119
26891  48.089  -52.242  -14.494 0.5000000000
26893  46.963  -52.967  -15.298 0.5000000000
26894  46.262  -53.083  -15.218 0.5000000000
26907  46.308  -52.453  -15.088 0.4000000060
26908  45.774  -52.771  -15.089 0.6000000238
26921  43.405  -51.877  -16.136 0.5000000000
27805  47.499  -51.810  -11.995 0.3000000119
27821  48.430  -51.651  -12.816 0.3000000119
27824  46.155  -51.751  -12.810 0.3000000119
27844  45.786  -51.170  -13.439 0.3000000119
27865  47.713  -51.865  -15.111 0.5000000000
27879  47.236  -51.415  -15.244 0.5000000000
27882  44.852  -52.111  -15.685 0.5000000000
27896  44.597  -51.506  -16.031 0.4000000060
27898  43.416  -51.460  -16.380 0.4000000060
28858  49.056  -50.291  -12.870 0.3000000119
28873  48.407  -50.918  -12.627 0.3000000119
28893  48.845  -50.949  -13.869 0.4000000060
28894  46.587  -50.290  -13.325 0.4000000060
28895  46.020  -50.486  -13.628 0.3000000119
28921  48.634  -50.693  -14.531 0.3000000119
28933  48.223  -50.721  -15.049 0.4000000060
28935  46.745  -50.897  -15.385 0.4000000060
28946  45.649  -50.884  -15.801 0.5000000000
28948  44.210  -51.161  -16.364 0.4000000060
28962  43.953  -50.824  -16.696 0.4000000060
28963  43.444  -50.719  -16.946 0.4000000060
28964  43.086  -50.863  -16.866 0.4000000060
30073  48.990  -49.847  -13.245 0.3000000119
30074  48.993  -50.059  -12.649 0.3000000119
30075  47.961  -49.939  -12.709 0.4000000060
30076  47.168  -50.055  -12.957 0.4000000060
30087  47.417  -49.526  -13.288 0.4000000060
30088  46.806  -49.755  -13.624 0.4000000060
30092  40.455  -50.329  -14.278 0.3000000119
30106  45.786  -49.491  -14.512 0.3000000119
30125  48.729  -49.585  -15.304 0.3000000119
30126  48.204  -50.092  -15.247 0.4000000060
30127  47.704  -49.852  -15.390 0.5000000000
30138  48.336  -49.153  -15.372 0.4000000060
30140  47.258  -49.498  -15.669 0.4000000060
30141  46.709  -49.795  -15.853 0.4000000060
30143  45.033  -50.422  -16.485 0.4000000060
30144  44.381  -50.583  -16.709 0.4000000060
30152  43.868  -50.479  -17.031 0.4000000060
30154  42.985  -50.549  -17.211 0.4000000060
30155  42.365  -50.575  -17.208 0.4000000060
30166  40.982  -50.181  -17.307 0.4000000060
30167  40.335  -49.870  -17.732 0.5000000000
31353  48.836  -49.390  -12.822 0.4000000060
31354  48.158  -49.378  -13.008 0.4000000060
31360  48.790  -49.133  -14.790 0.4000000060
31362  48.304  -48.924  -13.482 0.3000000119
31365  46.376  -49.480  -14.154 0.4000000060
31373  48.728  -49.179  -15.075 0.3000000119
31393  48.543  -49.011  -15.287 0.3000000119
31398  41.278  -48.852  -15.623 0.3000000119
31408  47.935  -48.824  -15.794 0.5000000000
31409  47.935  -48.694  -15.770 0.5000000000
31412  46.193  -49.249  -16.495 0.5000000000
31420  48.140  -48.070  -16.166 0.5000000000
31422  47.164  -48.445  -16.505 0.5000000000
31423  46.536  -48.653  -16.650 0.4000000060
31425  44.554  -49.571  -17.224 0.4000000060
31426  43.857  -49.918  -17.323 0.4000000060
31435  42.978  -49.552  -17.786 0.5000000000
31436  41.681  -49.744  -17.906 0.6000000238
31437  40.972  -49.791  -17.825 0.5000000000
31452  39.753  -49.078  -20.909 0.5000000000
31453  38.936  -49.741  -20.921 0.5000000000
31458  38.877  -49.276  -21.240 0.5000000000
32541  48.541  -48.470  -14.796 0.3000000119
32542  48.234  -48.489  -14.555 0.3000000119
32544  47.757  -48.729  -14.101 0.4000000060
32545  47.277  -48.857  -14.133 0.4000000060
32552  48.860  -48.024  -15.181 0.3000000119
32554  46.772  -48.605  -14.552 0.4000000060
32566  48.761  -47.995  -15.529 0.4000000060
32574  39.284  -47.912  -15.365 0.3000000119
32584  48.704  -47.933  -15.829 0.3000000119
32596  48.907  -47.201  -16.242 0.4000000060
32597  48.274  -47.424  -16.582 0.5000000000
32598  47.972  -47.482  -16.662 0.5000000000
32601  46.339  -48.193  -17.058 0.4000000060
32602  45.640  -48.435  -17.256 0.4000000060
32610  45.024  -48.031  -17.387 0.4000000060
32611  44.379  -48.363  -17.658 0.5000000000
32612  43.743  -48.629  -17.879 0.5000000000
32634  35.961  -48.242  -20.786 0.4000000060
32640  40.120  -48.056  -21.405 0.6999999881
32641  39.573  -48.313  -21.515 0.6000000238
32642  39.073  -48.577  -21.526 0.5000000000
32643  38.524  -48.767  -21.342 0.5000000000
32647  33.847  -48.737  -21.112 0.5000000000
33583  48.507  -47.810  -14.943 0.3000000119
33585  48.023  -47.869  -14.768 0.3000000119
33595  49.105  -46.801  -15.899 0.4000000060
33597  48.108  -47.416  -14.995 0.3000000119
33599  47.491  -48.034  -14.700 0.5000000000
33600  46.878  -48.188  -14.813 0.4000000060
33618  40.440  -47.972  -15.895 0.3000000119
33628  49.531  -46.670  -16.141 0.4000000060
33629  49.090  -46.916  -16.242 0.4000000060
33633  42.152  -47.819  -16.366 0.3000000119
33634  40.966  -47.714  -16.228 0.3000000119
33636  39.884  -46.936  -16.053 0.3000000119
33645  49.831  -46.881  -16.422 0.4000000060
33647  48.394  -46.771  -16.995 0.5000000000
33649  47.413  -47.192  -17.190 0.6999999881
33650  46.812  -47.426  -17.242 0.4000000060
33657  49.446  -46.647  -17.404 0.5000000000
33658  48.443  -46.054  -17.231 0.5000000000
33661  45.268  -47.389  -17.788 0.6000000238
33672  42.293  -47.668  -18.967 0.6999999881
33687  41.167  -47.479  -20.824 0.6999999881
33688  40.653  -47.708  -21.113 0.6999999881
33694  34.855  -47.660  -20.304 0.4000000060
33703  40.448  -47.389  -21.311 0.6000000238
33704  39.850  -47.728  -21.448 0.6000000238
34661  48.128  -47.088  -15.053 0.3000000119
34675  49.092  -46.689  -15.877 0.3000000119
34677  48.170  -46.837  -15.293 0.3000000119
34678  47.968  -46.565  -15.309 0.4000000060
34679  47.868  -46.530  -15.346 0.4000000060
34690  50.047  -46.646  -15.813 0.3000000119
34691  47.060  -46.297  -15.735 0.4000000060
34693  46.198  -46.841  -15.984 0.3000000119
34696  39.438  -46.793  -15.754 0.3000000119
34697  38.926  -46.559  -15.484 0.3000000119
34706  50.425  -46.843  -16.047 0.4000000060
34709  43.638  -46.997  -16.688 0.3000000119
34710  42.927  -47.449  -16.580 0.3000000119
34720  50.293  -46.954  -16.813 0.4000000060
34721  49.898  -46.772  -17.354 0.4000000060
34722  47.836  -46.454  -17.252 0.5000000000
34730  48.004  -46.152  -17.348 0.6999999881
34731  46.928  -46.235  -17.683 0.6999999881
34732  46.210  -46.486  -17.829 0.6999999881
34733  45.511  -46.687  -17.988 0.6999999881
34739  45.061  -46.195  -18.358 0.6999999881
34740  44.356  -46.404  -18.609 0.6999999881
34741  43.666  -46.565  -18.801 0.6000000238
34742  43.043  -46.726  -19.006 0.6000000238
34744  36.237  -46.676  -19.160 0.6000000238
34745  35.513  -46.760  -18.965 0.6000000238
34746  34.871  -46.708  -18.956 0.6000000238
34752  38.549  -46.581  -20.052 0.6999999881
34753  37.873  -46.826  -19.828 0.6999999881
34754  37.186  -46.966  -19.739 0.6000000238
34775  41.795  -46.183  -21.162 0.6999999881
34776  41.333  -46.431  -21.429 0.6000000238
35707  49.776  -46.258  -15.849 0.3000000119
35708  49.255  -46.004  -15.966 0.3000000119
35709  48.438  -46.084  -15.617 0.3000000119
35710  48.212  -45.875  -15.448 0.4000000060
35720  50.485  -46.211  -15.780 0.3000000119
35722  47.999  -45.582  -15.574 0.5000000000
35723  47.869  -45.871  -15.496 0.4000000060
35725  46.344  -45.985  -16.120 0.3000000119
35726  39.483  -45.733  -16.007 0.3000000119
35727  39.019  -45.621  -15.699 0.3000000119
35728  38.529  -45.595  -15.454 0.3000000119
35734  50.612  -46.373  -16.578 0.4000000060
35735  46.056  -45.408  -16.250 0.3000000119
35739  41.271  -45.892  -16.778 0.3000000119
35740  40.698  -46.023  -16.490 0.3000000119
35741  40.013  -45.869  -16.296 0.3000000119
35748  50.526  -46.496  -17.411 0.4000000060
35755  50.398  -45.816  -17.834 0.4000000060
35756  49.525  -45.757  -17.984 0.4000000060
35757  48.837  -45.808  -17.323 0.6999999881
35761  45.768  -45.985  -18.131 0.6999999881
35771  46.041  -45.363  -18.343 0.6999999881
35777  36.871  -46.236  -18.858 0.6999999881
35795  33.020  -46.230  -19.561 0.5000000000
35803  43.279  -45.369  -20.174 0.6999999881
35804  42.842  -45.531  -20.579 0.6999999881
35805  42.213  -45.878  -20.729 0.6999999881
35806  40.373  -45.919  -20.864 0.6000000238
35815  41.514  -45.937  -21.226 0.6999999881
36644  49.298  -45.884  -15.806 0.4000000060
36654  50.482  -45.309  -15.569 0.3000000119
36655  50.125  -45.229  -15.728 0.3000000119
36657  48.110  -45.162  -15.831 0.5000000000
36659  47.268  -44.993  -16.049 0.6000000238
36662  38.795  -44.999  -15.535 0.3000000119
36668  50.714  -45.651  -16.180 0.4000000060
36670  46.396  -44.888  -16.175 0.4000000060
36671  45.795  -44.799  -16.277 0.4000000060
36687  42.353  -45.421  -16.967 0.3000000119
36688  41.668  -45.403  -16.773 0.3000000119
36697  50.655  -45.014  -17.670 0.4000000060
36698  49.951  -45.010  -18.012 0.6000000238
36700  48.899  -45.061  -17.681 0.6000000238
36703  46.749  -45.221  -18.187 0.6999999881
36707  35.529  -45.375  -17.760 0.6000000238
36708  34.773  -45.313  -17.843 0.6000000238
36709  34.050  -45.239  -17.958 0.5000000000
36715  46.921  -44.623  -18.381 0.6000000238
36720  38.692  -45.228  -18.688 0.6999999881
36729  45.219  -44.583  -19.292 0.6999999881
36730  44.458  -44.821  -19.538 0.6000000238
36731  43.745  -45.053  -19.845 0.6999999881
36732  39.617  -45.377  -19.508 0.6000000238
36742  41.960  -44.885  -20.891 0.6000000238
36743  41.415  -45.180  -20.875 0.6000000238
36748  42.463  -45.001  -20.912 0.6999999881
36749  41.830  -45.424  -20.974 0.6999999881
37540  48.493  -45.289  -16.116 0.4000000060
37541  38.216  -44.451  -14.983 0.3000000119
37548  50.431  -44.619  -15.686 0.4000000060
37549  49.850  -45.001  -16.239 0.4000000060
37550  49.037  -45.247  -16.499 0.4000000060
37551  48.446  -44.942  -16.363 0.5000000000
37554  43.415  -43.352  -15.653 0.4000000060
37566  50.558  -44.354  -16.251 0.4000000060
37568  47.724  -44.212  -16.609 0.5000000000
37569  46.941  -44.314  -16.300 0.6000000238
37570  46.336  -44.319  -16.232 0.4000000060
37574  42.538  -44.192  -16.110 0.4000000060
37575  41.727  -44.217  -16.073 0.3000000119
37576  40.895  -44.610  -16.236 0.3000000119
37577  40.160  -44.717  -16.089 0.3000000119
37584  50.646  -44.101  -17.068 0.4000000060
37585  37.049  -44.322  -17.209 0.6999999881
37586  36.354  -44.362  -17.141 0.6999999881
37596  50.523  -43.988  -17.711 0.6000000238
37598  49.378  -44.555  -17.942 0.6000000238
37599  48.467  -44.708  -17.735 0.6000000238
37600  47.974  -44.518  -17.888 0.6000000238
37601  47.484  -44.530  -18.156 0.6000000238
37602  39.411  -44.389  -18.194 0.6000000238
37610  47.806  -44.072  -18.022 0.6000000238
37614  45.926  -44.340  -19.073 0.6999999881
37623  46.650  -43.691  -18.951 0.6000000238
37624  46.244  -43.652  -19.379 0.6000000238
37627  41.941  -43.836  -20.061 0.5000000000
37635  45.145  -43.598  -20.151 0.6999999881
37636  44.463  -43.956  -20.258 0.6999999881
38461  41.468  -43.169  -15.053 0.3000000119
38463  39.817  -43.296  -14.955 0.3000000119
38464  39.018  -43.592  -15.014 0.3000000119
38470  50.266  -44.111  -16.221 0.4000000060
38471  49.668  -44.741  -16.706 0.4000000060
38472  48.941  -44.671  -16.753 0.5000000000
38474  42.196  -43.249  -15.067 0.4000000060
38475  40.931  -43.634  -15.479 0.3000000119
38476  40.177  -43.722  -15.483 0.3000000119
38479  50.554  -43.965  -16.770 0.4000000060
38481  49.700  -44.548  -16.843 0.4000000060
38482  48.739  -44.531  -16.894 0.5000000000
38483  47.968  -44.060  -16.900 0.5000000000
38485  45.450  -43.413  -16.584 0.6000000238
38486  44.764  -43.556  -16.321 0.4000000060
38489  36.618  -43.430  -16.568 0.6999999881
38492  34.656  -43.262  -16.761 0.6000000238
38495  50.452  -43.618  -17.239 0.4000000060
38496  50.046  -43.766  -17.421 0.4000000060
38497  49.208  -44.404  -17.344 0.5000000000
38499  47.881  -43.895  -17.572 0.5000000000
38502  38.899  -43.694  -17.468 0.6000000238
38505  35.291  -43.928  -16.848 0.8000000119
38508  33.246  -43.391  -17.211 0.4000000060
38514  50.211  -43.658  -17.577 0.6000000238
38515  49.726  -43.984  -17.643 0.6000000238
38516  48.961  -44.672  -17.410 0.5000000000
38518  47.634  -43.774  -18.031 0.6000000238
38524  47.333  -43.598  -18.405 0.6000000238
38525  46.934  -43.510  -18.756 0.6000000238
38526  40.890  -43.518  -18.976 0.5000000000
38531  46.605  -43.227  -19.279 0.6000000238
39362  42.433  -42.985  -15.082 0.4000000060
39365  43.696  -43.026  -15.810 0.4000000060
39372  34.310  -42.861  -16.890 0.6000000238
39377  47.078  -43.159  -18.075 0.5000000000
39379  45.641  -42.957  -17.306 0.6000000238
39381  39.922  -42.577  -17.512 0.6000000238
39392  46.751  -42.866  -18.633 0.6000000238
39394  45.745  -42.453  -18.247 0.6000000238
39396  40.948  -42.533  -18.340 0.6000000238
39403  46.728  -42.917  -18.965 0.6000000238
39404  46.506  -42.338  -19.292 0.6000000238
39412  46.501  -42.637  -19.502 0.6000000238
39413  42.968  -42.697  -20.311 0.6000000238
39422  46.078  -42.425  -20.144 0.6000000238
39423  45.647  -42.080  -20.641 0.6000000238
39424  44.837  -42.445  -20.829 0.6999999881
39425  44.060  -42.714  -20.970 0.6999999881
40277  42.063  -42.023  -15.275 0.4000000060
40292  44.500  -42.410  -17.516 0.5000000000
40294  42.949  -41.349  -17.298 0.4000000060
40309  40.405  -41.974  -17.680 0.5000000000
40315  41.441  -42.097  -18.588 0.6000000238
40318  46.216  -41.955  -19.848 0.6000000238
41309  40.974  -41.728  -14.234 0.3000000119
41318  36.814  -40.926  -15.680 0.5000000000
41325  36.980  -41.804  -15.942 0.6000000238
41332  40.703  -40.736  -17.641 0.5000000000
41346  43.975  -41.276  -18.176 0.5000000000
41352  45.217  -40.640  -19.579 0.6000000238
41354  42.452  -40.933  -19.072 0.4000000060
41361  45.311  -40.647  -20.148 0.6000000238
41370  45.718  -41.007  -20.359 0.6000000238
42429  38.891  -40.344  -16.274 0.6000000238
42438  40.790  -40.129  -17.536 0.5000000000
42440  39.948  -40.614  -16.842 0.4000000060
42449  44.187  -40.226  -18.836 0.5000000000
42460  42.334  -39.763  -18.836 0.3000000119
42466  44.169  -39.580  -19.460 0.6000000238
43625  43.972  -38.936  -18.913 0.4000000060
43627  41.701  -39.272  -18.246 0.5000000000
43636  43.638  -38.482  -19.191 0.4000000060
160211  47.479  -45.835  -17.664 0.6999999881
160777  49.044  -45.784  -17.605 0.6999999881
161468  40.066  -45.179  -19.622 0.6000000238
162563  48.602  -50.285  -12.527 0.4000000060
162666  45.258  -53.795  -15.232 0.6000000238
162707  34.522  -46.868  -19.395 0.5000000000
162820  48.843  -51.053  -13.087 0.4000000060
163190  47.877  -47.282  -15.154 0.4000000060
163615  37.919  -44.882  -14.861 0.3000000119
163820  37.615  -59.827  -10.437 0.3000000119
163988  47.650  -53.904  -12.085 0.4000000060
164525  42.374  -49.651  -17.840 0.5000000000
164584  42.951  -58.162  -16.541 0.4000000060
164907  40.365  -49.485  -14.850 0.3000000119
164986  38.053  -59.761  -9.226 0.3000000119
165673  41.786  -46.820  -16.991 0.3000000119
165735  37.231  -59.102  -11.923 0.3000000119
167024  48.938  -49.574  -14.745 0.3000000119
167787  45.346  -52.269  -15.419 0.6000000238
168553  39.298  -44.557  -15.685 0.3000000119
168645  43.143  -44.495  -20.927 0.6000000238
169544  50.754  -45.169  -16.635 0.4000000060
169609  48.590  -48.829  -14.124 0.3000000119
169648  41.460  -57.835  -14.250 0.4000000060
169980  37.560  -41.878  -16.155 0.6999999881
170284  39.269  -61.819  -17.431 0.3000000119
170893  46.201  -49.781  -16.189 0.5000000000
171133  43.625  -40.954  -20.064 0.6000000238
171220  45.829  -52.013  -15.300 0.6000000238
172300  44.197  -56.680  -13.355 0.5000000000
173241  45.036  -55.086  -12.983 0.4000000060
173242  43.341  -37.636  -18.688 0.6000000238
174538  43.822  -51.723  -16.093 0.4000000060
174643  42.327  -58.920  -14.420 0.5000000000
174797  42.527  -47.661  -16.478 0.3000000119
174954  46.866  -46.150  -15.789 0.4000000060
175448  46.408  -53.567  -11.817 0.3000000119
176170  44.866  -40.490  -19.179 0.5000000000
176297  39.622  -61.123  -16.929 0.4000000060
176782  36.780  -64.670  -20.716 0.3000000119
176910  45.565  -54.993  -13.266 0.4000000060
177423  38.165  -60.467  -13.576 0.4000000060
177987  44.620  -55.037  -12.898 0.4000000060
178865  46.723  -54.717  -12.424 0.4000000060
179070  40.100  -60.264  -11.312 0.3000000119
179164  42.941  -55.643  -12.715 0.4000000060
179352  35.651  -65.826  -13.446 0.3000000119
179419  46.720  -43.864  -16.529 0.6000000238
179878  47.249  -44.137  -16.444 0.6000000238
179998  38.828  -46.025  -15.528 0.3000000119
182069  44.119  -51.562  -16.139 0.4000000060
182305  42.017  -55.217  -12.371 0.3000000119
182505  49.038  -46.156  -17.236 0.5000000000
183403  43.491  -44.715  -16.483 0.3000000119
183852  48.078  -46.388  -14.966 0.3000000119
184052  39.583  -63.055  -14.443 0.4000000060
184226  40.543  -45.122  -19.996 0.5000000000
184321  47.011  -43.225  -18.757 0.6000000238
184373  44.120  -53.511  -15.297 0.5000000000
184374  41.596  -50.477  -17.208 0.4000000060
184488  39.293  -63.323  -14.914 0.4000000060
185323  42.637  -39.745  -17.541 0.5000000000
186149  42.271  -46.646  -17.110 0.3000000119
186164  50.654  -44.900  -15.903 0.3000000119
186479  48.589  -45.597  -17.357 0.6000000238
186589  45.059  -53.275  -12.624 0.4000000060
186638  47.416  -55.172  -12.681 0.4000000060
186982  38.351  -60.900  -12.011 0.3000000119
187428  43.800  -38.322  -19.023 0.4000000060
187473  47.866  -53.512  -14.481 0.4000000060
188059  39.673  -44.807  -15.906 0.3000000119
188335  49.042  -44.999  -16.903 0.4000000060
188443  48.948  -46.957  -15.958 0.3000000119
188878  45.054  -55.606  -13.260 0.4000000060
189494  44.308  -40.663  -20.357 0.6000000238
189517  42.753  -57.996  -13.839 0.4000000060
189654  43.161  -44.204  -16.159 0.4000000060
190052  45.265  -51.228  -13.671 0.3000000119
190142  44.288  -43.035  -20.966 0.6999999881
190383  40.736  -46.558  -16.517 0.3000000119
190519  39.828  -62.831  -13.768 0.3000000119
190796  47.698  -43.849  -17.117 0.5000000000
190881  41.084  -50.400  -17.150 0.4000000060
191728  47.876  -45.507  -15.628 0.5000000000
191816  49.372  -46.430  -17.706 0.5000000000
191891  38.005  -48.839  -21.208 0.5000000000
192445  38.615  -60.274  -10.028 0.3000000119
192606  42.529  -42.791  -15.196 0.4000000060
192804  40.896  -49.565  -14.980 0.3000000119
