#!ascii label  , from subject sub-v2s11x28682_ses-2 vox2ras=TkReg
1580
81434  8.901  -21.714  60.196 0.0000000000
229708  3.600  -27.896  45.480 0.0000000000
70780  1.108  -29.281  60.159 0.0000000000
81473  2.771  -21.397  56.972 0.0000000000
88973  0.982  -17.466  47.763 0.0000000000
76948  5.314  -25.317  62.908 0.0000000000
80340  2.225  -22.664  61.926 0.0000000000
82616  12.586  -21.432  59.961 0.0000000000
75771  9.150  -25.958  61.035 0.0000000000
69500  4.406  -29.816  60.295 0.0000000000
90018  1.451  -16.215  57.091 0.0000000000
83860  2.542  -20.133  51.339 0.0000000000
92179  3.852  -14.820  53.290 0.0000000000
67147  -0.329  -31.336  55.893 0.0000000000
73476  1.656  -27.865  53.243 0.0000000000
76974  1.393  -25.269  58.697 0.0000000000
86276  0.749  -19.163  60.147 0.0000000000
78231  4.479  -24.734  50.361 0.0000000000
221211  5.279  -21.860  45.883 0.0000000000
85328  3.014  -19.002  41.085 0.0000000000
242052  1.524  -13.558  43.992 0.0000000000
79210  7.191  -23.614  61.956 0.0000000000
80348  5.342  -23.241  60.054 0.0000000000
82608  10.927  -20.909  61.237 0.0000000000
79226  11.094  -23.850  60.471 0.0000000000
80327  9.464  -23.282  61.957 0.0000000000
232978  7.484  -25.472  62.896 0.0000000000
92167  2.761  -14.880  55.100 0.0000000000
68285  0.721  -30.233  58.236 0.0000000000
72157  0.506  -28.474  56.712 0.0000000000
74550  0.124  -26.814  59.500 0.0000000000
85048  3.349  -19.901  60.465 0.0000000000
82603  1.468  -21.014  61.124 0.0000000000
68252  2.359  -30.639  61.336 0.0000000000
65994  3.151  -32.253  59.387 0.0000000000
67117  1.366  -31.732  59.179 0.0000000000
232976  1.272  -33.004  57.337 0.0000000000
77012  3.679  -25.152  55.606 0.0000000000
75892  2.912  -26.184  52.012 0.0000000000
79284  4.979  -23.384  53.732 0.0000000000
206859  1.969  -18.878  49.539 0.0000000000
82743  3.730  -20.891  49.205 0.0000000000
83914  2.778  -20.287  46.040 0.0000000000
83946  5.225  -20.660  43.123 0.0000000000
86515  1.743  -18.894  44.452 0.0000000000
73370  2.755  -27.699  62.299 0.0000000000
218674  2.048  -25.601  60.777 0.0000000000
79213  3.343  -23.982  61.650 0.0000000000
81449  3.675  -22.105  60.108 0.0000000000
81451  13.548  -21.745  58.198 0.0000000000
80371  12.682  -22.708  56.324 0.0000000000
79232  12.207  -23.105  58.268 0.0000000000
76982  10.382  -25.250  58.008 0.0000000000
72127  6.684  -28.176  60.710 0.0000000000
210680  4.767  -28.392  61.965 0.0000000000
201533  0.378  -19.205  56.350 0.0000000000
82665  2.328  -20.894  54.253 0.0000000000
87655  1.040  -18.052  54.264 0.0000000000
88926  2.845  -17.521  52.404 0.0000000000
90069  3.992  -16.678  50.986 0.0000000000
83794  10.199  -20.360  59.041 0.0000000000
85083  16.285  -19.222  56.282 0.0000000000
86287  16.585  -18.568  58.524 0.0000000000
83775  13.945  -19.953  60.495 0.0000000000
85047  12.315  -20.111  60.350 0.0000000000
201420  0.841  -33.296  53.813 0.0000000000
66088  1.727  -31.559  53.555 0.0000000000
223535  0.154  -29.547  54.445 0.0000000000
75824  1.478  -26.482  56.414 0.0000000000
79238  2.701  -23.745  58.454 0.0000000000
79229  0.360  -23.855  60.473 0.0000000000
81450  0.397  -22.358  59.175 0.0000000000
201631  0.195  -21.154  57.354 0.0000000000
87588  1.291  -18.169  58.826 0.0000000000
68342  3.025  -30.125  51.321 0.0000000000
73530  4.310  -27.903  49.687 0.0000000000
75938  5.146  -26.474  48.022 0.0000000000
81508  4.779  -21.893  51.442 0.0000000000
79385  5.810  -23.599  48.573 0.0000000000
77128  5.150  -24.923  45.425 0.0000000000
79484  4.380  -23.333  43.028 0.0000000000
80598  3.299  -22.364  40.627 0.0000000000
213801  5.581  -13.678  51.356 0.0000000000
235063  4.586  -15.180  48.495 0.0000000000
94697  5.830  -13.866  46.587 0.0000000000
92259  0.952  -15.380  45.938 0.0000000000
89036  0.136  -16.883  41.927 0.0000000000
80345  8.150  -22.519  61.126 0.0000000000
81437  7.093  -22.250  60.265 0.0000000000
81443  8.217  -21.792  59.168 0.0000000000
82600  9.725  -21.449  61.243 0.0000000000
81424  10.143  -21.953  61.465 0.0000000000
81425  8.794  -22.359  61.289 0.0000000000
80329  8.163  -23.008  61.924 0.0000000000
72340  2.690  -28.466  44.606 0.0000000000
75949  3.079  -26.583  44.558 0.0000000000
69515  0.643  -29.768  59.226 0.0000000000
72138  0.012  -28.598  59.068 0.0000000000
72130  0.259  -28.477  59.916 0.0000000000
81479  13.383  -21.186  55.423 0.0000000000
69503  1.879  -30.333  60.794 0.0000000000
67106  1.983  -31.177  59.878 0.0000000000
69514  1.109  -30.281  59.553 0.0000000000
235262  1.094  -31.265  59.060 0.0000000000
79255  3.983  -23.433  56.506 0.0000000000
78168  4.287  -24.618  54.409 0.0000000000
80383  3.783  -22.079  55.626 0.0000000000
87749  1.272  -18.047  48.553 0.0000000000
83897  1.406  -20.363  47.386 0.0000000000
85223  1.184  -19.467  46.488 0.0000000000
83928  2.006  -19.751  45.268 0.0000000000
86504  1.153  -18.280  45.582 0.0000000000
75765  3.894  -26.466  62.875 0.0000000000
76951  3.106  -25.315  62.504 0.0000000000
76955  3.951  -25.299  61.922 0.0000000000
80349  4.486  -23.222  59.915 0.0000000000
83789  3.995  -20.432  59.351 0.0000000000
81441  13.073  -22.067  59.334 0.0000000000
80361  13.067  -22.578  58.224 0.0000000000
232577  12.477  -22.705  59.159 0.0000000000
76963  10.432  -24.465  60.518 0.0000000000
78110  11.110  -24.448  59.331 0.0000000000
75778  9.863  -25.499  59.064 0.0000000000
73378  8.000  -27.275  60.712 0.0000000000
76941  6.252  -25.880  63.286 0.0000000000
74532  6.046  -26.833  62.755 0.0000000000
73361  4.946  -26.827  62.625 0.0000000000
72111  3.652  -28.129  62.567 0.0000000000
87611  1.094  -17.961  56.617 0.0000000000
86335  0.670  -18.649  54.946 0.0000000000
88865  1.372  -17.070  56.002 0.0000000000
92174  3.560  -14.830  53.985 0.0000000000
90055  2.614  -16.071  53.743 0.0000000000
90059  3.557  -15.769  52.871 0.0000000000
90064  3.410  -16.895  52.036 0.0000000000
91129  4.421  -15.397  51.934 0.0000000000
83784  14.398  -20.250  59.027 0.0000000000
66056  -0.254  -32.275  54.918 0.0000000000
67161  -0.222  -31.544  53.868 0.0000000000
68304  -0.412  -30.619  54.836 0.0000000000
75797  1.015  -26.476  57.937 0.0000000000
74594  0.709  -26.823  56.514 0.0000000000
75795  1.883  -26.103  57.639 0.0000000000
78131  2.977  -25.312  57.720 0.0000000000
78121  1.976  -24.792  58.463 0.0000000000
214115  1.671  -24.252  62.638 0.0000000000
78106  0.822  -24.689  61.033 0.0000000000
79223  0.547  -23.443  61.563 0.0000000000
85043  1.234  -20.021  60.501 0.0000000000
232641  0.397  -21.635  60.605 0.0000000000
201574  0.021  -20.829  59.817 0.0000000000
81460  0.337  -21.885  58.675 0.0000000000
83798  -0.041  -20.299  58.508 0.0000000000
85074  0.199  -19.622  58.210 0.0000000000
86296  0.911  -18.587  59.147 0.0000000000
79264  11.547  -23.196  55.888 0.0000000000
79263  11.869  -22.772  55.446 0.0000000000
69511  4.729  -29.531  59.500 0.0000000000
69524  4.459  -29.517  57.890 0.0000000000
69520  4.423  -30.129  59.095 0.0000000000
66002  2.715  -32.616  58.906 0.0000000000
207472  3.432  -32.552  58.537 0.0000000000
66035  0.925  -32.233  56.556 0.0000000000
66046  0.897  -32.674  55.875 0.0000000000
68337  1.432  -30.414  52.776 0.0000000000
67182  2.514  -31.489  52.426 0.0000000000
70887  2.159  -29.054  51.883 0.0000000000
75904  3.522  -25.939  50.889 0.0000000000
212791  3.366  -27.237  50.469 0.0000000000
213846  4.055  -26.641  49.681 0.0000000000
73529  4.777  -27.398  48.991 0.0000000000
77109  5.077  -25.772  48.901 0.0000000000
82689  2.919  -20.341  52.962 0.0000000000
82673  3.595  -20.975  52.502 0.0000000000
82703  3.025  -20.530  51.303 0.0000000000
81569  4.912  -21.668  47.505 0.0000000000
81544  5.313  -21.966  48.797 0.0000000000
80511  6.140  -22.619  46.926 0.0000000000
78279  6.195  -24.701  46.934 0.0000000000
79445  6.125  -23.489  45.885 0.0000000000
78293  4.522  -24.575  44.289 0.0000000000
80552  5.252  -22.586  44.095 0.0000000000
85309  4.729  -19.703  41.853 0.0000000000
82835  5.088  -21.322  41.636 0.0000000000
82851  4.418  -20.404  40.509 0.0000000000
95879  6.536  -13.053  50.715 0.0000000000
93325  5.442  -14.398  50.038 0.0000000000
93354  6.020  -14.278  48.902 0.0000000000
94726  3.800  -13.126  44.585 0.0000000000
94706  3.680  -13.829  45.738 0.0000000000
93381  3.077  -14.705  46.214 0.0000000000
93400  1.778  -14.521  45.349 0.0000000000
90134  -0.124  -16.506  43.981 0.0000000000
92326  0.249  -15.215  43.023 0.0000000000
78095  6.128  -24.461  62.228 0.0000000000
79212  5.229  -24.131  61.301 0.0000000000
80338  6.461  -23.164  60.887 0.0000000000
82607  11.743  -21.385  61.175 0.0000000000
200777  11.618  -22.817  60.067 0.0000000000
80333  11.159  -22.540  61.220 0.0000000000
79216  10.393  -23.852  61.079 0.0000000000
78102  9.389  -24.674  61.439 0.0000000000
75768  8.351  -25.878  61.893 0.0000000000
78084  8.535  -24.551  62.661 0.0000000000
79205  7.561  -24.166  62.589 0.0000000000
92141  2.199  -14.604  57.117 0.0000000000
216990  2.180  -15.503  55.919 0.0000000000
93274  3.206  -14.104  56.607 0.0000000000
93280  4.065  -14.026  55.675 0.0000000000
94566  4.694  -13.535  54.684 0.0000000000
67135  0.592  -31.150  56.968 0.0000000000
200143  -0.165  -30.085  56.774 0.0000000000
69526  0.407  -29.631  57.773 0.0000000000
73403  0.405  -27.492  58.553 0.0000000000
75788  0.603  -26.289  58.660 0.0000000000
82612  2.749  -21.263  61.097 0.0000000000
81429  1.972  -22.009  61.539 0.0000000000
83772  2.521  -20.136  61.161 0.0000000000
85041  2.171  -19.691  61.113 0.0000000000
87563  1.689  -18.484  60.913 0.0000000000
87569  1.526  -18.121  60.367 0.0000000000
69501  3.839  -30.195  60.522 0.0000000000
68267  3.526  -30.967  59.734 0.0000000000
68268  2.945  -31.198  59.937 0.0000000000
65995  2.457  -32.171  59.307 0.0000000000
64855  1.548  -32.992  58.709 0.0000000000
64872  1.468  -33.396  57.758 0.0000000000
66012  1.232  -32.607  58.591 0.0000000000
67129  1.121  -31.257  57.744 0.0000000000
77032  2.598  -26.043  54.667 0.0000000000
74667  2.078  -26.894  52.787 0.0000000000
239577  3.416  -25.601  53.572 0.0000000000
219614  4.332  -24.752  52.955 0.0000000000
78205  4.881  -24.101  51.966 0.0000000000
85146  2.149  -19.533  50.515 0.0000000000
82733  2.811  -20.750  49.994 0.0000000000
82744  2.290  -20.881  48.880 0.0000000000
213752  3.123  -20.581  47.335 0.0000000000
82779  4.350  -21.019  46.076 0.0000000000
82801  5.084  -21.387  44.243 0.0000000000
83925  4.171  -20.269  45.175 0.0000000000
85287  3.531  -19.698  43.423 0.0000000000
86550  2.634  -18.776  42.673 0.0000000000
94747  2.079  -13.672  42.830 0.0000000000
93432  1.349  -14.383  42.060 0.0000000000
92355  1.997  -14.570  41.200 0.0000000000
221075  1.975  -28.257  61.541 0.0000000000
73376  0.895  -27.613  60.805 0.0000000000
215026  2.488  -26.386  61.244 0.0000000000
78100  2.313  -24.746  62.478 0.0000000000
80331  2.907  -23.268  61.746 0.0000000000
79220  4.212  -24.030  60.928 0.0000000000
80350  3.548  -23.022  60.766 0.0000000000
222896  2.728  -22.059  61.289 0.0000000000
83790  3.494  -20.568  60.087 0.0000000000
82641  14.202  -21.514  57.346 0.0000000000
80374  13.298  -21.946  56.349 0.0000000000
80367  13.302  -22.418  57.275 0.0000000000
79230  11.618  -23.553  59.523 0.0000000000
78118  11.003  -24.494  58.132 0.0000000000
76992  10.467  -24.820  57.353 0.0000000000
72137  5.864  -28.114  59.810 0.0000000000
70778  5.128  -28.929  60.467 0.0000000000
73368  6.963  -27.374  61.616 0.0000000000
72120  5.805  -28.648  61.348 0.0000000000
70769  4.669  -29.062  61.011 0.0000000000
70765  3.512  -28.964  61.946 0.0000000000
72118  2.285  -29.007  61.977 0.0000000000
82651  0.982  -20.837  56.351 0.0000000000
81476  2.734  -21.147  55.660 0.0000000000
82661  0.559  -20.955  54.806 0.0000000000
85100  1.320  -19.531  53.989 0.0000000000
86382  2.828  -19.066  53.465 0.0000000000
90049  1.918  -16.259  54.802 0.0000000000
88915  2.294  -17.802  53.551 0.0000000000
87688  2.728  -18.453  52.466 0.0000000000
87700  2.878  -18.320  51.099 0.0000000000
88948  3.151  -17.683  50.092 0.0000000000
217198  2.332  -17.126  48.643 0.0000000000
82624  9.889  -20.831  59.404 0.0000000000
83817  15.480  -20.466  56.248 0.0000000000
88846  18.268  -17.281  57.271 0.0000000000
87579  17.732  -18.000  58.697 0.0000000000
87598  17.198  -18.135  57.166 0.0000000000
87591  16.639  -18.457  57.479 0.0000000000
85075  15.860  -19.458  57.148 0.0000000000
82639  14.954  -20.794  57.052 0.0000000000
229845  13.955  -20.882  59.237 0.0000000000
238047  13.377  -20.835  60.323 0.0000000000
85046  13.258  -19.682  60.648 0.0000000000
83777  12.604  -20.373  60.447 0.0000000000
83779  11.270  -20.586  60.947 0.0000000000
83780  10.602  -20.684  60.556 0.0000000000
67178  0.787  -31.062  53.722 0.0000000000
72219  1.022  -29.092  54.186 0.0000000000
70810  0.427  -28.854  55.724 0.0000000000
201709  0.911  -27.647  55.348 0.0000000000
74639  1.466  -27.212  54.807 0.0000000000
75822  2.956  -26.029  56.362 0.0000000000
78142  3.513  -24.480  57.290 0.0000000000
80369  2.712  -22.704  57.647 0.0000000000
220838  0.375  -26.246  60.632 0.0000000000
76966  0.511  -25.211  60.349 0.0000000000
239952  0.988  -24.317  59.309 0.0000000000
80342  0.554  -22.799  61.126 0.0000000000
220635  0.265  -23.327  60.369 0.0000000000
213210  1.227  -23.831  58.938 0.0000000000
79234  1.365  -23.259  58.589 0.0000000000
81464  1.437  -22.530  57.890 0.0000000000
82645  1.653  -21.408  57.047 0.0000000000
83812  0.242  -20.547  57.108 0.0000000000
232603  0.465  -18.711  57.651 0.0000000000
209096  1.160  -17.264  57.784 0.0000000000
232829  1.720  -17.846  59.330 0.0000000000
89991  2.023  -16.337  58.757 0.0000000000
91088  2.420  -15.224  58.195 0.0000000000
68288  4.504  -30.455  56.828 0.0000000000
67122  3.833  -31.339  58.363 0.0000000000
72259  2.411  -28.283  51.287 0.0000000000
70933  3.646  -29.072  50.385 0.0000000000
73550  4.917  -27.594  46.461 0.0000000000
81484  3.763  -21.806  53.841 0.0000000000
80401  4.785  -22.801  52.507 0.0000000000
79340  5.718  -23.524  51.011 0.0000000000
82718  4.369  -21.076  50.068 0.0000000000
80456  5.989  -22.707  49.984 0.0000000000
78244  5.386  -24.197  49.542 0.0000000000
78269  5.977  -24.828  47.830 0.0000000000
240348  5.854  -25.740  46.755 0.0000000000
75944  4.425  -26.243  45.558 0.0000000000
77130  3.883  -25.702  44.803 0.0000000000
81650  5.319  -22.083  42.814 0.0000000000
80588  4.341  -22.589  41.819 0.0000000000
94579  5.324  -13.189  53.846 0.0000000000
94601  5.953  -13.033  52.499 0.0000000000
92181  5.033  -14.373  52.164 0.0000000000
91138  4.619  -15.446  51.063 0.0000000000
91147  4.093  -16.066  49.731 0.0000000000
90096  2.788  -16.389  48.219 0.0000000000
93368  5.016  -14.724  47.822 0.0000000000
92236  3.182  -15.166  47.288 0.0000000000
90108  1.049  -16.216  46.841 0.0000000000
87782  0.813  -17.743  44.920 0.0000000000
87806  0.761  -17.502  43.236 0.0000000000
208351  1.584  -18.013  41.170 0.0000000000
87859  1.037  -17.877  40.270 0.0000000000
81435  8.543  -22.222  60.581 0.0000000000
81436  7.902  -22.347  60.354 0.0000000000
222806  8.338  -22.019  59.858 0.0000000000
82610  9.425  -21.182  60.648 0.0000000000
218381  9.123  -21.822  60.963 0.0000000000
217314  2.827  -28.995  45.479 0.0000000000
73568  3.028  -28.413  45.036 0.0000000000
74732  2.761  -27.278  44.572 0.0000000000
73567  3.157  -27.663  44.945 0.0000000000
69505  0.982  -29.646  59.661 0.0000000000
70781  0.488  -29.081  59.712 0.0000000000
72129  0.704  -28.675  60.209 0.0000000000
216382  14.405  -20.645  55.840 0.0000000000
81474  13.914  -20.948  55.594 0.0000000000
242522  14.081  -21.061  56.034 0.0000000000
69495  1.761  -29.528  60.794 0.0000000000
69504  1.467  -29.937  60.077 0.0000000000
81472  3.409  -21.830  56.892 0.0000000000
80377  4.009  -22.832  56.318 0.0000000000
224411  3.492  -21.577  56.147 0.0000000000
241480  1.079  -17.625  48.273 0.0000000000
86465  1.026  -18.441  47.450 0.0000000000
86480  0.910  -18.261  46.710 0.0000000000
85242  1.088  -18.901  46.181 0.0000000000
87764  0.892  -17.722  46.590 0.0000000000
75764  4.196  -25.848  62.887 0.0000000000
76949  4.496  -25.244  62.665 0.0000000000
81453  12.995  -22.497  58.968 0.0000000000
80352  12.638  -22.181  59.636 0.0000000000
76965  9.476  -25.517  60.537 0.0000000000
76964  10.122  -25.168  60.146 0.0000000000
75775  9.791  -25.607  59.886 0.0000000000
75779  9.293  -25.825  59.546 0.0000000000
74544  8.996  -26.439  60.008 0.0000000000
74545  8.620  -26.926  60.398 0.0000000000
74539  9.010  -26.528  60.786 0.0000000000
76942  5.718  -25.850  63.187 0.0000000000
75758  6.071  -26.171  63.332 0.0000000000
75759  5.449  -26.238  63.395 0.0000000000
74528  4.476  -26.681  63.008 0.0000000000
87610  1.301  -17.354  56.618 0.0000000000
88866  1.214  -17.588  56.138 0.0000000000
90030  1.419  -16.582  56.479 0.0000000000
91121  3.163  -15.252  53.864 0.0000000000
91125  3.510  -15.235  53.351 0.0000000000
219079  3.920  -15.866  52.193 0.0000000000
91130  3.884  -15.118  52.638 0.0000000000
210468  -0.346  -31.773  55.393 0.0000000000
67155  -0.479  -31.372  54.543 0.0000000000
201584  -0.512  -31.182  55.258 0.0000000000
75787  1.187  -25.905  58.352 0.0000000000
75796  1.492  -26.246  57.662 0.0000000000
76984  1.736  -25.615  58.119 0.0000000000
76983  2.302  -25.477  58.046 0.0000000000
79222  1.636  -23.454  62.008 0.0000000000
85051  0.716  -19.668  60.167 0.0000000000
83783  0.409  -20.320  60.158 0.0000000000
83791  0.202  -20.248  59.357 0.0000000000
85061  0.485  -19.686  59.738 0.0000000000
85068  0.363  -19.666  58.982 0.0000000000
86286  0.739  -19.129  59.454 0.0000000000
69499  4.770  -29.400  60.085 0.0000000000
69512  4.466  -30.008  59.765 0.0000000000
64854  2.256  -33.232  58.577 0.0000000000
64863  3.044  -33.046  58.504 0.0000000000
66036  0.234  -31.949  56.049 0.0000000000
66047  -0.004  -32.389  55.523 0.0000000000
64889  0.179  -32.928  55.211 0.0000000000
72232  1.533  -28.846  53.294 0.0000000000
70888  1.945  -29.272  52.441 0.0000000000
72231  1.904  -28.469  52.639 0.0000000000
77078  3.887  -25.369  50.606 0.0000000000
75917  3.615  -25.923  50.369 0.0000000000
77090  4.163  -25.379  50.029 0.0000000000
75926  4.485  -26.211  49.239 0.0000000000
77100  4.581  -25.515  49.430 0.0000000000
82705  2.929  -20.129  51.982 0.0000000000
82687  3.320  -20.462  52.056 0.0000000000
203671  2.964  -20.298  51.700 0.0000000000
81582  4.920  -21.601  46.890 0.0000000000
81581  5.553  -22.061  47.229 0.0000000000
81596  5.608  -22.030  46.479 0.0000000000
80510  6.559  -23.140  46.606 0.0000000000
209228  5.616  -22.562  45.680 0.0000000000
79458  5.752  -23.377  45.042 0.0000000000
80540  5.445  -22.637  44.823 0.0000000000
85327  3.868  -19.305  41.114 0.0000000000
83976  4.934  -20.063  41.133 0.0000000000
83977  4.236  -19.756  40.653 0.0000000000
95878  6.914  -12.380  50.436 0.0000000000
95889  6.757  -12.901  50.077 0.0000000000
93339  6.118  -14.084  49.730 0.0000000000
94664  6.629  -13.387  49.675 0.0000000000
94728  2.552  -13.525  44.585 0.0000000000
94716  3.369  -13.547  45.196 0.0000000000
94717  2.720  -13.704  45.191 0.0000000000
94708  2.440  -14.043  45.579 0.0000000000
94730  1.615  -13.795  44.411 0.0000000000
93408  0.300  -14.885  43.881 0.0000000000
93414  0.875  -14.581  43.608 0.0000000000
207282  6.535  -23.973  61.970 0.0000000000
79217  6.590  -23.543  61.415 0.0000000000
81444  7.515  -22.078  59.504 0.0000000000
220587  11.423  -20.963  61.372 0.0000000000
81422  11.427  -21.928  61.210 0.0000000000
82598  11.260  -21.379  61.394 0.0000000000
221461  9.756  -22.556  61.688 0.0000000000
205991  10.502  -22.578  61.396 0.0000000000
80334  10.095  -23.215  61.398 0.0000000000
78101  9.875  -24.319  61.318 0.0000000000
79206  9.444  -23.934  62.148 0.0000000000
78093  9.118  -24.349  62.379 0.0000000000
79207  9.027  -23.688  62.318 0.0000000000
80330  7.663  -23.092  61.760 0.0000000000
79209  7.901  -23.617  62.110 0.0000000000
78094  6.856  -24.311  62.524 0.0000000000
92149  2.618  -14.297  56.574 0.0000000000
94544  4.529  -13.805  56.160 0.0000000000
94558  4.711  -13.779  55.416 0.0000000000
93291  4.193  -13.921  54.958 0.0000000000
68284  0.845  -30.655  57.582 0.0000000000
200793  0.478  -30.118  57.410 0.0000000000
73387  0.012  -28.153  59.355 0.0000000000
73396  0.127  -28.091  58.849 0.0000000000
73395  0.028  -27.506  59.309 0.0000000000
74557  0.236  -26.816  58.975 0.0000000000
75780  0.270  -26.141  59.368 0.0000000000
83782  2.842  -20.571  61.025 0.0000000000
82601  2.487  -20.881  61.320 0.0000000000
211781  2.409  -19.386  61.278 0.0000000000
86269  1.856  -18.973  61.285 0.0000000000
209124  1.965  -18.427  61.007 0.0000000000
87562  1.900  -17.966  60.777 0.0000000000
69502  2.995  -30.413  60.888 0.0000000000
68257  3.384  -30.726  60.287 0.0000000000
68258  2.684  -30.857  60.555 0.0000000000
222903  1.676  -31.579  59.507 0.0000000000
67116  2.215  -31.714  59.675 0.0000000000
65996  1.790  -32.028  59.269 0.0000000000
66003  2.057  -32.590  58.950 0.0000000000
66004  1.432  -32.382  58.960 0.0000000000
68276  0.972  -30.720  58.776 0.0000000000
67124  1.095  -31.346  58.539 0.0000000000
200314  1.011  -30.838  58.210 0.0000000000
77021  3.104  -25.648  54.975 0.0000000000
77031  3.123  -25.696  54.190 0.0000000000
77020  3.768  -25.154  54.740 0.0000000000
79285  4.708  -24.038  54.096 0.0000000000
213265  4.416  -24.810  53.676 0.0000000000
78179  4.783  -24.130  53.363 0.0000000000
78193  4.211  -24.667  52.269 0.0000000000
78192  4.851  -24.141  52.640 0.0000000000
85163  2.099  -19.400  49.666 0.0000000000
83877  2.327  -19.824  49.491 0.0000000000
83883  1.728  -20.183  49.053 0.0000000000
83896  1.751  -20.375  47.045 0.0000000000
82765  2.452  -20.988  47.769 0.0000000000
82781  3.050  -20.365  46.675 0.0000000000
82773  3.684  -20.770  46.916 0.0000000000
82780  3.584  -20.632  46.291 0.0000000000
83912  3.963  -20.423  45.781 0.0000000000
83913  3.191  -20.133  45.857 0.0000000000
85275  2.062  -19.419  44.706 0.0000000000
85274  2.611  -19.465  44.444 0.0000000000
85289  2.306  -18.945  44.073 0.0000000000
207459  3.093  -19.377  42.948 0.0000000000
85299  2.158  -18.663  43.345 0.0000000000
94745  3.241  -13.004  43.119 0.0000000000
94752  2.620  -13.518  42.381 0.0000000000
93431  2.292  -13.960  42.136 0.0000000000
93430  2.938  -13.751  42.007 0.0000000000
73374  2.176  -27.642  61.766 0.0000000000
74538  2.459  -27.030  61.894 0.0000000000
78090  3.384  -24.981  62.199 0.0000000000
76952  2.681  -25.175  62.352 0.0000000000
78099  2.931  -24.448  61.987 0.0000000000
79214  2.189  -24.019  62.352 0.0000000000
234830  2.738  -23.748  61.962 0.0000000000
209783  5.451  -23.735  60.987 0.0000000000
78103  4.664  -24.348  61.290 0.0000000000
79227  4.977  -23.576  60.428 0.0000000000
81438  3.832  -22.851  60.204 0.0000000000
202844  3.297  -22.432  60.693 0.0000000000
81439  3.094  -21.688  60.600 0.0000000000
82620  3.432  -21.377  59.988 0.0000000000
81461  13.795  -21.794  57.694 0.0000000000
81467  13.679  -21.850  57.184 0.0000000000
81462  13.409  -22.198  57.846 0.0000000000
80362  12.698  -22.838  57.977 0.0000000000
79236  12.294  -23.134  57.668 0.0000000000
78107  11.484  -24.074  59.822 0.0000000000
209058  10.874  -24.987  58.972 0.0000000000
78113  11.123  -24.517  58.687 0.0000000000
76972  10.941  -25.045  58.316 0.0000000000
78130  10.739  -24.346  57.623 0.0000000000
76981  10.646  -24.872  57.818 0.0000000000
75793  9.842  -25.655  57.665 0.0000000000
74563  9.023  -26.187  57.734 0.0000000000
72135  7.284  -27.962  60.102 0.0000000000
72128  6.140  -28.517  60.491 0.0000000000
70777  5.470  -28.603  60.227 0.0000000000
198912  6.198  -28.611  60.935 0.0000000000
75761  7.933  -25.602  62.515 0.0000000000
74534  8.079  -26.461  61.484 0.0000000000
74530  7.039  -26.475  62.309 0.0000000000
72109  5.621  -27.785  62.413 0.0000000000
73363  5.992  -27.429  62.213 0.0000000000
72114  5.464  -28.366  61.990 0.0000000000
70763  5.140  -28.740  61.447 0.0000000000
70770  3.868  -29.273  61.298 0.0000000000
70764  4.385  -28.860  61.646 0.0000000000
72112  3.188  -27.979  62.674 0.0000000000
72116  3.290  -28.522  62.341 0.0000000000
72117  2.818  -28.453  62.212 0.0000000000
205986  0.689  -20.406  56.026 0.0000000000
82656  0.702  -20.910  55.442 0.0000000000
83818  0.468  -20.491  55.149 0.0000000000
85095  0.638  -19.601  54.591 0.0000000000
86345  0.866  -18.807  53.888 0.0000000000
85112  2.439  -19.291  53.733 0.0000000000
87674  1.425  -18.357  53.481 0.0000000000
91117  2.405  -15.226  55.339 0.0000000000
90040  1.851  -16.126  55.514 0.0000000000
91118  2.123  -15.693  55.099 0.0000000000
90061  2.567  -16.702  53.390 0.0000000000
88904  2.140  -17.089  53.786 0.0000000000
88914  2.695  -17.381  53.157 0.0000000000
87673  2.676  -18.351  53.279 0.0000000000
87672  2.755  -17.940  52.882 0.0000000000
87701  2.648  -18.653  51.488 0.0000000000
87687  2.697  -18.039  51.973 0.0000000000
90070  3.679  -17.094  51.278 0.0000000000
242457  3.413  -17.505  50.818 0.0000000000
88947  3.560  -17.127  50.505 0.0000000000
88960  2.388  -17.669  49.627 0.0000000000
90086  3.386  -17.131  49.654 0.0000000000
83795  9.791  -20.834  58.652 0.0000000000
85090  16.002  -19.275  55.810 0.0000000000
85093  15.786  -18.959  55.073 0.0000000000
85084  15.784  -19.842  56.287 0.0000000000
87580  17.271  -18.357  59.167 0.0000000000
88826  17.528  -17.744  59.570 0.0000000000
87589  17.750  -17.874  57.663 0.0000000000
87590  17.090  -18.202  58.054 0.0000000000
211041  15.544  -19.975  57.384 0.0000000000
83806  15.317  -20.435  57.221 0.0000000000
235292  14.779  -20.662  57.592 0.0000000000
83785  14.166  -20.464  59.662 0.0000000000
82614  13.739  -20.851  60.114 0.0000000000
85054  13.383  -18.952  60.872 0.0000000000
83778  11.879  -20.608  60.671 0.0000000000
83786  11.539  -20.299  60.286 0.0000000000
85058  10.661  -20.216  59.220 0.0000000000
83787  10.954  -20.460  60.035 0.0000000000
83788  10.388  -20.594  59.722 0.0000000000
82617  9.942  -20.842  60.175 0.0000000000
63753  1.011  -33.705  53.450 0.0000000000
64918  0.898  -33.010  53.628 0.0000000000
68310  -0.179  -30.901  53.881 0.0000000000
67169  0.174  -31.316  53.621 0.0000000000
68317  0.355  -30.683  53.720 0.0000000000
70859  1.086  -29.666  54.159 0.0000000000
70848  0.866  -29.637  54.620 0.0000000000
70804  0.320  -28.920  56.486 0.0000000000
200011  -0.175  -29.415  56.287 0.0000000000
72165  0.877  -28.558  55.987 0.0000000000
75825  1.006  -26.523  56.374 0.0000000000
74610  0.682  -26.823  55.818 0.0000000000
73449  1.183  -27.663  54.875 0.0000000000
75833  1.823  -26.581  55.776 0.0000000000
75823  2.298  -26.460  56.421 0.0000000000
78119  3.098  -24.180  57.946 0.0000000000
79245  3.316  -23.046  57.438 0.0000000000
79246  2.915  -23.376  57.903 0.0000000000
74542  1.296  -26.865  61.143 0.0000000000
74543  0.581  -26.810  60.862 0.0000000000
221950  0.894  -26.082  61.196 0.0000000000
222218  0.442  -23.966  61.108 0.0000000000
78109  0.547  -24.531  60.571 0.0000000000
78111  0.668  -24.554  59.928 0.0000000000
213536  1.470  -21.577  61.304 0.0000000000
81430  1.101  -22.121  61.230 0.0000000000
81440  0.589  -22.216  60.105 0.0000000000
217407  0.616  -22.911  59.655 0.0000000000
79235  1.011  -23.296  59.096 0.0000000000
80360  0.739  -22.877  58.786 0.0000000000
82638  0.323  -21.647  57.926 0.0000000000
81465  0.778  -22.392  57.867 0.0000000000
239207  0.766  -22.076  57.472 0.0000000000
81469  1.487  -22.052  57.444 0.0000000000
82646  0.840  -21.689  57.180 0.0000000000
198754  0.849  -21.137  56.782 0.0000000000
87596  0.660  -18.373  58.483 0.0000000000
86304  0.471  -18.859  58.142 0.0000000000
87604  0.599  -18.237  57.872 0.0000000000
87603  0.900  -17.637  57.363 0.0000000000
87595  0.880  -17.795  58.161 0.0000000000
88823  1.557  -17.431  60.055 0.0000000000
80379  13.119  -21.714  55.823 0.0000000000
80375  12.878  -22.235  56.119 0.0000000000
68282  4.238  -30.255  57.538 0.0000000000
67114  3.277  -31.736  59.604 0.0000000000
68275  3.633  -31.175  59.094 0.0000000000
67123  3.487  -32.046  58.922 0.0000000000
64907  0.575  -33.374  54.200 0.0000000000
63750  0.790  -33.993  53.913 0.0000000000
68343  2.785  -30.552  51.717 0.0000000000
66092  3.324  -31.940  52.145 0.0000000000
67187  3.638  -31.636  51.536 0.0000000000
68341  3.505  -30.832  51.340 0.0000000000
75880  2.358  -26.515  52.368 0.0000000000
73500  2.209  -27.660  51.676 0.0000000000
74685  2.696  -27.337  51.327 0.0000000000
73520  3.676  -27.510  50.062 0.0000000000
72272  3.231  -28.485  50.384 0.0000000000
72281  3.820  -28.562  49.858 0.0000000000
69637  3.951  -29.878  50.199 0.0000000000
72280  4.546  -28.680  49.175 0.0000000000
74705  4.995  -26.888  48.429 0.0000000000
73533  5.072  -27.512  48.041 0.0000000000
74709  5.245  -27.008  47.640 0.0000000000
207764  4.834  -28.198  46.767 0.0000000000
73538  5.307  -27.081  46.876 0.0000000000
82658  2.660  -21.134  54.856 0.0000000000
81481  3.193  -21.609  55.239 0.0000000000
82664  3.043  -21.362  54.183 0.0000000000
81497  3.937  -21.574  52.283 0.0000000000
81490  4.442  -22.197  52.799 0.0000000000
81496  4.529  -22.054  52.056 0.0000000000
80407  5.010  -22.711  51.814 0.0000000000
80417  5.548  -22.613  51.321 0.0000000000
82732  3.328  -20.998  50.034 0.0000000000
82731  4.709  -21.169  49.484 0.0000000000
80477  5.590  -22.850  48.158 0.0000000000
215935  5.740  -22.289  49.421 0.0000000000
79368  5.887  -23.339  49.135 0.0000000000
79369  5.865  -23.471  49.695 0.0000000000
78243  5.615  -23.953  49.047 0.0000000000
78257  5.946  -24.509  48.621 0.0000000000
208413  6.055  -24.056  48.114 0.0000000000
78285  5.925  -24.595  46.034 0.0000000000
206197  5.922  -25.351  46.484 0.0000000000
77124  5.438  -25.382  45.878 0.0000000000
74717  4.933  -26.412  45.992 0.0000000000
77125  4.974  -25.510  45.379 0.0000000000
75947  4.402  -25.833  45.247 0.0000000000
77129  4.571  -25.342  45.009 0.0000000000
79467  4.880  -23.955  43.940 0.0000000000
79485  3.452  -23.557  42.728 0.0000000000
82814  4.980  -20.756  43.913 0.0000000000
81637  5.306  -21.916  43.810 0.0000000000
82823  5.445  -21.126  42.865 0.0000000000
81675  4.604  -21.902  41.326 0.0000000000
80597  3.824  -22.493  41.120 0.0000000000
220147  2.920  -22.802  40.926 0.0000000000
95850  6.380  -12.621  52.443 0.0000000000
94612  5.835  -13.387  52.022 0.0000000000
94602  5.411  -13.341  52.514 0.0000000000
93309  5.354  -13.813  52.032 0.0000000000
92186  4.894  -14.890  51.703 0.0000000000
92185  5.137  -14.213  51.485 0.0000000000
92201  5.007  -14.803  49.545 0.0000000000
92202  4.693  -15.121  49.790 0.0000000000
91152  4.330  -15.553  49.349 0.0000000000
91153  3.921  -16.091  48.958 0.0000000000
91159  3.724  -15.734  48.213 0.0000000000
94704  5.331  -13.798  46.049 0.0000000000
94696  6.541  -13.411  46.926 0.0000000000
93377  5.889  -14.118  47.192 0.0000000000
93367  5.790  -14.264  48.032 0.0000000000
221890  5.301  -14.526  47.382 0.0000000000
93383  1.886  -14.578  46.108 0.0000000000
92256  2.803  -14.872  46.639 0.0000000000
91180  1.785  -15.248  46.902 0.0000000000
232402  1.659  -15.699  47.169 0.0000000000
91182  1.002  -15.636  46.424 0.0000000000
207752  0.739  -16.973  45.769 0.0000000000
90114  0.661  -16.370  45.803 0.0000000000
89026  -0.116  -16.928  42.669 0.0000000000
87793  0.093  -17.682  43.700 0.0000000000
215137  0.941  -17.475  42.349 0.0000000000
211728  1.505  -18.355  42.419 0.0000000000
87822  0.887  -17.510  41.553 0.0000000000
92357  0.454  -14.819  41.086 0.0000000000
80336  7.802  -22.654  61.554 0.0000000000
80337  7.144  -22.775  61.386 0.0000000000
81426  7.381  -22.316  61.055 0.0000000000
82609  10.143  -21.003  60.939 0.0000000000
82599  10.550  -21.418  61.331 0.0000000000
224260  9.426  -22.067  61.544 0.0000000000
224376  9.096  -22.628  61.820 0.0000000000
80328  8.739  -23.083  62.052 0.0000000000
80335  8.412  -22.636  61.726 0.0000000000
74751  2.419  -26.804  44.263 0.0000000000
75953  2.670  -26.026  44.160 0.0000000000
68277  0.787  -30.123  58.861 0.0000000000
69521  0.290  -29.590  58.669 0.0000000000
70793  0.149  -29.140  59.211 0.0000000000
70787  0.117  -28.579  59.561 0.0000000000
211368  0.149  -27.310  59.750 0.0000000000
68253  2.202  -30.495  61.350 0.0000000000
68259  2.221  -30.812  60.674 0.0000000000
68260  1.764  -30.552  59.967 0.0000000000
68269  1.320  -31.066  59.466 0.0000000000
68270  0.951  -30.553  59.176 0.0000000000
78150  4.023  -24.284  56.047 0.0000000000
78160  4.230  -24.472  55.252 0.0000000000
222685  4.242  -23.459  55.699 0.0000000000
79274  4.497  -23.740  54.826 0.0000000000
80387  4.710  -23.167  54.372 0.0000000000
208384  1.692  -18.374  49.120 0.0000000000
85192  1.379  -19.872  48.650 0.0000000000
211052  1.248  -19.242  47.846 0.0000000000
85207  1.134  -19.755  47.139 0.0000000000
242263  1.974  -20.074  46.140 0.0000000000
83927  2.436  -20.221  45.458 0.0000000000
83929  1.851  -19.810  45.748 0.0000000000
85258  1.625  -19.230  45.534 0.0000000000
86503  1.320  -18.748  45.298 0.0000000000
73367  3.264  -27.253  62.764 0.0000000000
234081  2.853  -27.002  62.424 0.0000000000
211324  3.379  -25.860  62.820 0.0000000000
76950  3.737  -25.461  62.516 0.0000000000
78098  3.695  -24.801  61.649 0.0000000000
81447  4.636  -22.321  59.059 0.0000000000
81448  4.023  -21.810  59.361 0.0000000000
82619  3.797  -21.068  59.536 0.0000000000
82630  4.223  -21.138  58.995 0.0000000000
82623  13.324  -21.614  58.834 0.0000000000
81452  13.270  -22.183  58.533 0.0000000000
80358  12.662  -22.757  58.519 0.0000000000
237958  12.201  -22.993  58.747 0.0000000000
76967  10.733  -24.835  59.745 0.0000000000
76968  10.404  -25.326  59.408 0.0000000000
76973  10.535  -25.338  58.609 0.0000000000
224050  7.688  -27.522  60.217 0.0000000000
73379  7.345  -27.755  60.711 0.0000000000
208816  6.849  -25.766  63.069 0.0000000000
203768  6.782  -26.224  62.850 0.0000000000
75763  6.331  -26.258  63.216 0.0000000000
73364  5.562  -26.976  62.825 0.0000000000
211667  5.032  -27.301  62.225 0.0000000000
72110  4.379  -27.891  62.383 0.0000000000
73365  4.384  -27.131  62.511 0.0000000000
74529  3.820  -27.037  62.908 0.0000000000
86320  0.595  -18.553  56.515 0.0000000000
85092  0.531  -19.442  55.490 0.0000000000
87625  1.011  -18.131  55.857 0.0000000000
88884  1.217  -17.491  55.610 0.0000000000
88900  1.295  -17.488  54.984 0.0000000000
92175  2.964  -15.048  54.418 0.0000000000
210277  2.549  -15.387  54.766 0.0000000000
91122  2.769  -15.550  54.124 0.0000000000
91126  3.113  -15.684  53.490 0.0000000000
90060  3.198  -16.359  53.051 0.0000000000
88925  2.997  -17.225  52.008 0.0000000000
235827  3.596  -16.375  52.427 0.0000000000
90063  3.828  -16.528  51.730 0.0000000000
91132  4.100  -15.973  51.424 0.0000000000
86312  16.704  -18.835  56.451 0.0000000000
87581  16.793  -18.423  59.460 0.0000000000
85062  14.861  -19.924  58.807 0.0000000000
85053  14.608  -19.784  59.952 0.0000000000
85044  14.089  -19.194  60.649 0.0000000000
85056  11.880  -19.757  59.899 0.0000000000
64898  0.093  -32.818  54.512 0.0000000000
64908  0.336  -32.609  53.897 0.0000000000
66064  -0.190  -32.128  54.124 0.0000000000
69548  -0.188  -30.036  54.470 0.0000000000
73411  0.651  -27.481  57.728 0.0000000000
73421  0.543  -27.375  56.838 0.0000000000
74577  0.942  -26.956  57.361 0.0000000000
75810  1.193  -26.563  57.051 0.0000000000
75809  1.441  -26.350  56.989 0.0000000000
75808  1.976  -26.278  56.998 0.0000000000
76994  2.392  -26.016  57.619 0.0000000000
78120  2.631  -24.574  58.264 0.0000000000
230954  2.385  -24.098  58.672 0.0000000000
76957  1.753  -24.900  62.223 0.0000000000
76961  1.468  -25.380  61.219 0.0000000000
78105  1.090  -24.332  61.771 0.0000000000
83773  1.597  -20.433  60.825 0.0000000000
82604  0.732  -21.437  61.065 0.0000000000
82613  0.375  -21.065  60.425 0.0000000000
208205  0.225  -21.568  59.713 0.0000000000
230196  0.558  -22.482  58.468 0.0000000000
82631  0.068  -21.051  58.872 0.0000000000
201602  -0.048  -20.935  58.042 0.0000000000
83805  -0.021  -20.416  57.752 0.0000000000
86297  0.591  -19.017  58.720 0.0000000000
79253  12.166  -22.934  56.152 0.0000000000
80376  12.442  -22.546  55.771 0.0000000000
70792  4.953  -28.947  59.170 0.0000000000
69519  4.535  -29.498  58.725 0.0000000000
69525  4.288  -30.147  58.324 0.0000000000
68283  4.171  -30.909  57.942 0.0000000000
66001  3.241  -32.554  58.890 0.0000000000
231126  1.167  -32.523  57.155 0.0000000000
64873  1.171  -32.883  56.707 0.0000000000
64897  0.648  -33.484  54.820 0.0000000000
67184  1.652  -30.874  53.303 0.0000000000
67183  1.906  -31.173  52.779 0.0000000000
68336  1.698  -30.513  52.524 0.0000000000
69612  2.041  -30.053  52.039 0.0000000000
69611  2.343  -30.081  51.630 0.0000000000
206033  3.030  -26.154  51.290 0.0000000000
74694  3.018  -26.928  50.811 0.0000000000
75905  3.171  -26.351  50.798 0.0000000000
232141  3.733  -27.029  50.023 0.0000000000
74703  4.112  -27.175  49.547 0.0000000000
210328  4.721  -28.081  48.973 0.0000000000
74702  4.542  -26.776  49.098 0.0000000000
75935  4.812  -26.344  48.613 0.0000000000
77108  5.272  -26.021  48.282 0.0000000000
82676  2.303  -20.709  53.823 0.0000000000
82674  3.347  -21.210  53.256 0.0000000000
201776  3.255  -20.687  52.728 0.0000000000
82686  3.645  -20.798  51.822 0.0000000000
81521  4.291  -21.232  51.154 0.0000000000
82754  4.416  -21.184  47.895 0.0000000000
82742  4.633  -21.228  48.728 0.0000000000
81556  5.080  -21.654  48.170 0.0000000000
81568  5.431  -22.172  47.828 0.0000000000
79406  6.019  -23.383  47.887 0.0000000000
78268  6.514  -23.977  47.475 0.0000000000
79405  6.621  -23.216  47.221 0.0000000000
78278  6.641  -23.832  46.694 0.0000000000
209123  5.475  -24.197  45.328 0.0000000000
78289  4.834  -24.728  44.892 0.0000000000
78292  5.192  -24.044  44.659 0.0000000000
79466  5.337  -23.311  44.352 0.0000000000
79474  4.952  -23.190  43.649 0.0000000000
83958  4.912  -20.092  42.637 0.0000000000
83957  5.459  -20.517  42.445 0.0000000000
83967  5.170  -20.074  41.968 0.0000000000
82845  4.809  -21.016  40.857 0.0000000000
82852  3.928  -21.111  40.181 0.0000000000
222890  6.754  -12.563  51.161 0.0000000000
229550  6.012  -13.519  50.891 0.0000000000
218560  5.358  -14.202  50.803 0.0000000000
93314  5.890  -13.993  50.488 0.0000000000
93340  5.463  -14.574  49.284 0.0000000000
92209  4.972  -14.942  48.851 0.0000000000
94705  4.455  -13.776  45.856 0.0000000000
93379  4.350  -14.512  46.635 0.0000000000
93391  3.314  -14.340  45.973 0.0000000000
93393  2.199  -14.431  45.766 0.0000000000
92275  1.405  -14.941  45.671 0.0000000000
91231  0.449  -15.666  44.940 0.0000000000
92300  0.804  -15.245  44.616 0.0000000000
92314  -0.035  -15.151  43.645 0.0000000000
209256  -0.063  -16.237  42.431 0.0000000000
78088  5.712  -24.936  62.578 0.0000000000
78089  5.032  -24.872  62.493 0.0000000000
79211  5.908  -24.012  61.543 0.0000000000
239149  6.049  -23.560  61.083 0.0000000000
79218  5.767  -23.414  60.624 0.0000000000
80346  6.808  -22.592  60.716 0.0000000000
80355  5.800  -22.943  59.688 0.0000000000
81432  12.246  -21.707  60.436 0.0000000000
81433  11.748  -22.059  60.649 0.0000000000
80343  11.447  -22.448  60.840 0.0000000000
80344  11.264  -23.065  60.609 0.0000000000
81423  10.948  -21.975  61.401 0.0000000000
79215  10.744  -23.205  60.985 0.0000000000
76958  9.566  -24.786  60.741 0.0000000000
76959  9.246  -25.233  61.243 0.0000000000
75772  8.799  -26.308  61.362 0.0000000000
76953  9.150  -24.893  62.035 0.0000000000
76954  8.601  -25.182  62.349 0.0000000000
76944  8.002  -25.054  62.892 0.0000000000
79208  8.457  -23.551  62.249 0.0000000000
79204  8.202  -24.057  62.560 0.0000000000
76945  7.316  -25.133  63.013 0.0000000000
78086  7.154  -24.735  62.993 0.0000000000
78087  6.449  -24.921  62.792 0.0000000000
92142  1.719  -14.971  57.083 0.0000000000
91104  1.723  -15.435  56.628 0.0000000000
92150  2.099  -14.857  56.537 0.0000000000
92158  2.600  -14.787  55.871 0.0000000000
93273  4.039  -14.491  56.516 0.0000000000
93281  3.452  -14.196  55.907 0.0000000000
92157  3.064  -14.396  55.497 0.0000000000
92166  3.302  -14.619  54.792 0.0000000000
93300  3.882  -14.323  54.492 0.0000000000
92173  4.196  -14.373  53.679 0.0000000000
67141  0.029  -31.412  56.429 0.0000000000
68295  -0.212  -30.800  56.424 0.0000000000
68290  0.151  -30.577  57.100 0.0000000000
215705  0.262  -29.512  57.018 0.0000000000
216677  0.136  -29.037  57.219 0.0000000000
234968  0.022  -29.025  58.752 0.0000000000
72144  0.036  -28.583  58.438 0.0000000000
73404  0.366  -28.058  58.084 0.0000000000
74565  0.644  -26.882  58.213 0.0000000000
76975  0.716  -25.658  59.019 0.0000000000
203738  2.455  -22.129  61.776 0.0000000000
81428  2.459  -21.581  61.529 0.0000000000
82602  2.055  -21.275  61.371 0.0000000000
214034  2.108  -20.505  61.152 0.0000000000
85049  2.875  -19.916  60.997 0.0000000000
206670  1.859  -20.029  60.827 0.0000000000
85042  1.608  -19.401  61.004 0.0000000000
86275  1.399  -18.876  60.631 0.0000000000
69513  4.044  -30.426  60.032 0.0000000000
67105  2.496  -31.300  60.100 0.0000000000
67115  2.849  -31.803  59.723 0.0000000000
64865  1.375  -33.081  58.363 0.0000000000
66023  1.225  -32.677  57.894 0.0000000000
66005  1.207  -31.922  58.802 0.0000000000
66013  1.094  -31.918  58.115 0.0000000000
66024  1.043  -31.893  57.276 0.0000000000
67140  0.614  -31.683  56.597 0.0000000000
75868  2.060  -26.673  53.854 0.0000000000
74668  1.990  -27.512  52.645 0.0000000000
238200  2.050  -26.766  53.307 0.0000000000
75866  2.932  -26.038  53.434 0.0000000000
75879  2.757  -26.070  52.687 0.0000000000
77030  3.799  -25.206  53.972 0.0000000000
77044  3.831  -25.217  53.272 0.0000000000
77057  3.345  -25.761  52.324 0.0000000000
77056  3.729  -25.264  51.959 0.0000000000
78206  4.200  -24.672  51.591 0.0000000000
78221  4.288  -24.743  50.958 0.0000000000
199594  2.244  -19.860  50.847 0.0000000000
82721  2.505  -20.709  50.721 0.0000000000
82734  2.476  -20.273  49.941 0.0000000000
200496  2.911  -20.791  49.286 0.0000000000
82756  2.802  -20.996  48.485 0.0000000000
82745  1.704  -20.766  48.886 0.0000000000
82755  3.711  -20.964  48.293 0.0000000000
82763  4.294  -21.212  47.190 0.0000000000
82772  4.261  -21.156  46.605 0.0000000000
81597  4.988  -21.451  46.280 0.0000000000
81611  5.207  -21.996  45.250 0.0000000000
82790  4.480  -20.856  45.469 0.0000000000
82802  4.663  -20.822  44.716 0.0000000000
83936  4.379  -20.247  44.381 0.0000000000
83926  3.061  -19.869  45.306 0.0000000000
83948  4.025  -19.835  43.979 0.0000000000
83959  4.162  -20.049  43.188 0.0000000000
85297  3.978  -19.661  42.539 0.0000000000
85311  3.296  -19.201  41.978 0.0000000000
86567  2.556  -18.619  41.860 0.0000000000
94736  2.911  -13.096  43.977 0.0000000000
94738  1.909  -13.444  43.698 0.0000000000
93421  1.519  -14.175  42.742 0.0000000000
93420  1.803  -14.131  42.275 0.0000000000
92354  2.751  -14.645  41.362 0.0000000000
72333  3.517  -28.559  45.658 0.0000000000
72122  1.343  -28.791  60.620 0.0000000000
240971  0.981  -28.258  60.544 0.0000000000
73375  1.611  -27.602  61.253 0.0000000000
74541  2.071  -26.901  61.353 0.0000000000
75773  2.149  -26.110  60.995 0.0000000000
74537  2.625  -26.399  62.001 0.0000000000
75770  2.424  -25.803  61.182 0.0000000000
76960  2.195  -25.584  61.165 0.0000000000
240572  1.916  -23.786  62.479 0.0000000000
80339  2.568  -22.653  61.806 0.0000000000
78097  4.424  -24.916  61.740 0.0000000000
78104  3.969  -24.388  61.249 0.0000000000
79228  4.129  -23.562  60.481 0.0000000000
79221  3.578  -23.564  61.166 0.0000000000
81427  3.030  -22.825  61.241 0.0000000000
82611  3.136  -20.948  60.621 0.0000000000
81466  14.194  -21.474  56.827 0.0000000000
81470  14.122  -21.275  56.399 0.0000000000
81471  13.691  -21.666  56.569 0.0000000000
80366  13.382  -22.068  56.784 0.0000000000
80370  13.089  -22.571  56.709 0.0000000000
205873  13.135  -22.636  57.765 0.0000000000
80368  12.909  -22.838  57.384 0.0000000000
79243  12.440  -23.019  56.905 0.0000000000
78139  11.138  -23.804  57.205 0.0000000000
80353  11.988  -22.311  59.768 0.0000000000
80359  11.942  -22.952  59.265 0.0000000000
79233  11.702  -23.396  58.751 0.0000000000
78112  11.381  -24.005  59.096 0.0000000000
78117  11.154  -23.873  58.478 0.0000000000
78129  11.234  -23.924  57.857 0.0000000000
78140  10.587  -24.401  56.900 0.0000000000
232772  9.461  -25.956  57.649 0.0000000000
72142  6.285  -27.577  59.367 0.0000000000
70785  5.297  -28.367  59.546 0.0000000000
70786  5.012  -28.926  59.913 0.0000000000
73371  7.873  -26.957  61.218 0.0000000000
73373  6.825  -27.749  61.216 0.0000000000
73362  6.326  -27.078  62.233 0.0000000000
73369  6.413  -27.566  61.767 0.0000000000
72119  6.278  -28.149  61.295 0.0000000000
70768  5.305  -28.948  60.908 0.0000000000
70779  4.753  -29.219  60.546 0.0000000000
69491  4.285  -29.643  60.795 0.0000000000
69492  3.393  -29.830  61.086 0.0000000000
69493  2.519  -30.296  61.768 0.0000000000
70766  2.792  -29.082  62.034 0.0000000000
69490  2.338  -29.863  61.926 0.0000000000
70772  2.041  -29.555  61.667 0.0000000000
72121  1.873  -28.863  61.228 0.0000000000
82649  2.114  -21.122  56.754 0.0000000000
81477  3.017  -21.290  56.472 0.0000000000
202941  2.073  -20.905  55.511 0.0000000000
82660  1.064  -21.019  55.011 0.0000000000
82666  1.533  -20.900  54.489 0.0000000000
83821  0.553  -20.514  54.372 0.0000000000
83825  1.719  -20.353  54.242 0.0000000000
83836  2.607  -20.203  53.489 0.0000000000
85111  2.798  -19.604  53.225 0.0000000000
203552  2.778  -19.828  52.175 0.0000000000
90041  1.641  -16.584  55.833 0.0000000000
90050  1.539  -16.624  55.154 0.0000000000
88899  1.533  -17.159  54.804 0.0000000000
90056  2.146  -16.453  54.095 0.0000000000
88898  1.802  -16.847  54.504 0.0000000000
87654  1.613  -17.919  53.864 0.0000000000
232711  2.235  -18.236  53.581 0.0000000000
86381  2.802  -18.815  53.018 0.0000000000
214992  2.812  -19.338  52.575 0.0000000000
85132  2.510  -19.600  51.443 0.0000000000
86413  2.384  -19.100  50.978 0.0000000000
86425  2.117  -18.998  50.129 0.0000000000
214316  2.852  -17.661  51.608 0.0000000000
204985  3.149  -17.908  50.832 0.0000000000
87724  2.103  -18.487  49.780 0.0000000000
87737  2.042  -17.995  49.342 0.0000000000
88965  2.107  -17.489  49.019 0.0000000000
88971  1.832  -17.122  48.256 0.0000000000
82618  9.276  -21.195  59.712 0.0000000000
81442  8.747  -21.668  59.536 0.0000000000
82625  9.435  -21.138  58.980 0.0000000000
82647  15.040  -20.862  56.537 0.0000000000
88833  18.380  -17.723  58.217 0.0000000000
86305  16.971  -18.726  56.827 0.0000000000
86306  16.603  -19.198  56.866 0.0000000000
86298  16.238  -19.041  57.702 0.0000000000
218829  15.917  -19.448  56.642 0.0000000000
85076  15.654  -19.895  56.849 0.0000000000
83813  15.456  -20.508  56.685 0.0000000000
82640  14.604  -21.067  57.034 0.0000000000
83793  14.221  -20.804  58.742 0.0000000000
82622  13.850  -21.295  58.527 0.0000000000
82615  13.160  -21.284  59.739 0.0000000000
85045  13.656  -19.275  61.018 0.0000000000
83776  13.375  -20.183  60.557 0.0000000000
82605  12.781  -20.773  60.287 0.0000000000
82606  12.185  -21.025  60.708 0.0000000000
209982  11.698  -20.904  61.133 0.0000000000
64919  0.702  -32.374  53.906 0.0000000000
66083  0.663  -31.693  53.813 0.0000000000
67177  1.286  -31.294  53.810 0.0000000000
68326  1.345  -30.692  53.511 0.0000000000
70871  1.449  -29.369  53.466 0.0000000000
73477  1.268  -28.226  53.792 0.0000000000
69535  -0.387  -30.035  55.935 0.0000000000
208827  -0.274  -29.319  55.406 0.0000000000
70820  0.206  -29.039  55.082 0.0000000000
73436  1.022  -28.161  55.673 0.0000000000
72179  0.952  -28.701  55.365 0.0000000000
72192  0.920  -28.849  54.883 0.0000000000
73464  0.986  -28.616  54.605 0.0000000000
73463  1.269  -28.085  54.412 0.0000000000
202737  1.777  -27.286  54.241 0.0000000000
75852  1.889  -26.816  54.626 0.0000000000
77022  2.582  -25.952  55.132 0.0000000000
221367  3.417  -25.547  56.224 0.0000000000
77004  2.715  -26.029  57.053 0.0000000000
77003  3.356  -25.528  56.926 0.0000000000
77002  3.661  -24.892  56.464 0.0000000000
79256  3.691  -23.514  57.153 0.0000000000
228601  3.119  -22.464  57.180 0.0000000000
80373  2.771  -21.967  57.381 0.0000000000
73380  0.421  -27.436  60.238 0.0000000000
74546  0.341  -26.827  60.133 0.0000000000
222169  0.976  -25.419  60.925 0.0000000000
75774  0.476  -25.735  60.741 0.0000000000
219995  0.296  -26.352  59.900 0.0000000000
76969  0.488  -25.416  59.675 0.0000000000
205021  0.925  -24.979  59.270 0.0000000000
80341  1.451  -22.792  61.429 0.0000000000
79224  0.125  -23.363  60.963 0.0000000000
81431  0.587  -22.149  60.878 0.0000000000
80351  0.388  -22.834  60.575 0.0000000000
79231  0.793  -23.701  59.680 0.0000000000
78114  1.426  -24.549  58.875 0.0000000000
216039  1.804  -23.980  58.697 0.0000000000
79239  2.119  -23.439  58.580 0.0000000000
80365  1.097  -22.790  58.213 0.0000000000
80364  1.717  -22.898  58.189 0.0000000000
80363  2.430  -23.034  58.222 0.0000000000
81463  2.116  -22.383  57.743 0.0000000000
81468  2.259  -21.626  57.356 0.0000000000
82650  1.585  -20.912  56.644 0.0000000000
83816  0.547  -20.454  56.577 0.0000000000
85082  0.340  -19.755  56.930 0.0000000000
199908  0.264  -19.942  57.576 0.0000000000
202370  0.344  -19.311  57.666 0.0000000000
86311  0.324  -18.948  57.062 0.0000000000
202777  0.593  -18.291  57.220 0.0000000000
86285  1.049  -18.581  59.986 0.0000000000
203588  1.534  -18.421  59.436 0.0000000000
88830  1.952  -16.952  59.249 0.0000000000
88838  1.558  -17.428  58.441 0.0000000000
88837  1.958  -16.780  58.417 0.0000000000
239848  1.820  -16.014  57.540 0.0000000000
90017  1.518  -15.431  57.234 0.0000000000
92131  1.795  -14.917  57.600 0.0000000000
82626  8.864  -21.565  58.873 0.0000000000
81475  13.682  -21.451  56.058 0.0000000000
80384  12.792  -21.380  55.028 0.0000000000
80381  12.046  -22.264  55.081 0.0000000000
68266  4.154  -30.629  59.441 0.0000000000
68274  4.130  -30.731  58.700 0.0000000000
67128  4.136  -31.550  57.681 0.0000000000
66086  2.762  -32.278  52.583 0.0000000000
73501  1.980  -27.980  52.128 0.0000000000
72260  2.196  -28.524  51.594 0.0000000000
70911  2.414  -29.595  51.080 0.0000000000
74695  2.844  -27.496  50.830 0.0000000000
70934  2.921  -28.967  50.868 0.0000000000
69638  3.336  -29.613  50.847 0.0000000000
238065  3.863  -30.449  50.253 0.0000000000
67190  4.276  -31.254  49.799 0.0000000000
72299  4.774  -28.460  48.439 0.0000000000
73566  4.242  -27.436  45.873 0.0000000000
81480  3.725  -21.951  54.697 0.0000000000
222380  4.291  -22.421  54.265 0.0000000000
81491  3.826  -21.724  53.010 0.0000000000
80394  4.479  -22.246  53.589 0.0000000000
80393  4.917  -22.801  53.337 0.0000000000
79314  4.962  -23.469  52.211 0.0000000000
79326  5.438  -23.491  51.675 0.0000000000
213865  4.852  -24.189  50.743 0.0000000000
82720  3.109  -20.919  50.641 0.0000000000
82719  3.927  -20.986  50.681 0.0000000000
81520  4.887  -21.640  50.782 0.0000000000
81545  5.204  -21.611  49.301 0.0000000000
81535  5.321  -21.758  50.004 0.0000000000
80433  5.825  -22.577  50.678 0.0000000000
79353  5.937  -23.266  50.390 0.0000000000
78230  5.357  -24.018  50.232 0.0000000000
77089  4.793  -24.768  49.721 0.0000000000
221110  5.365  -24.913  49.119 0.0000000000
206476  5.652  -25.352  48.492 0.0000000000
77116  5.705  -25.708  47.810 0.0000000000
77120  6.013  -25.468  47.152 0.0000000000
75940  5.709  -26.080  47.121 0.0000000000
74712  5.368  -26.542  46.598 0.0000000000
74713  4.910  -27.009  46.182 0.0000000000
74718  4.172  -26.800  45.621 0.0000000000
75948  3.763  -26.284  45.104 0.0000000000
75952  3.346  -26.045  44.531 0.0000000000
77134  3.325  -25.523  44.198 0.0000000000
81627  5.163  -22.023  44.531 0.0000000000
236615  4.923  -22.943  43.152 0.0000000000
81666  5.078  -21.924  42.154 0.0000000000
80577  4.838  -22.679  42.645 0.0000000000
80578  3.855  -23.006  42.409 0.0000000000
79492  3.062  -23.287  42.249 0.0000000000
94565  5.269  -13.257  54.452 0.0000000000
94580  4.784  -13.402  53.987 0.0000000000
230995  4.553  -13.735  53.641 0.0000000000
94590  5.622  -13.050  52.902 0.0000000000
94591  5.085  -13.391  53.210 0.0000000000
93306  4.779  -14.387  52.642 0.0000000000
92182  4.576  -14.811  52.345 0.0000000000
91139  4.237  -16.102  50.598 0.0000000000
92194  4.951  -14.719  50.952 0.0000000000
91146  4.469  -15.568  50.163 0.0000000000
90078  3.811  -16.618  50.124 0.0000000000
90085  3.626  -16.523  49.276 0.0000000000
90091  2.868  -16.757  48.859 0.0000000000
90097  1.706  -16.658  47.703 0.0000000000
93355  5.363  -14.693  48.527 0.0000000000
233231  4.807  -14.867  48.137 0.0000000000
92235  4.054  -14.775  47.015 0.0000000000
210248  3.896  -15.052  47.370 0.0000000000
92222  3.799  -15.413  47.751 0.0000000000
91167  2.675  -15.538  47.551 0.0000000000
90102  1.581  -16.098  47.360 0.0000000000
88978  1.037  -17.063  47.510 0.0000000000
204236  0.888  -17.614  46.110 0.0000000000
87777  0.957  -17.828  45.438 0.0000000000
86535  0.853  -18.449  44.347 0.0000000000
90133  0.304  -16.610  44.649 0.0000000000
87792  0.515  -18.093  43.975 0.0000000000
86534  1.370  -18.552  44.076 0.0000000000
86552  1.640  -18.305  43.282 0.0000000000
86585  2.384  -18.532  41.048 0.0000000000
92325  0.621  -14.899  42.588 0.0000000000
91266  -0.114  -15.663  41.698 0.0000000000
89042  0.382  -17.229  41.347 0.0000000000
87840  1.164  -17.824  41.023 0.0000000000
85345  2.724  -18.894  40.375 0.0000000000
66074  -0.018  -32.022  53.488 0.0000000000
66087  2.184  -31.878  53.100 0.0000000000
67188  2.940  -31.182  51.875 0.0000000000
68251  2.253  -30.298  61.707 0.0000000000
68299  -0.424  -30.675  55.575 0.0000000000
68327  0.944  -30.491  53.609 0.0000000000
68335  2.244  -30.710  52.132 0.0000000000
68345  3.908  -30.920  50.435 0.0000000000
68347  4.259  -30.620  49.753 0.0000000000
69494  2.114  -30.143  61.528 0.0000000000
69541  -0.379  -29.939  55.094 0.0000000000
69561  0.530  -29.942  54.360 0.0000000000
69578  0.762  -30.226  53.988 0.0000000000
69595  1.389  -30.269  53.227 0.0000000000
69596  1.286  -29.917  53.602 0.0000000000
69613  1.741  -29.900  52.642 0.0000000000
69629  3.652  -30.287  50.787 0.0000000000
69630  2.144  -29.574  51.617 0.0000000000
70767  5.784  -28.873  60.772 0.0000000000
70771  2.954  -29.555  61.744 0.0000000000
70798  0.050  -29.083  58.111 0.0000000000
70836  0.555  -29.296  54.674 0.0000000000
70870  1.684  -29.608  53.060 0.0000000000
70912  2.407  -29.005  51.184 0.0000000000
72113  5.959  -28.111  61.941 0.0000000000
72115  4.004  -28.458  62.156 0.0000000000
72123  0.507  -28.077  60.246 0.0000000000
72150  0.159  -28.536  57.613 0.0000000000
72205  0.878  -29.110  54.561 0.0000000000
72218  1.246  -28.724  53.793 0.0000000000
72233  1.221  -29.126  53.855 0.0000000000
72245  2.074  -28.598  52.125 0.0000000000
72246  1.789  -29.000  52.787 0.0000000000
72273  2.697  -28.414  50.815 0.0000000000
73366  3.732  -27.602  62.738 0.0000000000
73372  7.411  -27.381  61.222 0.0000000000
73386  0.073  -27.969  59.809 0.0000000000
73412  0.471  -27.987  57.215 0.0000000000
73422  0.877  -28.040  56.396 0.0000000000
73478  1.078  -28.625  54.160 0.0000000000
73491  1.958  -28.001  52.591 0.0000000000
73492  1.596  -28.364  53.215 0.0000000000
73509  2.518  -27.857  51.271 0.0000000000
73510  2.102  -28.133  51.580 0.0000000000
73521  3.038  -27.724  50.363 0.0000000000
73522  2.659  -27.984  50.779 0.0000000000
73539  5.272  -27.644  47.228 0.0000000000
73583  2.560  -27.941  44.542 0.0000000000
74526  5.843  -26.493  63.312 0.0000000000
74527  5.207  -26.611  63.289 0.0000000000
74531  6.565  -26.671  62.635 0.0000000000
74533  3.036  -26.484  62.843 0.0000000000
74535  7.385  -26.863  61.704 0.0000000000
74536  6.777  -27.040  62.033 0.0000000000
74540  8.530  -26.827  61.046 0.0000000000
74562  9.371  -25.882  57.313 0.0000000000
74622  0.953  -26.966  55.265 0.0000000000
74640  1.481  -27.653  54.514 0.0000000000
74655  1.899  -27.278  53.437 0.0000000000
74656  1.440  -27.718  53.942 0.0000000000
74677  2.139  -27.154  52.047 0.0000000000
74678  2.008  -27.679  52.103 0.0000000000
74693  3.535  -26.580  50.285 0.0000000000
74708  5.430  -26.581  47.333 0.0000000000
74731  3.429  -26.996  45.012 0.0000000000
75757  6.367  -25.961  63.279 0.0000000000
75760  4.689  -26.308  63.336 0.0000000000
75762  7.293  -25.959  62.672 0.0000000000
75766  2.695  -25.738  62.458 0.0000000000
75767  8.909  -25.589  61.670 0.0000000000
75769  7.665  -26.175  62.058 0.0000000000
75776  9.309  -26.037  60.362 0.0000000000
75777  0.336  -25.826  60.088 0.0000000000
75832  2.537  -26.352  55.716 0.0000000000
75834  1.054  -26.586  55.790 0.0000000000
75841  2.137  -26.365  55.077 0.0000000000
75842  1.440  -26.694  55.224 0.0000000000
75850  2.462  -26.204  53.949 0.0000000000
75851  2.308  -26.473  54.446 0.0000000000
75867  2.188  -26.333  53.156 0.0000000000
75893  2.623  -26.681  51.738 0.0000000000
75906  2.798  -26.730  51.232 0.0000000000
75927  4.042  -26.042  49.838 0.0000000000
75942  5.544  -25.954  46.309 0.0000000000
75943  5.014  -25.918  45.686 0.0000000000
76943  4.953  -25.755  63.232 0.0000000000
76946  6.644  -25.453  63.125 0.0000000000
76947  6.037  -25.415  63.043 0.0000000000
76956  2.403  -25.272  62.055 0.0000000000
76962  0.732  -25.062  60.860 0.0000000000
76993  10.117  -25.112  57.488 0.0000000000
77013  3.082  -25.832  55.615 0.0000000000
77043  3.793  -25.237  52.610 0.0000000000
77067  3.803  -25.547  51.298 0.0000000000
77068  3.354  -25.832  51.740 0.0000000000
78085  7.831  -24.578  62.910 0.0000000000
78091  2.865  -24.888  62.307 0.0000000000
78092  9.488  -24.345  61.952 0.0000000000
78096  5.302  -24.494  61.919 0.0000000000
78108  11.053  -24.360  60.006 0.0000000000
78141  3.749  -24.108  56.662 0.0000000000
78220  4.976  -24.109  51.343 0.0000000000
79219  4.788  -23.976  60.822 0.0000000000
79225  11.515  -23.593  60.129 0.0000000000
79237  11.707  -23.491  58.084 0.0000000000
79299  5.002  -23.474  53.006 0.0000000000
79475  4.472  -23.773  43.498 0.0000000000
80332  2.325  -23.304  62.171 0.0000000000
80372  3.766  -22.678  56.935 0.0000000000
80378  3.845  -22.192  56.376 0.0000000000
80382  4.160  -22.770  55.018 0.0000000000
80455  5.632  -22.807  48.870 0.0000000000
80494  5.922  -22.687  47.556 0.0000000000
80524  6.110  -22.704  46.299 0.0000000000
80576  5.224  -22.450  43.343 0.0000000000
81509  4.161  -21.306  51.640 0.0000000000
81555  5.425  -22.255  48.360 0.0000000000
81612  4.860  -21.455  45.659 0.0000000000
81649  5.511  -21.735  43.181 0.0000000000
81665  5.433  -21.587  42.676 0.0000000000
81676  3.970  -21.819  40.686 0.0000000000
82654  2.463  -20.949  56.262 0.0000000000
82655  1.740  -20.521  56.033 0.0000000000
82659  1.956  -21.000  54.915 0.0000000000
82667  0.812  -20.967  54.543 0.0000000000
82675  2.769  -20.839  53.327 0.0000000000
82688  3.083  -20.367  52.430 0.0000000000
82702  3.688  -20.784  51.221 0.0000000000
82704  2.606  -20.408  51.192 0.0000000000
82746  1.542  -20.677  48.148 0.0000000000
82757  2.020  -20.987  48.311 0.0000000000
82764  3.725  -20.918  47.558 0.0000000000
82766  1.880  -20.741  47.587 0.0000000000
82774  2.454  -20.295  47.109 0.0000000000
82789  4.873  -21.460  44.977 0.0000000000
82813  5.355  -21.263  43.496 0.0000000000
82834  5.418  -21.120  42.280 0.0000000000
82844  5.219  -20.643  41.705 0.0000000000
83774  0.839  -20.736  60.781 0.0000000000
83781  3.212  -20.371  60.763 0.0000000000
83837  2.359  -19.730  53.813 0.0000000000
83850  2.829  -20.023  52.728 0.0000000000
83868  2.313  -20.380  50.758 0.0000000000
83869  2.198  -19.931  50.213 0.0000000000
83876  2.518  -20.332  49.308 0.0000000000
83904  2.372  -20.269  46.330 0.0000000000
83905  1.936  -20.129  46.605 0.0000000000
83906  1.413  -20.009  46.781 0.0000000000
83915  2.216  -20.239  45.749 0.0000000000
83916  1.628  -19.774  46.279 0.0000000000
83937  3.738  -19.777  44.827 0.0000000000
83947  4.642  -20.313  43.532 0.0000000000
85050  1.133  -19.387  60.481 0.0000000000
85176  1.740  -19.620  49.136 0.0000000000
85224  1.005  -18.954  46.805 0.0000000000
85241  1.401  -19.318  45.986 0.0000000000
85256  3.029  -19.668  44.785 0.0000000000
85257  2.458  -19.795  44.999 0.0000000000
85259  1.282  -18.781  45.754 0.0000000000
85273  3.325  -19.597  44.217 0.0000000000
85276  1.656  -19.162  45.011 0.0000000000
85288  2.866  -19.344  43.766 0.0000000000
85298  2.571  -19.027  43.379 0.0000000000
85310  4.166  -19.389  41.707 0.0000000000
85326  4.471  -19.577  41.264 0.0000000000
86328  0.636  -18.812  55.835 0.0000000000
86363  2.566  -18.641  53.560 0.0000000000
86364  1.747  -18.815  53.668 0.0000000000
86400  2.629  -19.012  51.982 0.0000000000
86435  1.712  -19.048  49.160 0.0000000000
86449  1.236  -18.545  48.226 0.0000000000
86491  1.101  -18.386  45.959 0.0000000000
86516  1.232  -18.754  44.722 0.0000000000
86517  0.966  -18.307  45.033 0.0000000000
86551  1.983  -18.523  42.558 0.0000000000
86568  1.861  -18.306  41.672 0.0000000000
87578  1.404  -18.057  60.007 0.0000000000
87641  0.938  -17.850  55.160 0.0000000000
87710  2.384  -18.635  50.585 0.0000000000
87723  2.582  -18.150  50.166 0.0000000000
87750  1.016  -17.972  47.940 0.0000000000
87758  0.907  -17.833  47.260 0.0000000000
87771  0.999  -17.930  45.823 0.0000000000
87783  0.416  -17.761  44.369 0.0000000000
87791  1.008  -18.206  43.609 0.0000000000
87805  1.215  -17.973  42.790 0.0000000000
87807  0.053  -17.396  43.107 0.0000000000
87821  1.335  -17.898  41.844 0.0000000000
87841  0.601  -17.622  40.822 0.0000000000
88849  1.288  -16.952  57.166 0.0000000000
88883  1.408  -17.032  55.414 0.0000000000
88905  1.791  -17.416  54.171 0.0000000000
88906  1.425  -17.564  54.416 0.0000000000
88913  3.146  -17.040  52.727 0.0000000000
88937  3.167  -17.339  51.431 0.0000000000
88964  2.668  -17.317  49.323 0.0000000000
88966  1.412  -17.651  48.734 0.0000000000
88972  1.171  -17.338  48.057 0.0000000000
88979  0.922  -17.309  47.096 0.0000000000
88984  0.891  -17.214  46.456 0.0000000000
88989  0.847  -17.201  46.037 0.0000000000
88994  0.814  -17.318  45.343 0.0000000000
89001  0.616  -17.199  44.761 0.0000000000
89002  0.054  -17.243  44.142 0.0000000000
89014  -0.114  -17.108  43.453 0.0000000000
89035  0.435  -17.163  42.559 0.0000000000
90003  1.957  -16.178  58.119 0.0000000000
90004  1.584  -16.687  57.772 0.0000000000
90029  1.803  -16.065  56.193 0.0000000000
90090  3.395  -16.266  48.561 0.0000000000
90092  2.350  -16.829  48.055 0.0000000000
90095  2.970  -15.893  48.055 0.0000000000
90098  1.302  -16.983  47.746 0.0000000000
90103  1.197  -16.579  47.315 0.0000000000
90104  0.932  -16.765  46.843 0.0000000000
90109  0.813  -16.275  46.350 0.0000000000
90122  0.446  -16.176  45.167 0.0000000000
90143  -0.208  -16.381  43.240 0.0000000000
91089  1.885  -15.440  57.838 0.0000000000
91098  1.443  -15.896  56.720 0.0000000000
91123  2.237  -15.847  54.403 0.0000000000
91158  4.263  -15.528  48.533 0.0000000000
91160  2.298  -16.199  47.695 0.0000000000
91166  3.262  -15.489  47.792 0.0000000000
91168  2.033  -15.624  47.330 0.0000000000
91181  1.352  -15.760  46.945 0.0000000000
91198  0.762  -15.875  46.037 0.0000000000
91215  0.667  -15.786  45.600 0.0000000000
91232  0.087  -15.933  44.473 0.0000000000
91244  -0.205  -15.743  43.816 0.0000000000
91256  0.250  -15.513  42.465 0.0000000000
91257  -0.099  -15.689  43.155 0.0000000000
92178  4.283  -14.579  52.923 0.0000000000
92193  5.039  -14.715  50.256 0.0000000000
92210  4.647  -15.193  49.071 0.0000000000
92220  4.450  -14.977  47.563 0.0000000000
92221  4.298  -15.292  47.950 0.0000000000
92237  2.405  -15.082  47.102 0.0000000000
92255  3.446  -14.879  46.808 0.0000000000
92257  2.151  -14.714  46.507 0.0000000000
92258  1.393  -14.940  46.172 0.0000000000
92286  1.319  -14.847  45.092 0.0000000000
92287  0.874  -15.288  45.418 0.0000000000
92301  -0.015  -15.306  44.253 0.0000000000
92313  0.366  -14.846  43.385 0.0000000000
92338  0.292  -15.059  41.766 0.0000000000
92358  -0.044  -15.281  41.164 0.0000000000
93269  2.824  -14.191  57.155 0.0000000000
93282  2.977  -14.263  56.105 0.0000000000
93292  3.611  -14.160  55.228 0.0000000000
93299  4.336  -13.836  54.242 0.0000000000
93302  5.037  -13.860  52.597 0.0000000000
93303  4.655  -14.064  53.104 0.0000000000
93369  4.714  -14.769  47.157 0.0000000000
93378  5.142  -14.291  46.750 0.0000000000
93380  3.682  -14.573  46.454 0.0000000000
93382  2.254  -14.521  46.033 0.0000000000
93389  4.685  -14.176  46.280 0.0000000000
93390  3.949  -14.105  46.264 0.0000000000
93392  2.671  -14.422  45.847 0.0000000000
93394  1.834  -14.612  45.770 0.0000000000
93399  2.121  -14.265  45.468 0.0000000000
93406  1.528  -14.293  44.718 0.0000000000
93407  1.078  -14.665  44.334 0.0000000000
93413  1.246  -13.958  43.950 0.0000000000
93422  1.092  -14.511  42.594 0.0000000000
93433  0.809  -14.604  41.867 0.0000000000
93443  2.515  -14.239  41.676 0.0000000000
94611  6.222  -13.017  52.095 0.0000000000
94647  6.375  -13.553  50.304 0.0000000000
94703  6.090  -13.285  46.230 0.0000000000
94707  3.081  -14.042  45.617 0.0000000000
94718  2.292  -13.862  45.116 0.0000000000
94719  1.893  -14.059  44.920 0.0000000000
94727  3.070  -13.261  44.677 0.0000000000
94729  2.006  -13.623  44.428 0.0000000000
94737  2.472  -13.235  43.403 0.0000000000
94739  1.540  -13.817  43.414 0.0000000000
94746  2.700  -13.286  42.759 0.0000000000
95964  3.504  -13.043  44.172 0.0000000000
95972  3.695  -12.914  43.683 0.0000000000
199345  1.231  -14.337  43.218 0.0000000000
200332  0.597  -19.903  56.105 0.0000000000
201695  0.809  -16.786  46.195 0.0000000000
201752  13.560  -21.214  59.248 0.0000000000
203826  0.869  -17.476  45.762 0.0000000000
204945  1.431  -18.624  48.788 0.0000000000
204956  2.610  -14.584  57.793 0.0000000000
206486  1.337  -20.119  47.989 0.0000000000
207337  0.082  -30.300  53.982 0.0000000000
207620  2.288  -13.262  44.017 0.0000000000
210183  3.420  -28.038  50.103 0.0000000000
210597  1.401  -19.175  48.694 0.0000000000
211563  -0.172  -29.431  54.777 0.0000000000
211902  6.508  -13.800  49.179 0.0000000000
212604  1.120  -28.262  54.915 0.0000000000
213286  0.586  -27.374  56.041 0.0000000000
217961  0.667  -18.137  44.579 0.0000000000
218637  1.792  -30.088  52.401 0.0000000000
218834  2.013  -29.635  52.213 0.0000000000
219409  1.396  -28.224  61.034 0.0000000000
219425  1.420  -15.252  46.598 0.0000000000
219547  0.612  -16.738  45.307 0.0000000000
221347  2.414  -28.247  61.998 0.0000000000
221517  5.113  -28.051  62.308 0.0000000000
223827  4.005  -22.681  55.813 0.0000000000
224348  0.851  -14.649  43.072 0.0000000000
224619  2.554  -14.614  46.200 0.0000000000
224660  3.377  -25.713  52.975 0.0000000000
227600  9.896  -23.857  61.783 0.0000000000
228167  1.653  -14.786  46.510 0.0000000000
232598  3.387  -23.692  57.626 0.0000000000
232866  2.538  -27.162  51.619 0.0000000000
233461  5.984  -22.925  49.429 0.0000000000
233863  0.576  -17.250  41.937 0.0000000000
234579  0.958  -18.076  46.170 0.0000000000
234892  4.755  -15.104  50.439 0.0000000000
235432  4.862  -27.936  48.416 0.0000000000
235621  5.458  -26.203  47.754 0.0000000000
235805  2.914  -28.117  50.354 0.0000000000
237158  3.126  -20.925  47.882 0.0000000000
237472  8.990  -24.767  62.447 0.0000000000
238468  5.692  -13.839  50.904 0.0000000000
238549  -0.263  -30.572  54.266 0.0000000000
238683  2.113  -20.097  45.509 0.0000000000
239019  0.972  -18.519  46.296 0.0000000000
239100  -0.098  -16.660  42.168 0.0000000000
239198  3.370  -16.689  52.570 0.0000000000
239238  13.040  -22.544  58.532 0.0000000000
239264  1.859  -18.647  43.872 0.0000000000
239333  1.045  -28.384  55.199 0.0000000000
239806  4.830  -22.781  53.921 0.0000000000
240018  1.416  -20.445  48.678 0.0000000000
240054  3.441  -26.845  62.912 0.0000000000
240055  8.714  -23.991  62.553 0.0000000000
240372  4.086  -15.536  48.060 0.0000000000
241403  1.266  -16.194  47.128 0.0000000000
241551  3.691  -27.352  45.381 0.0000000000
241977  3.644  -20.070  45.434 0.0000000000
241981  5.746  -27.167  62.432 0.0000000000
