#!ascii label  , from subject sub-v2s11x28682_ses-2 vox2ras=TkReg
2132
5184  18.823  -77.148  -28.113 0.5000000000
17823  9.845  -66.723  -22.232 0.6000000238
17809  10.262  -66.580  -21.703 0.6000000238
17788  9.313  -66.852  -20.230 0.6000000238
18735  10.168  -66.404  -20.924 0.6999999881
17774  9.631  -66.903  -19.643 0.6000000238
18734  10.840  -66.143  -20.763 0.6999999881
17773  10.474  -66.682  -19.761 0.6000000238
9162  9.326  -74.088  -23.624 0.5000000000
9133  12.620  -74.425  -21.544 0.6000000238
9134  11.201  -74.508  -21.473 0.6000000238
8260  10.009  -74.732  -22.950 0.5000000000
8240  14.331  -74.600  -22.161 0.5000000000
8222  13.320  -74.600  -21.545 0.4000000060
8243  11.651  -74.872  -21.985 0.5000000000
8259  10.610  -74.994  -22.657 0.6000000238
14758  5.898  -69.308  -22.149 0.5000000000
207070  18.220  -75.715  -25.260 0.4000000060
15837  6.085  -68.656  -22.617 0.5000000000
13694  6.557  -69.915  -21.220 0.5000000000
15836  6.733  -68.517  -22.173 0.6000000238
16895  8.150  -67.587  -22.863 0.6000000238
17853  9.616  -66.391  -23.546 0.6000000238
18791  10.104  -65.897  -23.442 0.6999999881
17824  9.318  -67.113  -22.466 0.6000000238
18780  10.288  -66.310  -22.561 0.6999999881
20725  10.786  -63.760  -23.243 0.6000000238
208355  11.104  -65.168  -22.684 0.6999999881
21760  11.224  -62.759  -23.301 0.6000000238
19725  11.156  -64.518  -22.636 0.6000000238
19714  11.485  -65.212  -22.104 0.6999999881
21736  11.875  -62.931  -22.535 0.6999999881
17763  9.699  -66.990  -18.854 0.6000000238
238626  9.114  -72.455  -24.385 0.5000000000
232951  9.939  -73.514  -22.541 0.6000000238
9986  9.239  -73.418  -23.773 0.5000000000
242554  12.930  -74.231  -21.165 0.6000000238
9115  12.320  -74.171  -21.001 0.6999999881
9135  10.587  -74.258  -21.794 0.6000000238
8238  15.674  -74.794  -22.398 0.4000000060
213575  6.202  -68.203  -26.024 0.5000000000
206799  5.775  -68.320  -23.485 0.5000000000
7499  18.868  -75.663  -27.894 0.5000000000
15869  6.123  -67.981  -23.861 0.5000000000
17868  8.503  -67.120  -24.907 0.6999999881
15868  6.904  -67.768  -23.899 0.6000000238
214238  9.088  -66.090  -25.343 0.6999999881
17855  8.875  -67.129  -24.344 0.6000000238
16910  8.285  -67.536  -24.201 0.6000000238
17854  9.268  -66.628  -24.064 0.6999999881
16894  8.888  -67.526  -23.034 0.6000000238
18803  9.689  -65.276  -24.878 0.6999999881
20752  9.753  -63.594  -24.618 0.6000000238
19747  10.022  -64.537  -24.891 0.6000000238
21772  9.797  -62.816  -24.298 0.6000000238
18790  10.528  -65.229  -23.711 0.6000000238
22778  10.677  -61.591  -24.001 0.6000000238
22766  11.695  -61.785  -23.012 0.6999999881
19676  11.664  -65.667  -19.324 0.6999999881
17750  9.731  -66.663  -18.232 0.5000000000
20711  12.037  -63.814  -21.944 0.6999999881
19703  11.928  -65.426  -20.898 0.6999999881
18715  10.668  -66.451  -19.073 0.6000000238
11833  10.093  -71.951  -23.171 0.5000000000
10893  9.773  -72.426  -23.663 0.5000000000
208811  9.074  -72.080  -24.496 0.5000000000
10840  10.715  -72.650  -20.839 0.6999999881
10876  9.957  -72.679  -22.850 0.6000000238
9097  13.711  -73.786  -20.472 0.5000000000
9098  12.909  -73.897  -20.572 0.6999999881
224366  11.824  -73.069  -20.188 0.6999999881
9117  10.796  -73.793  -21.098 0.6000000238
9966  10.324  -73.590  -21.790 0.6000000238
9147  16.274  -74.416  -22.291 0.4000000060
8239  15.100  -74.451  -21.984 0.4000000060
8221  13.850  -74.551  -21.594 0.5000000000
15901  5.857  -68.731  -26.742 0.5000000000
16933  7.437  -67.475  -26.264 0.5000000000
16944  6.709  -67.955  -27.259 0.5000000000
16934  6.860  -67.831  -25.899 0.5000000000
17892  8.283  -66.369  -26.602 0.6000000238
16922  7.816  -67.492  -25.140 0.5000000000
19776  8.831  -65.080  -26.686 0.6999999881
19792  10.365  -65.144  -26.533 0.6000000238
19775  9.126  -64.709  -26.119 0.6999999881
209850  9.304  -65.428  -25.547 0.6999999881
19774  10.765  -64.654  -26.027 0.6000000238
217021  9.873  -64.688  -25.908 0.6000000238
19756  9.533  -64.646  -25.672 0.6999999881
222244  12.061  -63.495  -26.331 0.6999999881
20778  10.085  -63.867  -25.609 0.6000000238
20764  9.699  -63.506  -25.160 0.6000000238
22805  12.908  -62.758  -25.220 0.6000000238
22806  11.716  -62.616  -25.141 0.6999999881
22807  10.611  -62.249  -24.906 0.6999999881
198172  14.918  -61.949  -25.116 0.6000000238
22794  13.624  -62.684  -24.788 0.6000000238
22795  12.148  -62.177  -24.519 0.6999999881
18695  10.994  -66.026  -17.201 0.6000000238
23785  12.104  -61.212  -23.347 0.6999999881
19683  12.366  -65.049  -20.395 0.6999999881
18706  11.151  -65.877  -17.998 0.6000000238
23798  15.415  -61.849  -24.332 0.6999999881
23800  13.967  -62.451  -23.998 0.6000000238
23770  12.744  -62.274  -22.815 0.8000000119
23754  12.485  -62.415  -22.380 0.6999999881
207376  12.459  -63.431  -21.471 0.6999999881
20696  12.370  -64.155  -21.242 0.6999999881
11856  10.069  -71.854  -24.007 0.6000000238
10824  11.360  -72.294  -20.438 0.6999999881
10839  11.076  -72.071  -21.282 0.6999999881
10856  10.416  -72.427  -21.541 0.6000000238
9933  13.947  -73.147  -20.034 0.5000000000
9935  12.608  -72.895  -19.835 0.6999999881
9964  16.158  -73.748  -22.000 0.4000000060
9112  14.748  -73.733  -21.231 0.5000000000
14838  6.538  -68.911  -27.341 0.5000000000
14816  6.334  -69.300  -26.983 0.5000000000
15917  6.513  -68.561  -27.431 0.5000000000
16954  8.206  -67.393  -28.199 0.6000000238
17919  9.766  -66.639  -28.565 0.6000000238
17921  8.731  -66.631  -28.180 0.6999999881
17893  7.870  -67.017  -26.456 0.6999999881
18852  10.346  -66.129  -27.977 0.6999999881
18854  9.025  -66.149  -27.926 0.6999999881
18835  11.814  -65.884  -27.026 0.6000000238
18851  11.249  -66.486  -27.814 0.6000000238
18837  9.906  -65.710  -27.141 0.6999999881
232064  13.865  -64.548  -26.204 0.6999999881
19771  13.174  -64.555  -26.141 0.6999999881
19790  12.191  -65.292  -26.393 0.6999999881
229143  12.238  -65.032  -16.879 0.6000000238
22827  14.052  -62.442  -27.421 0.6000000238
20774  13.364  -63.714  -26.304 0.6999999881
20776  11.844  -63.959  -26.379 0.6999999881
25828  15.826  -60.214  -25.648 0.6000000238
198324  15.158  -61.431  -25.754 0.6000000238
23819  14.672  -61.826  -26.304 0.6000000238
23820  13.816  -62.102  -26.543 0.6000000238
22818  13.078  -62.910  -26.182 0.6999999881
19658  12.285  -65.065  -17.605 0.6000000238
198416  16.186  -60.989  -25.177 0.6000000238
23810  14.114  -62.205  -25.601 0.6000000238
21699  13.730  -63.110  -20.235 0.6999999881
20669  13.200  -64.330  -19.501 0.6000000238
20670  12.676  -64.807  -19.146 0.6999999881
19667  11.693  -65.624  -18.497 0.6000000238
25827  16.322  -59.851  -25.158 0.5000000000
24812  16.785  -61.079  -24.777 0.6000000238
24801  15.838  -61.690  -23.676 0.8000000119
231458  15.213  -62.045  -22.345 0.8000000119
23752  13.961  -62.127  -21.738 0.8000000119
22741  12.944  -62.268  -21.172 0.8000000119
228940  12.924  -62.781  -20.898 0.6999999881
20676  13.096  -64.053  -20.274 0.6999999881
215948  13.947  -62.259  -22.814 0.8000000119
23769  13.858  -62.134  -22.262 0.8000000119
11832  10.664  -71.703  -22.839 0.6999999881
11855  10.514  -71.468  -23.620 0.6999999881
12798  10.039  -70.913  -24.488 0.6999999881
12799  8.893  -70.992  -24.523 0.6000000238
11775  12.612  -71.756  -19.984 0.6999999881
13762  9.019  -70.215  -24.700 0.6000000238
11751  13.702  -72.066  -19.707 0.6000000238
13782  8.240  -69.490  -25.154 0.5000000000
14814  8.436  -69.078  -25.855 0.5000000000
26730  12.982  -60.376  -15.373 0.6000000238
14836  8.721  -68.666  -26.500 0.5000000000
25701  13.058  -60.834  -15.617 0.5000000000
15914  8.972  -68.342  -27.179 0.5000000000
24685  14.152  -61.366  -16.272 0.6000000238
15940  9.626  -67.808  -28.404 0.6999999881
15941  8.720  -67.772  -28.489 0.6000000238
17931  10.971  -67.576  -29.170 0.6999999881
16961  9.054  -67.500  -28.801 0.6999999881
21649  14.014  -63.067  -16.681 0.6000000238
18850  12.274  -66.572  -27.881 0.6999999881
17917  11.454  -67.238  -28.687 0.6000000238
19788  14.245  -65.177  -26.464 0.6999999881
18833  13.699  -65.738  -26.692 0.6999999881
18834  12.723  -65.760  -27.036 0.6999999881
21665  13.679  -63.821  -17.487 0.6000000238
21664  14.057  -63.320  -17.160 0.6000000238
229987  14.404  -62.955  -27.365 0.6000000238
240338  13.617  -65.097  -26.210 0.6999999881
22711  14.382  -62.942  -18.386 0.6000000238
20641  12.285  -64.566  -16.350 0.6000000238
196666  16.659  -60.944  -27.437 0.6000000238
219625  14.586  -61.948  -27.231 0.6000000238
22723  15.178  -62.869  -19.352 0.6999999881
21684  13.622  -63.880  -19.101 0.6000000238
20662  12.932  -64.668  -17.777 0.6000000238
230071  16.101  -60.504  -26.748 0.6000000238
206783  16.461  -61.231  -21.437 0.6000000238
24747  15.890  -61.429  -21.065 0.6000000238
23732  14.248  -62.265  -20.717 0.6999999881
208841  14.136  -62.854  -19.945 0.6000000238
217238  12.617  -65.001  -18.365 0.6000000238
214136  17.070  -60.931  -22.606 0.6000000238
23740  15.282  -61.760  -21.353 0.8000000119
24786  16.889  -61.073  -23.179 0.6000000238
24772  15.796  -61.535  -22.301 0.6999999881
22740  13.594  -62.326  -20.995 0.8000000119
12745  11.928  -71.233  -22.225 0.6999999881
12785  11.102  -71.203  -23.251 0.6999999881
12797  10.766  -70.813  -24.636 0.6999999881
235715  12.487  -70.745  -21.187 0.6999999881
11795  11.657  -71.612  -20.923 0.6999999881
12813  10.331  -70.582  -24.949 0.6000000238
13781  9.245  -69.738  -25.160 0.6000000238
210711  14.708  -59.160  -14.506 0.6000000238
27751  13.230  -59.018  -14.537 0.6000000238
26721  15.031  -59.647  -14.618 0.6000000238
26723  13.107  -59.663  -15.025 0.6000000238
14813  9.524  -69.308  -25.762 0.6000000238
25700  14.126  -60.724  -15.136 0.5000000000
15938  11.242  -68.481  -28.728 0.6999999881
14866  10.099  -68.305  -27.763 0.6999999881
25709  15.860  -60.597  -16.043 0.4000000060
24668  14.507  -60.963  -15.834 0.5000000000
16971  11.504  -68.077  -29.663 0.6999999881
15951  11.279  -68.376  -29.461 0.8000000119
24701  15.788  -61.300  -16.830 0.5000000000
17930  11.696  -67.704  -29.701 0.6000000238
16972  10.795  -67.728  -29.039 0.6999999881
206265  15.397  -62.081  -17.236 0.6000000238
18849  13.290  -66.381  -27.567 0.6999999881
231250  12.999  -66.892  -28.330 0.6999999881
23706  15.945  -62.212  -18.371 0.6999999881
22673  14.852  -62.756  -17.455 0.6000000238
20789  16.231  -64.305  -26.561 0.6999999881
19787  15.058  -65.371  -26.525 0.6999999881
24720  17.118  -61.734  -19.113 0.5000000000
22695  14.483  -63.004  -17.653 0.6000000238
196664  17.123  -61.951  -26.012 0.6000000238
199409  15.851  -62.738  -27.074 0.6000000238
208871  15.512  -64.034  -26.650 0.6999999881
22709  15.360  -62.641  -18.702 0.6999999881
201448  16.724  -61.426  -26.557 0.6000000238
22826  15.026  -62.374  -27.090 0.6000000238
24746  16.688  -61.355  -20.218 0.5000000000
23719  15.838  -61.766  -19.693 0.6000000238
200123  16.490  -60.830  -27.369 0.6000000238
25785  18.323  -60.302  -22.109 0.6000000238
24757  17.195  -61.014  -21.162 0.5000000000
242056  15.515  -61.900  -20.234 0.6999999881
26842  18.247  -59.536  -23.123 0.6000000238
222579  12.137  -70.439  -23.392 0.6999999881
12796  11.405  -70.692  -24.405 0.6999999881
13760  11.338  -70.436  -24.985 0.6000000238
13803  10.249  -69.498  -25.904 0.6000000238
27737  14.356  -58.261  -13.899 0.4000000060
27738  13.623  -58.394  -14.171 0.5000000000
14834  10.633  -69.310  -26.378 0.6000000238
27749  15.333  -58.971  -14.614 0.5000000000
27752  12.462  -58.840  -14.647 0.6000000238
13820  11.829  -69.736  -26.755 0.6999999881
207837  11.634  -69.032  -28.244 0.6999999881
242239  9.772  -68.336  -27.132 0.6000000238
25698  15.631  -60.475  -15.306 0.5000000000
14875  12.443  -68.876  -30.079 0.6999999881
24681  16.872  -61.062  -16.464 0.4000000060
17913  15.995  -66.656  -29.023 0.6999999881
17928  14.337  -67.309  -29.552 0.6999999881
16969  13.646  -67.971  -30.370 0.6999999881
24700  16.237  -61.384  -16.921 0.6000000238
20773  17.681  -64.483  -26.852 0.6999999881
18830  16.404  -66.065  -27.413 0.6999999881
17915  13.835  -66.967  -28.325 0.6999999881
17929  13.258  -67.256  -29.312 0.6999999881
24707  17.957  -61.276  -17.837 0.5000000000
23669  16.455  -61.934  -17.362 0.5000000000
21798  17.245  -63.730  -26.453 0.6000000238
19785  16.461  -65.105  -26.814 0.6999999881
18831  15.617  -66.021  -27.026 0.6999999881
18848  14.261  -66.420  -27.544 0.6999999881
206731  17.608  -61.748  -18.389 0.5000000000
24826  18.084  -61.175  -26.017 0.5000000000
211858  17.720  -62.593  -25.942 0.6000000238
21787  16.432  -63.038  -26.584 0.6000000238
13759  12.341  -69.845  -24.542 0.6999999881
13778  11.895  -69.998  -25.275 0.6999999881
29843  14.616  -57.591  -13.534 0.4000000060
13777  12.675  -69.878  -25.326 0.6999999881
217504  11.698  -69.913  -26.043 0.6999999881
28818  13.544  -57.679  -13.774 0.4000000060
13819  12.169  -69.846  -26.661 0.6999999881
28819  12.547  -57.904  -13.792 0.6000000238
208300  12.738  -69.605  -28.007 0.8000000119
14851  12.638  -69.676  -27.149 0.6999999881
14873  14.437  -69.612  -29.670 0.6000000238
14874  13.415  -69.253  -29.780 0.6000000238
29847  10.454  -57.673  -13.308 0.6000000238
16967  15.587  -68.168  -30.162 0.6999999881
15957  15.586  -68.928  -30.251 0.6999999881
14882  14.074  -69.169  -30.442 0.6000000238
18845  16.946  -66.466  -28.522 0.6000000238
20772  18.152  -64.356  -27.052 0.6000000238
30895  8.340  -56.415  -13.699 0.5000000000
212533  19.123  -62.616  -25.935 0.6000000238
21786  17.973  -63.937  -26.350 0.6999999881
24824  19.544  -61.523  -25.688 0.5000000000
14832  13.214  -69.599  -26.658 0.6999999881
29833  13.349  -57.157  -12.916 0.4000000060
220212  13.390  -69.553  -27.505 0.8000000119
29845  12.155  -57.557  -13.258 0.5000000000
14860  14.819  -69.369  -28.294 0.8000000119
29836  11.006  -56.977  -13.121 0.4000000060
29834  12.679  -57.128  -12.704 0.4000000060
14862  13.636  -69.659  -28.687 0.6999999881
30882  10.481  -56.423  -12.681 0.4000000060
29846  11.338  -57.507  -13.434 0.5000000000
19783  18.458  -65.924  -28.706 0.6000000238
17926  16.691  -67.216  -29.491 0.6000000238
15947  16.121  -68.374  -29.899 0.6999999881
31986  9.972  -55.679  -12.921 0.4000000060
20786  18.545  -64.580  -28.041 0.6000000238
20787  18.151  -64.972  -28.009 0.6000000238
31989  8.487  -55.815  -13.690 0.4000000060
29848  9.225  -57.170  -13.732 0.6000000238
22814  19.543  -63.088  -26.031 0.6000000238
23815  20.398  -62.498  -25.674 0.5000000000
25830  21.020  -60.674  -25.959 0.5000000000
30863  13.666  -56.425  -12.210 0.4000000060
14831  13.650  -69.575  -26.112 0.8000000119
211245  12.840  -56.226  -12.544 0.4000000060
14849  14.664  -69.598  -27.174 0.6999999881
30881  11.469  -56.219  -12.833 0.4000000060
15927  16.016  -68.285  -27.992 0.6000000238
15937  15.612  -69.120  -28.900 0.6999999881
18844  17.622  -66.525  -28.663 0.6000000238
16960  16.825  -67.590  -28.996 0.6000000238
33092  10.331  -54.888  -13.123 0.4000000060
33093  9.594  -54.933  -13.340 0.4000000060
21783  19.903  -63.382  -27.014 0.6000000238
33094  9.022  -54.990  -13.763 0.4000000060
22813  20.578  -62.739  -26.500 0.4000000060
216215  13.634  -55.410  -12.397 0.4000000060
214473  14.855  -69.093  -26.670 0.6999999881
203664  12.919  -55.518  -12.562 0.4000000060
16953  16.178  -68.067  -26.896 0.6999999881
15928  15.119  -68.913  -27.566 0.6000000238
31972  11.552  -55.251  -12.577 0.4000000060
19796  18.824  -66.464  -29.033 0.6000000238
17900  17.765  -66.715  -27.912 0.6000000238
216145  10.011  -54.290  -13.578 0.4000000060
22824  20.462  -63.383  -27.685 0.6000000238
212694  9.677  -54.095  -14.898 0.3000000119
22823  21.026  -62.915  -27.255 0.4000000060
23823  21.906  -62.090  -27.038 0.4000000060
23828  22.251  -62.488  -27.771 0.4000000060
212431  12.183  -54.162  -12.508 0.4000000060
34124  10.948  -53.659  -13.651 0.4000000060
21809  19.760  -64.936  -28.825 0.6000000238
21808  20.470  -64.164  -28.699 0.6000000238
21807  20.953  -64.432  -29.089 0.6000000238
23827  23.134  -62.206  -27.997 0.4000000060
23831  23.731  -62.938  -29.123 0.5000000000
226260  23.531  -61.420  -27.514 0.4000000060
36326  10.554  -52.320  -16.920 0.3000000119
198193  24.104  -62.020  -28.503 0.4000000060
37375  14.714  -51.781  -13.274 0.4000000060
37425  11.756  -51.213  -15.351 0.3000000119
38649  9.596  -50.688  -18.790 0.4000000060
37392  15.728  -51.285  -13.654 0.4000000060
231970  14.080  -50.922  -14.064 0.4000000060
38590  12.365  -50.531  -14.421 0.3000000119
37412  12.593  -51.002  -14.449 0.3000000119
37454  10.599  -51.247  -17.351 0.3000000119
37438  11.383  -51.284  -16.025 0.3000000119
37471  10.351  -51.248  -18.070 0.3000000119
39787  15.350  -50.347  -13.550 0.4000000060
39788  14.696  -50.207  -13.814 0.4000000060
38563  13.715  -50.526  -14.173 0.4000000060
38601  11.609  -50.578  -15.647 0.3000000119
38602  11.178  -50.591  -16.296 0.3000000119
43770  8.226  -47.570  -18.311 0.4000000060
46399  7.491  -46.318  -17.824 0.3000000119
46380  7.087  -45.417  -17.668 0.3000000119
38615  10.758  -50.601  -17.008 0.3000000119
39845  10.106  -49.871  -18.125 0.3000000119
41053  14.860  -49.154  -13.507 0.4000000060
39790  13.598  -49.886  -14.465 0.4000000060
39803  13.080  -49.829  -14.230 0.3000000119
39804  12.426  -49.746  -14.244 0.3000000119
41096  11.899  -49.651  -14.815 0.3000000119
42447  9.047  -48.601  -18.831 0.3000000119
41110  11.081  -49.466  -16.323 0.3000000119
45089  8.019  -46.926  -18.073 0.3000000119
41119  10.749  -49.287  -17.134 0.3000000119
46397  9.078  -46.244  -18.302 0.4000000060
46398  8.198  -46.077  -18.076 0.3000000119
47711  8.868  -44.929  -17.952 0.3000000119
47697  7.838  -44.959  -17.770 0.3000000119
42378  14.173  -49.219  -13.728 0.4000000060
41084  12.873  -49.589  -14.160 0.4000000060
41085  12.250  -49.361  -14.433 0.3000000119
43769  8.862  -47.585  -18.081 0.4000000060
41086  11.629  -49.077  -15.057 0.3000000119
42426  9.762  -48.086  -17.907 0.3000000119
45088  8.672  -46.922  -18.233 0.4000000060
43761  9.809  -47.493  -17.603 0.4000000060
48928  8.971  -44.196  -17.717 0.3000000119
42379  13.823  -48.687  -13.496 0.4000000060
209797  12.997  -48.286  -13.980 0.4000000060
42381  12.526  -47.810  -14.251 0.4000000060
43722  11.976  -47.849  -14.818 0.4000000060
41098  11.083  -49.042  -15.824 0.3000000119
43734  10.708  -47.816  -16.400 0.3000000119
43760  10.340  -47.364  -17.363 0.3000000119
45069  10.420  -46.790  -17.379 0.3000000119
212027  10.739  -45.733  -17.532 0.5000000000
46379  9.624  -46.400  -17.968 0.4000000060
47695  10.348  -45.471  -18.011 0.4000000060
50168  8.916  -43.371  -17.876 0.3000000119
43713  13.222  -47.532  -13.917 0.4000000060
45034  12.326  -47.142  -14.687 0.4000000060
45035  11.777  -47.258  -15.164 0.3000000119
46349  11.094  -46.283  -16.045 0.3000000119
47663  11.952  -45.145  -16.282 0.3000000119
47678  11.894  -44.527  -16.875 0.3000000119
43733  10.920  -47.889  -15.751 0.3000000119
45046  11.455  -46.794  -15.591 0.3000000119
219565  10.867  -45.721  -16.669 0.3000000119
47680  10.910  -45.202  -17.245 0.3000000119
48901  11.167  -44.560  -17.476 0.3000000119
238491  10.794  -46.509  -16.544 0.3000000119
47694  10.786  -45.103  -17.793 0.3000000119
237327  10.375  -44.859  -18.078 0.3000000119
50152  8.875  -42.477  -17.920 0.3000000119
217986  16.082  -46.541  -13.162 0.3000000119
46306  15.445  -46.403  -13.219 0.3000000119
45020  14.328  -46.717  -13.613 0.3000000119
46335  13.802  -45.860  -14.731 0.3000000119
47662  13.136  -45.100  -15.658 0.3000000119
48899  13.064  -44.104  -16.424 0.3000000119
46325  13.393  -46.396  -14.463 0.3000000119
47650  13.517  -45.491  -15.218 0.3000000119
211720  12.489  -45.318  -15.782 0.3000000119
48885  12.716  -44.789  -16.334 0.3000000119
48913  12.116  -43.941  -17.115 0.3000000119
50150  11.668  -43.482  -18.147 0.3000000119
48927  10.776  -44.436  -18.041 0.3000000119
50165  11.324  -43.210  -18.395 0.3000000119
234824  9.850  -44.076  -18.045 0.3000000119
51418  9.791  -42.368  -18.099 0.3000000119
47620  16.896  -45.756  -13.326 0.3000000119
46322  15.298  -45.912  -13.627 0.3000000119
46323  14.705  -46.077  -13.959 0.3000000119
47649  14.113  -45.274  -14.944 0.3000000119
48884  13.401  -44.517  -15.900 0.3000000119
50149  12.745  -42.923  -17.278 0.3000000119
51399  11.899  -42.797  -18.351 0.3000000119
51416  11.137  -42.280  -18.542 0.3000000119
51400  9.057  -41.786  -17.690 0.3000000119
216088  13.917  -43.295  -16.092 0.3000000119
50136  13.309  -43.279  -16.560 0.3000000119
51415  11.769  -41.869  -18.534 0.3000000119
52727  10.466  -41.390  -18.603 0.3000000119
52709  9.764  -41.552  -18.059 0.3000000119
52708  10.118  -40.998  -17.786 0.3000000119
51380  13.796  -42.602  -16.266 0.3000000119
51381  13.365  -42.431  -17.102 0.3000000119
51397  12.805  -42.103  -17.869 0.3000000119
213264  14.461  -42.995  -15.857 0.3000000119
52691  13.965  -41.871  -16.260 0.3000000119
52692  13.681  -42.014  -16.808 0.3000000119
52707  12.720  -41.140  -18.194 0.3000000119
52725  11.919  -41.046  -18.411 0.3000000119
53978  11.070  -40.129  -18.421 0.3000000119
52693  9.684  -40.567  -16.907 0.3000000119
6654  18.512  -76.613  -27.936 0.5000000000
6638  18.051  -76.556  -26.276 0.5000000000
7456  18.396  -75.821  -26.025 0.4000000060
18768  10.825  -66.106  -22.126 0.6999999881
18724  11.376  -65.858  -19.920 0.6999999881
8255  16.301  -74.985  -22.739 0.4000000060
8327  18.805  -75.266  -27.061 0.5000000000
21779  9.822  -63.039  -25.222 0.6000000238
15916  7.234  -68.129  -27.302 0.5000000000
21790  11.311  -63.412  -25.786 0.6000000238
14864  11.683  -68.933  -29.392 0.8000000119
14865  10.942  -68.781  -27.788 0.6999999881
235338  12.775  -68.273  -30.589 0.6000000238
23817  18.814  -61.849  -25.768 0.5000000000
18847  15.298  -66.452  -27.793 0.6999999881
30893  9.210  -56.537  -13.325 0.4000000060
25831  20.208  -60.476  -25.991 0.5000000000
20785  19.198  -65.161  -28.640 0.6000000238
227846  21.282  -61.743  -26.171 0.4000000060
16952  16.807  -67.661  -27.663 0.6000000238
19782  19.210  -66.594  -29.009 0.6000000238
207968  10.598  -53.452  -14.300 0.3000000119
22832  21.089  -63.534  -28.326 0.4000000060
22831  21.818  -63.280  -28.578 0.4000000060
38561  15.018  -50.846  -13.724 0.4000000060
43712  13.802  -47.331  -13.476 0.3000000119
46321  16.040  -45.923  -13.348 0.3000000119
17877  16.764  -67.212  -25.167 0.5000000000
16932  15.986  -68.119  -25.124 0.5000000000
202766  15.354  -68.344  -25.577 0.6999999881
15884  14.917  -68.703  -24.368 0.6999999881
229694  13.404  -69.696  -25.334 0.6000000238
16931  16.452  -67.710  -25.566 0.5000000000
15912  15.481  -68.529  -26.612 0.6000000238
14830  14.380  -69.485  -26.271 0.6000000238
13692  12.585  -70.329  -21.597 0.6000000238
12744  12.277  -70.857  -21.787 0.6000000238
15867  14.946  -68.653  -23.635 0.6999999881
14767  14.016  -69.338  -22.856 0.6000000238
13732  13.272  -70.246  -22.905 0.6000000238
14781  14.530  -69.177  -23.992 0.6999999881
13747  13.660  -69.936  -23.899 0.6000000238
13749  12.708  -70.372  -23.232 0.6000000238
213736  17.462  -67.079  -25.575 0.5000000000
15834  15.010  -68.171  -21.555 0.6999999881
14738  13.955  -69.119  -21.218 0.6999999881
13690  13.573  -69.545  -20.887 0.6000000238
13666  13.476  -70.268  -20.618 0.6000000238
15849  15.346  -68.053  -22.381 0.6000000238
14766  14.491  -68.898  -22.473 0.6999999881
14739  13.410  -69.494  -21.658 0.6000000238
16873  15.631  -67.297  -22.281 0.6000000238
18809  18.080  -65.953  -25.741 0.5000000000
17890  17.619  -67.244  -26.490 0.5000000000
15833  15.446  -67.627  -21.572 0.6999999881
14737  14.372  -68.797  -20.813 0.6000000238
11774  13.354  -71.382  -19.877 0.6000000238
233910  19.512  -65.464  -26.052 0.5000000000
18821  18.184  -66.294  -26.823 0.5000000000
207641  22.646  -65.786  -28.642 0.5000000000
19767  19.663  -65.744  -27.025 0.5000000000
20803  23.286  -65.487  -29.401 0.4000000060
16828  8.849  -67.556  -19.259 0.4000000060
201114  9.499  -66.832  -21.627 0.4000000060
16842  8.523  -67.760  -20.290 0.4000000060
16858  8.380  -67.625  -20.887 0.5000000000
210281  8.683  -67.572  -22.336 0.5000000000
16843  7.827  -67.896  -20.575 0.5000000000
19780  20.202  -65.459  -28.357 0.5000000000
16876  7.539  -68.024  -22.131 0.5000000000
11753  8.068  -71.209  -19.455 0.6000000238
20796  21.715  -65.570  -29.119 0.4000000060
16896  7.548  -67.774  -22.741 0.5000000000
15822  7.176  -68.752  -21.449 0.5000000000
13667  7.516  -70.174  -20.262 0.5000000000
16829  8.463  -68.132  -19.413 0.5000000000
16830  7.971  -67.946  -19.972 0.5000000000
14696  7.872  -68.886  -18.378 0.5000000000
14707  7.723  -68.877  -19.551 0.5000000000
214091  8.025  -69.476  -18.239 0.5000000000
213216  7.444  -68.504  -20.750 0.5000000000
239743  7.652  -69.056  -19.929 0.5000000000
12690  8.067  -70.439  -19.631 0.5000000000
20805  21.230  -65.053  -29.580 0.5000000000
14740  7.315  -69.017  -20.854 0.5000000000
20793  24.809  -64.833  -29.246 0.4000000060
21813  23.720  -64.702  -29.772 0.4000000060
21812  24.817  -64.446  -29.839 0.4000000060
18697  9.427  -66.065  -17.086 0.5000000000
14689  8.289  -69.289  -17.665 0.5000000000
20798  20.252  -65.162  -28.821 0.5000000000
238055  22.192  -63.778  -29.315 0.4000000060
18681  11.487  -65.854  -16.751 0.5000000000
19640  9.954  -65.344  -15.960 0.5000000000
19619  8.797  -64.743  -15.129 0.5000000000
18683  9.740  -65.700  -16.511 0.5000000000
22835  24.338  -63.842  -29.889 0.4000000060
20643  11.277  -64.991  -15.859 0.5000000000
19627  10.103  -64.910  -15.614 0.5000000000
20632  11.334  -64.278  -15.635 0.5000000000
21638  10.147  -63.817  -15.121 0.5000000000
20620  8.920  -64.142  -14.999 0.5000000000
20623  7.005  -64.480  -14.898 0.4000000060
21636  11.460  -63.567  -15.541 0.5000000000
21626  9.078  -63.617  -15.076 0.6000000238
21628  7.717  -63.753  -14.904 0.6000000238
21651  12.439  -63.914  -16.106 0.5000000000
235273  11.463  -62.828  -15.499 0.5000000000
22629  10.389  -63.125  -15.166 0.5000000000
231152  9.303  -62.816  -15.553 0.6000000238
21653  7.506  -63.156  -15.666 0.6000000238
21654  6.807  -63.467  -16.027 0.6000000238
20644  5.369  -64.062  -16.186 0.5000000000
20663  4.717  -63.854  -17.421 0.5000000000
21680  4.685  -63.628  -18.310 0.5000000000
22648  13.379  -62.995  -16.349 0.5000000000
23649  13.138  -62.245  -16.175 0.5000000000
23637  11.313  -62.027  -15.563 0.5000000000
22628  10.780  -62.544  -15.442 0.5000000000
23638  10.602  -61.717  -15.584 0.6000000238
22631  8.104  -62.720  -15.774 0.6000000238
22653  7.121  -62.782  -16.466 0.6000000238
20652  5.598  -63.718  -16.729 0.6000000238
21679  5.327  -63.473  -18.104 0.5000000000
25744  6.859  -60.741  -20.205 0.5000000000
21694  5.235  -63.460  -19.633 0.5000000000
23648  13.756  -62.431  -16.498 0.5000000000
24686  12.935  -61.592  -15.857 0.5000000000
24687  12.206  -61.282  -16.036 0.6000000238
24689  10.733  -60.957  -16.001 0.6000000238
199215  10.186  -60.620  -16.406 0.6000000238
23654  8.788  -62.155  -16.929 0.6000000238
24690  9.362  -61.515  -16.808 0.6000000238
22676  7.625  -62.571  -17.119 0.6000000238
23675  8.100  -62.347  -17.786 0.6000000238
22677  6.837  -62.663  -17.288 0.6000000238
22698  6.536  -62.821  -18.617 0.5000000000
21686  5.395  -63.348  -18.984 0.5000000000
22713  6.223  -63.038  -19.295 0.5000000000
208727  7.130  -62.868  -19.660 0.5000000000
206080  6.299  -62.826  -20.635 0.5000000000
22735  6.933  -62.022  -21.098 0.5000000000
24671  12.099  -60.622  -16.096 0.6000000238
25710  11.428  -60.330  -15.898 0.6000000238
203063  10.316  -59.987  -16.416 0.6000000238
26740  9.877  -59.668  -16.528 0.6000000238
24702  9.587  -60.925  -16.761 0.6000000238
24709  8.922  -61.427  -17.929 0.6000000238
25725  8.958  -60.783  -17.806 0.6000000238
23694  7.985  -62.472  -18.583 0.5000000000
200365  8.410  -61.063  -18.349 0.5000000000
22712  7.542  -62.724  -19.165 0.5000000000
25732  7.773  -60.971  -18.903 0.5000000000
233900  7.988  -60.373  -18.415 0.6000000238
23721  7.644  -61.714  -20.016 0.5000000000
24722  7.340  -60.935  -19.693 0.5000000000
25726  6.486  -60.368  -18.343 0.5000000000
26760  5.955  -59.920  -17.712 0.5000000000
205418  10.390  -59.558  -16.352 0.6000000238
27775  9.444  -59.339  -16.433 0.6000000238
26741  9.208  -59.971  -16.796 0.6000000238
25720  8.470  -60.186  -17.880 0.6000000238
26753  7.058  -59.631  -17.205 0.6000000238
26759  6.805  -59.916  -17.815 0.5000000000
236217  10.675  -59.052  -15.514 0.6000000238
26752  7.865  -59.722  -17.179 0.6000000238
26744  7.242  -59.372  -16.524 0.6000000238
27788  5.671  -59.059  -16.609 0.5000000000
28822  10.126  -57.958  -13.901 0.6000000238
28858  10.352  -58.529  -15.144 0.6000000238
28860  8.995  -58.424  -15.144 0.6000000238
27764  8.626  -58.728  -15.648 0.6000000238
26743  8.000  -59.518  -16.489 0.6000000238
27766  6.990  -58.765  -15.122 0.5000000000
29860  9.532  -57.668  -14.362 0.6000000238
28861  8.242  -58.283  -15.080 0.6000000238
29861  9.045  -57.500  -14.199 0.6000000238
27765  7.830  -58.734  -15.450 0.6000000238
222233  7.563  -56.967  -14.268 0.6000000238
240840  6.814  -56.815  -14.843 0.5000000000
30909  7.719  -56.353  -14.056 0.4000000060
13758  12.988  -69.811  -24.151 0.6000000238
14812  13.971  -69.565  -24.992 0.6999999881
17889  17.993  -66.976  -27.006 0.5000000000
200498  19.256  -66.143  -27.791 0.5000000000
204496  21.736  -65.297  -27.249 0.5000000000
19766  20.258  -65.613  -27.322 0.5000000000
13619  8.105  -70.084  -18.514 0.6000000238
206025  9.179  -62.366  -16.241 0.6000000238
212483  9.654  -61.978  -16.383 0.6000000238
22696  7.644  -62.583  -17.851 0.6000000238
23707  7.865  -62.256  -19.385 0.5000000000
27763  9.425  -58.888  -15.833 0.6000000238
26742  8.718  -59.526  -16.488 0.6000000238
27755  7.382  -58.465  -14.840 0.6000000238
28862  6.482  -58.080  -15.368 0.6000000238
5192  20.042  -77.068  -28.698 0.4000000060
6659  21.999  -75.731  -28.337 0.5000000000
7516  21.524  -75.249  -29.143 0.5000000000
6666  21.404  -75.823  -28.924 0.4000000060
6668  20.287  -76.199  -29.096 0.4000000060
7519  19.942  -75.855  -29.218 0.4000000060
5900  19.390  -76.676  -28.702 0.4000000060
8374  22.401  -74.453  -29.154 0.5000000000
8359  22.268  -74.937  -28.531 0.5000000000
231012  20.568  -75.107  -29.811 0.5000000000
8378  19.692  -74.841  -29.626 0.5000000000
7510  19.466  -75.889  -28.668 0.4000000060
9235  21.645  -73.907  -30.134 0.5000000000
237305  20.743  -74.035  -30.551 0.5000000000
9237  20.010  -73.893  -30.401 0.5000000000
8342  19.566  -74.526  -28.930 0.5000000000
8343  19.306  -74.964  -27.979 0.4000000060
9213  19.553  -74.151  -28.032 0.4000000060
10078  21.452  -72.813  -30.659 0.5000000000
10073  20.196  -73.312  -30.518 0.5000000000
10974  20.624  -72.576  -30.133 0.5000000000
9238  19.873  -73.520  -30.119 0.5000000000
9212  19.573  -73.771  -28.702 0.5000000000
8315  18.867  -74.704  -26.780 0.4000000060
217894  14.360  -71.979  -20.151 0.5000000000
9953  15.061  -73.188  -20.910 0.4000000060
9952  15.541  -73.001  -21.223 0.4000000060
10874  16.344  -73.030  -22.220 0.4000000060
9974  16.581  -73.688  -22.555 0.4000000060
9161  16.779  -74.325  -22.858 0.4000000060
10968  19.744  -72.717  -28.819 0.5000000000
9171  18.081  -74.036  -23.844 0.4000000060
8279  18.243  -74.788  -24.140 0.4000000060
8291  18.468  -74.885  -24.968 0.4000000060
10962  19.838  -72.405  -28.104 0.4000000060
10057  19.592  -72.872  -28.108 0.5000000000
9204  18.817  -74.472  -26.200 0.4000000060
9208  19.299  -73.678  -27.403 0.4000000060
10838  15.293  -72.551  -20.915 0.4000000060
10892  17.361  -73.076  -23.198 0.4000000060
9159  17.756  -73.487  -23.463 0.4000000060
11925  20.631  -71.736  -28.409 0.4000000060
10032  18.774  -73.655  -25.298 0.4000000060
9194  18.726  -74.263  -25.473 0.4000000060
11922  19.894  -72.056  -27.559 0.4000000060
10957  18.966  -72.609  -27.167 0.4000000060
204840  18.963  -73.041  -26.176 0.4000000060
10048  18.974  -73.120  -26.838 0.4000000060
200595  14.142  -71.377  -19.913 0.5000000000
10820  15.106  -72.019  -20.447 0.4000000060
11792  15.963  -71.287  -21.212 0.4000000060
11809  17.001  -71.436  -22.175 0.4000000060
10872  17.816  -72.454  -23.187 0.4000000060
233456  18.138  -72.621  -23.936 0.4000000060
10910  18.762  -72.418  -24.783 0.4000000060
9998  18.153  -73.278  -24.179 0.4000000060
11915  20.055  -71.588  -27.063 0.4000000060
10938  19.526  -72.225  -26.150 0.4000000060
10939  19.043  -72.764  -25.784 0.4000000060
12706  13.881  -70.769  -20.077 0.5000000000
217025  15.346  -70.768  -20.256 0.5000000000
214458  14.945  -70.155  -20.213 0.6000000238
12723  15.858  -70.813  -20.574 0.5000000000
11830  18.036  -71.599  -22.955 0.4000000060
11853  18.905  -71.626  -23.828 0.4000000060
11892  19.616  -71.436  -24.908 0.4000000060
12822  20.025  -71.214  -25.468 0.4000000060
12722  16.381  -70.640  -20.943 0.4000000060
14719  15.563  -69.019  -20.370 0.5000000000
13712  17.536  -70.132  -21.809 0.4000000060
11829  18.646  -71.312  -23.229 0.4000000060
13688  17.190  -69.815  -21.083 0.5000000000
14755  18.531  -69.555  -22.338 0.4000000060
13730  18.712  -70.052  -22.829 0.4000000060
12764  19.246  -70.347  -23.310 0.4000000060
15807  16.043  -68.414  -20.431 0.6000000238
15808  15.354  -68.439  -20.568 0.6000000238
14735  18.121  -69.204  -21.221 0.5000000000
14754  19.556  -69.174  -22.652 0.4000000060
209712  15.447  -68.392  -24.745 0.5000000000
25703  11.974  -60.164  -15.989 0.5000000000
27761  11.331  -59.368  -15.327 0.5000000000
28820  11.781  -57.886  -13.964 0.5000000000
26724  12.704  -59.265  -15.082 0.5000000000
27754  11.007  -58.680  -14.953 0.5000000000
26732  11.370  -59.967  -15.860 0.5000000000
8376  21.046  -74.880  -29.820 0.5000000000
7517  21.003  -75.465  -29.401 0.5000000000
10854  16.160  -72.314  -22.083 0.4000000060
10873  17.149  -72.581  -22.771 0.4000000060
10951  19.026  -72.624  -26.577 0.4000000060
12743  16.583  -70.971  -21.665 0.4000000060
12765  17.519  -71.063  -22.586 0.4000000060
10890  18.623  -72.249  -24.189 0.4000000060
200834  19.708  -71.756  -25.614 0.4000000060
238595  15.763  -70.530  -20.327 0.5000000000
11871  19.454  -71.290  -24.091 0.4000000060
13663  16.327  -69.735  -20.495 0.5000000000
14736  17.468  -69.144  -20.747 0.6000000238
13729  19.428  -69.788  -22.992 0.5000000000
15806  17.321  -68.306  -20.537 0.5000000000
22793  22.863  -63.361  -24.610 0.3000000119
21759  22.607  -63.838  -23.712 0.3000000119
21775  22.878  -64.359  -25.456 0.3000000119
22801  22.983  -63.579  -25.371 0.3000000119
23808  23.212  -61.942  -25.397 0.3000000119
203243  23.346  -60.715  -24.940 0.3000000119
24819  23.510  -61.037  -25.522 0.3000000119
20720  21.863  -64.258  -22.408 0.3000000119
20708  20.701  -64.394  -22.220 0.4000000060
207426  20.380  -64.191  -23.247 0.4000000060
21747  22.496  -63.902  -22.781 0.3000000119
20735  20.317  -64.197  -23.911 0.4000000060
20748  21.459  -64.503  -24.283 0.4000000060
19755  18.306  -65.500  -25.244 0.4000000060
18810  17.720  -66.537  -25.174 0.4000000060
21758  23.237  -63.446  -23.725 0.3000000119
20761  22.512  -64.850  -25.221 0.3000000119
212977  21.590  -64.991  -26.219 0.4000000060
23812  24.359  -61.703  -26.479 0.3000000119
22821  23.470  -63.964  -26.512 0.3000000119
19700  20.063  -65.717  -21.391 0.4000000060
18754  18.912  -65.996  -21.141 0.4000000060
17820  17.122  -66.425  -21.542 0.4000000060
17835  16.967  -66.390  -22.368 0.4000000060
20695  21.700  -64.617  -21.551 0.4000000060
20709  20.162  -64.654  -22.185 0.4000000060
19712  18.981  -65.068  -21.887 0.4000000060
219126  17.829  -65.619  -22.452 0.4000000060
17850  16.985  -66.573  -23.156 0.4000000060
21716  22.535  -63.975  -21.544 0.3000000119
20724  19.265  -64.583  -23.041 0.4000000060
19735  18.117  -65.180  -23.657 0.4000000060
16907  16.150  -67.505  -24.017 0.4000000060
21733  22.941  -63.815  -22.155 0.3000000119
19734  18.572  -64.883  -24.139 0.4000000060
17865  17.005  -66.659  -23.962 0.4000000060
21745  23.999  -63.378  -22.834 0.3000000119
20763  19.647  -64.983  -25.324 0.4000000060
206961  22.572  -65.624  -27.187 0.4000000060
16853  19.886  -67.640  -21.268 0.4000000060
16855  18.225  -67.295  -20.982 0.4000000060
16851  21.042  -67.296  -21.415 0.4000000060
205253  20.087  -66.489  -21.187 0.4000000060
17804  18.702  -66.664  -21.031 0.4000000060
17785  16.949  -67.094  -20.630 0.4000000060
18748  23.538  -65.917  -21.049 0.3000000119
208849  21.440  -65.581  -21.249 0.4000000060
20692  24.817  -64.558  -20.878 0.3000000119
21714  23.758  -63.894  -21.445 0.3000000119
17851  16.443  -67.019  -23.509 0.4000000060
21744  24.487  -63.520  -22.545 0.3000000119
15818  18.005  -68.559  -20.839 0.4000000060
217334  19.023  -68.263  -21.272 0.4000000060
20781  23.984  -65.288  -28.148 0.3000000119
22830  25.217  -63.841  -28.301 0.3000000119
21793  23.866  -64.746  -27.202 0.3000000119
16908  15.726  -67.827  -23.679 0.4000000060
17808  16.001  -67.117  -21.518 0.4000000060
16841  16.142  -67.719  -20.486 0.4000000060
15832  19.232  -68.616  -21.600 0.4000000060
239267  21.515  -64.396  -23.609 0.3000000119
23813  23.580  -62.185  -26.129 0.3000000119
198688  23.694  -61.450  -25.954 0.3000000119
19710  20.407  -65.118  -21.688 0.4000000060
200988  21.367  -64.852  -25.160 0.4000000060
20737  19.145  -64.528  -23.886 0.4000000060
20750  19.860  -64.459  -24.459 0.4000000060
18788  17.745  -65.693  -24.010 0.4000000060
20769  22.283  -65.040  -26.176 0.4000000060
18752  20.614  -66.318  -21.298 0.4000000060
17805  17.927  -66.582  -20.835 0.4000000060
18765  18.052  -65.810  -21.751 0.4000000060
19697  22.359  -65.070  -21.108 0.3000000119
228951  18.173  -65.121  -22.841 0.4000000060
20693  23.448  -64.376  -21.175 0.3000000119
223016  21.602  -66.950  -21.290 0.4000000060
200445  22.455  -66.072  -21.210 0.3000000119
221167  24.115  -64.881  -20.994 0.3000000119
6629  24.481  -77.133  -24.947 0.3000000119
5132  24.889  -78.230  -24.844 0.3000000119
232970  24.373  -76.760  -24.835 0.3000000119
5855  25.050  -77.704  -23.921 0.3000000119
6630  24.037  -76.958  -25.246 0.3000000119
5138  24.538  -77.738  -25.261 0.3000000119
7441  22.834  -75.943  -25.447 0.3000000119
7426  23.758  -76.477  -24.544 0.3000000119
205220  24.333  -76.779  -24.420 0.3000000119
7455  22.669  -75.703  -25.931 0.3000000119
215712  23.357  -76.191  -25.452 0.3000000119
200102  23.433  -77.385  -25.842 0.3000000119
5890  21.494  -76.394  -28.023 0.3000000119
8278  21.874  -74.812  -24.644 0.3000000119
7427  22.990  -76.290  -24.428 0.3000000119
8290  22.173  -75.135  -25.379 0.3000000119
8277  22.217  -75.549  -24.875 0.3000000119
7413  23.765  -76.582  -24.159 0.3000000119
6645  22.835  -76.663  -26.690 0.3000000119
7498  22.219  -75.483  -28.121 0.3000000119
6653  22.073  -75.985  -27.809 0.3000000119
8300  22.234  -75.008  -25.884 0.3000000119
7469  22.995  -76.076  -25.991 0.3000000119
8314  22.304  -74.933  -26.537 0.3000000119
9202  22.294  -73.998  -27.242 0.3000000119
8325  22.448  -74.902  -27.175 0.3000000119
7497  22.375  -75.668  -27.559 0.3000000119
8341  22.363  -74.748  -28.162 0.3000000119
10077  22.206  -72.677  -30.776 0.4000000060
9219  22.797  -73.728  -29.509 0.4000000060
5812  25.141  -77.647  -20.523 0.3000000119
5072  25.629  -78.062  -19.424 0.3000000119
6611  24.364  -77.056  -23.857 0.3000000119
5851  25.385  -77.729  -23.430 0.3000000119
7407  22.315  -76.349  -23.508 0.3000000119
6607  22.863  -76.671  -22.958 0.3000000119
5837  24.304  -77.365  -21.684 0.3000000119
5824  24.722  -77.547  -21.075 0.3000000119
219112  25.756  -78.267  -20.013 0.3000000119
8263  21.730  -75.161  -24.228 0.3000000119
7406  23.212  -76.594  -23.569 0.3000000119
6593  23.940  -77.015  -22.308 0.3000000119
5835  25.334  -77.910  -21.588 0.3000000119
5082  25.585  -78.206  -20.524 0.3000000119
7414  23.493  -76.561  -23.935 0.3000000119
6612  24.026  -76.760  -23.767 0.3000000119
240112  24.971  -77.583  -22.459 0.3000000119
201210  25.338  -77.880  -22.213 0.3000000119
5847  24.767  -77.275  -22.974 0.3000000119
5845  25.609  -77.921  -23.130 0.3000000119
229213  23.460  -76.968  -25.879 0.3000000119
5157  22.976  -77.144  -26.225 0.3000000119
7428  22.133  -75.745  -24.481 0.3000000119
7470  22.624  -75.612  -26.498 0.3000000119
5802  23.818  -77.318  -20.171 0.3000000119
4440  25.737  -78.540  -22.776 0.3000000119
8252  21.716  -75.880  -23.959 0.3000000119
5838  23.536  -77.274  -21.656 0.3000000119
6605  24.190  -76.921  -23.065 0.3000000119
5836  24.994  -77.582  -21.768 0.3000000119
218178  25.783  -78.606  -22.163 0.3000000119
218062  22.593  -74.170  -28.859 0.3000000119
223668  25.368  -69.915  -28.273 0.3000000119
13832  24.990  -69.947  -29.115 0.3000000119
13833  24.342  -70.133  -28.953 0.3000000119
12842  23.246  -70.615  -29.035 0.4000000060
12853  21.986  -71.039  -29.127 0.4000000060
11932  21.253  -71.596  -29.552 0.3000000119
11933  20.740  -71.988  -29.303 0.3000000119
13825  24.188  -70.036  -27.659 0.3000000119
13827  22.971  -70.076  -27.744 0.4000000060
13828  22.374  -70.290  -27.966 0.4000000060
12829  21.574  -70.279  -27.181 0.4000000060
11921  20.337  -71.553  -27.732 0.3000000119
12810  20.900  -70.597  -25.524 0.4000000060
12831  20.583  -71.139  -26.601 0.4000000060
11905  20.117  -71.621  -26.196 0.3000000119
12812  20.075  -71.003  -24.895 0.3000000119
14878  28.442  -69.282  -28.686 0.3000000119
203707  27.521  -69.395  -28.884 0.3000000119
13842  25.065  -70.032  -29.541 0.4000000060
231565  24.370  -70.359  -30.038 0.4000000060
12858  23.089  -70.988  -30.605 0.3000000119
12859  22.409  -71.160  -30.488 0.3000000119
11942  22.245  -71.869  -30.959 0.3000000119
14869  27.527  -68.991  -27.750 0.3000000119
14858  26.857  -69.168  -27.552 0.3000000119
13812  25.506  -69.718  -27.326 0.3000000119
13795  24.684  -69.833  -26.363 0.3000000119
13815  23.564  -69.885  -27.134 0.3000000119
203635  22.246  -70.109  -27.401 0.4000000060
14826  25.084  -69.557  -25.839 0.3000000119
14807  24.037  -69.108  -25.346 0.3000000119
13796  23.957  -69.846  -26.357 0.3000000119
199252  22.594  -69.762  -26.231 0.4000000060
13817  21.418  -70.227  -26.462 0.4000000060
14809  22.714  -69.263  -25.215 0.3000000119
14810  22.113  -69.598  -25.163 0.4000000060
13776  20.902  -70.343  -24.900 0.4000000060
14764  21.157  -68.889  -23.155 0.3000000119
14779  21.313  -69.299  -24.051 0.4000000060
13755  21.207  -69.854  -24.433 0.4000000060
12784  20.227  -70.421  -23.954 0.4000000060
200037  20.778  -68.549  -22.661 0.3000000119
13728  20.216  -69.523  -23.040 0.4000000060
15848  20.169  -68.817  -22.695 0.3000000119
10933  29.355  -71.800  -25.747 0.3000000119
10946  28.329  -71.580  -26.710 0.3000000119
10049  27.391  -71.957  -27.151 0.3000000119
209071  27.138  -71.844  -27.543 0.3000000119
13830  29.107  -69.801  -27.954 0.3000000119
12840  28.840  -70.270  -27.679 0.3000000119
11927  27.764  -71.049  -28.335 0.3000000119
10964  26.351  -71.808  -28.587 0.3000000119
16975  29.263  -68.142  -27.739 0.3000000119
14876  29.272  -68.821  -28.022 0.3000000119
227557  27.699  -70.051  -28.939 0.3000000119
12854  27.116  -70.478  -29.201 0.3000000119
236234  26.081  -71.011  -29.334 0.3000000119
215982  24.985  -70.967  -30.173 0.3000000119
208296  24.036  -71.486  -30.659 0.3000000119
10975  22.841  -71.839  -31.079 0.3000000119
10071  23.459  -72.875  -30.394 0.3000000119
10068  23.203  -73.270  -29.748 0.3000000119
15934  28.445  -68.251  -27.630 0.3000000119
14792  23.099  -68.919  -24.659 0.3000000119
14793  22.335  -69.266  -24.595 0.3000000119
204461  23.522  -68.452  -23.643 0.3000000119
207297  22.153  -68.806  -23.631 0.3000000119
16891  22.248  -67.861  -22.566 0.3000000119
16872  21.005  -67.701  -21.875 0.3000000119
15816  20.216  -68.194  -21.647 0.3000000119
240610  29.585  -72.163  -25.100 0.3000000119
11901  29.655  -71.263  -25.944 0.3000000119
11913  28.819  -71.045  -26.983 0.3000000119
10947  27.794  -71.596  -27.144 0.3000000119
13823  29.407  -69.948  -27.530 0.3000000119
11919  28.729  -70.697  -27.409 0.3000000119
9218  22.997  -73.318  -29.033 0.3000000119
10902  29.962  -72.099  -24.203 0.3000000119
10932  29.980  -71.546  -25.419 0.3000000119
11911  30.290  -70.546  -25.923 0.3000000119
238251  30.002  -70.607  -26.431 0.3000000119
12836  29.292  -70.370  -27.360 0.3000000119
14867  30.054  -69.006  -27.412 0.3000000119
10920  30.378  -71.783  -24.898 0.3000000119
11887  30.634  -71.308  -25.075 0.3000000119
204435  30.857  -69.823  -26.065 0.3000000119
13811  30.120  -69.867  -26.870 0.3000000119
207937  22.724  -73.209  -30.284 0.3000000119
10978  21.299  -72.555  -30.620 0.3000000119
11941  21.044  -72.028  -29.930 0.3000000119
11924  21.072  -71.439  -28.817 0.3000000119
12839  20.626  -71.106  -27.360 0.4000000060
13745  20.531  -69.904  -23.625 0.4000000060
16871  22.036  -67.361  -21.872 0.3000000119
14871  26.343  -69.683  -28.670 0.3000000119
234808  24.085  -70.135  -28.235 0.3000000119
14881  26.404  -69.902  -29.052 0.3000000119
13835  22.798  -70.428  -28.441 0.4000000060
12844  22.142  -70.638  -28.464 0.4000000060
12838  21.177  -70.737  -27.643 0.4000000060
13798  21.892  -69.892  -25.879 0.4000000060
15955  28.441  -68.946  -28.482 0.3000000119
13839  27.287  -70.020  -29.249 0.3000000119
12856  24.888  -70.296  -30.025 0.3000000119
13845  26.115  -70.524  -29.334 0.3000000119
207606  23.684  -71.049  -30.634 0.4000000060
11938  22.675  -71.409  -30.899 0.3000000119
230659  27.389  -68.858  -27.331 0.3000000119
14846  26.482  -69.190  -26.930 0.3000000119
14825  25.763  -69.313  -26.030 0.3000000119
14829  22.986  -69.369  -25.800 0.4000000060
15846  22.180  -68.482  -23.124 0.3000000119
10958  27.432  -71.370  -28.040 0.3000000119
217779  26.715  -71.383  -28.554 0.3000000119
11930  25.940  -71.721  -29.192 0.3000000119
15845  23.321  -68.193  -23.099 0.3000000119
14741  6.803  -69.236  -21.263 0.4000000060
3864  25.793  -79.031  -22.176 0.3000000119
4428  25.917  -78.712  -21.623 0.3000000119
4439  25.702  -78.248  -22.786 0.3000000119
4454  25.111  -78.425  -24.525 0.3000000119
4462  24.692  -78.280  -25.103 0.3000000119
4470  24.128  -78.038  -25.589 0.3000000119
5096  25.416  -78.107  -21.112 0.3000000119
5106  25.732  -78.376  -22.224 0.3000000119
5107  25.568  -78.293  -21.806 0.3000000119
5118  25.591  -78.038  -22.739 0.3000000119
5123  25.660  -77.900  -22.944 0.3000000119
5124  25.525  -77.964  -23.511 0.3000000119
5137  24.624  -77.434  -24.860 0.3000000119
5145  24.063  -77.602  -25.544 0.3000000119
5146  23.468  -77.643  -25.830 0.3000000119
5785  25.372  -77.521  -19.387 0.3000000119
5799  25.533  -77.697  -20.055 0.3000000119
5811  25.351  -77.892  -20.619 0.3000000119
5813  24.543  -77.431  -20.413 0.3000000119
5823  25.224  -77.808  -21.111 0.3000000119
5846  25.342  -77.690  -22.962 0.3000000119
5848  24.518  -77.303  -22.374 0.3000000119
5852  24.881  -77.366  -23.452 0.3000000119
5857  24.587  -77.290  -24.491 0.3000000119
5862  24.403  -77.403  -25.267 0.3000000119
5868  23.735  -77.270  -25.569 0.3000000119
5869  23.114  -77.020  -26.163 0.3000000119
5874  22.694  -76.943  -26.831 0.3000000119
5882  21.795  -76.341  -27.743 0.3000000119
5889  21.857  -76.070  -28.074 0.3000000119
5892  19.537  -76.909  -28.715 0.4000000060
5893  19.129  -76.840  -28.462 0.5000000000
5894  18.735  -76.871  -28.179 0.5000000000
5899  20.143  -76.757  -28.930 0.4000000060
6594  23.220  -76.903  -22.312 0.3000000119
6604  24.431  -77.072  -23.446 0.3000000119
6606  23.593  -76.752  -22.963 0.3000000119
6613  23.779  -76.692  -23.506 0.3000000119
6617  24.640  -77.348  -23.889 0.3000000119
6618  24.362  -76.953  -24.273 0.3000000119
6619  24.101  -76.698  -24.206 0.3000000119
6635  23.533  -76.505  -25.630 0.3000000119
6636  23.114  -76.575  -26.198 0.3000000119
6646  22.580  -76.346  -27.124 0.3000000119
6652  22.304  -75.805  -27.657 0.3000000119
6660  21.640  -76.028  -28.527 0.4000000060
6661  21.035  -76.438  -28.749 0.4000000060
6662  19.606  -76.201  -28.845 0.4000000060
6663  19.202  -76.546  -28.529 0.4000000060
6667  20.865  -76.014  -29.090 0.4000000060
6669  19.751  -76.460  -28.940 0.4000000060
7409  11.331  -75.174  -22.576 0.5000000000
7415  22.567  -76.165  -24.063 0.3000000119
7425  24.223  -76.655  -24.583 0.3000000119
7440  23.757  -76.391  -24.846 0.3000000119
7442  22.950  -76.156  -24.957 0.3000000119
7454  23.868  -76.540  -25.133 0.3000000119
7471  18.571  -75.882  -26.766 0.5000000000
7484  22.712  -76.066  -26.793 0.3000000119
7485  18.947  -75.296  -27.545 0.5000000000
7486  18.660  -75.873  -27.423 0.5000000000
7500  18.566  -76.229  -27.792 0.5000000000
7508  22.135  -75.471  -28.389 0.5000000000
7509  19.764  -75.539  -29.194 0.4000000060
7518  20.435  -75.604  -29.405 0.4000000060
8223  11.921  -74.559  -21.426 0.6000000238
8244  10.903  -74.823  -22.072 0.6000000238
8245  10.261  -74.609  -22.295 0.6000000238
8256  14.898  -74.861  -22.635 0.4000000060
8301  18.583  -75.047  -25.732 0.4000000060
8316  18.682  -75.193  -26.438 0.4000000060
8326  19.128  -74.587  -27.361 0.4000000060
8360  21.972  -75.124  -28.743 0.5000000000
8361  19.351  -75.420  -28.379 0.4000000060
8375  21.673  -74.485  -29.469 0.5000000000
8377  20.016  -75.128  -29.776 0.5000000000
8383  20.392  -74.450  -30.317 0.5000000000
9099  12.012  -73.769  -20.481 0.6999999881
9100  11.224  -73.617  -20.440 0.6000000238
9113  14.086  -73.977  -21.192 0.5000000000
9114  13.488  -74.287  -21.043 0.6000000238
9116  11.546  -74.116  -20.923 0.6999999881
9130  15.586  -73.916  -21.683 0.4000000060
9131  15.045  -73.977  -21.555 0.4000000060
9132  14.443  -74.089  -21.753 0.5000000000
9136  10.139  -74.153  -22.157 0.6000000238
9148  9.850  -74.236  -22.640 0.6000000238
9149  9.522  -73.817  -23.120 0.6000000238
9160  17.462  -74.151  -23.284 0.4000000060
9172  9.021  -73.782  -24.295 0.5000000000
9182  18.451  -73.970  -24.706 0.4000000060
9192  22.080  -73.974  -25.820 0.3000000119
9193  18.974  -73.682  -26.018 0.4000000060
9203  19.039  -74.022  -26.760 0.4000000060
9220  19.627  -73.701  -29.414 0.5000000000
9234  22.306  -73.893  -29.845 0.5000000000
9236  21.090  -74.248  -30.257 0.5000000000
9250  21.080  -73.569  -30.609 0.5000000000
9251  20.420  -73.674  -30.616 0.5000000000
9918  13.611  -72.777  -19.630 0.5000000000
9919  13.127  -72.761  -19.644 0.6999999881
9934  13.237  -73.312  -19.932 0.6999999881
9936  11.120  -73.001  -20.464 0.6999999881
9954  14.356  -73.412  -20.753 0.4000000060
9965  15.409  -73.580  -21.257 0.5000000000
9973  16.791  -73.104  -22.831 0.4000000060
9975  9.593  -73.098  -23.306 0.5000000000
9981  29.355  -72.339  -24.248 0.3000000119
9985  17.036  -73.573  -23.125 0.4000000060
9992  29.924  -71.990  -24.757 0.3000000119
9993  29.501  -72.286  -24.719 0.3000000119
10011  29.401  -72.358  -25.478 0.3000000119
10015  18.572  -73.269  -24.910 0.4000000060
10026  29.010  -72.346  -25.774 0.3000000119
10031  18.900  -73.218  -25.536 0.4000000060
10040  27.740  -72.054  -26.676 0.3000000119
10058  19.105  -72.906  -27.521 0.5000000000
10063  19.592  -73.248  -28.809 0.5000000000
10064  19.614  -73.413  -28.047 0.5000000000
10069  20.134  -72.997  -30.194 0.5000000000
10070  19.842  -73.152  -29.523 0.5000000000
10072  21.902  -73.307  -30.401 0.5000000000
10079  20.703  -73.058  -30.601 0.5000000000
10801  13.284  -72.395  -19.630 0.6000000238
10802  12.811  -72.347  -19.703 0.6999999881
10821  14.608  -72.694  -20.441 0.5000000000
10822  14.037  -72.566  -19.887 0.5000000000
10823  12.189  -72.349  -20.059 0.6999999881
10853  16.806  -72.109  -22.332 0.4000000060
10855  15.662  -72.414  -21.631 0.4000000060
10857  10.118  -72.863  -21.986 0.6000000238
10875  10.350  -72.269  -22.405 0.6000000238
10891  17.853  -72.996  -23.609 0.4000000060
10894  9.315  -72.757  -23.981 0.5000000000
10911  18.386  -72.760  -24.600 0.4000000060
10912  9.585  -72.176  -24.327 0.5000000000
10919  30.920  -71.431  -24.374 0.3000000119
10921  29.761  -71.916  -25.265 0.3000000119
10934  28.693  -71.745  -26.079 0.3000000119
10945  28.994  -71.321  -26.301 0.3000000119
10952  28.184  -71.183  -27.440 0.3000000119
10953  27.588  -71.513  -27.620 0.3000000119
10954  26.721  -72.057  -27.878 0.3000000119
10956  19.365  -72.524  -27.557 0.4000000060
10961  20.263  -72.266  -28.667 0.4000000060
10963  26.833  -71.629  -28.188 0.3000000119
10967  20.219  -72.631  -29.469 0.3000000119
10971  23.493  -72.059  -30.892 0.3000000119
10972  22.893  -72.530  -30.896 0.4000000060
10973  21.196  -72.348  -30.402 0.3000000119
10976  22.415  -72.202  -30.958 0.4000000060
10977  21.842  -72.254  -30.860 0.4000000060
10979  20.806  -72.767  -30.528 0.3000000119
11752  13.137  -71.968  -19.693 0.6000000238
11772  15.469  -71.372  -20.564 0.4000000060
11773  14.891  -71.388  -20.164 0.5000000000
11776  11.997  -71.889  -20.360 0.6999999881
11793  15.479  -71.894  -21.173 0.4000000060
11794  12.207  -71.174  -21.087 0.6999999881
11810  16.348  -71.645  -21.893 0.4000000060
11811  15.769  -71.857  -21.744 0.4000000060
11812  11.887  -71.280  -21.571 0.6999999881
11813  11.514  -71.652  -21.826 0.6999999881
11814  10.967  -71.967  -22.089 0.6999999881
11831  17.434  -71.917  -22.630 0.4000000060
11852  19.189  -71.025  -23.511 0.4000000060
11854  18.392  -72.013  -23.532 0.4000000060
11872  19.042  -71.840  -24.552 0.4000000060
11873  10.358  -71.267  -24.172 0.6999999881
11874  9.835  -71.559  -24.317 0.6000000238
11875  9.271  -71.652  -24.489 0.5000000000
11876  8.609  -71.717  -24.497 0.5000000000
11886  31.147  -70.905  -24.625 0.3000000119
11893  19.234  -72.327  -25.286 0.4000000060
11899  30.807  -70.639  -25.358 0.3000000119
11900  30.161  -70.999  -25.582 0.3000000119
11912  29.539  -70.935  -26.622 0.3000000119
11916  19.491  -72.236  -26.980 0.4000000060
11920  27.924  -71.273  -27.931 0.3000000119
11923  28.344  -70.806  -27.988 0.3000000119
11926  20.198  -71.983  -28.064 0.4000000060
11928  27.148  -71.146  -28.435 0.3000000119
11929  26.378  -71.345  -28.964 0.3000000119
11931  21.856  -71.327  -29.887 0.3000000119
11934  26.355  -70.915  -29.186 0.3000000119
11935  25.959  -71.220  -29.370 0.3000000119
11936  25.426  -71.382  -29.645 0.3000000119
11937  23.307  -71.317  -31.074 0.3000000119
11939  22.086  -71.614  -30.601 0.3000000119
11940  21.497  -71.792  -30.240 0.3000000119
11943  21.634  -72.019  -30.878 0.3000000119
12670  8.229  -70.706  -18.994 0.5000000000
12704  16.122  -70.271  -20.426 0.5000000000
12705  14.603  -70.764  -20.105 0.5000000000
12707  13.290  -70.789  -20.335 0.6000000238
12708  12.692  -71.062  -20.447 0.6999999881
12709  7.609  -70.984  -19.982 0.6000000238
12721  16.883  -70.353  -21.441 0.4000000060
12724  12.940  -70.515  -20.941 0.6000000238
12741  17.657  -70.537  -22.390 0.4000000060
12742  17.193  -70.727  -22.047 0.4000000060
12766  12.336  -70.858  -22.478 0.6000000238
12767  11.885  -70.984  -22.946 0.6999999881
12786  10.958  -71.068  -24.010 0.6999999881
12793  20.403  -70.629  -24.570 0.3000000119
12794  19.911  -70.896  -24.361 0.4000000060
12795  11.962  -70.304  -24.075 0.6999999881
12809  31.445  -70.400  -24.907 0.3000000119
12811  20.466  -70.815  -25.192 0.3000000119
12820  20.971  -70.659  -26.190 0.4000000060
12821  20.492  -71.000  -25.877 0.4000000060
12827  30.306  -70.129  -26.367 0.3000000119
12828  29.809  -70.439  -26.957 0.3000000119
12830  21.047  -70.660  -26.927 0.4000000060
12835  29.715  -70.068  -27.228 0.3000000119
12837  21.803  -70.479  -27.835 0.4000000060
12841  28.579  -70.151  -28.232 0.3000000119
12843  22.638  -70.786  -29.086 0.4000000060
12845  21.420  -70.922  -28.459 0.3000000119
12846  20.839  -71.186  -28.075 0.3000000119
12847  28.030  -70.462  -28.570 0.3000000119
12848  27.435  -70.609  -28.881 0.3000000119
12849  26.845  -70.895  -28.921 0.3000000119
12850  23.923  -70.354  -29.535 0.4000000060
12851  23.182  -70.682  -29.779 0.3000000119
12852  22.511  -71.001  -29.857 0.3000000119
12855  25.505  -70.792  -29.624 0.3000000119
12857  23.777  -70.711  -30.185 0.4000000060
13643  8.123  -69.350  -19.013 0.5000000000
13644  7.991  -69.574  -19.708 0.5000000000
13662  16.788  -69.450  -20.664 0.5000000000
13664  15.861  -69.682  -20.320 0.5000000000
13665  14.165  -70.016  -20.331 0.6000000238
13687  17.720  -69.640  -21.275 0.5000000000
13689  16.638  -70.045  -20.806 0.4000000060
13691  13.099  -69.987  -21.337 0.6000000238
13693  7.193  -69.672  -20.855 0.5000000000
13695  5.971  -69.728  -21.571 0.5000000000
13711  18.155  -70.152  -22.306 0.4000000060
13713  13.586  -69.738  -22.473 0.6000000238
13714  13.109  -70.211  -22.154 0.6000000238
13715  12.693  -70.655  -22.181 0.6000000238
13731  13.658  -69.863  -23.209 0.6000000238
13733  12.872  -70.679  -22.694 0.6000000238
13744  21.012  -69.760  -23.889 0.4000000060
13746  19.911  -70.141  -23.410 0.4000000060
13748  13.122  -70.074  -23.534 0.6000000238
13756  20.701  -70.130  -24.227 0.4000000060
13757  13.604  -69.906  -24.577 0.6000000238
13761  9.761  -70.315  -24.726 0.6000000238
13775  21.457  -69.955  -25.135 0.4000000060
13779  10.827  -70.336  -25.196 0.6000000238
13780  10.155  -70.006  -25.358 0.6000000238
13783  7.112  -69.529  -25.511 0.5000000000
13797  23.226  -69.550  -26.436 0.3000000119
13799  21.259  -70.220  -25.768 0.4000000060
13800  12.989  -69.757  -25.964 0.6999999881
13801  12.330  -69.929  -25.968 0.6999999881
13802  10.921  -69.786  -25.786 0.6000000238
13813  24.966  -69.901  -26.914 0.3000000119
13814  24.364  -69.949  -26.972 0.3000000119
13816  22.776  -69.848  -26.961 0.4000000060
13818  12.642  -69.723  -26.469 0.6999999881
13822  29.922  -69.522  -27.206 0.3000000119
13824  24.849  -70.002  -27.545 0.3000000119
13826  23.659  -70.065  -27.839 0.4000000060
13829  29.537  -69.438  -27.615 0.3000000119
13831  25.708  -69.939  -28.985 0.3000000119
13834  23.583  -70.305  -28.514 0.4000000060
13836  29.242  -69.281  -28.037 0.3000000119
13837  28.994  -69.709  -28.394 0.3000000119
13838  28.183  -70.045  -28.672 0.3000000119
13840  26.760  -70.002  -29.217 0.3000000119
13841  25.915  -70.178  -29.214 0.3000000119
13843  24.659  -70.037  -29.719 0.4000000060
13844  26.786  -70.460  -29.221 0.3000000119
13846  25.408  -70.290  -29.583 0.3000000119
14706  7.758  -68.789  -19.056 0.5000000000
14718  16.212  -69.168  -20.423 0.6000000238
14720  14.183  -69.236  -20.586 0.6000000238
14721  7.537  -68.709  -20.175 0.5000000000
14734  18.670  -68.756  -21.330 0.4000000060
14742  6.182  -69.365  -21.515 0.5000000000
14756  18.154  -69.723  -21.745 0.4000000060
14757  6.363  -68.906  -21.766 0.4000000060
14765  20.671  -69.056  -22.972 0.3000000119
14778  21.779  -69.041  -24.053 0.3000000119
14780  20.968  -69.385  -23.429 0.4000000060
14782  14.109  -69.568  -23.605 0.6999999881
14794  21.703  -69.504  -24.565 0.3000000119
14795  14.418  -69.131  -24.706 0.6999999881
14796  14.096  -69.664  -24.305 0.6000000238
14808  23.370  -69.122  -25.291 0.3000000119
14811  14.312  -69.091  -25.440 0.6000000238
14815  7.171  -68.950  -26.306 0.5000000000
14824  26.382  -69.069  -26.309 0.3000000119
14827  24.342  -69.592  -25.781 0.3000000119
14828  23.633  -69.427  -25.824 0.3000000119
14833  11.326  -69.490  -26.479 0.6999999881
14835  9.841  -68.803  -26.432 0.6000000238
14837  7.273  -68.566  -26.988 0.5000000000
14839  6.204  -68.887  -27.285 0.5000000000
14847  25.942  -69.386  -26.741 0.3000000119
14848  25.355  -69.682  -26.503 0.3000000119
14850  14.031  -69.681  -26.870 0.8000000119
14852  12.129  -69.522  -27.473 0.6999999881
14853  11.540  -69.225  -27.208 0.6999999881
14854  11.013  -69.129  -26.934 0.6999999881
14855  10.391  -68.900  -27.049 0.6000000238
14859  26.182  -69.421  -27.418 0.3000000119
14861  14.169  -69.569  -27.833 0.6999999881
14863  12.661  -69.192  -29.018 0.8000000119
14868  29.758  -69.191  -27.573 0.3000000119
14870  26.957  -69.390  -28.444 0.3000000119
14872  15.204  -69.640  -29.444 0.6000000238
14877  28.999  -69.032  -28.335 0.3000000119
14879  27.896  -69.403  -28.849 0.3000000119
14880  27.378  -69.571  -29.247 0.3000000119
14883  13.127  -68.940  -30.543 0.6000000238
15788  8.180  -68.493  -18.924 0.5000000000
15796  7.864  -68.511  -19.668 0.5000000000
15809  14.811  -68.940  -20.467 0.6000000238
15810  7.626  -68.230  -20.329 0.5000000000
15817  19.593  -68.232  -21.408 0.4000000060
15819  15.317  -67.995  -20.982 0.6000000238
15820  14.830  -68.446  -20.904 0.6999999881
15821  7.495  -68.232  -20.992 0.5000000000
15829  20.981  -68.049  -22.379 0.3000000119
15830  20.634  -67.982  -22.065 0.3000000119
15831  19.764  -68.675  -22.036 0.4000000060
15835  7.310  -68.330  -21.797 0.5000000000
15847  21.513  -68.400  -22.760 0.3000000119
15850  14.949  -68.562  -22.875 0.6999999881
15851  7.131  -68.222  -22.555 0.6000000238
15852  6.411  -68.169  -22.971 0.6000000238
15864  22.811  -68.582  -23.491 0.3000000119
15865  21.641  -68.792  -23.436 0.3000000119
15866  15.357  -68.175  -23.267 0.4000000060
15882  22.559  -68.963  -24.052 0.3000000119
15883  15.383  -68.295  -24.008 0.5000000000
15885  6.578  -67.942  -24.808 0.5000000000
15886  5.929  -68.431  -25.209 0.5000000000
15899  14.827  -68.680  -25.127 0.6999999881
15900  6.177  -68.309  -27.138 0.5000000000
15913  14.825  -68.820  -25.919 0.6000000238
15915  7.887  -68.403  -27.401 0.5000000000
15926  27.027  -68.911  -26.710 0.3000000119
15929  9.042  -68.365  -28.136 0.6000000238
15930  8.114  -68.014  -27.919 0.5000000000
15935  27.857  -68.605  -27.465 0.3000000119
15936  16.311  -68.426  -29.465 0.6999999881
15939  10.550  -68.232  -28.345 0.6999999881
15944  29.443  -68.453  -27.722 0.3000000119
15945  28.436  -68.597  -28.120 0.3000000119
15946  27.955  -68.860  -27.871 0.3000000119
15948  15.817  -69.198  -29.877 0.6999999881
15949  15.086  -69.310  -30.130 0.6999999881
15950  11.879  -68.563  -30.065 0.6999999881
15952  10.644  -67.916  -28.758 0.6999999881
15953  29.094  -68.497  -28.028 0.3000000119
15954  28.823  -68.679  -28.342 0.3000000119
15956  27.988  -69.019  -28.225 0.3000000119
15958  12.568  -68.601  -30.546 0.6999999881
16838  17.794  -67.803  -20.676 0.4000000060
16839  17.147  -67.604  -20.493 0.5000000000
16840  16.622  -67.489  -20.487 0.4000000060
16852  20.526  -67.598  -21.511 0.4000000060
16854  19.084  -67.597  -21.089 0.4000000060
16856  16.273  -67.172  -20.723 0.4000000060
16857  15.749  -67.518  -20.896 0.4000000060
16859  7.762  -67.867  -21.386 0.5000000000
16874  8.955  -67.203  -21.193 0.4000000060
16875  7.995  -67.708  -22.154 0.5000000000
16892  21.546  -67.849  -22.150 0.3000000119
16893  15.638  -67.617  -22.994 0.4000000060
16909  8.890  -67.327  -23.730 0.6000000238
16911  7.632  -67.625  -23.509 0.5000000000
16920  16.345  -67.665  -24.751 0.5000000000
16921  15.876  -68.017  -24.380 0.5000000000
16923  7.409  -67.730  -24.510 0.6000000238
16941  16.542  -67.658  -26.471 0.6999999881
16942  15.941  -67.995  -26.015 0.6000000238
16943  7.265  -67.601  -27.387 0.5000000000
16951  17.220  -67.109  -28.716 0.6000000238
16955  7.566  -67.747  -27.800 0.6000000238
16962  29.774  -67.908  -27.588 0.3000000119
16963  29.315  -67.686  -27.723 0.3000000119
16964  28.925  -68.025  -27.817 0.3000000119
16965  17.103  -67.087  -29.323 0.6000000238
16966  16.753  -67.661  -29.739 0.6999999881
16968  14.764  -67.880  -30.211 0.6999999881
16970  12.107  -68.199  -30.269 0.6000000238
16973  9.836  -67.515  -28.799 0.6999999881
16974  9.265  -67.103  -28.904 0.6000000238
16976  28.802  -68.051  -27.960 0.3000000119
16977  28.747  -68.455  -28.220 0.3000000119
16978  16.420  -67.760  -29.902 0.6999999881
16979  14.663  -68.691  -30.698 0.6999999881
16980  13.414  -68.683  -30.836 0.6000000238
17735  9.664  -66.475  -17.555 0.5000000000
17762  10.206  -66.855  -19.211 0.6000000238
17775  9.254  -67.239  -19.226 0.6000000238
17784  17.558  -67.058  -20.562 0.4000000060
17786  10.463  -66.446  -20.400 0.6000000238
17787  9.856  -66.629  -20.340 0.6999999881
17789  8.954  -67.258  -20.525 0.4000000060
17800  23.031  -66.302  -21.194 0.3000000119
17801  21.011  -66.801  -21.263 0.4000000060
17802  20.574  -66.963  -21.309 0.4000000060
17803  19.520  -66.827  -21.073 0.4000000060
17806  17.419  -66.576  -20.800 0.4000000060
17807  16.704  -66.832  -21.138 0.4000000060
17810  9.471  -66.721  -20.836 0.6000000238
17821  16.509  -66.706  -21.924 0.4000000060
17822  16.010  -66.911  -22.278 0.6000000238
17836  16.462  -66.755  -22.699 0.4000000060
17837  15.945  -67.092  -22.868 0.6000000238
17838  9.750  -66.578  -22.906 0.6000000238
17839  9.306  -66.977  -23.290 0.6000000238
17852  15.965  -67.400  -23.418 0.4000000060
17866  16.630  -67.131  -24.356 0.4000000060
17867  9.021  -66.609  -24.822 0.6000000238
17876  17.187  -66.820  -24.752 0.4000000060
17878  8.520  -66.554  -25.595 0.6999999881
17879  8.135  -67.186  -25.602 0.6999999881
17891  16.960  -67.364  -26.004 0.5000000000
17901  17.615  -67.150  -27.417 0.6000000238
17902  17.209  -67.480  -26.931 0.5000000000
17903  8.471  -66.536  -27.458 0.6999999881
17904  7.728  -67.111  -27.563 0.6999999881
17911  17.433  -66.750  -28.359 0.6000000238
17912  17.038  -66.906  -29.139 0.6000000238
17914  14.866  -66.876  -28.566 0.6999999881
17916  12.334  -67.363  -28.956 0.6999999881
17918  10.607  -66.881  -28.605 0.6999999881
17920  9.047  -66.560  -28.580 0.6000000238
17927  15.604  -67.329  -29.641 0.6999999881
17932  10.099  -67.243  -28.976 0.6999999881
18682  10.496  -65.757  -16.318 0.5000000000
18694  11.484  -65.747  -17.386 0.6000000238
18696  10.266  -66.089  -16.980 0.5000000000
18707  10.378  -66.272  -17.851 0.6000000238
18708  10.212  -66.549  -18.626 0.6000000238
18714  11.167  -65.986  -18.816 0.6999999881
18725  10.934  -66.180  -20.158 0.6000000238
18733  11.449  -65.896  -20.516 0.6999999881
18749  22.818  -65.557  -21.046 0.3000000119
18750  22.075  -65.630  -21.128 0.4000000060
18751  21.270  -66.244  -21.149 0.4000000060
18753  19.499  -66.097  -21.141 0.4000000060
18755  18.247  -66.120  -21.159 0.4000000060
18756  17.698  -66.178  -21.263 0.4000000060
18757  11.440  -65.903  -21.176 0.6999999881
18758  10.845  -66.211  -21.392 0.6999999881
18764  18.618  -65.547  -21.493 0.4000000060
18766  17.514  -66.087  -22.037 0.4000000060
18767  11.347  -65.846  -21.811 0.6999999881
18777  17.706  -65.578  -23.220 0.4000000060
18778  17.377  -66.076  -22.804 0.4000000060
18779  10.757  -65.617  -22.945 0.6999999881
18789  17.370  -66.162  -23.594 0.4000000060
18792  9.588  -65.831  -24.080 0.6999999881
18801  17.900  -65.856  -24.812 0.4000000060
18802  17.514  -66.320  -24.366 0.4000000060
18804  9.357  -65.978  -24.763 0.6999999881
18811  8.714  -65.733  -26.013 0.6999999881
18820  18.726  -66.436  -27.678 0.5000000000
18822  17.884  -66.679  -26.130 0.5000000000
18823  8.602  -65.582  -26.744 0.6999999881
18828  18.477  -66.476  -28.799 0.6000000238
18829  18.139  -66.725  -27.914 0.5000000000
18832  14.673  -65.874  -26.923 0.6999999881
18836  10.901  -65.779  -27.128 0.6000000238
18838  9.128  -65.648  -27.231 0.6999999881
18839  8.800  -65.881  -27.354 0.6999999881
18843  18.038  -66.581  -28.622 0.6000000238
18846  16.259  -66.428  -28.060 0.6999999881
18853  9.480  -66.009  -28.037 0.6999999881
19620  8.074  -65.098  -15.020 0.5000000000
19621  7.323  -65.101  -14.912 0.4000000060
19628  9.455  -64.966  -15.486 0.5000000000
19638  11.836  -65.319  -16.372 0.5000000000
19639  10.596  -65.178  -15.935 0.5000000000
19649  11.901  -65.463  -17.127 0.6000000238
19659  11.751  -65.486  -17.813 0.6000000238
19666  12.162  -65.260  -18.857 0.6000000238
19675  12.238  -65.152  -19.621 0.6999999881
19684  11.859  -65.532  -20.108 0.6999999881
19694  24.676  -65.292  -20.716 0.3000000119
19695  24.092  -65.586  -20.941 0.3000000119
19696  23.467  -65.172  -21.026 0.3000000119
19698  21.824  -65.027  -21.283 0.4000000060
19699  21.145  -64.976  -21.514 0.4000000060
19701  19.280  -65.496  -21.361 0.4000000060
19702  12.380  -64.867  -20.980 0.6999999881
19711  19.710  -65.103  -21.820 0.4000000060
19713  18.331  -65.191  -22.089 0.4000000060
19715  11.208  -65.669  -22.377 0.6999999881
19724  18.633  -64.815  -23.331 0.4000000060
19726  10.815  -64.726  -23.432 0.6000000238
19736  10.229  -64.504  -24.163 0.6000000238
19737  10.071  -65.235  -24.232 0.6000000238
19745  18.613  -65.156  -24.778 0.4000000060
19746  18.190  -65.346  -24.426 0.4000000060
19754  18.979  -65.378  -25.528 0.4000000060
19757  8.838  -64.882  -26.266 0.6999999881
19765  20.987  -65.327  -27.331 0.5000000000
19768  19.110  -65.842  -26.662 0.5000000000
19769  18.417  -65.809  -26.239 0.5000000000
19770  15.926  -64.818  -26.316 0.6999999881
19772  12.459  -64.680  -26.210 0.6999999881
19773  11.638  -64.732  -26.173 0.6999999881
19781  19.572  -66.056  -28.503 0.5000000000
19784  17.894  -65.770  -28.328 0.6000000238
19786  15.946  -65.533  -26.553 0.6999999881
19789  12.965  -65.211  -26.370 0.6999999881
19791  11.348  -65.301  -26.420 0.6000000238
19793  9.294  -64.985  -26.620 0.6999999881
19794  19.590  -65.629  -28.804 0.5000000000
19795  19.213  -66.205  -29.106 0.6000000238
19797  18.344  -66.399  -28.795 0.6000000238
19798  17.952  -66.020  -28.356 0.6000000238
19799  17.031  -66.245  -27.971 0.6000000238
20619  9.491  -63.953  -15.114 0.5000000000
20621  8.278  -64.335  -14.874 0.5000000000
20622  7.589  -64.488  -14.750 0.4000000060
20633  10.621  -64.512  -15.450 0.5000000000
20634  9.874  -64.474  -15.271 0.5000000000
20640  12.847  -64.105  -16.594 0.6000000238
20642  11.800  -64.710  -15.923 0.5000000000
20650  13.207  -64.237  -17.212 0.6000000238
20651  12.637  -64.646  -17.046 0.6000000238
20661  13.245  -64.505  -18.578 0.6000000238
20677  12.743  -64.661  -19.944 0.6999999881
20681  12.839  -63.580  -20.938 0.6999999881
20682  12.738  -64.467  -20.671 0.6999999881
20694  22.264  -64.472  -21.307 0.3000000119
20697  11.915  -64.796  -21.523 0.6999999881
20706  21.991  -64.262  -21.733 0.3000000119
20707  21.290  -64.458  -21.949 0.4000000060
20710  19.407  -64.659  -22.303 0.4000000060
20712  11.407  -63.746  -22.606 0.6000000238
20721  21.111  -64.296  -22.836 0.4000000060
20722  20.432  -64.325  -22.645 0.4000000060
20723  19.893  -64.388  -22.803 0.4000000060
20733  21.927  -64.204  -23.237 0.3000000119
20734  20.911  -64.264  -23.729 0.4000000060
20736  19.781  -64.239  -23.557 0.4000000060
20738  10.081  -63.640  -23.849 0.6000000238
20747  21.984  -64.270  -24.057 0.3000000119
20749  20.708  -64.378  -24.484 0.4000000060
20751  19.105  -64.836  -24.680 0.4000000060
20753  9.828  -64.017  -25.171 0.6000000238
20762  20.405  -64.802  -25.254 0.4000000060
20768  22.738  -64.843  -26.082 0.3000000119
20770  20.816  -65.256  -26.175 0.5000000000
20771  20.031  -65.205  -26.167 0.5000000000
20775  12.572  -63.899  -26.268 0.6999999881
20777  11.010  -64.023  -25.943 0.6000000238
20779  9.816  -64.369  -25.413 0.6000000238
20780  24.487  -65.027  -28.609 0.3000000119
20782  23.263  -65.390  -27.740 0.4000000060
20783  21.807  -65.687  -28.338 0.5000000000
20784  20.999  -65.466  -28.357 0.5000000000
20788  17.567  -65.148  -27.382 0.6000000238
20790  15.276  -64.692  -26.414 0.6999999881
20791  14.556  -64.588  -26.422 0.6999999881
20792  14.096  -63.912  -26.497 0.6999999881
20794  24.045  -65.430  -29.067 0.3000000119
20795  23.506  -65.819  -28.741 0.3000000119
20797  21.073  -65.289  -28.994 0.5000000000
20799  18.753  -65.705  -28.727 0.6000000238
20801  25.256  -64.506  -29.603 0.4000000060
20802  24.306  -64.998  -29.623 0.4000000060
20804  22.102  -65.284  -29.315 0.4000000060
20806  20.611  -64.953  -29.150 0.6000000238
21627  8.510  -63.677  -15.008 0.6000000238
21629  7.221  -64.069  -14.755 0.6000000238
21635  12.186  -63.318  -15.707 0.5000000000
21637  10.833  -63.734  -15.316 0.5000000000
21639  8.229  -63.175  -15.295 0.6000000238
21640  6.956  -63.847  -15.148 0.6000000238
21641  6.490  -63.973  -15.737 0.6000000238
21650  13.576  -63.691  -16.687 0.6000000238
21652  11.943  -64.075  -15.826 0.5000000000
21655  6.114  -63.684  -16.329 0.6000000238
21666  6.564  -63.103  -16.643 0.6000000238
21667  6.055  -63.139  -17.120 0.6000000238
21668  5.460  -63.630  -17.330 0.5000000000
21676  14.075  -63.371  -17.931 0.6000000238
21677  13.665  -63.867  -18.289 0.6000000238
21678  5.896  -63.130  -17.925 0.5000000000
21683  14.040  -63.383  -18.755 0.6000000238
21685  5.838  -63.121  -18.584 0.5000000000
21692  13.958  -63.323  -19.547 0.6000000238
21693  13.548  -63.735  -19.904 0.6000000238
21700  13.273  -63.328  -20.536 0.6999999881
21712  25.263  -63.919  -21.069 0.3000000119
21713  24.768  -63.970  -21.438 0.3000000119
21715  23.164  -63.831  -21.437 0.3000000119
21717  12.645  -62.714  -21.273 0.6999999881
21731  24.365  -63.753  -21.795 0.3000000119
21732  23.806  -63.692  -22.211 0.3000000119
21734  22.323  -64.000  -22.099 0.3000000119
21735  12.375  -62.896  -21.954 0.6999999881
21746  23.358  -63.685  -23.055 0.3000000119
21748  12.150  -62.112  -22.532 0.6999999881
21757  23.754  -63.311  -23.279 0.3000000119
21770  22.787  -64.052  -24.898 0.3000000119
21771  22.403  -64.210  -24.536 0.3000000119
21776  19.732  -63.258  -26.333 0.6000000238
21777  11.180  -62.806  -25.498 0.6000000238
21778  10.377  -62.776  -25.346 0.6000000238
21784  19.347  -63.642  -26.666 0.6000000238
21785  18.677  -64.031  -26.632 0.6000000238
21788  12.665  -63.298  -26.270 0.6999999881
21789  11.923  -63.143  -25.909 0.6999999881
21791  10.413  -63.339  -25.660 0.6000000238
21792  24.450  -64.578  -27.956 0.3000000119
21794  23.226  -64.882  -26.663 0.4000000060
21795  19.915  -64.012  -28.394 0.6000000238
21796  19.455  -64.178  -27.888 0.6000000238
21797  19.000  -64.198  -27.624 0.6000000238
21799  15.953  -63.542  -26.696 0.6000000238
21800  15.218  -63.240  -26.981 0.6000000238
21801  14.699  -63.731  -26.747 0.6999999881
21802  13.760  -63.107  -27.179 0.6000000238
21803  13.234  -63.050  -26.653 0.6999999881
21805  25.162  -64.445  -28.755 0.3000000119
21806  21.477  -64.172  -29.491 0.6000000238
21811  25.742  -64.317  -29.360 0.4000000060
21814  22.430  -64.654  -29.714 0.4000000060
22617  8.908  -63.194  -15.202 0.6000000238
22627  12.058  -62.423  -15.684 0.5000000000
22630  8.701  -62.750  -15.667 0.6000000238
22649  12.719  -62.757  -15.938 0.5000000000
22650  9.972  -62.474  -15.636 0.6000000238
22651  8.499  -62.485  -16.351 0.6000000238
22652  7.819  -62.617  -16.367 0.6000000238
22674  14.452  -62.816  -17.099 0.6000000238
22675  8.270  -62.401  -17.066 0.6000000238
22678  6.367  -62.683  -17.782 0.6000000238
22693  15.464  -62.463  -18.091 0.6999999881
22694  14.945  -62.760  -18.074 0.6000000238
22697  7.118  -62.664  -18.207 0.6000000238
22710  14.829  -62.844  -18.731 0.6999999881
22722  15.658  -62.242  -19.152 0.6000000238
22724  14.387  -62.922  -19.252 0.6999999881
22725  7.180  -62.358  -20.348 0.5000000000
22726  6.644  -62.784  -20.201 0.5000000000
22727  5.889  -63.180  -19.860 0.5000000000
22732  14.517  -62.494  -20.034 0.6000000238
22733  13.931  -62.621  -20.464 0.6999999881
22734  13.343  -62.680  -20.745 0.6999999881
22753  12.602  -62.347  -21.735 0.6999999881
22776  23.417  -63.130  -23.671 0.3000000119
22777  11.052  -61.906  -23.622 0.6000000238
22796  11.149  -61.828  -24.435 0.6999999881
22797  10.405  -61.796  -24.317 0.6999999881
22802  22.994  -63.260  -25.676 0.3000000119
22803  20.092  -63.035  -25.956 0.6000000238
22804  13.416  -62.460  -26.020 0.6000000238
22808  9.821  -62.324  -24.726 0.6999999881
22815  18.941  -63.231  -26.169 0.6000000238
22816  18.246  -63.215  -26.206 0.6000000238
22817  17.072  -62.780  -26.091 0.6000000238
22819  12.463  -62.925  -25.698 0.6999999881
22822  21.568  -62.737  -27.575 0.4000000060
22825  15.687  -62.100  -27.461 0.6000000238
22828  13.583  -62.527  -26.906 0.6000000238
22836  22.687  -63.077  -28.645 0.4000000060
22838  25.548  -63.857  -29.757 0.4000000060
23647  15.289  -61.799  -16.646 0.5000000000
23650  12.533  -61.996  -15.845 0.5000000000
23651  11.875  -61.620  -16.029 0.5000000000
23652  10.051  -61.401  -16.321 0.6000000238
23653  9.126  -61.894  -16.734 0.6000000238
23670  15.819  -61.760  -17.167 0.6000000238
23671  14.881  -62.299  -17.061 0.6000000238
23672  14.330  -62.450  -16.731 0.5000000000
23673  9.022  -61.686  -17.317 0.6000000238
23674  8.582  -61.983  -17.584 0.6000000238
23689  16.957  -62.002  -17.616 0.5000000000
23690  16.420  -62.122  -17.803 0.5000000000
23691  15.855  -62.265  -17.609 0.5000000000
23692  15.280  -62.528  -17.552 0.6000000238
23693  8.416  -61.906  -18.233 0.5000000000
23705  16.808  -62.003  -18.318 0.5000000000
23718  16.229  -61.805  -19.040 0.5000000000
23720  15.310  -62.294  -19.827 0.6999999881
23722  7.561  -62.380  -19.923 0.5000000000
23730  15.427  -61.818  -20.777 0.6000000238
23731  14.918  -62.124  -20.445 0.6999999881
23733  7.411  -61.778  -20.622 0.5000000000
23741  14.750  -62.064  -21.044 0.8000000119
23742  14.073  -62.216  -21.278 0.8000000119
23743  13.397  -62.086  -21.420 0.8000000119
23750  15.218  -61.836  -21.869 0.6999999881
23751  14.576  -62.089  -22.075 0.8000000119
23753  12.933  -62.145  -21.671 0.8000000119
23767  15.520  -61.962  -22.902 0.8000000119
23768  14.647  -62.110  -22.731 0.8000000119
23771  12.155  -61.414  -22.949 0.6999999881
23772  11.567  -61.542  -23.604 0.6000000238
23781  15.139  -62.122  -23.509 0.6999999881
23782  14.325  -62.261  -23.390 0.8000000119
23783  13.360  -62.435  -23.262 0.8000000119
23784  12.464  -61.523  -23.213 0.6999999881
23797  22.670  -62.751  -25.057 0.3000000119
23799  14.740  -62.225  -24.170 0.6000000238
23801  12.345  -61.730  -23.728 0.6999999881
23802  11.687  -61.538  -23.856 0.6999999881
23803  10.959  -61.502  -24.023 0.6000000238
23809  23.004  -62.838  -25.736 0.3000000119
23814  20.883  -61.983  -25.838 0.5000000000
23816  19.768  -62.429  -25.651 0.6000000238
23818  17.889  -61.873  -25.816 0.6000000238
23824  21.300  -62.225  -26.634 0.4000000060
23825  15.134  -61.671  -27.713 0.6000000238
23826  14.862  -61.493  -27.337 0.6000000238
23829  15.116  -61.347  -27.696 0.6000000238
24667  15.337  -61.028  -15.642 0.4000000060
24669  13.756  -60.858  -15.898 0.5000000000
24670  12.669  -61.058  -15.760 0.5000000000
24672  11.158  -61.343  -15.664 0.6000000238
24682  16.059  -60.867  -16.586 0.4000000060
24683  15.490  -61.227  -16.239 0.4000000060
24684  15.040  -61.505  -16.115 0.6000000238
24688  11.532  -60.827  -15.973 0.6000000238
24698  17.761  -61.294  -17.120 0.5000000000
24699  17.106  -61.685  -16.967 0.6000000238
24703  9.142  -61.165  -17.307 0.6000000238
24708  17.488  -61.773  -17.615 0.5000000000
24710  8.134  -61.825  -18.856 0.5000000000
24721  7.873  -61.603  -19.455 0.5000000000
24732  16.453  -61.529  -19.694 0.6000000238
24733  15.999  -61.459  -20.328 0.5000000000
24745  17.215  -61.174  -20.446 0.5000000000
24758  15.789  -61.439  -21.656 0.6999999881
24770  16.981  -61.024  -21.962 0.6000000238
24771  16.292  -61.260  -21.964 0.6999999881
24787  16.565  -61.255  -22.502 0.6000000238
24788  16.206  -61.463  -23.054 0.6000000238
24800  16.612  -61.169  -23.927 0.8000000119
24813  16.102  -61.419  -24.510 0.6000000238
24820  15.657  -61.536  -25.156 0.6000000238
24822  21.211  -61.336  -26.007 0.4000000060
24823  20.663  -61.255  -25.694 0.5000000000
24825  18.831  -61.015  -25.866 0.5000000000
24827  21.743  -61.542  -26.473 0.4000000060
25690  14.609  -60.197  -14.848 0.6000000238
25691  13.723  -60.236  -14.919 0.6000000238
25697  16.126  -60.118  -15.670 0.5000000000
25699  15.003  -60.681  -15.160 0.5000000000
25702  12.356  -60.307  -15.841 0.5000000000
25711  10.807  -60.356  -16.069 0.6000000238
25712  9.708  -60.266  -16.679 0.6000000238
25719  9.207  -60.566  -17.097 0.6000000238
25724  18.227  -60.682  -18.050 0.5000000000
25733  6.432  -60.451  -19.296 0.5000000000
25768  17.585  -60.580  -21.678 0.6000000238
25786  17.573  -60.597  -22.373 0.6000000238
25798  18.185  -60.219  -22.802 0.6000000238
25822  16.677  -60.650  -24.995 0.6000000238
25826  23.714  -60.425  -25.576 0.3000000119
25833  18.899  -60.417  -26.089 0.5000000000
26722  14.304  -59.587  -14.682 0.6000000238
26731  12.439  -59.824  -15.517 0.5000000000
26733  10.795  -59.605  -15.875 0.6000000238
26739  10.809  -59.989  -16.115 0.6000000238
26751  8.555  -59.924  -17.009 0.6000000238
26754  6.265  -59.488  -17.196 0.5000000000
26755  5.445  -59.419  -17.173 0.5000000000
26758  7.654  -59.896  -17.932 0.6000000238
26761  5.190  -59.722  -17.745 0.5000000000
26851  16.387  -59.212  -25.415 0.5000000000
26854  20.813  -59.873  -26.240 0.5000000000
27739  12.906  -58.391  -14.142 0.5000000000
27748  15.831  -59.141  -15.034 0.5000000000
27750  14.111  -58.943  -14.381 0.6000000238
27753  11.736  -58.730  -14.825 0.6000000238
27760  12.046  -59.349  -15.101 0.5000000000
27762  10.130  -58.887  -15.721 0.6000000238
27773  10.465  -59.138  -16.163 0.6000000238
27774  10.027  -59.186  -16.316 0.6000000238
27776  8.253  -59.054  -16.075 0.6000000238
27777  7.482  -59.035  -15.951 0.6000000238
27778  6.660  -58.967  -15.885 0.5000000000
27787  6.442  -59.197  -16.584 0.6000000238
28821  10.892  -57.922  -13.901 0.5000000000
28836  12.143  -58.216  -14.392 0.6000000238
28837  11.396  -58.230  -14.463 0.5000000000
28838  10.561  -58.296  -14.459 0.6000000238
28839  9.897  -58.173  -14.667 0.6000000238
28840  9.377  -57.961  -14.744 0.6000000238
28841  8.657  -57.845  -14.604 0.6000000238
28842  7.765  -57.723  -14.570 0.6000000238
28843  7.098  -58.205  -14.778 0.6000000238
28859  9.679  -58.590  -15.116 0.6000000238
28871  6.317  -58.585  -15.616 0.5000000000
29835  11.848  -57.003  -13.080 0.4000000060
29844  12.854  -57.504  -13.328 0.5000000000
29849  8.754  -57.033  -13.697 0.5000000000
29862  8.226  -57.178  -13.975 0.6000000238
29863  7.123  -57.247  -14.626 0.6000000238
29864  6.568  -57.274  -15.130 0.5000000000
30878  13.882  -56.706  -12.834 0.4000000060
30879  13.321  -56.699  -12.322 0.4000000060
30880  12.322  -56.547  -12.779 0.4000000060
30892  9.781  -56.443  -13.076 0.4000000060
30894  8.788  -56.529  -13.452 0.5000000000
30910  7.129  -56.461  -14.570 0.5000000000
30923  6.565  -56.409  -15.198 0.5000000000
31969  13.941  -55.989  -12.754 0.4000000060
31970  13.539  -56.124  -12.181 0.4000000060
31971  12.209  -55.768  -12.633 0.4000000060
31973  10.776  -55.581  -12.708 0.4000000060
31987  9.319  -55.729  -13.245 0.4000000060
31988  8.812  -55.785  -13.563 0.4000000060
32003  8.512  -55.089  -14.045 0.4000000060
33076  12.210  -54.877  -12.451 0.4000000060
33077  11.682  -54.541  -12.455 0.4000000060
33078  11.063  -54.740  -12.837 0.4000000060
33110  9.454  -54.335  -13.994 0.4000000060
34109  11.443  -54.019  -12.958 0.4000000060
34110  10.664  -54.207  -13.295 0.4000000060
34125  10.042  -53.929  -14.287 0.3000000119
36232  14.256  -52.350  -13.152 0.4000000060
36293  11.569  -52.052  -15.703 0.3000000119
37393  15.069  -51.342  -13.550 0.4000000060
37394  14.476  -51.297  -13.946 0.4000000060
37395  13.781  -51.187  -13.997 0.4000000060
37411  13.127  -50.979  -14.120 0.4000000060
37424  12.227  -51.156  -14.891 0.3000000119
37439  10.939  -51.258  -16.670 0.3000000119
38559  16.225  -51.005  -13.710 0.4000000060
38562  14.337  -50.660  -14.017 0.4000000060
38578  13.009  -50.352  -14.225 0.3000000119
38591  11.915  -50.567  -14.945 0.3000000119
38631  10.394  -50.577  -17.728 0.3000000119
38632  9.986  -50.583  -18.317 0.4000000060
39789  14.086  -50.054  -14.107 0.4000000060
39813  12.089  -50.069  -14.542 0.3000000119
39814  11.760  -50.018  -15.269 0.3000000119
39825  11.405  -49.987  -15.988 0.3000000119
39826  10.933  -49.977  -16.683 0.3000000119
39835  10.544  -49.941  -17.405 0.3000000119
41071  14.442  -49.657  -13.862 0.4000000060
41072  13.878  -49.617  -14.285 0.4000000060
41073  13.435  -49.575  -14.423 0.3000000119
41097  11.583  -49.555  -15.630 0.3000000119
42380  12.832  -49.090  -14.074 0.4000000060
42394  12.144  -48.616  -14.502 0.4000000060
42404  10.805  -48.447  -16.084 0.3000000119
42436  9.159  -48.166  -18.191 0.3000000119
42437  8.615  -48.009  -18.667 0.4000000060
43698  14.166  -47.923  -13.380 0.4000000060
43723  11.485  -47.906  -15.292 0.4000000060
43747  10.599  -47.894  -17.107 0.3000000119
43762  9.386  -47.668  -17.890 0.4000000060
45002  15.689  -47.131  -13.075 0.3000000119
45003  14.928  -46.905  -13.238 0.3000000119
45004  14.388  -47.277  -13.277 0.3000000119
45021  13.561  -46.821  -13.859 0.4000000060
45022  12.954  -47.007  -14.305 0.4000000060
45047  10.817  -47.111  -16.004 0.3000000119
45057  10.644  -47.132  -16.920 0.3000000119
45070  9.920  -46.854  -17.558 0.4000000060
45071  9.339  -47.001  -17.913 0.4000000060
45090  7.320  -46.895  -17.993 0.3000000119
46305  16.637  -46.272  -12.874 0.3000000119
46307  14.927  -46.371  -13.458 0.3000000119
46324  14.102  -46.306  -14.276 0.3000000119
46346  12.843  -45.559  -15.253 0.3000000119
46348  11.761  -46.111  -15.714 0.3000000119
46363  11.421  -45.604  -16.149 0.3000000119
46377  10.607  -46.346  -17.140 0.3000000119
46378  10.229  -46.226  -17.730 0.4000000060
46396  9.587  -45.677  -18.378 0.4000000060
47640  14.466  -45.724  -14.537 0.3000000119
47661  13.767  -44.895  -15.407 0.3000000119
47679  11.210  -45.025  -16.665 0.3000000119
47710  9.736  -44.891  -18.128 0.3000000119
48871  14.413  -44.688  -15.159 0.3000000119
48900  12.516  -44.251  -16.745 0.3000000119
48914  11.634  -43.918  -17.506 0.3000000119
50123  13.648  -43.854  -16.009 0.3000000119
50137  12.657  -43.674  -16.941 0.3000000119
50151  11.305  -43.970  -18.213 0.3000000119
50166  10.503  -43.433  -18.088 0.3000000119
50167  9.514  -43.084  -18.077 0.3000000119
51364  15.238  -42.712  -15.664 0.3000000119
51398  12.358  -42.258  -18.348 0.3000000119
51417  10.661  -42.709  -18.216 0.3000000119
52706  13.208  -41.413  -17.347 0.3000000119
52726  11.060  -41.054  -18.612 0.3000000119
52728  10.378  -42.079  -18.237 0.3000000119
53964  10.341  -40.118  -17.642 0.3000000119
53977  12.127  -40.245  -18.048 0.3000000119
53979  10.456  -40.597  -18.551 0.3000000119
196665  16.152  -62.235  -27.316 0.6000000238
196667  16.771  -60.631  -27.497 0.6000000238
196668  15.309  -61.410  -27.744 0.6000000238
197651  15.623  -60.513  -26.280 0.6000000238
197661  15.756  -60.912  -26.954 0.6000000238
197892  24.208  -61.380  -28.183 0.4000000060
198054  16.558  -62.084  -26.463 0.6000000238
198140  15.915  -59.935  -26.349 0.6000000238
198265  24.171  -60.761  -26.151 0.3000000119
198349  15.753  -61.687  -27.637 0.6000000238
198624  16.281  -61.623  -27.409 0.6000000238
198706  17.320  -61.296  -26.245 0.6000000238
199320  22.097  -64.806  -24.722 0.4000000060
199603  20.273  -61.859  -25.536 0.5000000000
200067  13.107  -62.271  -23.789 0.6000000238
200089  7.341  -60.227  -18.485 0.6000000238
200182  13.508  -48.079  -13.575 0.4000000060
200437  23.168  -68.778  -23.993 0.3000000119
200547  22.076  -70.027  -26.688 0.4000000060
200821  14.178  -62.079  -27.077 0.6000000238
200961  15.139  -61.015  -26.656 0.6000000238
201060  12.860  -63.475  -16.228 0.5000000000
201302  27.119  -71.628  -27.838 0.3000000119
202715  8.975  -67.263  -19.840 0.4000000060
202853  11.668  -65.498  -21.506 0.6999999881
202995  20.791  -65.631  -21.320 0.4000000060
203044  9.512  -71.209  -24.458 0.6000000238
203187  13.282  -48.741  -13.707 0.4000000060
203425  19.698  -74.151  -29.909 0.5000000000
203598  18.772  -70.627  -23.134 0.4000000060
203624  14.501  -69.019  -23.254 0.6999999881
203639  7.527  -69.355  -20.309 0.5000000000
203762  14.656  -62.115  -21.583 0.8000000119
203777  13.581  -49.283  -14.018 0.4000000060
203986  20.027  -61.177  -25.796 0.5000000000
204462  18.569  -69.334  -21.677 0.5000000000
205242  19.649  -75.243  -28.948 0.5000000000
206151  11.397  -71.505  -22.543 0.6999999881
206934  8.898  -60.328  -17.366 0.6000000238
207029  14.653  -61.917  -16.578 0.5000000000
207031  11.842  -59.749  -15.600 0.5000000000
207112  15.912  -61.325  -27.508 0.6000000238
207125  12.621  -60.654  -15.745 0.6000000238
207279  19.061  -69.109  -22.037 0.4000000060
207434  18.734  -64.792  -22.494 0.4000000060
207656  14.610  -69.521  -20.324 0.6000000238
207907  27.745  -69.687  -29.223 0.3000000119
207922  16.734  -68.740  -20.550 0.6000000238
207953  9.589  -62.934  -24.831 0.6000000238
208071  17.188  -65.597  -27.493 0.6000000238
208270  15.683  -45.378  -13.811 0.3000000119
208595  8.399  -67.573  -23.462 0.6000000238
208866  15.690  -67.985  -20.612 0.6000000238
210104  20.368  -68.379  -22.279 0.3000000119
210316  18.461  -62.572  -25.872 0.6000000238
210413  15.901  -73.195  -21.655 0.4000000060
210581  24.653  -70.043  -28.314 0.3000000119
210617  13.005  -69.764  -24.770 0.6000000238
210777  12.517  -70.054  -23.787 0.6999999881
210885  15.227  -69.581  -20.294 0.5000000000
211295  20.133  -67.102  -21.265 0.4000000060
211670  8.437  -67.542  -21.602 0.5000000000
211743  8.915  -59.055  -16.160 0.6000000238
211747  24.339  -70.837  -30.368 0.4000000060
211897  13.887  -69.405  -25.624 0.8000000119
212168  12.482  -41.709  -18.448 0.3000000119
212182  10.191  -62.080  -24.022 0.6000000238
212313  11.192  -47.388  -15.504 0.3000000119
212637  13.561  -61.707  -16.346 0.5000000000
213227  21.458  -67.479  -21.617 0.3000000119
213442  18.486  -68.062  -20.987 0.4000000060
213528  13.961  -69.187  -22.044 0.6999999881
213694  5.005  -63.962  -16.645 0.5000000000
213730  15.597  -70.203  -20.251 0.5000000000
214015  8.410  -69.631  -17.153 0.5000000000
214090  11.067  -66.161  -19.513 0.6000000238
214153  12.845  -56.795  -12.472 0.4000000060
214474  14.912  -68.514  -22.170 0.6999999881
214912  29.345  -72.533  -25.114 0.3000000119
215082  16.033  -59.662  -25.745 0.6000000238
215174  10.208  -62.951  -23.720 0.6000000238
215282  16.979  -64.602  -26.851 0.6999999881
215356  11.199  -65.678  -16.259 0.5000000000
215541  29.207  -70.664  -27.095 0.3000000119
215643  12.539  -67.711  -30.091 0.6000000238
215698  9.942  -51.147  -18.504 0.3000000119
215865  12.209  -43.407  -17.669 0.3000000119
215898  20.399  -72.949  -30.465 0.5000000000
215900  12.424  -42.723  -17.920 0.3000000119
215904  22.783  -63.608  -24.261 0.3000000119
216423  8.247  -69.990  -19.221 0.5000000000
217635  12.116  -69.237  -28.398 0.6999999881
217736  10.674  -66.153  -18.478 0.6000000238
217771  19.645  -77.124  -28.280 0.4000000060
217879  24.761  -77.654  -24.336 0.3000000119
218015  22.126  -65.041  -25.365 0.4000000060
218385  9.500  -70.707  -24.517 0.6000000238
218640  11.341  -70.071  -25.433 0.6000000238
218743  12.141  -65.347  -18.222 0.6000000238
218852  6.896  -67.769  -23.233 0.6000000238
219336  22.863  -64.804  -21.067 0.3000000119
220245  13.415  -62.065  -21.801 0.8000000119
220275  26.138  -79.009  -21.612 0.3000000119
220860  13.690  -59.464  -14.733 0.6000000238
221328  12.228  -71.487  -20.512 0.6999999881
221355  16.625  -61.359  -20.795 0.5000000000
221495  21.923  -66.282  -21.172 0.4000000060
221638  8.704  -67.180  -28.772 0.6999999881
222077  9.755  -57.232  -13.605 0.6000000238
222248  13.352  -64.238  -17.865 0.6000000238
222428  18.882  -76.205  -28.188 0.5000000000
222794  18.764  -72.832  -25.200 0.4000000060
222817  13.107  -62.279  -22.244 0.8000000119
222945  10.406  -73.045  -21.242 0.6000000238
223113  14.502  -68.729  -21.570 0.6999999881
223428  16.946  -66.762  -29.018 0.6000000238
223433  24.213  -64.255  -21.235 0.3000000119
223548  22.297  -76.330  -27.426 0.3000000119
223552  10.285  -56.962  -13.155 0.4000000060
223787  12.522  -73.408  -20.191 0.6999999881
223791  21.401  -60.257  -26.304 0.5000000000
223941  21.791  -75.623  -28.687 0.5000000000
224037  13.396  -61.099  -16.037 0.5000000000
224105  10.982  -63.143  -15.335 0.5000000000
224258  16.664  -68.015  -20.380 0.5000000000
224308  22.808  -64.210  -21.291 0.3000000119
224469  16.580  -65.747  -27.155 0.6999999881
224522  22.719  -68.175  -22.986 0.3000000119
225764  15.195  -61.195  -27.516 0.6000000238
225833  15.601  -60.946  -25.829 0.6000000238
226161  23.700  -60.978  -27.437 0.4000000060
227873  16.575  -63.857  -26.566 0.6000000238
228000  26.957  -69.597  -29.098 0.3000000119
228101  9.320  -64.497  -15.166 0.5000000000
228284  8.688  -72.378  -24.556 0.5000000000
228659  11.167  -48.539  -15.465 0.3000000119
228767  10.794  -73.255  -20.738 0.6000000238
228817  23.772  -63.115  -23.204 0.3000000119
228965  11.639  -48.447  -14.999 0.4000000060
229366  13.385  -62.325  -22.679 0.8000000119
229614  8.784  -45.566  -18.364 0.3000000119
229787  20.718  -64.662  -21.878 0.4000000060
230087  9.572  -74.320  -23.099 0.5000000000
230122  12.276  -74.727  -21.924 0.6000000238
230304  23.006  -63.251  -24.036 0.3000000119
230527  16.585  -72.631  -22.502 0.4000000060
230790  18.224  -70.747  -22.737 0.4000000060
230946  10.396  -53.850  -13.777 0.3000000119
231264  11.590  -70.802  -23.680 0.6999999881
231265  14.103  -55.365  -12.928 0.4000000060
231366  30.546  -69.696  -26.508 0.3000000119
231460  11.641  -64.461  -22.168 0.6000000238
231510  8.974  -67.242  -21.824 0.6000000238
231721  25.973  -69.762  -28.010 0.3000000119
232129  22.433  -69.484  -25.689 0.4000000060
233246  21.467  -71.295  -29.156 0.4000000060
233454  11.751  -70.165  -24.651 0.6999999881
233536  17.328  -67.258  -27.812 0.6000000238
233585  12.858  -62.391  -24.369 0.6000000238
233762  23.113  -63.866  -29.625 0.4000000060
234272  14.343  -62.405  -24.717 0.6000000238
234406  19.690  -70.703  -23.747 0.4000000060
234432  20.122  -64.747  -28.982 0.6000000238
234978  12.393  -70.720  -22.978 0.6000000238
235165  10.956  -65.955  -16.646 0.5000000000
235742  26.475  -69.507  -28.020 0.3000000119
236187  13.450  -60.810  -15.153 0.6000000238
236231  12.603  -50.058  -14.217 0.3000000119
236377  15.774  -74.306  -22.019 0.4000000060
236902  8.732  -67.912  -19.834 0.4000000060
236995  10.087  -61.898  -15.951 0.6000000238
237066  20.655  -76.486  -28.909 0.4000000060
237130  17.645  -63.297  -26.047 0.6000000238
237358  30.673  -70.203  -25.847 0.3000000119
237476  9.849  -66.633  -21.225 0.6000000238
237586  25.844  -69.829  -28.523 0.3000000119
237788  15.907  -58.449  -14.870 0.5000000000
237935  24.604  -71.354  -30.409 0.3000000119
237995  26.479  -72.014  -28.230 0.3000000119
238039  22.123  -75.734  -28.105 0.5000000000
238071  9.617  -63.257  -15.167 0.5000000000
238120  21.348  -69.038  -23.680 0.4000000060
238183  16.049  -72.721  -21.892 0.4000000060
238279  11.920  -45.529  -15.777 0.3000000119
238449  7.124  -60.457  -19.012 0.5000000000
238972  29.934  -70.894  -26.095 0.3000000119
239116  21.709  -64.845  -29.676 0.5000000000
239188  9.425  -66.960  -18.436 0.6000000238
239321  17.809  -66.318  -20.905 0.4000000060
239360  14.100  -61.992  -16.511 0.5000000000
239420  14.436  -69.461  -28.798 0.6999999881
239432  17.235  -61.902  -17.975 0.5000000000
240323  11.122  -41.666  -18.583 0.3000000119
240482  12.584  -48.439  -14.162 0.4000000060
240516  21.114  -70.275  -25.324 0.4000000060
240721  12.352  -62.707  -25.129 0.6000000238
241133  19.159  -66.363  -21.054 0.4000000060
241214  19.823  -71.931  -26.633 0.4000000060
241596  18.988  -72.731  -25.429 0.4000000060
241663  13.639  -41.363  -16.761 0.3000000119
241669  17.305  -66.592  -28.604 0.6000000238
241695  18.973  -69.460  -22.666 0.4000000060
241763  19.872  -74.482  -30.123 0.5000000000
241811  20.677  -68.201  -22.384 0.3000000119
242184  21.661  -65.956  -21.150 0.4000000060
242228  11.726  -62.240  -22.766 0.6999999881
242329  10.709  -51.769  -17.004 0.3000000119
