#!ascii label  , from subject sub-v2s11x28689_ses-1 vox2ras=TkReg
219
119805  -36.322  -6.361  -34.530 0.0000000000
206228  -34.411  -8.776  -31.170 0.0000000000
115027  -35.956  -10.227  -33.839 0.0000000000
112402  -34.384  -11.530  -31.187 0.0000000000
136006  -36.383  4.856  -32.504 0.0000000000
129505  -37.647  0.341  -31.847 0.0000000000
125039  -35.396  -2.617  -34.098 0.0000000000
108091  -31.686  -14.386  -30.990 0.0000000000
115019  -34.527  -9.903  -31.337 0.0000000000
212448  -33.006  -11.412  -30.887 0.0000000000
132726  -37.050  2.639  -31.877 0.0000000000
129503  -36.126  0.544  -31.839 0.0000000000
120769  -34.868  -5.904  -33.439 0.0000000000
122881  -35.476  -4.555  -34.195 0.0000000000
121842  -36.079  -5.007  -34.822 0.0000000000
123919  -36.845  -3.536  -33.365 0.0000000000
120770  -37.260  -5.862  -33.562 0.0000000000
118731  -37.116  -7.383  -34.530 0.0000000000
118704  -34.629  -7.100  -31.786 0.0000000000
118715  -34.909  -7.558  -33.165 0.0000000000
117536  -35.768  -8.379  -34.652 0.0000000000
115025  -35.243  -9.748  -32.820 0.0000000000
113729  -35.360  -10.749  -32.390 0.0000000000
112407  -35.426  -11.864  -31.868 0.0000000000
127229  -35.536  -1.115  -32.541 0.0000000000
126153  -36.512  -1.879  -32.592 0.0000000000
214269  -38.440  -2.564  -32.175 0.0000000000
206241  -31.491  -12.910  -31.233 0.0000000000
204003  -33.050  -12.991  -30.849 0.0000000000
113717  -33.174  -10.758  -30.932 0.0000000000
113716  -32.541  -11.199  -30.786 0.0000000000
228095  -35.975  1.098  -31.788 0.0000000000
216286  -35.599  0.126  -32.036 0.0000000000
119804  -35.746  -6.376  -34.404 0.0000000000
120782  -35.509  -5.749  -34.203 0.0000000000
120783  -36.090  -5.619  -34.560 0.0000000000
121843  -36.294  -5.093  -34.668 0.0000000000
119806  -36.538  -6.624  -34.361 0.0000000000
119790  -37.141  -6.474  -33.781 0.0000000000
118730  -36.583  -7.221  -34.441 0.0000000000
117518  -34.466  -7.932  -31.357 0.0000000000
118713  -34.863  -7.189  -32.454 0.0000000000
117522  -34.867  -8.505  -32.400 0.0000000000
117524  -34.904  -8.234  -33.326 0.0000000000
116322  -34.945  -9.339  -32.206 0.0000000000
113724  -34.347  -10.515  -31.239 0.0000000000
113728  -34.954  -10.588  -32.000 0.0000000000
113725  -34.686  -11.001  -31.450 0.0000000000
112410  -35.619  -11.489  -32.494 0.0000000000
112406  -34.887  -11.679  -31.532 0.0000000000
133856  -35.517  3.778  -32.239 0.0000000000
136005  -35.178  4.996  -32.544 0.0000000000
136014  -35.878  5.223  -32.753 0.0000000000
230384  -35.812  6.591  -33.070 0.0000000000
136007  -36.922  4.885  -32.504 0.0000000000
130639  -37.545  1.494  -31.906 0.0000000000
122871  -35.689  -3.867  -33.954 0.0000000000
125038  -35.127  -2.504  -34.171 0.0000000000
126160  -35.221  -2.165  -33.994 0.0000000000
126152  -35.717  -1.751  -33.042 0.0000000000
126161  -35.897  -2.361  -33.235 0.0000000000
122873  -37.756  -4.493  -33.043 0.0000000000
125042  -37.658  -3.224  -32.857 0.0000000000
123911  -38.530  -3.633  -32.183 0.0000000000
116334  -35.869  -9.112  -34.554 0.0000000000
116335  -36.177  -8.400  -34.966 0.0000000000
109106  -30.839  -14.152  -31.484 0.0000000000
110137  -32.022  -13.262  -30.949 0.0000000000
234437  -32.524  -13.029  -30.960 0.0000000000
109108  -32.687  -13.637  -30.945 0.0000000000
116319  -34.262  -9.431  -31.094 0.0000000000
116320  -34.659  -9.309  -31.523 0.0000000000
115015  -34.051  -10.060  -31.116 0.0000000000
113718  -33.725  -10.661  -31.209 0.0000000000
206670  -33.481  -11.237  -31.054 0.0000000000
133838  -35.975  3.232  -31.984 0.0000000000
133839  -36.721  3.240  -31.960 0.0000000000
132725  -36.353  2.698  -31.801 0.0000000000
130638  -36.915  1.529  -31.781 0.0000000000
129504  -36.836  0.407  -31.737 0.0000000000
120767  -34.651  -6.000  -32.640 0.0000000000
121829  -35.117  -5.178  -33.951 0.0000000000
122882  -35.891  -4.570  -34.644 0.0000000000
123927  -35.860  -4.073  -34.203 0.0000000000
123918  -36.115  -3.294  -33.742 0.0000000000
123928  -36.300  -4.137  -34.042 0.0000000000
122872  -37.312  -4.802  -33.603 0.0000000000
121830  -37.537  -5.382  -33.381 0.0000000000
221396  -37.907  -6.293  -33.408 0.0000000000
235392  -32.116  -15.431  -30.468 0.0000000000
227165  -32.357  -14.238  -30.776 0.0000000000
119789  -34.795  -6.524  -32.953 0.0000000000
222682  -34.950  -7.037  -33.429 0.0000000000
118728  -35.090  -7.620  -33.967 0.0000000000
208212  -36.233  -7.682  -34.749 0.0000000000
117535  -35.088  -8.343  -34.049 0.0000000000
116332  -34.988  -8.851  -33.679 0.0000000000
116325  -35.369  -9.425  -33.481 0.0000000000
115020  -34.805  -9.928  -31.852 0.0000000000
115022  -35.145  -10.105  -32.341 0.0000000000
115026  -35.651  -10.133  -33.295 0.0000000000
112414  -35.905  -11.370  -33.198 0.0000000000
112411  -36.188  -11.916  -32.773 0.0000000000
133859  -37.660  3.705  -32.515 0.0000000000
128348  -35.609  -0.524  -32.154 0.0000000000
127208  -36.656  -0.876  -31.866 0.0000000000
127209  -37.275  -0.901  -31.778 0.0000000000
125041  -37.117  -2.926  -33.009 0.0000000000
126154  -37.355  -1.978  -32.148 0.0000000000
128366  -38.428  -0.680  -32.082 0.0000000000
117537  -36.421  -7.892  -34.988 0.0000000000
117556  -37.185  -7.855  -35.123 0.0000000000
207703  -31.685  -12.045  -30.873 0.0000000000
112399  -32.485  -11.930  -30.935 0.0000000000
112400  -33.191  -11.865  -30.915 0.0000000000
111212  -33.466  -12.369  -30.705 0.0000000000
110138  -33.361  -13.436  -30.556 0.0000000000
110139  -33.763  -12.944  -30.481 0.0000000000
111214  -34.508  -12.156  -31.170 0.0000000000
129502  -35.085  0.311  -32.053 0.0000000000
120784  -36.171  -5.665  -34.543 0.0000000000
117519  -34.813  -8.601  -31.711 0.0000000000
117521  -34.918  -7.847  -31.941 0.0000000000
113719  -34.047  -11.099  -31.185 0.0000000000
134963  -35.839  4.467  -32.432 0.0000000000
226042  -36.244  5.671  -32.970 0.0000000000
136015  -36.604  5.334  -32.631 0.0000000000
215668  -37.804  1.001  -31.933 0.0000000000
130656  -38.208  1.445  -32.152 0.0000000000
205930  -38.342  0.719  -32.018 0.0000000000
129520  -38.404  0.021  -31.924 0.0000000000
123917  -35.439  -3.088  -34.032 0.0000000000
123916  -35.100  -3.036  -34.039 0.0000000000
122865  -38.291  -4.189  -32.472 0.0000000000
123910  -38.103  -3.612  -32.449 0.0000000000
115036  -35.926  -9.575  -33.877 0.0000000000
115037  -36.083  -9.860  -34.427 0.0000000000
108090  -31.151  -15.004  -31.373 0.0000000000
109117  -31.396  -13.529  -31.241 0.0000000000
109107  -32.021  -13.808  -30.952 0.0000000000
116306  -33.790  -9.625  -30.960 0.0000000000
115014  -33.511  -10.152  -31.042 0.0000000000
132724  -35.736  2.727  -31.788 0.0000000000
131682  -35.942  2.169  -31.734 0.0000000000
213040  -36.255  1.579  -31.730 0.0000000000
130637  -36.570  1.017  -31.697 0.0000000000
121841  -35.724  -4.980  -34.655 0.0000000000
122883  -36.105  -4.626  -34.706 0.0000000000
120785  -36.556  -5.851  -34.156 0.0000000000
121844  -36.930  -5.240  -33.903 0.0000000000
120771  -37.931  -5.783  -33.314 0.0000000000
119807  -37.368  -7.130  -34.043 0.0000000000
118746  -37.392  -7.811  -34.893 0.0000000000
107006  -31.735  -15.853  -30.600 0.0000000000
119787  -34.615  -6.587  -32.271 0.0000000000
211164  -34.821  -7.828  -32.623 0.0000000000
223425  -35.288  -6.933  -34.144 0.0000000000
116324  -34.925  -9.063  -33.053 0.0000000000
115023  -35.470  -10.296  -32.700 0.0000000000
113731  -35.617  -10.830  -32.940 0.0000000000
111225  -35.876  -12.202  -32.209 0.0000000000
133858  -37.000  3.766  -32.274 0.0000000000
132743  -37.410  3.102  -32.254 0.0000000000
121828  -34.893  -4.650  -33.174 0.0000000000
202219  -35.094  -1.676  -33.311 0.0000000000
128365  -35.084  -0.698  -32.432 0.0000000000
127230  -36.263  -1.318  -32.305 0.0000000000
127231  -36.997  -1.394  -31.988 0.0000000000
125040  -36.244  -2.939  -33.303 0.0000000000
125032  -38.198  -3.154  -32.147 0.0000000000
125031  -37.702  -2.614  -32.352 0.0000000000
126155  -38.154  -1.991  -32.087 0.0000000000
127232  -37.806  -1.299  -31.839 0.0000000000
127233  -38.618  -1.345  -32.203 0.0000000000
126156  -38.880  -1.937  -32.376 0.0000000000
223257  -35.621  -7.892  -34.427 0.0000000000
111210  -32.010  -12.606  -30.840 0.0000000000
111211  -32.782  -12.480  -31.006 0.0000000000
239406  -32.776  -14.123  -30.765 0.0000000000
111213  -33.955  -12.380  -30.734 0.0000000000
213229  -35.501  1.564  -31.748 0.0000000000
130636  -35.419  0.793  -31.887 0.0000000000
119803  -35.020  -6.437  -33.831 0.0000000000
215811  -34.666  -10.370  -31.574 0.0000000000
113726  -35.266  -11.209  -31.896 0.0000000000
134962  -35.034  4.347  -32.489 0.0000000000
226043  -35.154  5.612  -32.523 0.0000000000
137062  -35.622  5.975  -32.930 0.0000000000
136016  -37.216  5.445  -32.610 0.0000000000
131684  -37.292  2.038  -31.864 0.0000000000
132727  -37.688  2.462  -32.079 0.0000000000
131685  -37.828  1.932  -32.072 0.0000000000
123920  -37.643  -3.846  -32.989 0.0000000000
116333  -35.446  -9.021  -34.128 0.0000000000
116352  -36.078  -9.016  -34.954 0.0000000000
116318  -33.781  -9.026  -30.930 0.0000000000
112401  -33.851  -11.779  -30.894 0.0000000000
133855  -34.772  3.790  -32.094 0.0000000000
133857  -36.276  3.791  -32.230 0.0000000000
134964  -36.615  4.357  -32.376 0.0000000000
131683  -36.647  2.119  -31.731 0.0000000000
204460  -37.219  0.961  -31.757 0.0000000000
199591  -37.047  -4.261  -33.514 0.0000000000
122884  -36.609  -4.684  -34.221 0.0000000000
221119  -37.833  -4.996  -33.142 0.0000000000
122874  -38.312  -4.845  -32.818 0.0000000000
121831  -38.213  -5.380  -33.144 0.0000000000
205433  -31.773  -15.225  -30.989 0.0000000000
118729  -35.910  -7.184  -34.437 0.0000000000
113732  -35.892  -10.796  -33.522 0.0000000000
134965  -37.236  4.326  -32.481 0.0000000000
238656  -37.849  3.205  -32.466 0.0000000000
128347  -35.055  -0.213  -32.197 0.0000000000
128349  -36.275  -0.219  -31.880 0.0000000000
127207  -36.061  -0.879  -31.990 0.0000000000
128350  -37.085  -0.270  -31.807 0.0000000000
128351  -37.784  -0.465  -31.839 0.0000000000
126162  -36.875  -2.406  -32.885 0.0000000000
117555  -36.920  -7.625  -34.906 0.0000000000
