#!ascii label  , from subject sub-v2s11x28689_ses-1 vox2ras=TkReg
1478
20045  -29.016  -70.133  -51.704 0.5000000000
235737  -28.242  -68.599  -52.239 0.6000000238
13108  -27.658  -76.108  -44.301 0.3000000119
22563  -27.177  -67.997  -52.173 0.5000000000
217451  -29.577  -75.742  -47.226 0.4000000060
13165  -29.664  -76.448  -46.437 0.4000000060
13128  -29.273  -76.745  -45.253 0.4000000060
13127  -28.694  -76.473  -45.004 0.3000000119
14276  -29.871  -76.051  -46.927 0.4000000060
209797  -28.113  -70.720  -48.745 0.5000000000
21279  -28.196  -70.141  -49.565 0.5000000000
22564  -28.831  -69.128  -52.029 0.5000000000
21270  -27.045  -70.243  -48.284 0.6000000238
22530  -26.950  -69.729  -48.923 0.5000000000
22552  -27.978  -68.837  -51.540 0.6000000238
14171  -26.432  -76.139  -42.379 0.3000000119
22551  -27.277  -68.630  -50.956 0.5000000000
15355  -30.427  -74.582  -48.513 0.5000000000
226059  -29.832  -74.993  -48.274 0.5000000000
13072  -27.848  -76.325  -43.043 0.3000000119
22539  -26.809  -69.095  -49.939 0.6000000238
23808  -27.300  -67.941  -52.127 0.5000000000
14295  -30.936  -75.259  -47.642 0.5000000000
14294  -30.106  -75.594  -47.425 0.4000000060
13149  -30.038  -76.814  -45.897 0.4000000060
13110  -29.085  -76.886  -44.572 0.3000000119
13089  -28.392  -76.674  -43.479 0.3000000119
15331  -31.689  -74.602  -47.911 0.4000000060
14277  -30.486  -75.876  -47.035 0.4000000060
13150  -30.517  -76.723  -46.100 0.4000000060
14296  -31.752  -75.077  -47.453 0.4000000060
18682  -27.779  -72.020  -46.298 0.6999999881
229918  -28.076  -71.906  -46.943 0.6999999881
237041  -28.452  -71.609  -47.955 0.6999999881
21307  -29.597  -70.184  -51.262 0.5000000000
18652  -27.231  -72.264  -45.251 0.6999999881
18667  -27.275  -72.043  -45.801 0.6999999881
19979  -27.419  -71.167  -47.527 0.8000000119
19985  -28.011  -71.177  -48.038 0.5000000000
21260  -26.882  -70.486  -47.551 0.6999999881
18760  -29.798  -71.564  -50.644 0.5000000000
21224  -26.457  -71.015  -46.519 0.6999999881
225120  -30.708  -71.960  -50.230 0.4000000060
16465  -30.885  -73.388  -49.383 0.5000000000
14157  -26.375  -76.014  -41.680 0.3000000119
21259  -26.309  -70.140  -47.356 0.6000000238
17586  -31.396  -72.464  -49.677 0.5000000000
16449  -31.148  -73.925  -48.883 0.5000000000
13058  -27.789  -76.404  -42.387 0.3000000119
22529  -26.545  -69.903  -48.081 0.5000000000
213063  -32.050  -73.526  -48.821 0.5000000000
17557  -33.158  -73.103  -47.618 0.4000000060
229946  -32.905  -73.424  -48.250 0.4000000060
13167  -30.933  -76.193  -46.543 0.4000000060
12025  -30.538  -77.115  -45.583 0.4000000060
12008  -29.679  -77.104  -44.866 0.4000000060
15333  -33.199  -74.081  -47.443 0.3000000119
15310  -32.533  -74.853  -47.274 0.4000000060
18606  -26.403  -72.771  -41.896 0.5000000000
214849  -26.688  -72.678  -43.107 0.6000000238
17480  -27.177  -72.963  -43.127 0.6000000238
18640  -27.753  -72.634  -44.926 0.6000000238
208348  -27.756  -72.362  -45.619 0.6000000238
18569  -24.878  -72.658  -40.492 0.5000000000
18604  -25.256  -72.565  -41.706 0.5000000000
18605  -25.812  -72.556  -42.152 0.6000000238
18629  -26.422  -72.420  -43.610 0.6000000238
201043  -26.749  -72.176  -44.831 0.6999999881
19997  -28.892  -70.862  -49.594 0.6000000238
10892  -24.656  -77.897  -38.827 0.3000000119
18588  -22.858  -72.143  -40.917 0.6999999881
18590  -23.979  -72.391  -41.369 0.6000000238
18603  -24.491  -72.329  -42.039 0.6000000238
18616  -25.764  -72.354  -42.831 0.6000000238
18628  -25.768  -72.237  -43.530 0.6999999881
240425  -26.253  -71.799  -45.091 0.6999999881
18713  -30.104  -71.757  -48.754 0.6000000238
19988  -30.581  -71.365  -49.571 0.6000000238
20014  -30.306  -71.363  -50.062 0.5000000000
18568  -23.119  -72.182  -40.225 0.6999999881
18589  -23.300  -72.054  -41.440 0.6000000238
18602  -23.692  -72.074  -42.014 0.6000000238
232889  -24.656  -72.043  -42.819 0.6000000238
19908  -24.757  -71.401  -44.308 0.6999999881
21205  -25.393  -71.128  -45.479 0.6999999881
18743  -30.943  -71.777  -50.068 0.5000000000
14156  -25.724  -75.732  -41.409 0.3000000119
18551  -21.880  -72.042  -39.931 0.6999999881
18567  -22.401  -72.037  -40.434 0.6000000238
19855  -22.565  -71.882  -41.556 0.6999999881
19892  -23.805  -71.495  -43.671 0.6000000238
19907  -24.068  -71.311  -44.247 0.6000000238
21244  -26.046  -70.567  -46.800 0.6999999881
18714  -31.141  -71.787  -49.169 0.5000000000
18701  -31.781  -71.956  -48.671 0.5000000000
227109  -22.600  -71.637  -42.247 0.6000000238
220345  -22.691  -71.426  -43.647 0.6000000238
21204  -24.732  -70.909  -45.378 0.6000000238
21242  -24.765  -70.408  -46.454 0.6000000238
22505  -25.031  -70.228  -47.033 0.6000000238
17554  -31.001  -72.471  -47.741 0.5000000000
13073  -28.377  -76.741  -42.773 0.3000000119
19853  -21.092  -71.833  -41.052 0.6999999881
202977  -21.523  -71.643  -42.245 0.6000000238
19879  -22.850  -71.533  -42.904 0.6000000238
19906  -23.273  -71.275  -44.140 0.6000000238
19927  -22.921  -71.047  -44.843 0.5000000000
21202  -23.335  -70.917  -45.431 0.5000000000
22503  -23.892  -70.035  -47.230 0.5000000000
22516  -25.857  -69.749  -47.977 0.5000000000
17556  -32.964  -72.637  -48.158 0.5000000000
16398  -34.188  -73.604  -46.216 0.3000000119
15312  -33.704  -74.161  -46.870 0.3000000119
15311  -33.186  -74.616  -47.077 0.3000000119
227960  -31.756  -76.352  -45.911 0.4000000060
13151  -31.127  -76.748  -45.900 0.4000000060
22515  -24.645  -69.938  -47.516 0.5000000000
17525  -33.338  -73.287  -46.827 0.3000000119
17526  -33.517  -73.335  -47.065 0.3000000119
14257  -32.143  -75.816  -46.281 0.4000000060
18555  -26.083  -72.729  -39.957 0.5000000000
18571  -26.098  -72.899  -40.684 0.5000000000
17456  -26.816  -73.066  -40.888 0.5000000000
17465  -26.939  -73.108  -41.590 0.5000000000
19797  -24.420  -71.776  -38.768 0.5000000000
18540  -24.708  -72.274  -39.172 0.5000000000
208055  -24.975  -72.540  -39.773 0.5000000000
18593  -25.896  -72.767  -41.430 0.5000000000
17471  -26.938  -73.017  -42.443 0.5000000000
17482  -28.171  -73.184  -43.866 0.6000000238
17493  -28.253  -73.074  -44.531 0.6000000238
18539  -24.020  -72.062  -39.197 0.5000000000
17520  -28.743  -72.769  -45.644 0.6000000238
18684  -29.179  -72.550  -47.132 0.8000000119
8990  -25.334  -79.639  -37.924 0.3000000119
225216  -22.528  -71.560  -38.569 0.6000000238
19817  -22.646  -71.816  -39.123 0.6000000238
206817  -23.869  -72.356  -40.221 0.6000000238
220869  -29.342  -73.068  -45.771 0.4000000060
10893  -24.972  -78.428  -38.443 0.3000000119
19815  -21.464  -72.067  -39.340 0.6999999881
18685  -30.014  -72.545  -47.452 0.5000000000
18699  -29.526  -72.258  -47.910 0.6000000238
13004  -24.999  -76.207  -39.461 0.3000000119
14141  -25.814  -75.650  -40.240 0.3000000119
205469  -20.732  -71.800  -39.353 0.6999999881
17522  -30.570  -73.170  -46.480 0.4000000060
14142  -26.279  -75.867  -40.885 0.3000000119
19830  -21.104  -71.968  -40.119 0.6000000238
17541  -31.274  -72.816  -47.149 0.4000000060
11983  -28.870  -77.166  -43.143 0.3000000119
209917  -19.707  -71.792  -39.869 0.6000000238
203171  -20.490  -71.893  -40.580 0.6999999881
19877  -21.265  -71.607  -42.727 0.6000000238
19891  -22.012  -71.438  -43.770 0.5000000000
19905  -22.447  -71.300  -44.314 0.5000000000
21241  -24.123  -70.451  -46.528 0.6000000238
17523  -31.391  -73.182  -46.542 0.4000000060
17542  -32.302  -72.924  -47.306 0.4000000060
16369  -33.061  -73.938  -44.973 0.3000000119
222325  -33.746  -73.506  -45.817 0.3000000119
16382  -34.738  -73.817  -45.367 0.3000000119
14260  -34.283  -74.524  -45.904 0.3000000119
14258  -32.936  -75.511  -46.251 0.4000000060
11993  -29.567  -77.273  -44.163 0.3000000119
19876  -20.473  -71.600  -42.745 0.6000000238
19889  -20.768  -71.522  -44.069 0.5000000000
19903  -20.885  -71.399  -44.693 0.5000000000
19926  -22.129  -71.146  -45.006 0.5000000000
205165  -22.495  -70.433  -46.654 0.5000000000
22502  -23.003  -70.080  -47.246 0.6000000238
225743  -32.057  -73.312  -46.606 0.3000000119
16380  -32.711  -73.824  -45.573 0.3000000119
201611  -20.959  -71.551  -43.334 0.5000000000
19925  -21.277  -71.133  -45.219 0.5000000000
21218  -21.683  -70.649  -46.355 0.5000000000
19961  -19.983  -71.169  -46.510 0.5000000000
19779  -25.579  -71.451  -38.542 0.5000000000
19799  -25.926  -72.067  -38.864 0.5000000000
17437  -26.675  -72.861  -40.248 0.5000000000
17427  -27.873  -72.976  -39.914 0.5000000000
17439  -27.963  -73.261  -40.570 0.5000000000
239676  -27.895  -73.430  -41.507 0.5000000000
225362  -23.453  -71.356  -38.326 0.5000000000
223967  -26.027  -72.482  -39.381 0.5000000000
16336  -28.693  -73.821  -42.193 0.4000000060
19796  -23.744  -71.666  -38.745 0.5000000000
16354  -28.621  -73.552  -43.557 0.4000000060
8052  -25.664  -80.783  -38.091 0.3000000119
8037  -25.333  -80.210  -37.234 0.3000000119
19775  -22.171  -71.348  -38.163 0.6000000238
17483  -28.668  -73.488  -44.214 0.4000000060
17494  -28.847  -73.306  -44.804 0.4000000060
19774  -21.510  -71.420  -38.178 0.6000000238
19793  -21.143  -71.706  -38.734 0.6000000238
210468  -24.875  -77.693  -38.309 0.3000000119
12989  -25.046  -76.393  -38.794 0.3000000119
19792  -20.355  -71.611  -38.582 0.6000000238
17507  -30.021  -73.338  -45.834 0.4000000060
19791  -19.578  -71.501  -38.737 0.6000000238
233826  -30.502  -73.993  -44.744 0.4000000060
16395  -30.765  -73.475  -45.910 0.4000000060
14158  -27.006  -76.153  -41.357 0.3000000119
19813  -19.334  -71.568  -39.410 0.6999999881
16379  -31.802  -73.827  -45.400 0.3000000119
16368  -32.076  -74.109  -44.800 0.3000000119
230117  -26.607  -71.714  -38.819 0.5000000000
18542  -26.566  -72.238  -39.176 0.5000000000
18557  -27.574  -72.490  -39.434 0.5000000000
236526  -28.354  -73.342  -40.162 0.4000000060
19777  -24.098  -71.336  -38.374 0.5000000000
231464  -28.449  -73.554  -40.563 0.4000000060
16323  -28.750  -73.867  -41.530 0.4000000060
21108  -24.463  -70.785  -38.066 0.6000000238
16346  -29.207  -74.024  -42.609 0.4000000060
16356  -29.797  -74.219  -43.016 0.4000000060
10869  -25.272  -77.892  -37.589 0.3000000119
206571  -25.240  -79.212  -37.492 0.3000000119
19773  -20.445  -71.289  -37.909 0.6000000238
199058  -29.615  -73.963  -43.735 0.4000000060
240906  -29.937  -73.801  -44.771 0.4000000060
16367  -30.723  -74.279  -44.158 0.4000000060
15279  -31.484  -74.426  -44.142 0.4000000060
199580  -31.231  -74.092  -44.735 0.3000000119
15280  -32.338  -74.395  -44.195 0.3000000119
19812  -18.670  -71.540  -39.606 0.6000000238
21124  -26.606  -71.094  -38.503 0.5000000000
18543  -27.237  -71.986  -39.056 0.5000000000
19802  -28.378  -71.655  -39.029 0.4000000060
18558  -28.227  -72.603  -39.432 0.4000000060
21109  -25.310  -70.747  -38.205 0.5000000000
21111  -26.500  -70.423  -38.349 0.5000000000
17429  -29.290  -73.227  -39.760 0.4000000060
212837  -23.073  -70.858  -37.873 0.6000000238
22361  -23.805  -69.819  -37.531 0.6000000238
221878  -25.219  -70.054  -38.085 0.6000000238
16310  -28.834  -73.830  -40.863 0.4000000060
21107  -22.446  -70.915  -37.724 0.6000000238
21092  -22.745  -70.389  -37.514 0.6000000238
16338  -29.856  -74.370  -41.766 0.4000000060
238023  -30.101  -74.419  -42.634 0.4000000060
21105  -21.109  -71.134  -37.736 0.6000000238
16357  -30.259  -74.311  -43.601 0.4000000060
15264  -30.869  -74.726  -42.536 0.4000000060
207534  -31.178  -74.722  -42.983 0.4000000060
15265  -31.469  -74.834  -42.497 0.4000000060
14105  -25.538  -75.846  -39.047 0.3000000119
12974  -25.722  -76.120  -37.905 0.3000000119
21104  -19.966  -70.925  -37.501 0.6000000238
15274  -31.725  -74.681  -43.474 0.4000000060
13023  -27.863  -76.210  -40.657 0.3000000119
14126  -26.073  -75.659  -39.610 0.3000000119
19771  -19.143  -71.226  -38.294 0.6000000238
19789  -18.162  -71.153  -38.761 0.6000000238
21086  -17.639  -70.526  -37.565 0.6999999881
22345  -18.370  -69.570  -36.754 0.6999999881
21101  -18.030  -70.877  -38.112 0.6000000238
22353  -17.387  -69.903  -37.298 0.6999999881
23589  -17.147  -69.250  -37.091 0.6999999881
22367  -16.481  -69.980  -37.981 0.6000000238
23576  -18.025  -69.021  -36.596 0.6999999881
26076  -17.095  -67.849  -36.537 0.6000000238
23606  -16.127  -69.414  -37.670 0.6999999881
24802  -16.982  -68.534  -36.860 0.6999999881
19800  -27.159  -71.323  -38.722 0.5000000000
21126  -28.247  -71.046  -38.938 0.5000000000
22382  -26.302  -69.759  -38.430 0.5000000000
22383  -26.926  -69.948  -38.605 0.5000000000
206044  -27.061  -70.640  -38.608 0.5000000000
21127  -28.861  -71.260  -39.037 0.5000000000
19803  -28.935  -71.849  -39.196 0.4000000060
18559  -28.964  -72.544  -39.434 0.4000000060
236750  -23.850  -69.352  -37.516 0.6000000238
23608  -24.938  -69.338  -38.042 0.6000000238
23620  -25.402  -68.927  -38.542 0.6000000238
23621  -26.026  -69.130  -38.693 0.6000000238
17430  -29.985  -73.203  -39.857 0.4000000060
21091  -22.061  -70.470  -37.388 0.6000000238
24830  -24.261  -68.426  -38.107 0.6000000238
24842  -25.183  -68.349  -38.790 0.6000000238
16312  -30.064  -74.045  -40.655 0.4000000060
21089  -20.605  -70.324  -37.060 0.6000000238
22358  -21.675  -69.945  -37.189 0.6000000238
24818  -22.485  -68.648  -37.353 0.6000000238
26099  -22.995  -67.970  -37.717 0.6000000238
26116  -23.995  -67.925  -38.463 0.6000000238
15244  -30.402  -74.684  -41.569 0.4000000060
16315  -32.350  -73.717  -40.462 0.4000000060
22357  -20.705  -69.771  -36.913 0.6000000238
23592  -21.164  -69.391  -37.061 0.6000000238
24817  -21.872  -68.544  -37.397 0.6000000238
26114  -22.593  -67.596  -38.160 0.6000000238
26123  -22.886  -67.373  -38.815 0.6000000238
226185  -31.563  -74.607  -41.239 0.4000000060
15246  -32.177  -74.654  -41.424 0.4000000060
222986  -19.994  -70.414  -36.992 0.6000000238
23591  -20.459  -69.256  -36.807 0.5000000000
24815  -20.756  -68.697  -37.143 0.6000000238
26096  -21.206  -67.954  -37.868 0.6000000238
26122  -22.078  -67.360  -38.818 0.6000000238
27379  -21.481  -67.278  -39.525 0.6999999881
21087  -18.818  -70.622  -37.454 0.6999999881
22356  -19.481  -69.984  -36.796 0.6000000238
24806  -20.088  -68.672  -36.704 0.6000000238
26095  -20.771  -68.031  -37.429 0.6000000238
27364  -21.281  -67.448  -38.880 0.6000000238
27394  -20.824  -67.284  -40.246 0.6000000238
27413  -21.018  -67.008  -41.064 0.6000000238
27354  -19.996  -67.293  -37.600 0.6000000238
27362  -20.071  -67.087  -38.425 0.6000000238
27378  -20.735  -67.282  -39.504 0.6000000238
27412  -20.272  -66.931  -40.775 0.6000000238
24804  -18.882  -68.548  -36.350 0.6000000238
26079  -19.673  -68.122  -36.689 0.6000000238
27361  -19.587  -66.669  -37.859 0.5000000000
27376  -19.521  -66.378  -38.807 0.6000000238
28725  -19.632  -66.508  -39.578 0.6000000238
240083  -19.003  -67.083  -36.619 0.5000000000
23587  -15.899  -68.673  -37.479 0.6999999881
26093  -16.085  -67.391  -36.800 0.6999999881
27334  -17.062  -67.180  -36.398 0.5000000000
27336  -18.423  -66.900  -36.508 0.6000000238
27352  -18.891  -66.646  -36.783 0.5000000000
28707  -19.218  -66.034  -38.111 0.5000000000
199511  -17.616  -65.879  -36.495 0.6000000238
41658  -15.301  -56.414  -45.082 0.6000000238
40275  -15.360  -58.074  -44.837 0.6000000238
37645  -13.449  -59.538  -43.330 0.6000000238
22385  -28.093  -70.422  -39.011 0.5000000000
23623  -27.363  -69.502  -38.920 0.5000000000
21137  -28.704  -70.655  -39.164 0.5000000000
207287  -29.846  -71.450  -39.481 0.5000000000
18560  -29.725  -72.636  -39.583 0.4000000060
26126  -24.942  -67.905  -39.073 0.5000000000
24843  -25.757  -68.545  -38.982 0.5000000000
26135  -26.246  -67.792  -39.942 0.5000000000
18561  -30.798  -72.406  -39.874 0.4000000060
18562  -31.385  -72.122  -40.040 0.4000000060
24852  -25.489  -68.017  -39.208 0.5000000000
26141  -25.768  -67.315  -40.224 0.5000000000
16313  -30.779  -74.033  -40.588 0.4000000060
17442  -31.044  -73.447  -40.311 0.4000000060
17444  -32.464  -72.941  -40.237 0.4000000060
27397  -23.681  -67.234  -39.647 0.5000000000
27398  -24.364  -67.212  -39.981 0.5000000000
207804  -24.705  -67.575  -39.460 0.5000000000
16314  -31.516  -73.895  -40.532 0.4000000060
231436  -22.430  -66.908  -40.166 0.6000000238
27416  -23.597  -66.899  -40.286 0.6000000238
27414  -22.052  -66.834  -40.826 0.6000000238
27415  -22.857  -66.747  -40.563 0.5000000000
28749  -20.167  -66.645  -41.450 0.4000000060
28759  -21.607  -66.629  -41.680 0.4000000060
28760  -22.102  -66.279  -42.328 0.4000000060
28739  -19.048  -65.682  -40.306 0.6000000238
28748  -19.479  -66.267  -40.875 0.6000000238
201945  -19.740  -65.994  -41.543 0.5000000000
28774  -20.633  -66.134  -42.482 0.4000000060
28775  -21.624  -65.867  -43.114 0.4000000060
237391  -20.761  -64.767  -42.975 0.4000000060
24840  -15.416  -68.516  -38.434 0.6999999881
30074  -18.996  -65.489  -38.756 0.6000000238
30119  -18.928  -64.955  -40.704 0.5000000000
31498  -20.186  -64.264  -41.881 0.4000000060
27351  -15.742  -66.643  -36.750 0.6000000238
28688  -18.072  -65.481  -36.867 0.5000000000
28706  -18.793  -65.443  -37.962 0.5000000000
30091  -18.709  -64.301  -39.788 0.5000000000
31468  -18.933  -63.844  -40.138 0.5000000000
31497  -19.646  -64.457  -41.186 0.4000000060
31485  -20.311  -63.979  -41.183 0.4000000060
201450  -16.761  -66.630  -36.417 0.6000000238
31426  -18.524  -64.131  -37.871 0.5000000000
42893  -14.699  -56.169  -42.990 0.6999999881
42904  -14.689  -55.775  -44.269 0.6000000238
41659  -15.784  -57.733  -44.897 0.6000000238
42877  -15.405  -56.257  -41.790 0.6000000238
38902  -14.282  -59.229  -43.601 0.6000000238
41644  -16.257  -58.087  -44.888 0.6000000238
42895  -16.569  -57.502  -44.245 0.6000000238
42878  -16.452  -57.040  -42.676 0.6000000238
44085  -16.355  -56.333  -41.370 0.6000000238
37633  -13.322  -59.710  -42.034 0.5000000000
230636  -15.040  -59.159  -43.731 0.6000000238
40258  -16.316  -58.991  -44.215 0.6000000238
41645  -16.846  -58.646  -44.399 0.6000000238
21139  -30.012  -70.855  -39.717 0.5000000000
37623  -12.636  -60.193  -41.028 0.5000000000
240157  -13.990  -59.470  -42.252 0.5000000000
40259  -16.494  -59.268  -43.312 0.5000000000
42896  -17.161  -58.510  -44.429 0.5000000000
23639  -27.101  -68.905  -39.238 0.4000000060
24856  -28.039  -68.873  -40.105 0.5000000000
21149  -30.541  -70.631  -40.094 0.5000000000
21140  -30.524  -71.316  -39.812 0.4000000060
37608  -12.764  -60.396  -40.060 0.5000000000
38885  -14.239  -59.459  -41.598 0.5000000000
227503  -15.338  -59.202  -41.676 0.5000000000
40260  -17.154  -59.344  -44.002 0.5000000000
24855  -27.448  -68.604  -39.831 0.5000000000
21141  -31.420  -71.459  -40.135 0.4000000060
228462  -31.996  -71.271  -40.271 0.4000000060
202056  -32.893  -71.238  -40.493 0.4000000060
36482  -12.224  -61.038  -40.448 0.5000000000
37610  -13.734  -59.863  -39.559 0.5000000000
38867  -14.787  -59.343  -41.459 0.6000000238
40238  -15.540  -59.076  -40.873 0.6000000238
18573  -31.890  -72.516  -40.181 0.4000000060
36458  -12.721  -61.430  -38.972 0.6000000238
37596  -13.361  -60.466  -38.919 0.6000000238
38866  -14.533  -59.359  -39.929 0.6999999881
27418  -24.980  -67.045  -40.535 0.4000000060
27417  -24.173  -66.808  -40.715 0.5000000000
30118  -13.724  -65.291  -40.162 0.6000000238
227926  -23.973  -66.500  -41.407 0.5000000000
203448  -23.919  -66.265  -42.065 0.4000000060
27392  -14.055  -66.539  -39.478 0.6000000238
28761  -23.142  -66.296  -42.005 0.4000000060
200162  -14.647  -67.202  -38.696 0.6000000238
27360  -14.659  -66.832  -38.223 0.6000000238
28776  -22.491  -65.834  -43.231 0.4000000060
28687  -15.212  -65.854  -36.880 0.6000000238
198790  -15.947  -67.980  -37.168 0.6999999881
30036  -16.294  -65.533  -36.453 0.6000000238
31403  -16.194  -64.210  -36.524 0.6000000238
30038  -17.624  -65.121  -36.737 0.5000000000
30053  -18.209  -64.768  -37.232 0.5000000000
42876  -14.506  -56.134  -41.388 0.6999999881
230719  -14.604  -56.272  -39.992 0.6999999881
44069  -14.736  -56.126  -39.503 0.6000000238
44084  -15.366  -56.137  -40.729 0.6000000238
45267  -15.419  -55.841  -40.009 0.6000000238
240948  -16.657  -56.180  -40.737 0.6999999881
44086  -17.440  -56.878  -41.848 0.6000000238
42879  -17.294  -57.934  -43.900 0.6000000238
23657  -28.657  -69.103  -40.399 0.5000000000
23642  -28.947  -69.670  -40.077 0.5000000000
22401  -29.665  -70.436  -39.703 0.5000000000
22411  -30.360  -70.075  -40.418 0.5000000000
42897  -17.450  -59.003  -44.576 0.6000000238
42880  -18.179  -58.283  -44.382 0.5000000000
23659  -30.045  -69.495  -40.713 0.5000000000
217953  -31.045  -70.988  -40.179 0.5000000000
22413  -31.881  -70.443  -40.892 0.4000000060
231794  -15.735  -58.951  -40.051 0.6000000238
40239  -16.569  -59.187  -42.064 0.6000000238
24867  -26.802  -67.824  -40.273 0.5000000000
30103  -13.387  -64.774  -39.845 0.6000000238
32818  -12.958  -63.627  -39.418 0.4000000060
34069  -12.599  -62.543  -39.116 0.6000000238
37597  -13.911  -59.985  -38.782 0.6000000238
38841  -15.080  -59.129  -39.336 0.6000000238
213827  -17.027  -59.238  -41.910 0.6000000238
198691  -25.627  -66.936  -40.734 0.4000000060
26150  -27.253  -67.276  -41.068 0.4000000060
234355  -13.248  -64.743  -39.055 0.5000000000
32788  -12.953  -63.282  -38.094 0.5000000000
34070  -12.886  -62.537  -38.419 0.6000000238
36448  -13.511  -61.346  -38.023 0.6999999881
36449  -13.949  -60.973  -37.650 0.6000000238
198839  -15.091  -59.601  -38.485 0.6000000238
38842  -15.641  -59.035  -38.875 0.6000000238
27431  -25.166  -66.676  -41.126 0.5000000000
30104  -13.542  -65.386  -39.419 0.6000000238
34033  -13.360  -63.413  -37.518 0.6000000238
34057  -13.749  -62.242  -37.543 0.6000000238
37566  -15.232  -60.540  -37.346 0.6000000238
38819  -15.419  -59.888  -37.947 0.6000000238
38820  -16.365  -58.760  -38.925 0.6000000238
199526  -24.616  -66.263  -41.634 0.4000000060
30090  -13.679  -65.397  -38.644 0.5000000000
31438  -13.268  -64.000  -37.984 0.6000000238
34034  -13.935  -62.815  -37.241 0.6000000238
36407  -15.394  -61.478  -36.708 0.6000000238
235614  -15.841  -60.027  -37.330 0.6000000238
232921  -14.048  -65.985  -38.563 0.6000000238
28686  -14.617  -65.942  -37.479 0.6000000238
30051  -14.182  -65.260  -37.447 0.6000000238
31423  -14.539  -63.942  -36.949 0.6000000238
34018  -15.000  -62.884  -36.550 0.6000000238
232745  -15.470  -64.765  -36.576 0.6000000238
199183  -15.784  -65.964  -36.546 0.6000000238
210231  -16.809  -64.179  -36.729 0.5000000000
31425  -17.980  -64.162  -37.328 0.5000000000
222756  -13.573  -56.662  -40.012 0.6999999881
44083  -14.178  -56.442  -39.989 0.6999999881
45230  -12.431  -55.814  -38.115 0.6999999881
45232  -13.607  -55.313  -38.135 0.6999999881
44067  -13.528  -56.525  -39.159 0.6999999881
204461  -14.542  -55.780  -38.906 0.6999999881
240620  -15.057  -55.616  -39.277 0.6000000238
45256  -15.689  -55.150  -39.545 0.6000000238
46469  -16.182  -54.380  -39.359 0.5000000000
45268  -16.129  -55.640  -40.259 0.6999999881
45257  -16.536  -54.979  -39.877 0.5000000000
45269  -16.921  -55.797  -40.558 0.5000000000
45270  -17.953  -56.047  -41.484 0.5000000000
23674  -29.697  -68.981  -41.130 0.4000000060
22422  -30.729  -69.734  -40.927 0.5000000000
23676  -31.726  -69.543  -41.799 0.5000000000
22423  -31.456  -69.906  -41.163 0.5000000000
22424  -32.230  -70.006  -41.392 0.4000000060
26144  -28.073  -68.033  -40.968 0.4000000060
211568  -30.329  -69.263  -41.329 0.4000000060
41630  -18.050  -58.745  -44.276 0.6000000238
40212  -16.285  -58.935  -40.150 0.6000000238
199429  -17.853  -59.193  -42.693 0.6000000238
215109  -16.682  -59.276  -38.070 0.6000000238
40213  -16.970  -58.955  -40.293 0.6000000238
209956  -15.891  -62.380  -36.541 0.6000000238
36408  -15.959  -61.370  -36.638 0.6000000238
40185  -17.057  -58.770  -39.015 0.6000000238
32759  -15.837  -63.593  -36.507 0.6000000238
37568  -16.419  -60.173  -37.035 0.5000000000
34020  -16.152  -63.003  -36.598 0.6000000238
233786  -16.494  -62.426  -36.722 0.5000000000
34021  -16.753  -63.037  -36.933 0.5000000000
46443  -12.410  -55.186  -38.045 0.6999999881
46444  -12.978  -54.519  -38.118 0.6999999881
47771  -13.782  -54.106  -38.311 0.6999999881
46467  -14.214  -55.036  -38.554 0.6999999881
214529  -14.488  -54.160  -38.622 0.6000000238
46468  -15.163  -54.707  -38.894 0.6999999881
47748  -11.891  -53.595  -38.602 0.6999999881
47749  -12.561  -53.491  -38.540 0.6999999881
47750  -13.231  -53.291  -38.522 0.6000000238
49177  -14.342  -53.157  -38.805 0.6000000238
47768  -10.762  -53.363  -38.770 0.6999999881
49175  -11.460  -52.767  -39.196 0.6999999881
47774  -16.686  -53.638  -39.710 0.5000000000
49174  -10.295  -52.523  -39.115 0.6999999881
46470  -17.118  -54.373  -39.936 0.5000000000
50553  -9.836  -51.660  -39.793 0.6000000238
50536  -10.212  -50.467  -39.821 0.6000000238
51862  -9.768  -49.357  -39.328 0.6000000238
53053  -8.876  -48.519  -37.505 0.5000000000
54312  -9.678  -48.249  -37.246 0.5000000000
23691  -31.141  -69.186  -42.100 0.4000000060
213110  -32.186  -69.403  -42.312 0.4000000060
38821  -17.438  -59.092  -38.207 0.6000000238
49178  -14.854  -52.510  -39.165 0.5000000000
47772  -15.066  -53.526  -38.840 0.5000000000
49156  -12.197  -52.481  -39.162 0.6000000238
47770  -13.737  -52.969  -38.678 0.6000000238
239940  -14.493  -52.344  -39.131 0.6000000238
49179  -15.468  -52.649  -39.417 0.5000000000
47773  -15.853  -53.671  -39.132 0.5000000000
49180  -16.261  -52.676  -39.828 0.5000000000
231867  -10.823  -52.390  -39.248 0.6999999881
199572  -12.864  -52.193  -39.116 0.6000000238
49157  -13.421  -51.991  -39.212 0.6000000238
50518  -13.743  -50.200  -40.003 0.6000000238
47751  -17.255  -52.669  -40.457 0.5000000000
50554  -10.559  -51.504  -39.733 0.6999999881
49176  -11.830  -51.577  -39.655 0.6000000238
50538  -11.696  -50.103  -40.157 0.6000000238
240449  -13.472  -49.220  -40.430 0.6000000238
50537  -10.995  -50.173  -40.096 0.6000000238
50516  -12.329  -48.248  -39.925 0.6000000238
50517  -12.978  -48.189  -40.023 0.6000000238
51863  -10.516  -48.750  -39.428 0.6000000238
51845  -10.919  -47.121  -38.480 0.6000000238
51846  -11.997  -46.637  -38.720 0.6000000238
51847  -13.105  -46.598  -39.039 0.6000000238
51844  -10.194  -47.922  -38.192 0.5000000000
53054  -9.604  -48.025  -37.715 0.5000000000
53026  -12.486  -46.920  -38.203 0.6000000238
23709  -31.919  -69.165  -42.833 0.4000000060
227819  -9.520  -50.062  -36.239 0.5000000000
53024  -10.188  -47.681  -37.690 0.5000000000
53025  -11.306  -47.480  -37.799 0.6000000238
239251  -12.935  -48.416  -37.374 0.6000000238
241182  -9.728  -51.299  -36.446 0.5000000000
50486  -10.671  -51.031  -36.193 0.5000000000
51813  -10.653  -49.149  -36.637 0.4000000060
51815  -12.206  -48.784  -36.963 0.5000000000
208486  -15.758  -51.508  -40.109 0.5000000000
49159  -14.513  -51.445  -39.664 0.6000000238
49160  -15.054  -51.399  -39.843 0.5000000000
49161  -16.751  -51.381  -40.610 0.5000000000
50519  -13.951  -48.996  -40.547 0.6999999881
50542  -14.221  -49.668  -40.640 0.6999999881
203132  -13.774  -48.372  -40.309 0.6000000238
51848  -13.895  -46.820  -39.500 0.6000000238
51849  -13.891  -47.834  -39.868 0.6999999881
207386  -13.449  -47.029  -38.473 0.6000000238
53027  -13.920  -47.262  -38.261 0.6999999881
51816  -13.483  -49.231  -37.386 0.6000000238
207438  -9.945  -52.816  -36.481 0.5000000000
207353  -10.609  -52.400  -36.427 0.5000000000
51814  -11.379  -49.842  -36.391 0.4000000060
50489  -12.926  -50.278  -36.267 0.6000000238
49111  -11.143  -53.041  -36.473 0.5000000000
50487  -11.222  -51.776  -36.016 0.4000000060
50488  -12.061  -51.092  -36.320 0.5000000000
50544  -15.755  -50.254  -40.699 0.5000000000
50543  -15.071  -50.004  -40.514 0.6000000238
50520  -14.202  -48.343  -40.406 0.5000000000
50521  -15.107  -48.399  -40.800 0.5000000000
204032  -14.038  -48.399  -40.354 0.6999999881
214400  -13.905  -47.614  -39.730 0.6999999881
53028  -14.509  -48.346  -38.329 0.6000000238
51817  -14.111  -49.779  -37.275 0.6999999881
50490  -13.632  -50.821  -36.256 0.6000000238
47703  -11.604  -53.669  -36.287 0.5000000000
49113  -12.505  -52.172  -36.118 0.4000000060
50463  -13.246  -52.011  -36.165 0.6000000238
47675  -12.602  -54.175  -35.455 0.4000000060
49112  -12.263  -53.386  -35.788 0.4000000060
49084  -12.948  -52.996  -35.805 0.5000000000
51851  -14.346  -47.258  -39.840 0.5000000000
51850  -13.924  -47.419  -39.611 0.6000000238
53055  -14.641  -48.111  -38.583 0.5000000000
53029  -14.724  -48.790  -37.990 0.6000000238
53030  -15.348  -49.982  -37.377 0.5000000000
51819  -15.201  -50.693  -36.978 0.6000000238
51790  -14.345  -51.268  -36.282 0.6999999881
51818  -14.717  -50.341  -37.140 0.5000000000
50464  -13.948  -52.060  -35.891 0.5000000000
49063  -13.455  -53.526  -35.277 0.4000000060
49085  -13.642  -52.822  -35.652 0.5000000000
220288  -10.575  -51.002  -31.494 0.4000000060
52947  -11.127  -50.498  -31.682 0.3000000119
53031  -15.326  -48.859  -37.880 0.5000000000
51721  -11.628  -51.479  -31.638 0.3000000119
52948  -11.819  -50.733  -31.622 0.4000000060
50394  -11.846  -52.772  -31.790 0.3000000119
51792  -15.459  -51.233  -36.371 0.5000000000
49007  -12.242  -53.303  -32.139 0.3000000119
51791  -15.076  -51.685  -36.152 0.6000000238
218456  -14.599  -52.162  -35.675 0.6999999881
234352  -14.056  -53.264  -35.291 0.5000000000
49086  -14.371  -52.804  -35.486 0.5000000000
49064  -14.599  -53.248  -35.009 0.4000000060
50449  -15.225  -53.087  -34.924 0.4000000060
55478  -10.657  -49.337  -31.652 0.3000000119
54224  -10.955  -49.892  -31.674 0.3000000119
55479  -11.426  -49.283  -31.670 0.3000000119
54225  -11.645  -50.012  -31.641 0.3000000119
50378  -12.161  -52.014  -31.729 0.4000000060
219484  -12.336  -50.163  -31.672 0.4000000060
51793  -16.007  -50.559  -36.520 0.5000000000
235390  -12.759  -52.094  -31.918 0.4000000060
51736  -12.679  -51.621  -31.762 0.4000000060
50396  -13.170  -52.493  -32.135 0.4000000060
50466  -15.472  -52.011  -35.544 0.5000000000
50465  -15.151  -52.779  -35.411 0.5000000000
47635  -13.788  -53.852  -34.268 0.3000000119
49029  -14.456  -53.007  -33.528 0.4000000060
50450  -15.552  -52.549  -34.964 0.4000000060
215554  -10.381  -48.852  -31.556 0.3000000119
55480  -12.102  -48.834  -31.711 0.4000000060
54226  -12.182  -49.495  -31.663 0.4000000060
199268  -16.389  -49.169  -37.415 0.4000000060
51722  -12.293  -51.262  -31.633 0.4000000060
52949  -12.480  -50.720  -31.668 0.4000000060
52950  -13.052  -50.368  -31.881 0.4000000060
207704  -15.827  -51.430  -35.624 0.5000000000
51737  -13.268  -51.729  -31.981 0.4000000060
50397  -13.790  -52.258  -32.328 0.3000000119
51776  -15.927  -51.862  -34.936 0.5000000000
50417  -14.697  -52.434  -33.247 0.3000000119
213208  -10.962  -48.737  -31.637 0.3000000119
56660  -11.555  -48.648  -31.660 0.3000000119
212216  -12.572  -48.346  -32.075 0.4000000060
55481  -12.706  -48.990  -31.839 0.4000000060
233944  -13.179  -48.522  -32.118 0.3000000119
53002  -16.815  -48.287  -37.405 0.4000000060
54273  -17.384  -47.673  -37.214 0.4000000060
54227  -12.838  -49.650  -31.892 0.4000000060
241519  -17.142  -49.905  -36.497 0.4000000060
52992  -16.814  -50.620  -36.014 0.4000000060
52961  -13.513  -50.985  -32.061 0.3000000119
51777  -16.353  -51.301  -35.300 0.4000000060
50398  -14.405  -52.030  -32.600 0.3000000119
50435  -15.526  -52.617  -34.309 0.4000000060
57734  -11.010  -47.498  -31.561 0.3000000119
56661  -11.989  -48.194  -31.638 0.4000000060
57736  -12.395  -47.665  -32.215 0.4000000060
56668  -12.867  -47.895  -32.494 0.4000000060
55488  -13.204  -49.165  -31.958 0.4000000060
52962  -14.163  -50.902  -32.188 0.3000000119
51738  -13.964  -51.555  -32.243 0.3000000119
51766  -16.492  -51.723  -34.440 0.5000000000
50418  -15.201  -52.369  -33.631 0.3000000119
51765  -15.931  -52.094  -34.301 0.4000000060
50434  -15.008  -52.849  -33.988 0.4000000060
57735  -11.750  -47.610  -31.665 0.3000000119
202266  -13.393  -48.014  -32.337 0.3000000119
231629  -17.609  -49.546  -36.248 0.4000000060
54267  -18.109  -49.169  -35.930 0.3000000119
222184  -13.443  -49.719  -32.080 0.3000000119
52993  -17.308  -50.435  -35.392 0.4000000060
54236  -14.384  -50.369  -32.019 0.3000000119
52984  -16.741  -51.168  -33.892 0.4000000060
51739  -14.629  -51.393  -32.456 0.3000000119
51755  -15.056  -51.843  -33.035 0.3000000119
235446  -15.575  -51.507  -33.197 0.3000000119
51757  -16.120  -51.516  -33.660 0.3000000119
220072  -13.722  -48.342  -32.163 0.3000000119
57755  -14.008  -47.797  -32.250 0.3000000119
55489  -13.801  -49.001  -31.999 0.3000000119
52994  -17.817  -50.174  -35.024 0.4000000060
54258  -18.495  -49.912  -34.803 0.4000000060
52985  -17.329  -50.811  -34.275 0.4000000060
52963  -14.816  -50.736  -32.313 0.3000000119
51740  -15.249  -51.183  -32.700 0.3000000119
52974  -15.871  -51.031  -32.984 0.3000000119
219179  -14.652  -49.155  -32.024 0.3000000119
54237  -14.976  -49.994  -32.161 0.3000000119
52977  -18.017  -50.600  -33.926 0.3000000119
207931  -18.569  -50.157  -33.983 0.3000000119
52976  -17.216  -50.862  -33.503 0.3000000119
52975  -16.518  -50.949  -33.269 0.3000000119
55490  -15.428  -49.296  -32.191 0.3000000119
210138  -15.638  -48.139  -32.305 0.3000000119
56671  -15.859  -48.719  -32.271 0.3000000119
19986  -28.586  -71.387  -48.666 0.6000000238
21280  -28.814  -70.168  -50.426 0.5000000000
22540  -27.568  -69.456  -49.933 0.5000000000
21292  -29.688  -70.436  -50.876 0.5000000000
220642  -30.070  -73.725  -49.373 0.5000000000
19963  -27.507  -71.583  -46.914 0.6999999881
18669  -29.072  -72.684  -46.320 0.6999999881
19946  -26.390  -71.383  -46.011 0.6999999881
21245  -26.538  -70.577  -47.001 0.6999999881
17604  -30.237  -72.468  -50.089 0.4000000060
21223  -25.845  -70.928  -46.104 0.6999999881
18729  -32.065  -72.140  -49.389 0.5000000000
13059  -28.316  -76.752  -42.086 0.3000000119
17571  -32.726  -72.508  -48.616 0.5000000000
17543  -33.056  -72.987  -47.525 0.3000000119
17473  -28.183  -73.259  -43.165 0.6000000238
17492  -27.685  -72.856  -44.178 0.6000000238
220223  -28.176  -73.441  -42.453 0.5000000000
208943  -24.220  -72.575  -40.713 0.6000000238
19910  -26.051  -72.008  -44.539 0.6999999881
11907  -24.547  -77.365  -38.962 0.3000000119
18615  -23.969  -72.050  -42.658 0.6000000238
19882  -24.754  -71.778  -43.330 0.6000000238
19930  -25.052  -71.284  -44.906 0.6999999881
18700  -30.565  -72.176  -48.281 0.5000000000
18727  -31.213  -71.709  -49.785 0.6000000238
19999  -30.534  -71.454  -49.931 0.5000000000
19929  -24.390  -71.130  -44.824 0.6000000238
21221  -24.412  -70.677  -45.935 0.6999999881
201496  -21.655  -71.526  -43.240 0.5000000000
21220  -23.718  -70.727  -46.005 0.5000000000
11971  -28.824  -77.233  -42.479 0.3000000119
230691  -20.228  -71.704  -41.300 0.6000000238
225278  -22.334  -70.739  -46.043 0.5000000000
14259  -33.716  -75.025  -46.117 0.3000000119
17521  -29.800  -73.039  -46.381 0.5000000000
11972  -29.442  -77.459  -42.806 0.3000000119
21217  -21.293  -70.829  -45.837 0.5000000000
16324  -29.391  -74.081  -41.282 0.4000000060
11890  -25.193  -77.202  -37.896 0.3000000119
23593  -22.771  -69.250  -37.289 0.6000000238
231189  -18.448  -70.398  -37.253 0.6999999881
23578  -19.267  -69.070  -36.375 0.6000000238
227222  -18.181  -67.444  -36.377 0.6000000238
24819  -23.162  -68.610  -37.457 0.6000000238
24854  -26.767  -68.298  -39.701 0.5000000000
17441  -30.346  -73.620  -40.228 0.4000000060
26115  -23.317  -67.678  -38.270 0.6000000238
26133  -24.177  -67.444  -39.397 0.5000000000
26112  -21.104  -67.649  -38.359 0.6000000238
28750  -22.543  -66.514  -41.362 0.4000000060
24828  -15.158  -68.019  -38.139 0.6000000238
198781  -15.194  -66.533  -37.361 0.6999999881
40276  -15.979  -58.721  -44.718 0.6000000238
23641  -28.356  -69.500  -39.765 0.4000000060
216875  -26.350  -67.532  -40.409 0.4000000060
28777  -23.474  -65.972  -42.869 0.4000000060
30092  -18.730  -64.836  -39.382 0.4000000060
26121  -14.735  -67.632  -39.108 0.6000000238
42894  -15.620  -56.875  -43.571 0.6000000238
225781  -15.670  -59.273  -42.734 0.6000000238
22412  -31.115  -70.340  -40.554 0.5000000000
37595  -12.669  -60.678  -39.119 0.5000000000
40240  -17.409  -59.327  -43.656 0.6000000238
35278  -12.469  -61.933  -39.344 0.4000000060
30052  -15.044  -65.081  -36.763 0.5000000000
27433  -26.731  -66.912  -41.232 0.5000000000
36426  -14.288  -61.335  -37.194 0.6000000238
210770  -14.035  -64.173  -37.215 0.5000000000
50535  -9.192  -50.823  -40.057 0.6000000238
53023  -10.039  -48.969  -36.604 0.5000000000
49158  -14.027  -51.877  -39.387 0.5000000000
50539  -12.488  -50.565  -39.878 0.6000000238
50540  -13.121  -50.495  -39.777 0.6000000238
50541  -14.135  -50.403  -39.942 0.6000000238
50515  -11.429  -48.437  -39.684 0.6000000238
230794  -10.108  -51.810  -36.419 0.5000000000
200349  -11.740  -52.617  -36.085 0.5000000000
51720  -10.923  -51.641  -31.619 0.3000000119
47655  -13.990  -53.610  -34.863 0.3000000119
49046  -14.669  -53.265  -34.292 0.4000000060
217782  -11.301  -48.139  -31.601 0.3000000119
54235  -13.751  -50.346  -32.122 0.3000000119
51767  -16.890  -51.138  -34.827 0.4000000060
51756  -15.622  -52.040  -33.678 0.3000000119
58859  -12.178  -46.620  -32.207 0.3000000119
207168  -14.159  -49.773  -31.995 0.3000000119
17537  -16.523  -73.643  -47.337 0.5000000000
17553  -17.583  -72.885  -47.495 0.5000000000
18681  -18.547  -72.152  -46.827 0.5000000000
210334  -19.430  -71.505  -46.632 0.4000000060
16410  -15.606  -74.094  -46.911 0.5000000000
207832  -16.520  -73.636  -46.720 0.5000000000
224231  -17.502  -72.958  -46.431 0.5000000000
18680  -18.031  -72.540  -46.559 0.5000000000
19942  -18.979  -71.780  -46.431 0.5000000000
19944  -20.127  -71.220  -45.822 0.4000000060
16393  -15.398  -74.017  -46.291 0.4000000060
208709  -16.619  -73.351  -45.769 0.5000000000
18665  -17.868  -72.666  -45.893 0.5000000000
19923  -19.660  -71.388  -45.345 0.4000000060
17503  -16.277  -73.301  -45.223 0.5000000000
17504  -16.952  -73.003  -45.280 0.5000000000
17519  -17.252  -73.026  -45.843 0.5000000000
18633  -16.917  -72.567  -44.249 0.5000000000
18649  -18.101  -72.241  -45.208 0.5000000000
198819  -17.845  -72.179  -44.111 0.5000000000
19902  -18.814  -71.589  -44.381 0.5000000000
210210  -19.965  -71.403  -44.111 0.4000000060
212582  -15.950  -73.151  -44.669 0.5000000000
18626  -17.829  -72.098  -43.490 0.5000000000
19901  -18.368  -71.834  -43.908 0.5000000000
19888  -19.532  -71.406  -43.624 0.5000000000
19858  -14.106  -71.582  -42.112 0.5000000000
17479  -15.796  -72.678  -43.710 0.5000000000
18623  -15.288  -72.587  -43.186 0.5000000000
18612  -16.421  -72.363  -42.870 0.5000000000
18599  -16.267  -72.354  -42.180 0.5000000000
18614  -17.758  -71.988  -42.716 0.5000000000
18600  -17.356  -72.011  -42.049 0.5000000000
19886  -18.432  -71.668  -43.232 0.5000000000
19875  -19.717  -71.454  -42.990 0.5000000000
19859  -14.620  -71.846  -41.699 0.5000000000
19846  -14.831  -71.382  -41.145 0.5000000000
206164  -14.916  -70.325  -40.557 0.5000000000
18586  -16.238  -72.248  -41.493 0.5000000000
19847  -15.543  -71.459  -40.703 0.5000000000
21146  -15.358  -70.783  -40.276 0.5000000000
18587  -17.001  -72.037  -41.487 0.5000000000
19848  -16.671  -72.025  -40.957 0.5000000000
19825  -16.309  -71.729  -40.492 0.5000000000
19861  -18.283  -71.660  -41.789 0.5000000000
222093  -18.388  -71.570  -40.804 0.5000000000
18601  -17.931  -71.796  -42.133 0.5000000000
19863  -19.681  -71.630  -41.915 0.5000000000
200233  -20.345  -71.660  -42.044 0.5000000000
24851  -14.916  -67.982  -40.080 0.5000000000
204440  -15.034  -68.511  -39.577 0.6000000238
22409  -15.171  -70.165  -40.009 0.5000000000
19809  -16.588  -71.521  -39.875 0.5000000000
21120  -15.857  -70.288  -38.970 0.5000000000
19810  -17.329  -71.560  -39.820 0.5000000000
21122  -17.135  -70.899  -38.718 0.5000000000
200377  -18.967  -71.609  -40.733 0.5000000000
221934  -18.499  -71.588  -40.247 0.5000000000
19852  -19.375  -71.668  -41.297 0.5000000000
27410  -14.228  -66.431  -40.834 0.5000000000
240611  -14.281  -66.957  -39.832 0.5000000000
22380  -15.917  -69.789  -38.280 0.6000000238
40291  -13.156  -55.213  -45.471 0.5000000000
41668  -13.504  -55.067  -45.063 0.6000000238
206504  -11.532  -54.713  -43.935 0.5000000000
41656  -12.563  -54.905  -43.961 0.5000000000
41657  -13.927  -55.364  -44.385 0.6000000238
42892  -13.619  -55.731  -42.693 0.6000000238
42903  -12.833  -55.398  -42.745 0.5000000000
222417  -12.711  -56.061  -41.652 0.6000000238
42875  -11.822  -56.654  -39.868 0.5000000000
44095  -12.846  -56.118  -40.956 0.6000000238
44081  -12.294  -56.396  -39.765 0.6000000238
42864  -11.628  -56.823  -38.691 0.5000000000
44065  -12.108  -56.446  -38.568 0.6000000238
44045  -12.757  -56.182  -38.520 0.6000000238
44043  -10.853  -56.633  -38.004 0.5000000000
44044  -12.003  -56.173  -38.128 0.5000000000
47746  -10.421  -54.087  -38.416 0.5000000000
47767  -10.074  -53.459  -38.753 0.6000000238
49155  -8.615  -51.872  -39.916 0.6000000238
202461  -8.950  -52.838  -39.719 0.5000000000
47747  -10.984  -54.317  -38.351 0.6000000238
229311  -11.313  -55.239  -38.066 0.5000000000
49173  -9.656  -52.752  -39.444 0.5000000000
51861  -8.909  -49.808  -39.490 0.6000000238
50534  -8.413  -50.923  -39.937 0.6000000238
51843  -9.347  -48.686  -38.349 0.6000000238
232571  -30.245  -77.934  -43.374 0.3000000119
10978  -31.739  -77.972  -43.539 0.3000000119
12011  -31.797  -76.837  -45.399 0.3000000119
11987  -32.871  -77.366  -42.905 0.3000000119
13130  -32.627  -76.447  -45.294 0.3000000119
12010  -31.062  -77.309  -45.238 0.3000000119
11994  -30.133  -77.484  -44.484 0.3000000119
219323  -19.808  -71.444  -44.725 0.4000000060
19827  -17.813  -71.670  -40.465 0.5000000000
21099  -16.810  -70.467  -38.329 0.5000000000
38901  -14.354  -58.335  -44.769 0.5000000000
19922  -19.050  -71.491  -45.419 0.4000000060
18636  -18.659  -71.645  -44.984 0.5000000000
18624  -16.551  -72.478  -43.605 0.5000000000
19872  -13.955  -71.829  -42.641 0.5000000000
238862  -15.232  -72.421  -42.210 0.5000000000
22435  -14.038  -70.368  -41.716 0.5000000000
21161  -14.519  -70.550  -41.096 0.5000000000
234375  -16.042  -71.968  -40.982 0.5000000000
21135  -16.193  -71.010  -39.400 0.5000000000
10988  -30.828  -77.976  -43.983 0.3000000119
13112  -33.509  -76.321  -44.469 0.3000000119
200735  -32.451  -77.448  -43.614 0.3000000119
10989  -31.336  -77.941  -44.130 0.3000000119
11997  -32.332  -77.197  -44.369 0.3000000119
230392  -33.124  -77.039  -43.466 0.3000000119
8038  -25.518  -80.792  -37.608 0.3000000119
8051  -25.460  -80.221  -37.865 0.3000000119
8972  -25.298  -79.714  -37.425 0.3000000119
9004  -25.361  -79.583  -38.456 0.3000000119
9910  -25.234  -78.577  -37.457 0.3000000119
9928  -25.184  -79.019  -38.039 0.3000000119
9938  -24.765  -78.410  -39.076 0.3000000119
10881  -25.123  -78.351  -37.929 0.3000000119
10905  -24.434  -77.794  -39.387 0.3000000119
10965  -29.917  -77.713  -43.121 0.3000000119
10977  -31.147  -78.245  -43.455 0.3000000119
10987  -30.404  -77.830  -43.880 0.3000000119
10990  -31.871  -77.626  -44.095 0.3000000119
11908  -24.783  -76.976  -38.518 0.3000000119
11918  -24.365  -77.183  -39.617 0.3000000119
11973  -33.199  -77.251  -42.285 0.3000000119
11984  -29.483  -77.368  -43.461 0.3000000119
11985  -29.981  -77.587  -43.738 0.3000000119
11992  -28.948  -77.024  -43.846 0.3000000119
11995  -30.962  -77.734  -44.626 0.3000000119
11996  -31.617  -77.419  -44.715 0.3000000119
11998  -32.993  -76.909  -44.078 0.3000000119
12009  -30.125  -77.184  -45.226 0.4000000060
12012  -32.230  -76.972  -44.926 0.3000000119
12973  -25.236  -76.549  -38.176 0.3000000119
12988  -24.587  -76.772  -39.153 0.3000000119
12990  -25.419  -76.050  -38.424 0.3000000119
13022  -24.929  -76.001  -40.101 0.3000000119
13040  -27.045  -76.269  -42.044 0.3000000119
13041  -27.704  -76.417  -41.718 0.3000000119
13042  -28.358  -76.708  -41.312 0.3000000119
13057  -27.112  -76.286  -42.684 0.3000000119
13088  -27.803  -76.285  -43.711 0.3000000119
13109  -28.383  -76.560  -44.247 0.3000000119
13111  -32.868  -76.718  -44.744 0.3000000119
13126  -28.117  -76.161  -44.754 0.3000000119
13129  -29.736  -76.938  -45.449 0.4000000060
13148  -29.485  -76.625  -45.861 0.4000000060
13152  -32.385  -76.141  -45.792 0.4000000060
13166  -30.211  -76.435  -46.531 0.4000000060
13168  -31.504  -76.144  -46.273 0.4000000060
14106  -25.855  -75.744  -38.387 0.3000000119
14125  -25.408  -75.745  -39.790 0.3000000119
14256  -29.139  -76.208  -46.286 0.4000000060
14275  -29.352  -75.994  -46.814 0.4000000060
14278  -31.794  -75.602  -46.828 0.4000000060
14279  -32.686  -75.239  -46.765 0.3000000119
14280  -33.462  -74.746  -46.650 0.3000000119
15245  -31.006  -74.670  -41.410 0.4000000060
15254  -30.920  -74.751  -42.016 0.4000000060
15255  -31.527  -74.784  -41.807 0.4000000060
15263  -30.332  -74.595  -42.251 0.4000000060
15266  -32.143  -74.813  -42.951 0.4000000060
15272  -30.487  -74.565  -42.936 0.4000000060
15273  -30.955  -74.559  -43.541 0.4000000060
15287  -34.466  -73.792  -45.708 0.3000000119
15296  -34.106  -74.004  -46.392 0.3000000119
15329  -29.543  -75.424  -47.790 0.4000000060
15330  -30.339  -75.122  -47.997 0.4000000060
15332  -32.545  -74.233  -47.845 0.4000000060
15356  -31.217  -74.403  -48.224 0.5000000000
15357  -32.269  -73.918  -48.368 0.4000000060
16311  -29.420  -73.915  -40.651 0.4000000060
16325  -29.989  -74.318  -41.207 0.4000000060
16326  -30.548  -74.468  -41.027 0.4000000060
16327  -31.213  -74.402  -40.873 0.4000000060
16337  -29.264  -74.099  -41.953 0.4000000060
16345  -28.663  -73.657  -42.874 0.4000000060
16347  -29.763  -74.291  -42.365 0.4000000060
16355  -29.143  -73.877  -43.282 0.4000000060
16365  -29.385  -73.652  -44.404 0.4000000060
16366  -30.057  -74.034  -44.239 0.4000000060
16377  -30.257  -73.700  -45.290 0.4000000060
16378  -30.982  -73.801  -45.325 0.4000000060
16381  -34.343  -73.719  -45.909 0.3000000119
16394  -16.017  -73.950  -46.460 0.5000000000
16396  -31.542  -73.520  -45.985 0.3000000119
16397  -32.481  -73.514  -46.226 0.3000000119
16411  -16.119  -73.898  -46.974 0.5000000000
16412  -33.856  -73.544  -46.697 0.3000000119
16427  -33.076  -72.856  -48.227 0.4000000060
16428  -33.522  -73.472  -47.249 0.3000000119
16448  -29.710  -74.486  -48.782 0.5000000000
16450  -32.747  -73.059  -48.635 0.4000000060
16466  -32.452  -72.646  -49.027 0.5000000000
17426  -27.179  -72.711  -39.868 0.5000000000
17428  -28.585  -73.139  -39.748 0.4000000060
17431  -30.625  -73.036  -40.008 0.4000000060
17438  -27.330  -73.054  -40.440 0.5000000000
17440  -29.651  -73.693  -40.144 0.4000000060
17443  -31.756  -73.232  -40.303 0.4000000060
17457  -27.537  -73.265  -41.158 0.5000000000
17458  -28.236  -73.532  -41.141 0.4000000060
17466  -27.610  -73.314  -41.959 0.5000000000
17467  -28.225  -73.563  -41.789 0.4000000060
17472  -27.637  -73.165  -42.778 0.6000000238
17481  -27.681  -72.998  -43.496 0.6000000238
17490  -16.256  -72.779  -44.192 0.5000000000
17491  -16.625  -72.929  -44.716 0.5000000000
17505  -28.447  -72.952  -45.124 0.6000000238
17506  -29.532  -73.403  -45.150 0.4000000060
17517  -15.928  -73.713  -45.811 0.4000000060
17518  -16.907  -73.308  -46.331 0.5000000000
17524  -32.731  -73.160  -46.916 0.3000000119
17538  -17.133  -73.256  -47.007 0.5000000000
17539  -17.682  -72.839  -46.943 0.5000000000
17540  -30.366  -72.808  -46.979 0.5000000000
17552  -17.027  -73.293  -47.752 0.5000000000
17555  -32.033  -72.497  -48.007 0.5000000000
17584  -29.732  -73.300  -49.792 0.4000000060
17585  -30.594  -72.901  -49.814 0.5000000000
17605  -31.051  -72.056  -50.138 0.4000000060
18538  -23.369  -71.900  -39.183 0.6000000238
18541  -25.402  -72.420  -39.193 0.5000000000
18544  -27.946  -72.099  -39.103 0.4000000060
18545  -28.491  -72.160  -39.214 0.4000000060
18552  -22.530  -71.947  -39.804 0.6999999881
18553  -23.618  -72.159  -39.685 0.5000000000
18554  -24.272  -72.325  -39.690 0.6000000238
18556  -26.590  -72.589  -39.657 0.5000000000
18570  -25.505  -72.736  -40.229 0.5000000000
18572  -31.246  -72.767  -40.198 0.4000000060
18585  -15.361  -72.057  -41.339 0.5000000000
18591  -24.701  -72.598  -41.207 0.6000000238
18592  -25.386  -72.761  -40.944 0.5000000000
18596  -14.380  -72.210  -42.231 0.5000000000
18597  -14.974  -72.259  -41.965 0.5000000000
18598  -15.599  -72.341  -41.923 0.5000000000
18609  -14.281  -72.280  -42.886 0.5000000000
18610  -14.860  -72.467  -42.554 0.5000000000
18611  -15.629  -72.451  -42.557 0.5000000000
18613  -17.153  -72.276  -43.168 0.5000000000
18617  -26.318  -72.581  -42.586 0.5000000000
18625  -17.290  -72.332  -43.833 0.5000000000
18627  -25.203  -72.104  -43.135 0.6000000238
18630  -27.055  -72.707  -43.747 0.6000000238
18634  -17.331  -72.567  -44.822 0.5000000000
18635  -18.241  -71.877  -44.544 0.5000000000
18637  -26.088  -72.262  -44.007 0.6999999881
18638  -26.595  -72.364  -44.195 0.6999999881
18639  -27.183  -72.516  -44.442 0.6999999881
18648  -17.557  -72.763  -45.388 0.5000000000
18650  -18.653  -71.799  -45.489 0.4000000060
18651  -26.693  -71.833  -45.548 0.6999999881
18666  -18.461  -72.132  -46.036 0.5000000000
18668  -28.340  -72.448  -45.990 0.6999999881
18683  -28.494  -72.299  -46.688 0.6999999881
18696  -18.094  -72.532  -47.212 0.5000000000
18698  -28.630  -72.085  -47.497 0.6999999881
18702  -32.456  -72.208  -48.740 0.5000000000
18712  -29.055  -71.852  -48.344 0.6000000238
18715  -31.963  -71.902  -49.328 0.5000000000
18716  -32.358  -72.205  -48.982 0.5000000000
18728  -31.482  -71.881  -49.780 0.5000000000
18741  -29.991  -72.077  -50.493 0.5000000000
18742  -30.308  -71.643  -50.258 0.5000000000
19770  -18.594  -71.138  -38.383 0.6000000238
19772  -19.785  -71.336  -38.101 0.6000000238
19776  -22.857  -71.279  -38.177 0.6000000238
19778  -24.829  -71.391  -38.394 0.5000000000
19780  -26.160  -71.471  -38.605 0.5000000000
19788  -17.646  -71.189  -39.214 0.5000000000
19790  -18.829  -71.398  -38.898 0.6000000238
19794  -21.923  -71.732  -38.777 0.6000000238
19795  -23.095  -71.623  -38.651 0.6000000238
19798  -25.151  -72.004  -38.776 0.5000000000
19801  -27.766  -71.506  -38.904 0.5000000000
19811  -18.031  -71.544  -39.773 0.5000000000
19814  -20.007  -71.673  -39.313 0.6999999881
19816  -22.079  -71.955  -39.406 0.6999999881
19818  -29.527  -72.014  -39.360 0.5000000000
19819  -30.256  -72.053  -39.592 0.4000000060
19820  -30.909  -71.801  -39.855 0.4000000060
19826  -17.025  -71.798  -40.422 0.5000000000
19828  -19.155  -71.588  -40.085 0.5000000000
19829  -20.285  -71.951  -39.961 0.6000000238
19831  -21.771  -71.883  -40.646 0.6000000238
19832  -31.954  -71.834  -40.183 0.4000000060
19833  -32.465  -71.532  -40.316 0.4000000060
19849  -17.358  -71.838  -41.001 0.5000000000
19850  -18.028  -71.677  -41.176 0.5000000000
19851  -18.656  -71.621  -41.305 0.5000000000
19854  -21.850  -71.777  -41.320 0.6999999881
19860  -17.655  -71.771  -41.612 0.5000000000
19862  -18.957  -71.613  -41.890 0.5000000000
19864  -20.965  -71.684  -42.193 0.6000000238
19865  -21.991  -71.687  -41.956 0.6000000238
19866  -23.098  -71.765  -42.026 0.6000000238
19867  -23.363  -71.707  -42.505 0.6000000238
19873  -18.520  -71.588  -42.488 0.5000000000
19874  -19.068  -71.414  -43.115 0.5000000000
19878  -22.021  -71.578  -42.645 0.6000000238
19880  -23.563  -71.665  -43.094 0.6000000238
19881  -24.194  -71.788  -43.239 0.6000000238
19887  -18.969  -71.522  -43.747 0.5000000000
19890  -21.403  -71.479  -43.759 0.5000000000
19893  -24.470  -71.553  -43.755 0.6000000238
19894  -25.125  -71.800  -43.792 0.6000000238
19895  -25.651  -72.057  -44.096 0.6999999881
19904  -21.574  -71.355  -44.409 0.5000000000
19909  -25.372  -71.682  -44.453 0.6999999881
19924  -20.406  -71.308  -45.160 0.4000000060
19928  -23.679  -71.048  -44.788 0.5000000000
19931  -26.031  -71.457  -45.552 0.6999999881
19943  -19.448  -71.468  -46.010 0.5000000000
19945  -20.733  -70.939  -45.723 0.4000000060
19959  -19.069  -71.668  -47.152 0.4000000060
19962  -26.948  -71.071  -46.954 0.6999999881
19964  -27.979  -71.620  -47.471 0.6999999881
19987  -29.466  -71.412  -49.162 0.6000000238
19998  -29.947  -71.030  -49.960 0.5000000000
20013  -29.977  -70.972  -50.350 0.5000000000
20029  -29.892  -70.942  -50.553 0.5000000000
21088  -19.385  -70.522  -37.264 0.6000000238
21090  -21.295  -70.573  -37.308 0.6000000238
21093  -23.409  -70.403  -37.685 0.6000000238
21100  -17.365  -70.703  -38.136 0.5000000000
21102  -18.702  -70.922  -37.923 0.6999999881
21103  -19.300  -70.941  -37.778 0.6999999881
21106  -21.773  -71.004  -37.686 0.6000000238
21110  -26.030  -70.896  -38.371 0.5000000000
21121  -16.500  -70.733  -38.838 0.5000000000
21123  -17.661  -70.931  -38.616 0.6000000238
21125  -27.635  -70.851  -38.818 0.5000000000
21134  -15.613  -70.602  -39.666 0.5000000000
21136  -16.845  -71.313  -39.224 0.5000000000
21138  -29.375  -70.913  -39.352 0.5000000000
21145  -15.017  -70.895  -40.748 0.5000000000
21147  -15.903  -71.251  -40.025 0.5000000000
21148  -30.066  -70.361  -39.991 0.5000000000
21150  -31.646  -70.884  -40.432 0.4000000060
21171  -14.275  -71.116  -41.613 0.5000000000
21175  -13.871  -70.889  -42.150 0.5000000000
21200  -21.885  -70.884  -45.654 0.5000000000
21201  -22.605  -70.929  -45.511 0.5000000000
21203  -24.053  -70.865  -45.365 0.6000000238
21216  -20.952  -70.704  -46.264 0.5000000000
21219  -22.987  -70.798  -46.088 0.5000000000
21222  -25.086  -70.736  -45.967 0.6999999881
21240  -23.374  -70.522  -46.653 0.6000000238
21243  -25.405  -70.515  -46.589 0.6000000238
21258  -25.653  -70.211  -47.213 0.6000000238
21261  -27.467  -70.702  -48.150 0.5000000000
21271  -27.562  -70.160  -48.852 0.6000000238
21281  -29.631  -70.537  -50.587 0.5000000000
21291  -29.383  -69.949  -51.327 0.5000000000
21306  -29.060  -69.629  -51.501 0.5000000000
21316  -28.629  -69.612  -52.091 0.5000000000
22346  -19.027  -69.558  -36.552 0.6000000238
22352  -16.754  -69.658  -37.465 0.6999999881
22354  -18.071  -70.113  -37.164 0.6999999881
22355  -18.789  -70.106  -37.017 0.6999999881
22359  -22.401  -69.869  -37.253 0.6000000238
22360  -23.104  -69.841  -37.382 0.6000000238
22368  -17.062  -70.231  -37.766 0.6000000238
22369  -23.965  -70.418  -37.845 0.6000000238
22370  -24.497  -70.058  -37.866 0.6000000238
22371  -25.866  -70.228  -38.230 0.5000000000
22381  -16.282  -70.272  -38.477 0.5000000000
22384  -27.507  -70.182  -38.835 0.5000000000
22397  -15.285  -69.958  -39.412 0.5000000000
22398  -27.911  -69.814  -39.237 0.5000000000
22399  -28.482  -70.075  -39.382 0.5000000000
22400  -29.093  -70.207  -39.603 0.5000000000
22410  -29.657  -69.917  -40.142 0.5000000000
22504  -24.513  -70.209  -46.919 0.5000000000
22541  -28.251  -69.602  -50.429 0.5000000000
22553  -28.654  -69.577  -51.126 0.5000000000
22570  -27.591  -68.579  -52.325 0.5000000000
22571  -28.362  -68.695  -52.210 0.6000000238
22572  -28.873  -69.309  -51.913 0.5000000000
23577  -18.655  -69.057  -36.473 0.6000000238
23579  -19.834  -69.148  -36.561 0.5000000000
23588  -16.505  -69.019  -37.252 0.6999999881
23590  -17.750  -69.462  -36.949 0.6999999881
23594  -23.437  -69.298  -37.410 0.6000000238
23595  -23.874  -68.881  -37.676 0.6000000238
23605  -15.689  -69.044  -38.186 0.6999999881
23607  -24.255  -69.388  -37.689 0.6000000238
23609  -25.631  -69.575  -38.323 0.5000000000
23619  -15.383  -68.814  -38.910 0.6000000238
23622  -26.718  -69.296  -38.775 0.6000000238
23640  -27.716  -69.182  -39.478 0.5000000000
23658  -29.356  -69.267  -40.554 0.4000000060
23675  -31.015  -69.414  -41.482 0.5000000000
23677  -32.359  -69.686  -41.876 0.4000000060
23800  -26.701  -68.239  -51.254 0.5000000000
24801  -16.519  -67.932  -36.855 0.6999999881
24803  -17.707  -68.382  -36.425 0.6000000238
24805  -19.482  -68.602  -36.470 0.6000000238
24814  -16.353  -68.435  -37.129 0.6999999881
24816  -21.293  -68.370  -37.443 0.6000000238
24829  -23.626  -68.212  -37.916 0.6000000238
24831  -24.858  -68.630  -38.257 0.6000000238
24841  -24.619  -68.141  -38.598 0.5000000000
24844  -26.430  -68.689  -39.088 0.6000000238
24853  -26.067  -68.158  -39.425 0.5000000000
24868  -27.769  -68.300  -40.394 0.5000000000
24897  -31.297  -69.001  -42.686 0.4000000060
26077  -17.689  -67.666  -36.361 0.6000000238
26078  -18.737  -67.504  -36.431 0.6000000238
26080  -20.235  -68.172  -37.058 0.6000000238
26094  -19.828  -67.650  -37.060 0.6000000238
26097  -21.687  -68.163  -37.749 0.6000000238
26098  -22.321  -68.068  -37.643 0.6000000238
26109  -14.877  -67.427  -38.146 0.6000000238
26110  -15.160  -67.605  -37.717 0.6999999881
26111  -20.604  -67.582  -37.976 0.6000000238
26113  -21.745  -67.749  -38.222 0.6000000238
26124  -23.673  -67.523  -38.981 0.5000000000
26125  -24.370  -67.733  -38.984 0.5000000000
26132  -14.666  -67.507  -39.851 0.5000000000
26134  -25.676  -67.679  -39.644 0.5000000000
26140  -14.717  -67.582  -40.596 0.5000000000
26142  -26.807  -67.384  -40.711 0.4000000060
26143  -27.420  -67.740  -40.680 0.5000000000
27333  -16.390  -66.954  -36.519 0.6000000238
27335  -17.742  -67.059  -36.400 0.6000000238
27337  -19.325  -67.539  -36.638 0.5000000000
27350  -14.979  -67.066  -37.708 0.6000000238
27353  -19.405  -66.992  -37.044 0.5000000000
27363  -20.675  -67.343  -38.759 0.6000000238
27374  -14.237  -66.580  -38.796 0.6000000238
27375  -14.371  -67.100  -39.284 0.6000000238
27377  -20.171  -66.906  -39.212 0.6000000238
27380  -22.405  -67.083  -39.493 0.6000000238
27381  -23.144  -67.298  -39.380 0.5000000000
27393  -20.032  -66.978  -40.108 0.6000000238
27395  -21.678  -67.130  -40.220 0.6000000238
27396  -23.029  -67.016  -39.908 0.6000000238
27411  -14.368  -67.052  -40.429 0.5000000000
27419  -26.206  -67.122  -40.748 0.4000000060
27430  -20.752  -66.620  -41.951 0.4000000060
28674  -16.268  -66.320  -36.445 0.6000000238
28675  -18.373  -66.147  -36.777 0.5000000000
28689  -18.523  -65.473  -37.313 0.5000000000
28690  -19.001  -66.202  -37.349 0.5000000000
28705  -14.407  -66.254  -38.153 0.6000000238
28723  -13.832  -66.006  -39.110 0.6000000238
28724  -19.051  -65.766  -39.608 0.6000000238
28738  -13.900  -65.915  -39.788 0.6000000238
28740  -19.433  -66.291  -40.112 0.6000000238
28746  -13.972  -65.845  -40.501 0.5000000000
28747  -19.393  -65.249  -41.248 0.5000000000
28751  -23.390  -66.609  -41.038 0.5000000000
28758  -20.216  -66.092  -42.002 0.4000000060
30034  -15.032  -64.384  -36.698 0.6000000238
30035  -15.613  -65.347  -36.548 0.6000000238
30037  -17.026  -65.350  -36.517 0.5000000000
30054  -18.583  -64.821  -37.760 0.5000000000
30071  -13.433  -64.706  -38.292 0.6000000238
30072  -13.835  -65.133  -37.995 0.5000000000
30073  -18.747  -64.544  -38.561 0.4000000060
30105  -18.790  -64.167  -40.226 0.5000000000
30106  -18.713  -64.908  -40.065 0.5000000000
30129  -19.856  -65.158  -41.774 0.5000000000
30130  -20.401  -65.154  -42.395 0.4000000060
31402  -15.618  -64.218  -36.529 0.6000000238
31404  -17.177  -64.702  -36.704 0.5000000000
31405  -17.666  -64.591  -37.039 0.5000000000
31422  -13.753  -64.593  -37.557 0.6000000238
31424  -17.428  -64.136  -37.070 0.5000000000
31452  -13.211  -64.257  -38.616 0.5000000000
31467  -13.149  -64.105  -39.091 0.4000000060
31484  -19.066  -64.030  -40.621 0.5000000000
32758  -15.146  -63.587  -36.551 0.6000000238
32760  -16.454  -63.614  -36.710 0.6000000238
32761  -17.082  -63.605  -37.035 0.5000000000
32771  -13.654  -63.953  -37.481 0.5000000000
32772  -13.991  -63.592  -37.205 0.5000000000
32773  -14.530  -63.220  -36.843 0.6000000238
32774  -17.765  -63.558  -37.353 0.5000000000
32803  -13.019  -63.731  -38.650 0.5000000000
34019  -15.530  -62.942  -36.482 0.6000000238
34035  -14.592  -62.487  -36.803 0.6000000238
34056  -13.304  -62.726  -37.767 0.6000000238
34084  -12.717  -63.155  -38.834 0.6000000238
35212  -15.248  -62.244  -36.525 0.6000000238
35213  -15.735  -61.854  -36.579 0.6000000238
35230  -14.162  -62.022  -37.144 0.6000000238
35231  -14.759  -61.778  -36.867 0.6000000238
35251  -13.403  -62.036  -37.964 0.6000000238
35252  -13.812  -61.622  -37.510 0.6000000238
35265  -12.748  -62.061  -38.865 0.6000000238
35266  -13.080  -61.769  -38.481 0.6000000238
36427  -14.924  -61.140  -37.054 0.6000000238
36428  -15.409  -60.963  -36.928 0.6000000238
36459  -13.134  -61.082  -38.583 0.6000000238
36468  -12.435  -61.204  -39.600 0.4000000060
37551  -15.750  -61.047  -36.763 0.6000000238
37552  -16.199  -60.835  -36.786 0.6000000238
37565  -14.493  -60.718  -37.434 0.6000000238
37567  -15.787  -60.587  -36.970 0.6000000238
37584  -13.614  -60.658  -38.220 0.6999999881
37585  -14.146  -60.304  -37.996 0.6000000238
37586  -14.816  -60.151  -37.918 0.6000000238
37609  -13.525  -59.803  -40.266 0.5000000000
37624  -13.415  -59.900  -41.085 0.5000000000
37632  -12.768  -60.106  -41.949 0.5000000000
38804  -16.343  -59.696  -37.433 0.6000000238
38805  -16.935  -59.578  -37.385 0.5000000000
38818  -14.504  -59.652  -38.634 0.6000000238
38865  -14.089  -59.488  -40.400 0.5000000000
38886  -15.379  -59.262  -43.211 0.6000000238
40214  -17.681  -59.000  -40.311 0.6000000238
40274  -14.640  -56.405  -44.923 0.6000000238
41646  -17.462  -59.276  -44.535 0.5000000000
41667  -12.597  -54.781  -45.089 0.5000000000
42836  -11.494  -56.582  -38.118 0.5000000000
42891  -12.089  -56.276  -41.220 0.6000000238
42905  -15.519  -56.804  -44.677 0.6000000238
44066  -12.821  -56.455  -39.253 0.6000000238
44068  -14.145  -56.427  -39.086 0.6999999881
44082  -13.020  -56.432  -40.073 0.6000000238
44094  -12.286  -56.457  -40.770 0.6000000238
44096  -13.686  -56.275  -41.154 0.6000000238
45229  -11.961  -55.698  -37.970 0.5000000000
45231  -12.960  -55.591  -38.159 0.6999999881
45254  -13.526  -56.151  -38.510 0.6999999881
45255  -13.987  -55.868  -38.564 0.6999999881
46442  -11.904  -55.003  -38.055 0.6999999881
47745  -9.869  -54.314  -38.383 0.5000000000
47769  -11.343  -53.727  -38.629 0.6000000238
49009  -13.604  -52.973  -32.488 0.3000000119
49045  -14.281  -53.532  -34.456 0.3000000119
49110  -10.533  -53.297  -36.518 0.5000000000
50377  -11.384  -52.223  -31.658 0.3000000119
50395  -12.528  -52.662  -31.944 0.3000000119
50552  -9.238  -52.003  -39.864 0.5000000000
50555  -11.245  -51.506  -39.840 0.6999999881
51723  -12.898  -51.104  -31.732 0.4000000060
51812  -10.137  -50.510  -36.302 0.5000000000
55477  -9.980  -49.335  -31.393 0.3000000119
198673  -21.242  -66.325  -42.484 0.4000000060
198847  -15.931  -72.423  -43.201 0.5000000000
198890  -14.383  -64.719  -36.995 0.5000000000
199166  -11.604  -54.388  -38.215 0.6999999881
199182  -16.610  -67.461  -36.567 0.6999999881
199664  -16.881  -66.050  -36.433 0.6000000238
199686  -17.323  -66.557  -36.390 0.6000000238
200421  -26.989  -71.587  -46.295 0.6999999881
200761  -14.746  -69.848  -40.892 0.5000000000
200833  -12.219  -54.384  -38.142 0.6999999881
200844  -14.912  -67.977  -39.495 0.6000000238
200865  -26.212  -72.424  -43.124 0.6000000238
200944  -20.203  -71.463  -43.488 0.5000000000
201243  -11.456  -56.156  -37.906 0.5000000000
201264  -19.746  -71.745  -40.552 0.6999999881
201564  -18.375  -68.029  -36.259 0.6000000238
201652  -24.457  -68.912  -37.922 0.6000000238
201860  -23.544  -72.354  -40.818 0.6999999881
202020  -19.186  -71.407  -44.854 0.5000000000
202240  -28.918  -73.635  -40.193 0.4000000060
202636  -16.570  -64.804  -36.500 0.6000000238
203091  -15.497  -67.340  -37.265 0.6999999881
203265  -19.088  -68.044  -36.425 0.6000000238
203313  -14.669  -65.377  -37.085 0.6000000238
203325  -19.375  -71.430  -44.238 0.4000000060
203590  -20.806  -71.703  -41.661 0.6999999881
204147  -19.281  -71.489  -42.487 0.5000000000
204337  -16.965  -72.243  -42.474 0.5000000000
204665  -21.377  -71.684  -41.730 0.6000000238
205144  -25.209  -72.303  -42.446 0.6000000238
205466  -15.964  -64.817  -36.454 0.6000000238
206270  -14.780  -66.516  -37.794 0.6000000238
206441  -22.250  -71.517  -43.243 0.5000000000
207057  -18.898  -71.672  -45.871 0.4000000060
207950  -23.243  -71.424  -43.484 0.6000000238
208199  -16.765  -72.228  -41.915 0.5000000000
208579  -14.112  -66.475  -40.138 0.5000000000
208732  -25.678  -71.584  -45.020 0.6999999881
208774  -13.773  -70.236  -42.379 0.5000000000
208896  -21.101  -70.028  -37.084 0.6000000238
209835  -30.539  -77.504  -44.973 0.3000000119
209856  -15.495  -68.041  -37.560 0.6999999881
210620  -12.335  -62.412  -39.710 0.4000000060
211003  -25.506  -79.984  -38.280 0.3000000119
212239  -18.331  -68.593  -36.370 0.6000000238
212570  -27.030  -72.411  -39.431 0.5000000000
212684  -25.667  -80.448  -38.412 0.3000000119
212740  -16.020  -59.485  -38.006 0.6000000238
212967  -21.422  -68.839  -37.238 0.6000000238
213050  -25.134  -67.411  -39.859 0.5000000000
213358  -13.769  -71.300  -42.510 0.5000000000
213586  -21.979  -69.211  -37.213 0.6000000238
213596  -8.715  -50.123  -36.204 0.5000000000
214177  -18.256  -71.420  -39.253 0.6000000238
214802  -17.433  -72.384  -44.331 0.5000000000
215496  -16.228  -61.844  -36.644 0.5000000000
216753  -31.908  -74.345  -40.777 0.4000000060
218741  -33.193  -73.417  -47.811 0.4000000060
219018  -28.213  -72.630  -45.458 0.6000000238
219036  -15.567  -68.461  -37.948 0.6999999881
219637  -14.129  -65.668  -38.046 0.5000000000
219689  -15.060  -68.177  -38.877 0.6000000238
220765  -25.488  -75.689  -40.779 0.3000000119
221702  -30.563  -77.734  -44.416 0.3000000119
222010  -23.059  -72.018  -39.608 0.6000000238
222845  -20.111  -69.805  -36.705 0.6000000238
222897  -15.460  -69.575  -38.798 0.6000000238
222941  -31.146  -75.609  -47.087 0.4000000060
223399  -29.326  -71.495  -39.243 0.4000000060
223767  -26.564  -75.817  -40.159 0.3000000119
224167  -20.902  -71.481  -38.218 0.6000000238
224467  -11.205  -51.049  -31.713 0.3000000119
224633  -20.959  -65.685  -42.917 0.4000000060
224641  -30.291  -72.674  -39.746 0.4000000060
225110  -23.675  -70.923  -38.045 0.6000000238
225446  -30.423  -74.095  -49.010 0.5000000000
225469  -20.637  -70.845  -37.412 0.6000000238
225477  -18.242  -70.631  -37.522 0.6999999881
225535  -13.199  -64.211  -39.629 0.6000000238
227501  -22.756  -68.295  -37.501 0.6000000238
228116  -33.921  -73.470  -46.489 0.3000000119
228529  -19.562  -69.504  -36.527 0.6000000238
229141  -30.602  -69.074  -41.826 0.4000000060
229703  -20.466  -70.901  -46.180 0.5000000000
229975  -31.662  -69.250  -42.348 0.4000000060
230046  -33.280  -73.444  -46.184 0.3000000119
230511  -22.282  -71.995  -40.988 0.6000000238
230977  -29.708  -74.094  -40.950 0.4000000060
231612  -27.718  -68.303  -52.226 0.6000000238
231651  -20.359  -71.446  -44.567 0.4000000060
231800  -16.403  -73.641  -46.204 0.5000000000
232199  -24.445  -72.504  -40.170 0.6000000238
232603  -31.760  -72.992  -49.277 0.5000000000
232919  -13.183  -60.264  -39.523 0.5000000000
232922  -20.318  -67.734  -37.396 0.6000000238
233012  -29.642  -72.818  -46.861 0.5000000000
233428  -19.898  -71.601  -42.438 0.5000000000
233795  -15.680  -72.968  -44.208 0.5000000000
233974  -14.166  -53.497  -33.849 0.3000000119
234207  -25.291  -75.729  -40.308 0.3000000119
234323  -14.856  -67.718  -38.564 0.6000000238
234577  -17.791  -72.254  -44.603 0.5000000000
235351  -28.972  -73.107  -45.301 0.4000000060
235373  -19.176  -64.542  -40.980 0.4000000060
235898  -27.231  -72.392  -44.839 0.6000000238
236320  -11.935  -56.485  -39.189 0.6000000238
236329  -25.602  -72.624  -39.669 0.5000000000
236399  -26.431  -72.915  -41.269 0.5000000000
236519  -12.842  -53.662  -35.426 0.4000000060
236704  -17.475  -58.930  -39.075 0.6000000238
237201  -23.265  -71.132  -38.100 0.5000000000
238093  -24.581  -66.660  -41.054 0.5000000000
238365  -22.991  -71.601  -42.414 0.6000000238
238678  -31.618  -74.784  -42.964 0.4000000060
238736  -27.612  -76.289  -41.151 0.3000000119
239036  -17.492  -68.957  -36.698 0.6999999881
239152  -28.713  -69.871  -39.715 0.4000000060
239225  -25.238  -79.306  -37.071 0.3000000119
239263  -16.140  -48.204  -32.291 0.3000000119
239984  -25.246  -69.940  -47.590 0.5000000000
240071  -30.977  -71.403  -39.991 0.4000000060
240094  -20.311  -70.647  -37.212 0.6000000238
240115  -27.232  -68.164  -40.188 0.5000000000
240193  -24.871  -70.427  -38.006 0.5000000000
240499  -17.905  -66.507  -36.458 0.6000000238
241558  -29.034  -73.769  -43.880 0.4000000060
241606  -25.201  -67.704  -39.439 0.5000000000
