#!ascii label  , from subject sub-v2s11x28728_ses-1 vox2ras=TkReg
634
104845  -24.635  -19.634  -18.920 0.4285714328
202548  -25.703  -19.579  -18.810 0.2857142985
204957  -25.488  -19.743  -19.315 0.4285714328
106001  -26.079  -20.372  -19.004 0.4285714328
106002  -26.738  -20.759  -19.474 0.4285714328
105981  -26.131  -19.928  -18.752 0.2857142985
105982  -26.500  -20.086  -19.399 0.4285714328
105983  -27.177  -20.115  -19.448 0.4285714328
202770  -27.028  -19.080  -17.859 0.4285714328
107179  -27.755  -19.919  -18.701 0.4285714328
108323  -28.099  -19.884  -18.457 0.4285714328
218930  -29.032  -20.644  -18.758 0.4285714328
108305  -29.168  -19.607  -17.322 0.5714285970
108324  -30.259  -20.072  -18.852 0.2857142985
108306  -29.566  -19.678  -17.692 0.7142857313
238349  -30.886  -19.884  -19.101 0.7142857313
108325  -30.527  -19.907  -19.229 0.7142857313
109448  -32.041  -18.850  -18.010 0.5714285970
108284  -30.459  -19.384  -17.221 0.5714285970
108328  -32.437  -17.304  -20.213 0.4285714328
110665  -32.964  -18.258  -17.263 0.5714285970
231818  -33.452  -17.242  -17.992 0.5714285970
109403  -32.904  -18.640  -15.881 0.7142857313
110666  -34.128  -17.642  -17.015 0.7142857313
111800  -33.683  -17.075  -17.859 0.7142857313
221565  -32.318  -18.942  -17.593 0.5714285970
110643  -31.046  -17.837  -15.066 0.5714285970
109404  -34.415  -17.421  -16.629 0.8571428657
111817  -33.929  -16.650  -18.691 0.5714285970
109384  -33.387  -18.113  -15.205 0.7142857313
110621  -33.289  -17.201  -14.989 0.5714285970
111801  -34.000  -16.000  -18.132 0.7142857313
111818  -34.199  -16.102  -18.515 0.5714285970
110667  -34.195  -16.930  -17.007 0.7142857313
112984  -34.211  -15.412  -18.485 0.5714285970
111780  -34.234  -15.889  -17.080 0.7142857313
110645  -34.176  -16.700  -16.752 0.5714285970
204165  -34.191  -15.362  -17.945 0.7142857313
114131  -34.252  -14.736  -18.562 0.7142857313
112951  -34.490  -14.972  -17.095 0.7142857313
112969  -34.163  -14.832  -18.225 0.7142857313
114132  -34.387  -14.084  -18.701 0.7142857313
112986  -34.739  -14.568  -18.572 0.5714285970
209800  -34.153  -14.172  -18.405 0.7142857313
112936  -34.494  -15.289  -16.778 0.5714285970
115331  -35.327  -13.095  -18.639 0.5714285970
114109  -34.336  -14.136  -17.394 0.8571428657
240434  -34.755  -12.968  -19.059 0.7142857313
115329  -34.261  -13.523  -18.669 0.8571428657
115330  -34.475  -13.332  -18.924 0.7142857313
117393  -35.319  -11.764  -19.175 0.8571428657
116389  -35.824  -12.199  -18.710 0.5714285970
116387  -34.317  -12.694  -19.526 0.8571428657
213850  -34.222  -13.018  -19.053 0.8571428657
118468  -35.003  -11.045  -19.870 0.8571428657
218376  -35.320  -10.571  -19.721 0.8571428657
120619  -35.578  -9.280  -20.242 0.8571428657
117392  -34.524  -12.171  -20.010 0.8571428657
119556  -34.633  -10.487  -20.551 0.8571428657
119565  -34.423  -10.301  -20.759 1.0000000000
119566  -34.688  -9.647  -20.831 1.0000000000
117400  -34.582  -11.596  -20.137 0.8571428657
120626  -34.734  -9.107  -20.860 1.0000000000
122899  -35.112  -7.821  -20.286 0.7142857313
120627  -35.179  -8.993  -20.807 1.0000000000
121744  -35.154  -8.487  -20.568 1.0000000000
125117  -35.876  -5.871  -21.292 1.0000000000
125116  -35.566  -5.779  -21.079 0.8571428657
126251  -35.776  -4.764  -21.473 0.8571428657
126239  -35.795  -5.398  -21.484 1.0000000000
128406  -35.870  -3.606  -22.686 0.8571428657
127361  -35.574  -4.288  -21.681 0.8571428657
215745  -35.860  -4.344  -21.814 1.0000000000
129406  -35.830  -2.564  -22.869 0.8571428657
129395  -36.092  -3.254  -23.015 0.8571428657
129405  -35.348  -2.610  -22.919 0.7142857313
129393  -35.315  -3.062  -22.571 0.5714285970
130458  -34.640  -2.241  -23.398 0.7142857313
130451  -35.544  -1.683  -22.952 0.5714285970
131478  -34.388  -1.814  -22.652 0.5714285970
130450  -34.821  -2.083  -22.167 0.5714285970
132456  -34.823  -1.201  -22.076 0.4285714328
132457  -35.373  -1.081  -22.537 0.4285714328
132458  -35.662  -0.632  -23.261 0.4285714328
133429  -34.820  0.190  -21.513 0.2857142985
134416  -34.638  0.682  -21.268 0.2857142985
242041  -35.578  -12.616  -18.696 0.5714285970
116388  -35.045  -12.571  -19.048 0.8571428657
118461  -35.803  -11.015  -19.211 0.8571428657
119557  -35.337  -9.975  -19.993 0.8571428657
122900  -35.528  -7.534  -20.387 0.8571428657
135502  -34.044  2.041  -21.158 0.1428571492
225827  -25.586  -19.748  -18.198 0.2857142985
108322  -26.308  -19.270  -18.063 0.2857142985
107178  -26.937  -19.912  -18.696 0.4285714328
107180  -28.567  -19.944  -18.936 0.4285714328
239000  -26.913  -18.936  -17.774 0.2857142985
108304  -27.610  -18.850  -17.102 0.4285714328
242267  -30.463  -19.413  -19.761 0.4285714328
109446  -29.309  -19.084  -16.998 0.2857142985
206298  -30.092  -19.681  -17.689 0.7142857313
108307  -31.007  -20.037  -17.876 0.4285714328
109463  -32.772  -16.835  -19.811 0.4285714328
109424  -31.378  -18.978  -16.423 0.7142857313
109402  -31.928  -18.620  -15.920 0.7142857313
109449  -32.649  -16.979  -19.649 0.7142857313
110687  -32.794  -16.707  -19.105 0.4285714328
110620  -32.003  -17.738  -15.030 0.5714285970
112985  -34.539  -15.239  -18.494 0.5714285970
109385  -33.649  -17.383  -15.485 0.5714285970
111765  -34.192  -15.933  -16.647 0.8571428657
116396  -34.250  -12.124  -20.005 1.0000000000
121743  -34.606  -8.661  -20.601 0.8571428657
122910  -35.383  -6.937  -20.450 0.7142857313
122911  -35.704  -6.800  -20.587 1.0000000000
124019  -35.656  -6.296  -20.829 0.7142857313
122909  -35.108  -6.918  -20.087 0.7142857313
128395  -35.693  -3.924  -22.065 0.8571428657
126252  -35.995  -4.899  -21.750 1.0000000000
129404  -35.188  -2.616  -22.693 0.5714285970
130464  -34.285  -2.081  -23.583 0.7142857313
131486  -34.793  -1.836  -23.444 0.7142857313
131476  -34.745  -1.388  -21.715 0.4285714328
133436  -35.474  -0.080  -23.004 0.4285714328
131479  -35.625  -1.173  -23.188 0.4285714328
222415  -34.903  0.941  -21.864 0.2857142985
133433  -35.296  0.001  -22.077 0.4285714328
109447  -29.819  -19.054  -16.909 0.4285714328
109423  -30.160  -18.851  -16.133 0.4285714328
132453  -34.831  -0.465  -21.759 0.4285714328
132461  -34.340  -1.558  -22.948 0.7142857313
106000  -25.033  -19.151  -19.205 0.4285714328
107198  -25.284  -19.100  -18.448 0.2857142985
230566  -26.341  -21.126  -19.693 0.4285714328
108346  -25.751  -18.244  -18.453 0.2857142985
108303  -27.283  -18.449  -17.497 0.2857142985
109425  -32.869  -18.756  -16.807 0.7142857313
110688  -33.095  -16.856  -18.886 0.5714285970
110644  -32.100  -18.113  -15.122 0.7142857313
238180  -34.567  -17.517  -16.773 0.5714285970
118467  -34.462  -10.970  -20.454 1.0000000000
128405  -35.467  -3.524  -22.409 0.8571428657
129394  -35.673  -3.252  -22.888 0.8571428657
132452  -34.819  -0.695  -21.365 0.4285714328
134415  -34.326  0.782  -20.840 0.2857142985
134422  -34.442  1.293  -21.209 0.2857142985
134432  -35.974  1.140  -24.038 0.2857142985
134437  -35.605  1.466  -24.761 0.1428571492
219335  -35.839  0.773  -23.686 0.2857142985
134431  -35.550  1.424  -23.925 0.1428571492
135515  -35.290  1.965  -24.264 0.1428571492
224886  -35.316  0.556  -22.504 0.1428571492
134427  -35.464  0.727  -23.205 0.2857142985
134426  -35.104  1.210  -22.629 0.1428571492
237296  -36.365  0.743  -23.622 0.2857142985
131490  -38.237  -1.143  -23.289 0.2857142985
132463  -37.075  -0.479  -23.316 0.2857142985
135514  -35.040  1.981  -23.615 0.1428571492
133437  -35.701  0.015  -23.497 0.2857142985
131488  -36.615  -1.211  -23.362 0.2857142985
133439  -35.973  0.181  -23.639 0.2857142985
130453  -37.905  -2.057  -22.722 0.1428571492
132462  -36.314  -0.535  -23.497 0.2857142985
134430  -35.212  1.377  -23.315 0.1428571492
128410  -38.952  -3.184  -22.123 0.1428571492
129398  -38.336  -2.610  -22.314 0.1428571492
130452  -37.267  -1.649  -22.931 0.4285714328
131480  -36.047  -1.162  -23.313 0.2857142985
127373  -37.179  -3.709  -21.610 0.2857142985
129396  -36.524  -2.996  -22.638 0.4285714328
131481  -36.213  -1.755  -23.059 0.2857142985
127365  -38.373  -4.100  -21.311 0.1428571492
128409  -37.696  -2.964  -22.142 0.2857142985
220855  -36.341  -2.427  -22.820 0.4285714328
128407  -36.216  -3.469  -22.545 0.5714285970
126241  -37.606  -5.348  -21.053 0.1428571492
127364  -37.612  -4.212  -21.441 0.1428571492
127372  -36.627  -3.632  -21.720 0.4285714328
125120  -37.900  -5.918  -20.847 0.2857142985
126253  -36.611  -4.848  -21.651 0.8571428657
124023  -38.135  -6.519  -20.462 0.2857142985
207056  -36.327  -4.262  -21.700 0.7142857313
128394  -35.192  -3.903  -21.716 0.5714285970
124014  -38.405  -7.124  -20.137 0.1428571492
125119  -36.874  -6.034  -20.941 0.7142857313
122903  -37.962  -7.685  -20.026 0.1428571492
119551  -34.223  -10.082  -19.278 0.5714285970
120625  -34.379  -9.419  -20.741 0.8571428657
120618  -34.197  -9.358  -19.825 0.4285714328
122901  -35.943  -7.951  -20.361 0.8571428657
121746  -37.459  -8.241  -19.913 0.2857142985
124021  -36.519  -6.437  -20.765 0.8571428657
125118  -36.320  -5.970  -21.228 0.8571428657
121747  -38.252  -8.312  -19.754 0.4285714328
124012  -36.884  -6.928  -20.187 0.7142857313
119537  -34.820  -10.010  -18.102 0.2857142985
119555  -34.158  -10.151  -20.321 0.5714285970
124011  -36.116  -7.054  -20.467 0.8571428657
124020  -36.025  -6.338  -20.982 0.8571428657
121745  -36.548  -8.182  -20.098 0.8571428657
121739  -37.827  -8.956  -19.474 0.4285714328
115302  -34.371  -13.650  -16.728 0.7142857313
230654  -33.759  -12.803  -16.920 0.4285714328
114093  -34.618  -14.531  -16.819 0.7142857313
215801  -34.122  -12.908  -18.225 0.8571428657
116378  -34.205  -12.416  -17.905 0.5714285970
117384  -34.199  -11.779  -18.423 0.5714285970
118449  -34.726  -10.893  -17.506 0.4285714328
116386  -34.029  -12.540  -19.196 0.8571428657
118460  -34.259  -10.923  -18.809 0.5714285970
118466  -34.104  -10.892  -19.825 0.7142857313
119558  -36.289  -9.699  -19.580 0.7142857313
120628  -36.060  -8.781  -20.259 0.7142857313
218677  -35.717  -8.499  -20.369 0.8571428657
118470  -37.939  -10.385  -19.261 0.2857142985
120621  -37.089  -9.429  -19.506 0.4285714328
111764  -33.228  -16.277  -14.700 0.4285714328
114092  -33.327  -14.518  -15.356 0.4285714328
115313  -33.548  -12.910  -16.620 0.4285714328
115320  -34.174  -13.526  -17.942 0.7142857313
237903  -37.112  -10.196  -19.218 0.2857142985
118469  -36.094  -10.344  -19.281 0.5714285970
112934  -32.621  -15.579  -14.278 0.5714285970
117394  -36.327  -11.549  -18.777 0.4285714328
118463  -37.557  -10.876  -19.003 0.4285714328
118462  -36.739  -10.910  -18.980 0.4285714328
109401  -31.186  -18.294  -16.006 0.5714285970
111819  -34.585  -15.775  -18.420 0.4285714328
115321  -35.844  -13.668  -18.237 0.4285714328
114133  -35.055  -13.987  -18.594 0.4285714328
242909  -36.199  -13.145  -18.376 0.4285714328
115332  -36.127  -12.679  -18.540 0.4285714328
107199  -28.831  -20.166  -20.000 0.1428571492
114120  -35.557  -14.303  -18.063 0.4285714328
210994  -29.837  -18.245  -20.702 0.1428571492
108348  -30.647  -17.719  -21.011 0.1428571492
209013  -31.924  -17.511  -20.556 0.2857142985
109450  -34.039  -17.028  -18.598 0.2857142985
213867  -35.272  -16.836  -17.498 0.2857142985
109451  -34.616  -16.883  -17.822 0.2857142985
110707  -33.388  -16.547  -19.251 0.4285714328
110669  -35.622  -16.238  -17.415 0.2857142985
110668  -35.128  -16.314  -17.733 0.2857142985
110689  -34.046  -16.447  -18.611 0.2857142985
111803  -35.772  -15.665  -17.544 0.2857142985
111802  -35.378  -15.735  -17.753 0.4285714328
108365  -28.829  -18.009  -20.769 0.1428571492
108347  -28.987  -19.994  -19.788 0.1428571492
108349  -31.022  -17.521  -21.148 0.2857142985
208234  -31.406  -17.493  -20.819 0.2857142985
107202  -32.973  -17.673  -20.401 0.2857142985
214547  -33.415  -17.365  -19.584 0.2857142985
109490  -33.128  -16.868  -19.844 0.2857142985
109489  -32.940  -16.898  -20.006 0.2857142985
109464  -33.520  -16.867  -19.349 0.2857142985
108382  -29.298  -18.014  -20.896 0.1428571492
106024  -32.184  -18.628  -21.093 0.2857142985
108367  -30.861  -17.750  -21.320 0.2857142985
214722  -32.364  -17.699  -20.737 0.2857142985
108350  -31.567  -17.420  -21.015 0.2857142985
108326  -31.069  -17.554  -20.949 0.2857142985
108351  -32.580  -17.116  -20.285 0.2857142985
105984  -28.562  -20.215  -20.142 0.1428571492
106019  -28.415  -19.544  -20.687 0.1428571492
103636  -25.452  -20.879  -19.415 0.2857142985
212469  -24.732  -20.194  -19.521 0.2857142985
104825  -27.754  -20.704  -20.168 0.2857142985
102395  -25.439  -21.381  -19.228 0.1428571492
103635  -24.628  -21.118  -19.932 0.2857142985
102393  -24.050  -21.645  -19.494 0.1428571492
107217  -31.547  -18.151  -21.350 0.2857142985
108308  -33.803  -17.757  -18.930 0.2857142985
236912  -32.978  -17.043  -20.136 0.2857142985
111804  -36.264  -15.326  -17.479 0.2857142985
112971  -36.062  -14.662  -17.728 0.4285714328
117391  -33.973  -11.800  -19.534 0.5714285970
117395  -37.299  -11.576  -18.730 0.2857142985
121738  -36.884  -8.723  -19.738 0.7142857313
127362  -36.118  -3.931  -22.085 0.7142857313
125126  -36.145  -5.500  -21.630 0.8571428657
124022  -37.323  -6.334  -20.501 0.5714285970
128408  -36.969  -3.273  -22.145 0.4285714328
135513  -34.934  1.916  -22.809 0.1428571492
226231  -37.641  -2.591  -22.566 0.1428571492
133440  -36.726  0.177  -23.290 0.2857142985
103637  -25.621  -21.030  -18.678 0.1428571492
104847  -26.893  -20.893  -20.177 0.1428571492
205711  -28.159  -20.018  -20.360 0.1428571492
107215  -27.817  -18.662  -20.813 0.1428571492
107239  -29.674  -18.245  -21.090 0.1428571492
223766  -30.658  -18.389  -21.119 0.1428571492
108327  -31.765  -17.597  -20.582 0.2857142985
202419  -33.605  -18.158  -19.357 0.2857142985
109426  -34.305  -17.472  -18.127 0.2857142985
110706  -33.010  -16.560  -19.551 0.2857142985
241397  -33.097  -16.711  -19.748 0.2857142985
202385  -33.105  -13.736  -14.800 0.2857142985
212030  -36.023  -15.998  -17.335 0.2857142985
112972  -36.774  -14.680  -17.715 0.2857142985
115314  -34.295  -13.313  -17.038 0.7142857313
117375  -33.916  -11.905  -16.526 0.4285714328
116370  -34.366  -12.379  -17.096 0.5714285970
114121  -36.352  -14.114  -17.905 0.2857142985
120613  -34.597  -9.299  -18.611 0.2857142985
115322  -36.703  -13.567  -18.142 0.1428571492
116390  -37.536  -12.307  -18.250 0.4285714328
212151  -36.759  -12.190  -18.593 0.4285714328
119559  -37.826  -9.761  -19.365 0.2857142985
122902  -37.191  -7.567  -20.022 0.7142857313
122904  -38.723  -7.843  -20.078 0.2857142985
124013  -37.648  -6.974  -20.097 0.4285714328
124024  -38.843  -6.753  -20.527 0.1428571492
126254  -37.270  -4.787  -21.261 0.5714285970
126255  -38.012  -4.716  -21.134 0.1428571492
127363  -36.972  -4.199  -21.445 0.5714285970
126242  -38.370  -5.341  -21.035 0.1428571492
237642  -36.707  -1.907  -23.139 0.2857142985
129397  -37.140  -2.850  -22.522 0.2857142985
128396  -37.829  -3.573  -21.720 0.2857142985
237142  -38.302  -3.109  -21.869 0.1428571492
131482  -37.848  -1.430  -22.863 0.2857142985
131483  -38.287  -1.612  -22.926 0.1428571492
130454  -38.697  -2.045  -22.812 0.1428571492
226403  -27.022  -21.407  -20.191 0.1428571492
106003  -28.839  -20.075  -20.361 0.1428571492
130455  -39.385  -2.336  -22.889 0.1428571492
217028  -38.944  -1.130  -23.475 0.2857142985
105999  -23.973  -19.463  -18.238 0.2857142985
210828  -25.399  -20.119  -18.730 0.2857142985
104846  -26.218  -20.580  -19.187 0.1428571492
104824  -26.987  -20.631  -20.170 0.1428571492
117399  -34.251  -11.461  -20.283 0.8571428657
118476  -34.237  -10.755  -20.424 0.8571428657
131487  -35.907  -0.625  -23.463 0.2857142985
244275  -35.520  1.077  -23.545 0.2857142985
131489  -37.490  -0.981  -22.974 0.2857142985
215322  -37.460  0.020  -23.567 0.2857142985
215003  -37.052  -2.376  -22.816 0.2857142985
237452  -36.199  -0.888  -23.487 0.2857142985
235349  -38.978  -2.632  -22.564 0.1428571492
227065  -37.299  -5.830  -20.936 0.5714285970
126240  -36.829  -5.543  -21.372 0.7142857313
121742  -34.300  -8.552  -20.181 0.4285714328
233300  -36.532  -7.545  -20.204 0.8571428657
213715  -34.222  -12.903  -17.504 0.7142857313
117376  -34.553  -11.784  -17.276 0.4285714328
240839  -34.569  -11.222  -16.630 0.2857142985
120620  -36.387  -9.132  -19.842 0.7142857313
112935  -33.150  -15.531  -14.716 0.5714285970
110690  -34.528  -16.194  -18.362 0.2857142985
115323  -36.995  -12.895  -18.278 0.4285714328
112970  -35.445  -15.045  -17.841 0.4285714328
110708  -33.716  -16.446  -19.035 0.2857142985
111835  -33.749  -16.428  -18.970 0.2857142985
110724  -33.280  -16.587  -19.468 0.2857142985
106041  -28.181  -18.597  -21.052 0.1428571492
107238  -28.515  -18.046  -21.066 0.1428571492
108368  -31.230  -17.850  -21.217 0.2857142985
108352  -33.228  -17.416  -20.073 0.2857142985
108383  -30.391  -17.953  -21.162 0.1428571492
107200  -31.954  -18.010  -21.302 0.2857142985
107201  -32.638  -18.430  -20.710 0.2857142985
210587  -25.228  -22.083  -19.207 0.1428571492
102394  -25.133  -21.631  -19.695 0.1428571492
239669  -25.450  -21.994  -19.719 0.1428571492
102396  -25.725  -21.465  -19.637 0.1428571492
225016  -27.305  -21.891  -20.041 0.1428571492
127360  -35.585  -4.287  -21.188 0.5714285970
125115  -35.427  -5.420  -20.682 0.4285714328
126250  -35.646  -4.738  -20.781 0.4285714328
124018  -35.306  -6.215  -20.485 0.4285714328
124010  -35.005  -6.333  -19.834 0.4285714328
125125  -35.639  -5.269  -21.169 0.5714285970
234430  -34.639  -8.107  -20.239 0.5714285970
109405  -35.539  -17.354  -17.295 0.1428571492
243365  -35.861  -16.406  -17.207 0.1428571492
109445  -28.974  -18.784  -16.887 0.2857142985
108287  -36.190  -18.358  -17.423 0.1428571492
108264  -35.280  -17.839  -17.248 0.1428571492
212743  -36.549  -17.730  -17.436 0.1428571492
109406  -36.110  -17.251  -17.186 0.1428571492
109429  -37.222  -17.482  -17.732 0.1428571492
109444  -28.074  -17.896  -16.706 0.2857142985
240750  -34.069  -18.293  -18.561 0.1428571492
108286  -34.763  -18.180  -17.323 0.1428571492
108285  -34.323  -17.979  -18.009 0.1428571492
107113  -35.363  -18.361  -17.125 0.1428571492
107141  -36.571  -18.954  -17.606 0.1428571492
105974  -38.122  -19.359  -18.593 0.1428571492
107142  -37.221  -18.994  -17.773 0.1428571492
108309  -38.273  -18.251  -18.655 0.1428571492
109443  -26.825  -18.147  -16.950 0.2857142985
214791  -33.007  -18.577  -20.448 0.1428571492
105985  -33.258  -19.244  -20.090 0.1428571492
105973  -34.426  -19.317  -17.878 0.1428571492
107164  -33.997  -18.851  -18.589 0.1428571492
105948  -35.458  -19.726  -17.569 0.1428571492
218147  -35.925  -20.065  -17.711 0.1428571492
104797  -37.449  -20.075  -17.732 0.1428571492
104818  -38.003  -19.983  -18.278 0.1428571492
105951  -37.570  -19.445  -18.054 0.1428571492
109462  -26.761  -17.775  -17.377 0.2857142985
109461  -26.718  -18.121  -17.305 0.2857142985
106007  -32.915  -19.372  -20.481 0.1428571492
230913  -34.254  -19.935  -18.013 0.1428571492
107182  -33.518  -19.060  -19.315 0.1428571492
104794  -35.283  -20.387  -17.731 0.1428571492
104796  -36.671  -20.179  -17.700 0.1428571492
105975  -38.733  -19.270  -19.188 0.1428571492
104819  -38.569  -19.900  -18.725 0.1428571492
106006  -32.558  -19.179  -20.626 0.1428571492
106005  -32.075  -19.620  -20.657 0.1428571492
104828  -33.119  -20.037  -20.079 0.1428571492
104854  -32.761  -20.224  -20.371 0.1428571492
103612  -33.654  -20.762  -18.948 0.1428571492
103596  -34.200  -20.952  -18.262 0.1428571492
105986  -33.400  -19.951  -19.245 0.1428571492
104793  -34.497  -20.418  -17.929 0.1428571492
223523  -37.273  -20.726  -17.576 0.1428571492
219446  -35.553  -21.074  -17.778 0.1428571492
225446  -38.438  -20.559  -18.596 0.1428571492
224938  -37.898  -20.654  -17.927 0.1428571492
104852  -31.724  -20.357  -20.571 0.1428571492
107216  -31.315  -18.326  -21.243 0.1428571492
207520  -32.497  -20.767  -20.121 0.1428571492
103642  -32.438  -21.065  -20.349 0.1428571492
204782  -32.567  -19.806  -20.550 0.1428571492
103622  -32.762  -20.829  -19.870 0.1428571492
102361  -33.938  -21.555  -18.716 0.1428571492
103623  -33.367  -21.195  -19.436 0.1428571492
209885  -34.606  -21.594  -18.146 0.1428571492
213990  -35.227  -21.622  -17.827 0.1428571492
220496  -36.651  -20.814  -17.682 0.1428571492
103597  -34.865  -21.006  -17.899 0.1428571492
102404  -32.661  -21.210  -20.928 0.1428571492
103641  -31.937  -20.991  -20.415 0.1428571492
101098  -33.058  -21.430  -20.771 0.1428571492
103643  -32.790  -21.116  -20.457 0.1428571492
102380  -33.568  -21.880  -19.348 0.1428571492
102379  -33.193  -21.433  -20.054 0.1428571492
103598  -35.828  -21.612  -17.747 0.1428571492
102336  -34.367  -22.209  -18.282 0.1428571492
211658  -33.219  -20.547  -19.567 0.1428571492
104817  -33.969  -20.286  -18.466 0.1428571492
242912  -38.707  -20.257  -18.910 0.1428571492
105987  -39.113  -19.542  -19.736 0.1428571492
107140  -35.657  -19.035  -17.371 0.1428571492
105950  -36.959  -19.524  -17.712 0.1428571492
110670  -36.351  -16.593  -17.264 0.1428571492
102338  -35.726  -22.188  -17.738 0.1428571492
103601  -37.642  -21.322  -17.736 0.1428571492
208911  -38.875  -19.912  -19.290 0.1428571492
106008  -39.531  -19.271  -20.025 0.1428571492
122898  -35.056  -7.481  -19.858 0.4285714328
107183  -39.124  -18.873  -19.739 0.1428571492
109430  -37.808  -17.914  -18.084 0.1428571492
215723  -38.682  -18.571  -19.244 0.1428571492
132465  -38.535  -0.619  -23.634 0.1428571492
110646  -35.762  -16.755  -17.180 0.1428571492
106023  -31.654  -18.847  -21.050 0.1428571492
114122  -37.141  -14.097  -17.913 0.1428571492
109427  -35.080  -17.581  -17.621 0.1428571492
108265  -35.841  -17.824  -17.270 0.1428571492
108288  -37.131  -18.307  -17.618 0.1428571492
109428  -36.690  -17.155  -17.470 0.1428571492
107138  -34.361  -18.589  -17.840 0.1428571492
107139  -34.822  -18.842  -17.251 0.1428571492
237172  -34.980  -19.396  -17.384 0.1428571492
108289  -37.771  -18.730  -18.228 0.1428571492
107181  -33.283  -18.319  -20.083 0.1428571492
105972  -33.943  -19.590  -18.570 0.1428571492
105947  -34.813  -19.875  -17.737 0.1428571492
104795  -36.061  -20.616  -17.705 0.1428571492
103599  -36.255  -21.235  -17.693 0.1428571492
106004  -31.522  -19.682  -20.635 0.1428571492
104853  -32.289  -20.426  -20.479 0.1428571492
230796  -33.951  -22.210  -18.767 0.1428571492
101011  -34.721  -22.838  -18.074 0.1428571492
203856  -21.958  -20.417  -19.883 0.1428571492
205351  -24.044  -20.456  -20.054 0.1428571492
105997  -21.662  -20.190  -18.782 0.1428571492
104862  -22.303  -19.466  -18.837 0.1428571492
104844  -23.823  -20.072  -18.818 0.1428571492
105998  -23.067  -19.562  -19.056 0.1428571492
107197  -24.321  -19.281  -17.876 0.1428571492
108345  -24.903  -18.809  -18.256 0.1428571492
205549  -24.608  -18.042  -18.912 0.1428571492
109488  -25.030  -18.057  -17.993 0.1428571492
108321  -26.292  -18.420  -17.954 0.1428571492
109486  -24.119  -18.262  -18.064 0.1428571492
109460  -25.078  -17.860  -17.855 0.1428571492
238749  -25.301  -17.834  -18.534 0.1428571492
207239  -26.079  -17.911  -18.281 0.1428571492
208710  -25.963  -16.172  -17.971 0.1428571492
110704  -25.858  -17.083  -17.601 0.1428571492
110684  -26.919  -17.244  -17.120 0.1428571492
110685  -28.112  -17.929  -16.258 0.2857142985
229882  -31.957  -17.012  -15.162 0.4285714328
202000  -32.337  -16.585  -14.468 0.4285714328
126238  -35.631  -4.814  -20.025 0.2857142985
127348  -35.557  -4.268  -20.495 0.2857142985
232869  -27.052  -17.303  -17.176 0.1428571492
203635  -23.792  -17.844  -19.174 0.1428571492
109487  -24.495  -17.889  -18.452 0.1428571492
110703  -25.074  -16.326  -17.990 0.1428571492
202729  -26.314  -16.197  -17.112 0.1428571492
110686  -28.598  -17.727  -16.133 0.2857142985
229191  -31.215  -16.019  -14.948 0.2857142985
212031  -34.314  -8.794  -19.301 0.2857142985
121737  -34.705  -8.195  -19.272 0.2857142985
221487  -34.766  -7.834  -19.677 0.2857142985
122895  -35.353  -7.297  -19.090 0.2857142985
220608  -35.137  -6.939  -19.545 0.2857142985
125109  -35.372  -5.564  -19.889 0.2857142985
223124  -35.038  -5.837  -19.274 0.2857142985
109422  -29.202  -18.061  -16.340 0.2857142985
123998  -35.058  -6.583  -19.180 0.2857142985
123982  -34.870  -6.703  -18.612 0.2857142985
203256  -24.474  -18.810  -18.418 0.1428571492
104843  -22.820  -19.858  -19.735 0.1428571492
110702  -25.408  -16.933  -18.572 0.1428571492
229182  -31.068  -16.981  -15.210 0.4285714328
126221  -35.066  -5.106  -19.413 0.2857142985
229868  -30.074  -17.686  -15.879 0.4285714328
235621  -38.859  1.016  -24.313 0.1428571492
234128  -38.324  0.252  -24.146 0.1428571492
133442  -38.119  -0.173  -23.815 0.1428571492
134442  -39.354  1.369  -24.616 0.1428571492
221996  -37.784  0.391  -24.036 0.1428571492
133441  -37.140  0.644  -23.723 0.1428571492
135519  -36.166  1.670  -25.000 0.1428571492
205179  -32.679  -14.953  -14.449 0.2857142985
133443  -38.823  -0.053  -23.834 0.1428571492
212312  -39.432  0.768  -24.210 0.1428571492
132464  -37.821  -0.547  -23.364 0.1428571492
133446  -37.430  1.045  -24.158 0.1428571492
134439  -36.811  1.734  -24.251 0.1428571492
134433  -36.584  1.328  -23.895 0.1428571492
134438  -35.932  1.273  -24.812 0.1428571492
133447  -38.192  0.862  -24.264 0.1428571492
134441  -38.515  1.497  -24.461 0.1428571492
133448  -38.820  0.494  -24.147 0.1428571492
135525  -38.870  1.925  -24.880 0.1428571492
224168  -34.866  -8.074  -18.194 0.1428571492
216550  -35.132  -7.909  -18.851 0.1428571492
209829  -34.847  -6.117  -18.829 0.1428571492
243011  -34.465  -5.538  -18.205 0.1428571492
125091  -34.711  -5.329  -18.604 0.1428571492
126192  -34.430  -4.674  -18.228 0.1428571492
126193  -34.744  -4.474  -18.855 0.1428571492
127316  -35.005  -3.920  -19.302 0.2857142985
119529  -34.857  -9.867  -17.163 0.1428571492
120599  -35.223  -9.194  -17.831 0.1428571492
121724  -35.167  -8.597  -18.492 0.1428571492
122879  -34.749  -7.411  -18.340 0.1428571492
127329  -35.214  -4.168  -19.965 0.1428571492
221679  -35.154  -3.754  -20.347 0.2857142985
130436  -34.761  -1.819  -20.563 0.2857142985
222448  -34.262  -1.598  -20.236 0.2857142985
225404  -34.912  -1.173  -20.793 0.2857142985
134406  -33.789  0.822  -20.447 0.1428571492
219185  -35.299  -3.794  -20.968 0.2857142985
235928  -35.072  -3.635  -19.734 0.2857142985
128381  -34.880  -3.274  -20.736 0.2857142985
129385  -35.056  -2.717  -21.846 0.2857142985
129375  -34.872  -2.560  -20.967 0.2857142985
132448  -34.710  -0.229  -21.234 0.1428571492
131462  -34.609  -1.060  -20.420 0.2857142985
135508  -34.391  1.794  -21.739 0.1428571492
130417  -34.117  -2.321  -19.595 0.1428571492
127315  -34.537  -3.760  -18.803 0.2857142985
132447  -34.639  -0.476  -20.726 0.1428571492
133419  -34.188  0.160  -20.643 0.1428571492
127306  -34.047  -4.211  -18.497 0.2857142985
132437  -33.414  -0.389  -19.930 0.1428571492
224696  -33.335  1.611  -20.226 0.1428571492
133418  -33.578  0.196  -20.289 0.1428571492
127295  -32.932  -3.989  -17.564 0.1428571492
121748  -38.777  -8.422  -19.805 0.1428571492
117401  -38.154  -10.909  -19.239 0.1428571492
121712  -35.301  -8.508  -17.656 0.1428571492
121740  -38.593  -8.888  -19.526 0.1428571492
125068  -34.324  -5.703  -17.802 0.1428571492
221995  -35.107  -4.514  -19.559 0.1428571492
128367  -34.919  -3.199  -19.971 0.1428571492
129365  -34.744  -2.633  -20.358 0.2857142985
131461  -33.868  -1.065  -20.133 0.2857142985
132438  -34.153  -0.449  -20.365 0.1428571492
133428  -34.535  0.177  -21.035 0.1428571492
119560  -38.331  -10.056  -19.414 0.1428571492
120622  -38.439  -9.523  -19.442 0.1428571492
128404  -35.028  -3.342  -21.901 0.2857142985
117396  -37.998  -11.435  -19.019 0.1428571492
128393  -35.006  -3.311  -21.421 0.2857142985
122871  -34.381  -7.742  -17.836 0.1428571492
221797  -34.523  -6.008  -18.387 0.1428571492
130445  -34.900  -1.935  -21.203 0.2857142985
223529  -34.072  1.516  -20.591 0.1428571492
130427  -34.292  -2.204  -20.159 0.1428571492
128355  -35.036  -3.140  -19.083 0.1428571492
129355  -34.634  -2.708  -19.673 0.2857142985
110663  -28.180  -17.427  -16.552 0.1428571492
110664  -28.832  -17.212  -16.065 0.1428571492
227200  -29.674  -16.609  -15.958 0.1428571492
229869  -29.223  -15.836  -15.918 0.1428571492
229039  -28.902  -17.108  -15.817 0.1428571492
227182  -30.320  -15.502  -15.882 0.1428571492
227187  -31.200  -15.297  -15.720 0.1428571492
241418  -30.936  -15.949  -15.652 0.1428571492
229905  -30.792  -14.909  -15.869 0.1428571492
229396  -32.254  -14.916  -14.453 0.1428571492
230951  -26.988  -16.729  -16.708 0.1428571492
229121  -29.138  -15.954  -15.973 0.1428571492
229395  -32.072  -15.689  -14.420 0.1428571492
229028  -29.358  -16.769  -15.577 0.1428571492
101090  -26.211  -22.184  -19.533 0.1428571492
102337  -35.025  -22.232  -17.984 0.1428571492
102340  -37.312  -21.956  -17.663 0.1428571492
105949  -36.197  -19.553  -17.685 0.1428571492
106020  -28.880  -19.205  -21.261 0.1428571492
106021  -30.112  -19.117  -20.925 0.1428571492
107165  -38.326  -18.840  -18.765 0.1428571492
107196  -23.117  -19.279  -18.349 0.1428571492
107203  -39.745  -18.903  -20.040 0.1428571492
107240  -31.074  -17.869  -21.425 0.2857142985
108364  -28.069  -18.292  -20.611 0.1428571492
108366  -30.188  -17.977  -21.085 0.1428571492
108381  -28.323  -17.732  -20.803 0.1428571492
110622  -33.656  -16.846  -15.423 0.5714285970
130457  -34.340  -2.177  -23.224 0.7142857313
131485  -34.232  -1.993  -23.371 0.5714285970
131496  -34.242  -1.756  -23.637 0.5714285970
224188  -38.669  -1.537  -23.175 0.1428571492
244009  -27.888  -17.960  -21.011 0.1428571492
