#!ascii label  , from subject sub-v2s11x28715_ses-1 vox2ras=TkReg
1655
6951  -4.240  -26.896  -0.316 0.4444440007
6576  -3.963  -27.591  -0.732 0.4444440007
6941  -5.148  -26.903  -0.184 0.5555559993
6577  -4.757  -27.543  -0.525 0.4444440007
6208  -4.437  -28.130  -1.017 0.4444440007
5808  -3.492  -28.625  -1.975 0.4444440007
6564  -5.677  -27.473  -0.421 0.4444440007
5429  -4.016  -29.248  -2.441 0.4444440007
5809  -4.193  -28.636  -1.691 0.4444440007
6209  -5.307  -28.106  -0.839 0.4444440007
5428  -3.327  -29.387  -2.777 0.3333329856
49063  -3.029  -30.415  -3.353 0.3333329856
5052  -3.862  -30.290  -3.070 0.4444440007
4670  -2.567  -32.256  -3.126 0.3333329856
58067  -2.657  -31.343  -3.676 0.3333329856
6940  -4.748  -26.402  -0.013 0.5555559993
7322  -5.471  -26.206  0.162 0.4444440007
6942  -6.200  -26.798  -0.102 0.5555559993
6938  -7.457  -26.464  0.206 0.4444440007
6565  -6.546  -27.365  -0.373 0.5555559993
6560  -7.139  -27.059  -0.108 0.4444440007
5810  -4.943  -28.714  -1.380 0.4444440007
6193  -6.457  -27.989  -0.756 0.4444440007
6190  -7.641  -27.570  -0.355 0.5555559993
5430  -4.783  -29.156  -2.210 0.5555559993
5811  -5.855  -28.705  -1.225 0.5555559993
58735  -4.598  -29.790  -2.868 0.4444440007
5431  -5.416  -29.345  -1.725 0.5555559993
5794  -7.681  -28.210  -0.746 0.5555559993
5051  -3.377  -31.346  -3.514 0.3333329856
49582  -3.949  -31.298  -3.112 0.3333329856
5054  -5.109  -30.126  -2.306 0.4444440007
5415  -6.296  -29.401  -1.549 0.5555559993
5793  -7.063  -28.693  -1.221 0.4444440007
5053  -4.520  -30.770  -2.852 0.3333329856
5417  -8.722  -29.842  -0.819 0.3333329856
7323  -6.379  -26.142  0.207 0.4444440007
7319  -7.137  -25.678  0.449 0.3333329856
7314  -8.438  -26.011  0.820 0.3333329856
6932  -8.904  -26.720  0.882 0.4444440007
6557  -9.220  -27.468  1.032 0.4444440007
6561  -8.234  -27.138  0.220 0.5555559993
6194  -8.703  -28.128  -0.245 0.6666669846
6192  -9.402  -28.766  1.115 0.6666669846
6186  -9.274  -28.222  1.812 0.6666669846
6477  -6.397  -27.617  12.093 0.7777780294
5789  -8.776  -28.956  -0.504 0.4444440007
6095  -6.842  -28.079  12.379 0.8888890147
5416  -7.558  -29.511  -1.439 0.4444440007
7315  -9.073  -25.656  1.657 0.3333329856
6933  -9.336  -26.371  1.917 0.4444440007
6554  -9.410  -27.435  2.294 0.6666669846
56153  -4.982  -27.970  11.789 0.6666669846
5704  -5.245  -28.373  12.140 0.7777780294
6470  -5.908  -27.875  12.422 0.7777780294
6476  -5.925  -27.710  12.195 0.7777780294
56601  -9.160  -28.959  2.410 0.6666669846
6869  -6.151  -27.270  11.870 0.7777780294
6478  -7.019  -27.625  11.921 0.7777780294
6883  -8.444  -27.141  10.521 0.8888890147
6884  -8.912  -27.214  10.093 0.8888890147
5790  -9.531  -29.595  1.233 0.3333329856
6493  -7.272  -27.234  11.478 0.8888890147
5782  -9.095  -29.551  2.271 0.4444440007
6096  -7.550  -28.401  12.421 0.7777780294
6480  -8.049  -28.158  11.955 0.6666669846
7313  -9.203  -25.910  2.782 0.3333329856
7312  -8.891  -26.028  3.939 0.4444440007
6931  -9.148  -26.788  3.220 0.4444440007
6553  -8.944  -27.803  3.580 0.6666669846
6491  -5.448  -28.079  11.269 0.6666669846
6492  -5.797  -28.047  10.947 0.7777780294
6183  -8.662  -28.743  3.794 0.6666669846
6184  -9.182  -28.519  2.989 0.6666669846
6108  -5.471  -28.461  11.534 0.4444440007
6107  -5.166  -28.329  11.838 0.6666669846
6474  -5.261  -27.899  12.052 0.7777780294
6475  -5.584  -27.655  12.060 0.8888890147
5781  -8.763  -29.385  3.178 0.5555559993
5723  -5.764  -29.017  11.669 0.3333329856
6868  -6.032  -27.194  11.833 0.7777780294
5778  -8.154  -29.296  3.537 0.3333329856
5715  -5.831  -29.322  11.860 0.3333329856
7261  -6.647  -26.438  11.201 0.6666669846
48319  -7.046  -26.854  11.314 0.6666669846
6882  -7.851  -27.105  11.020 0.8888890147
5406  -8.647  -30.074  2.770 0.2222220004
5403  -8.073  -29.870  3.030 0.3333329856
7262  -7.471  -26.719  11.015 0.6666669846
58039  -8.281  -27.525  11.059 0.7777780294
6495  -8.463  -27.980  11.437 0.7777780294
48951  -8.072  -30.481  2.854 0.2222220004
5402  -7.675  -29.970  3.061 0.2222220004
7656  -7.472  -26.007  10.456 0.6666669846
6097  -8.206  -28.712  12.374 0.5555559993
6098  -8.651  -28.503  11.886 0.6666669846
6111  -8.995  -28.342  11.290 0.6666669846
58922  -9.201  -28.192  10.721 0.6666669846
5026  -7.690  -29.999  2.936 0.1111110002
7311  -8.437  -26.406  4.680 0.5555559993
6929  -8.680  -27.079  4.111 0.6666669846
6928  -8.284  -27.324  4.536 0.6666669846
6501  -5.594  -27.309  10.893 0.6666669846
6490  -5.400  -27.199  10.951 0.6666669846
6551  -8.424  -27.927  4.018 0.5555559993
6093  -4.979  -27.886  11.851 0.7777780294
6181  -8.034  -28.807  3.903 0.4444440007
6121  -6.413  -28.250  10.687 0.3333329856
6110  -6.511  -28.819  10.899 0.3333329856
6866  -5.537  -27.516  11.937 0.7777780294
5724  -6.221  -29.250  11.436 0.3333329856
6867  -5.754  -26.975  11.513 0.6666669846
7271  -9.121  -26.613  9.434 0.8888890147
58661  -9.419  -26.590  9.038 0.8888890147
5777  -7.475  -29.461  3.808 0.3333329856
5345  -6.843  -29.525  11.110 0.3333329856
5717  -6.478  -29.906  11.753 0.3333329856
7260  -6.367  -26.276  11.109 0.6666669846
47990  -8.053  -26.112  10.259 0.6666669846
7263  -8.072  -26.588  10.275 0.8888890147
6889  -9.273  -27.199  9.747 0.8888890147
6890  -9.637  -27.096  8.988 0.8888890147
5401  -7.157  -29.857  3.670 0.2222220004
5342  -7.012  -30.283  11.567 0.3333329856
48057  -7.152  -26.391  10.988 0.6666669846
6504  -9.189  -27.764  10.215 0.7777780294
6505  -9.659  -28.006  9.659 0.8888890147
6896  -10.296  -27.042  8.301 0.7777780294
48354  -7.424  -30.113  3.026 0.2222220004
7310  -8.174  -26.622  4.765 0.6666669846
7305  -8.017  -25.875  5.498 0.6666669846
58793  -8.093  -26.274  5.406 0.6666669846
6924  -8.054  -26.847  5.119 0.6666669846
6509  -6.444  -27.054  10.399 0.6666669846
6888  -6.077  -27.051  10.581 0.5555559993
6927  -7.980  -27.601  4.778 0.5555559993
6120  -6.121  -27.881  10.739 0.6666669846
6179  -7.429  -28.981  3.955 0.4444440007
58959  -7.856  -28.790  3.949 0.4444440007
6503  -6.864  -27.655  10.323 0.4444440007
6865  -5.155  -27.424  11.533 0.5555559993
6180  -7.657  -28.944  3.950 0.3333329856
57610  -8.490  -28.090  9.657 0.3333329856
6122  -6.963  -28.353  10.448 0.4444440007
5730  -7.026  -28.926  10.615 0.3333329856
6879  -5.975  -26.631  11.294 0.4444440007
7279  -9.912  -26.308  8.312 0.8888890147
5772  -7.247  -29.610  3.993 0.2222220004
57332  -8.834  -28.702  9.595 0.3333329856
5731  -7.485  -29.315  10.487 0.3333329856
7654  -6.898  -25.964  11.162 0.4444440007
5400  -7.290  -29.785  3.814 0.2222220004
5732  -8.044  -29.708  10.272 0.3333329856
7655  -7.081  -25.789  10.658 0.5555559993
7657  -7.970  -25.633  10.055 0.5555559993
5025  -7.169  -30.227  3.429 0.1111110002
5018  -7.114  -31.041  3.388 0.2222220004
5353  -8.541  -30.068  10.035 0.3333329856
5352  -8.114  -30.357  10.554 0.3333329856
4634  -7.007  -30.996  3.356 0.1111110002
57597  -8.477  -30.603  10.226 0.3333329856
4633  -6.287  -31.066  3.801 0.1111110002
6895  -7.096  -26.089  9.875 0.6666669846
7278  -6.538  -26.155  9.979 0.6666669846
6546  -7.796  -27.835  4.942 0.4444440007
6921  -7.970  -26.877  5.050 0.5555559993
6904  -7.658  -26.263  9.603 0.5555559993
58283  -7.043  -27.107  10.141 0.5555559993
6543  -7.875  -27.583  5.086 0.4444440007
6516  -7.941  -26.358  9.569 0.4444440007
6549  -7.976  -28.108  3.986 0.4444440007
6173  -7.648  -28.206  5.014 0.4444440007
6517  -8.344  -27.208  9.534 0.4444440007
6172  -7.576  -28.646  4.747 0.2222220004
6145  -9.050  -27.376  8.875 0.3333329856
7284  -10.397  -25.951  7.738 1.0000000000
5765  -7.275  -29.548  4.070 0.2222220004
5766  -7.674  -29.055  4.986 0.2222220004
6150  -9.697  -27.834  7.977 0.3333329856
6151  -9.252  -28.067  8.983 0.3333329856
7669  -9.243  -25.844  8.799 0.7777780294
7670  -9.816  -25.571  8.056 0.8888890147
7280  -10.745  -26.556  7.807 0.8888890147
5397  -7.321  -29.815  4.208 0.2222220004
5391  -7.319  -29.586  4.227 0.2222220004
5750  -9.807  -28.654  8.517 0.3333329856
7663  -9.048  -25.997  9.139 0.7777780294
5392  -7.547  -29.421  4.482 0.2222220004
5372  -9.858  -29.444  9.014 0.3333329856
5748  -9.303  -29.037  9.327 0.3333329856
6905  -11.775  -26.533  7.558 0.8888890147
5010  -7.320  -30.021  4.041 0.2222220004
5011  -7.440  -29.928  4.051 0.2222220004
4995  -10.370  -29.845  8.731 0.3333329856
5367  -9.163  -29.827  9.622 0.3333329856
6897  -11.133  -27.445  7.984 0.6666669846
7301  -7.929  -25.437  5.815 0.6666669846
6919  -8.082  -25.917  6.092 0.6666669846
6535  -8.260  -25.871  6.046 0.4444440007
6914  -8.269  -25.312  7.026 0.6666669846
6541  -8.261  -27.147  5.502 0.4444440007
56040  -8.637  -26.280  6.271 0.4444440007
6915  -8.801  -25.741  7.390 0.4444440007
6903  -7.543  -25.554  8.983 0.5555559993
6526  -8.342  -25.914  8.785 0.4444440007
6174  -7.815  -27.996  5.071 0.4444440007
6531  -9.229  -26.406  7.784 0.4444440007
6156  -9.453  -27.312  7.013 0.3333329856
57043  -9.562  -27.085  7.780 0.3333329856
7676  -10.412  -25.353  7.430 1.0000000000
5760  -7.646  -28.746  4.933 0.2222220004
5752  -9.744  -28.023  6.854 0.3333329856
7677  -11.169  -25.852  7.243 1.0000000000
5753  -10.017  -28.421  7.652 0.3333329856
5012  -7.724  -30.040  4.275 0.2222220004
5387  -8.050  -29.101  5.140 0.2222220004
5375  -10.243  -28.992  8.008 0.3333329856
6513  -11.465  -28.316  8.049 0.2222220004
47993  -12.312  -27.056  7.716 0.6666669846
47823  -12.315  -27.727  7.805 0.4444440007
7299  -7.854  -25.117  6.256 0.6666669846
7297  -7.873  -25.076  7.127 0.6666669846
6166  -8.773  -27.339  5.987 0.4444440007
48942  -9.084  -26.682  6.630 0.4444440007
6165  -8.242  -28.218  5.386 0.3333329856
59015  -8.083  -28.549  5.168 0.3333329856
58364  -8.665  -28.174  5.591 0.3333329856
6159  -9.000  -27.431  6.111 0.3333329856
8025  -11.033  -25.094  7.049 0.8888890147
5757  -9.115  -27.927  6.032 0.3333329856
8026  -11.849  -25.107  6.984 0.8888890147
5381  -8.573  -28.551  5.257 0.2222220004
5382  -9.459  -28.266  5.832 0.3333329856
7678  -12.365  -25.738  7.247 0.8888890147
4998  -10.206  -28.624  6.847 0.3333329856
56858  -9.088  -28.678  5.085 0.2222220004
7285  -13.142  -26.369  7.570 0.7777780294
5005  -8.365  -29.268  4.575 0.2222220004
7686  -12.904  -24.930  7.048 1.0000000000
48541  -14.320  -26.629  8.003 0.7777780294
6907  -15.349  -26.976  8.424 0.3333329856
8034  -12.404  -24.451  6.817 0.7777780294
7687  -13.893  -24.596  7.372 0.8888890147
7679  -13.548  -25.437  7.347 0.8888890147
8027  -14.641  -24.348  8.079 0.8888890147
7286  -14.438  -25.812  7.696 0.8888890147
7681  -15.245  -25.103  8.347 0.8888890147
7287  -15.401  -26.092  8.287 0.7777780294
56535  -16.584  -27.616  8.697 0.2222220004
6899  -16.856  -26.818  9.702 0.2222220004
6506  -16.712  -27.556  10.063 0.1111110002
8035  -13.327  -24.098  6.985 0.8888890147
8028  -15.303  -24.144  8.916 0.8888890147
7682  -15.852  -24.829  9.042 0.8888890147
7288  -16.204  -25.526  8.836 0.7777780294
6898  -16.294  -26.476  8.856 0.6666669846
7281  -17.322  -25.856  9.336 0.7777780294
7272  -17.330  -26.293  10.303 0.5555559993
6891  -16.853  -26.838  10.618 0.5555559993
6507  -16.722  -27.472  10.872 0.2222220004
8036  -14.108  -23.779  7.707 0.8888890147
8423  -14.673  -23.554  8.515 1.0000000000
8418  -15.687  -23.552  9.687 1.0000000000
8015  -16.180  -24.162  10.170 1.0000000000
7664  -16.437  -24.959  9.678 0.8888890147
7665  -16.982  -25.441  10.367 0.8888890147
8016  -16.694  -24.666  10.587 0.8888890147
7265  -17.084  -25.999  11.025 0.5555559993
6885  -17.018  -26.812  11.342 0.5555559993
8417  -15.105  -23.355  9.142 1.0000000000
8006  -17.097  -24.375  11.268 1.0000000000
7659  -17.113  -25.111  11.085 0.7777780294
48492  -17.367  -25.417  11.510 0.7777780294
7251  -17.374  -25.992  11.703 0.5555559993
8412  -16.270  -23.390  10.428 1.0000000000
8404  -16.784  -23.305  10.982 1.0000000000
8413  -16.671  -23.936  10.822 1.0000000000
7997  -17.504  -24.061  11.784 1.0000000000
7641  -17.699  -25.183  11.978 0.6666669846
7242  -17.830  -25.836  12.271 0.6666669846
8889  -17.239  -22.899  11.503 1.0000000000
8888  -17.697  -22.331  12.364 1.0000000000
7992  -17.915  -24.079  12.199 1.0000000000
6858  -17.975  -25.998  12.684 0.6666669846
8395  -17.685  -23.365  12.045 1.0000000000
8389  -18.086  -23.090  12.722 1.0000000000
7640  -18.114  -24.895  12.542 0.7777780294
7991  -18.537  -23.911  12.829 0.8888890147
7239  -18.064  -25.468  12.785 0.6666669846
56130  -17.980  -26.021  12.943 0.5555559993
6856  -17.914  -25.747  12.810 0.5555559993
7989  -19.128  -24.497  13.830 0.2222220004
7990  -19.197  -23.902  13.928 0.3333329856
7993  -19.664  -24.465  13.750 0.3333329856
8882  -18.031  -21.846  13.087 1.0000000000
8386  -18.401  -22.701  12.996 1.0000000000
7988  -18.674  -23.838  13.013 1.0000000000
7638  -18.400  -24.753  12.901 0.6666669846
7635  -18.480  -24.790  13.072 0.6666669846
8377  -18.449  -22.554  14.252 0.8888890147
8872  -18.426  -21.891  14.577 0.8888890147
7237  -18.241  -25.405  13.085 0.5555559993
7986  -18.770  -23.002  14.087 0.5555559993
8378  -18.841  -22.763  14.014 0.6666669846
7240  -18.277  -26.125  13.244 0.1111110002
6857  -18.058  -25.946  13.034 0.4444440007
7987  -19.078  -23.900  14.146 0.3333329856
8384  -19.076  -23.141  14.036 0.4444440007
7238  -18.490  -25.494  13.368 0.2222220004
8379  -19.044  -22.679  14.049 0.8888890147
7241  -18.946  -25.687  13.744 0.2222220004
7639  -19.023  -24.957  13.733 0.2222220004
8385  -19.318  -23.233  13.971 0.3333329856
8387  -19.744  -23.726  13.859 0.3333329856
7984  -18.674  -23.883  13.224 0.6666669846
7985  -18.807  -23.969  13.628 0.6666669846
8383  -18.570  -23.219  13.717 0.5555559993
7636  -18.646  -24.792  13.372 0.5555559993
8873  -18.681  -22.015  14.355 0.8888890147
7637  -18.871  -24.953  13.633 0.4444440007
8874  -19.093  -22.024  14.281 0.8888890147
8380  -19.434  -22.536  13.963 0.6666669846
8390  -20.453  -23.476  13.722 0.2222220004
8388  -19.880  -23.030  13.927 0.2222220004
8880  -18.034  -21.676  13.862 1.0000000000
8381  -18.003  -21.959  13.951 1.0000000000
8382  -18.309  -22.618  13.804 1.0000000000
9423  -19.035  -21.312  14.738 0.8888890147
8875  -19.576  -21.942  14.215 0.7777780294
10008  -20.166  -21.119  14.375 0.8888890147
8879  -20.004  -22.362  14.055 0.4444440007
9425  -19.721  -21.467  14.373 0.7777780294
9428  -20.134  -21.755  14.232 0.7777780294
8881  -20.482  -22.742  13.892 0.2222220004
10012  -20.757  -21.469  14.204 0.6666669846
8883  -21.026  -22.970  13.695 0.2222220004
9436  -20.957  -22.460  13.863 0.3333329856
8878  -17.773  -21.667  14.480 1.0000000000
8376  -18.319  -22.601  13.844 0.8888890147
8871  -17.914  -22.030  14.210 1.0000000000
9422  -18.264  -21.431  14.920 1.0000000000
10004  -19.099  -20.965  14.711 1.0000000000
9424  -19.271  -21.495  14.462 0.8888890147
10005  -19.553  -20.959  14.501 1.0000000000
10591  -20.019  -20.292  14.485 1.0000000000
9431  -20.609  -22.128  14.055 0.3333329856
10009  -20.804  -20.723  14.346 0.8888890147
10013  -21.465  -21.108  14.118 0.6666669846
10594  -20.855  -19.964  14.470 1.0000000000
9437  -21.356  -22.519  13.710 0.2222220004
10010  -21.485  -20.328  14.292 0.8888890147
9433  -21.855  -22.292  13.585 0.2222220004
8877  -16.966  -21.126  15.079 1.0000000000
9419  -16.765  -20.955  15.320 1.0000000000
9420  -17.492  -21.381  15.126 1.0000000000
9421  -17.900  -21.466  14.965 1.0000000000
10001  -17.368  -21.058  15.386 1.0000000000
10002  -18.227  -21.156  15.072 1.0000000000
10003  -18.424  -20.881  15.048 1.0000000000
10590  -19.214  -20.326  14.665 1.0000000000
9432  -21.304  -21.938  13.925 0.6666669846
10016  -22.055  -21.541  13.755 0.3333329856
10014  -22.288  -20.580  13.943 0.5555559993
10596  -21.977  -19.798  14.251 1.0000000000
9438  -22.507  -22.055  13.348 0.2222220004
10017  -22.845  -21.233  13.472 0.4444440007
10597  -22.951  -20.112  13.741 0.5555559993
10019  -23.523  -21.290  13.041 0.3333329856
10601  -23.397  -20.552  13.345 0.2222220004
10020  -23.971  -21.371  12.704 0.2222220004
10000  -16.724  -21.096  15.772 1.0000000000
10588  -18.135  -20.459  15.239 1.0000000000
10589  -18.700  -20.200  15.008 1.0000000000
10593  -18.794  -19.838  14.864 1.0000000000
11193  -19.355  -19.548  14.729 1.0000000000
11194  -20.276  -19.405  14.616 1.0000000000
11195  -21.049  -19.267  14.610 1.0000000000
11197  -21.703  -19.187  14.479 1.0000000000
57719  -22.532  -19.795  14.023 0.8888890147
11198  -22.381  -19.121  14.246 1.0000000000
10605  -23.980  -20.789  12.851 0.3333329856
10602  -23.997  -20.015  13.025 0.3333329856
11202  -23.494  -19.736  13.480 0.3333329856
11200  -23.032  -19.321  13.870 0.8888890147
11203  -23.955  -19.248  13.202 0.5555559993
49686  -23.540  -19.118  13.567 0.7777780294
10606  -24.532  -20.336  12.481 0.2222220004
11205  -24.513  -19.395  12.670 0.5555559993
56421  -17.634  -20.573  15.507 1.0000000000
11191  -18.184  -19.771  15.212 0.8888890147
11192  -18.613  -19.355  14.800 0.8888890147
11817  -21.985  -18.560  14.512 1.0000000000
11818  -22.468  -18.474  14.319 1.0000000000
11819  -22.871  -18.640  14.078 1.0000000000
11822  -23.338  -18.655  13.770 1.0000000000
11825  -24.275  -18.597  12.949 0.6666669846
11824  -23.791  -18.600  13.405 0.7777780294
11206  -24.977  -19.211  12.220 0.5555559993
11828  -24.781  -18.578  12.425 0.6666669846
11813  -20.604  -18.662  14.833 0.8888890147
11816  -21.337  -18.597  14.711 0.8888890147
12429  -22.258  -17.975  14.432 0.8888890147
12430  -22.764  -18.045  14.176 0.8888890147
12436  -23.974  -17.933  13.182 0.8888890147
11829  -25.271  -18.723  11.915 0.5555559993
12431  -23.147  -18.185  13.932 1.0000000000
12434  -23.530  -18.041  13.628 1.0000000000
12979  -23.140  -17.542  13.893 1.0000000000
12442  -25.507  -18.253  11.535 0.7777780294
12440  -24.995  -17.729  11.976 0.8888890147
12443  -25.887  -18.217  11.039 0.7777780294
12982  -24.030  -17.202  12.917 1.0000000000
12981  -23.634  -17.345  13.435 1.0000000000
12983  -24.396  -17.067  12.356 0.8888890147
56828  -25.514  -17.609  11.345 0.7777780294
58966  -25.877  -17.560  10.878 0.7777780294
12985  -24.626  -16.884  11.845 0.7777780294
12988  -25.043  -16.980  11.441 0.8888890147
12993  -25.999  -17.005  10.554 0.8888890147
13541  -25.076  -16.314  11.071 0.6666669846
12989  -25.565  -16.943  11.030 0.7777780294
13545  -25.613  -16.180  10.668 0.6666669846
13556  -26.214  -16.064  9.806 0.6666669846
13546  -26.037  -16.347  10.264 0.7777780294
13014  -26.686  -16.726  9.286 0.6666669846
48948  -26.824  -16.088  8.621 0.4444440007
13578  -27.072  -16.030  7.893 0.2222220004
13579  -27.267  -16.361  7.258 0.3333329856
13588  -27.382  -16.665  6.363 0.3333329856
13589  -27.715  -16.828  4.996 0.3333329856
13054  -29.482  -16.807  5.152 0.3333329856
14114  -25.709  -15.620  10.120 0.5555559993
14125  -25.795  -15.229  9.588 0.5555559993
13568  -26.386  -15.784  9.301 0.4444440007
14134  -26.246  -15.155  8.983 0.4444440007
14141  -27.117  -15.592  7.419 0.3333329856
14148  -27.341  -15.856  6.742 0.2222220004
43105  -27.491  -15.966  5.969 0.3333329856
13608  -28.621  -16.003  5.131 0.4444440007
13043  -30.492  -16.860  5.489 0.3333329856
14105  -24.642  -15.701  11.264 0.6666669846
14106  -25.054  -15.723  10.859 0.6666669846
14113  -25.268  -15.445  10.411 0.5555559993
14147  -27.198  -15.141  6.883 0.4444440007
14162  -27.873  -15.807  5.644 0.4444440007
57363  -27.422  -15.380  6.375 0.4444440007
13596  -30.268  -16.367  5.340 0.4444440007
58397  -24.967  -15.373  10.687 0.6666669846
14667  -25.134  -14.899  9.795 0.5555559993
14677  -25.397  -14.632  9.203 0.5555559993
14681  -26.094  -14.574  8.572 0.5555559993
14686  -26.541  -14.591  7.948 0.4444440007
15249  -27.071  -14.436  6.945 0.5555559993
43103  -27.712  -15.221  5.921 0.4444440007
14173  -28.293  -15.381  5.246 0.3333329856
14174  -29.614  -15.871  5.121 0.4444440007
14163  -30.641  -15.791  5.202 0.4444440007
14150  -31.325  -15.921  6.312 0.4444440007
46492  -27.416  -14.295  4.968 0.4444440007
14149  -31.204  -15.564  5.752 0.3333329856
14699  -31.314  -15.235  6.418 0.3333329856
14683  -31.783  -14.885  8.112 0.2222220004
14700  -33.099  -14.423  7.108 0.2222220004
15252  -33.307  -13.849  6.863 0.2222220004
15253  -33.846  -13.938  6.521 0.2222220004
47943  -29.061  -14.618  5.096 0.3333329856
15263  -30.829  -14.456  5.248 0.3333329856
14718  -30.115  -15.057  5.024 0.2222220004
14698  -31.167  -14.786  5.811 0.3333329856
47649  -31.234  -14.336  6.545 0.3333329856
14687  -31.435  -15.034  7.712 0.2222220004
14688  -31.345  -14.934  6.997 0.2222220004
46874  -31.573  -14.184  7.637 0.2222220004
58182  -31.913  -14.088  8.030 0.2222220004
15246  -32.419  -13.985  7.593 0.2222220004
15251  -33.061  -13.994  7.057 0.2222220004
15282  -28.338  -14.120  5.363 0.3333329856
14689  -31.326  -14.391  6.890 0.2222220004
15239  -32.028  -14.291  8.211 0.2222220004
15741  -31.864  -13.442  8.020 0.2222220004
15242  -32.100  -14.084  7.887 0.2222220004
15754  -33.057  -13.215  6.973 0.2222220004
15755  -33.581  -13.068  6.573 0.2222220004
15766  -34.296  -13.225  6.151 0.2222220004
15283  -29.204  -13.725  5.334 0.2222220004
15264  -31.097  -13.925  5.886 0.2222220004
15772  -30.052  -13.314  5.282 0.2222220004
45617  -31.302  -13.875  6.885 0.2222220004
52077  -31.212  -14.063  7.120 0.2222220004
52758  -31.817  -14.031  8.051 0.2222220004
53164  -31.814  -13.108  8.001 0.2222220004
15747  -32.155  -13.168  7.750 0.3333329856
15753  -32.589  -13.302  7.375 0.2222220004
45039  -31.367  -12.995  6.876 0.2222220004
50860  -31.462  -13.429  7.394 0.2222220004
45443  -31.574  -13.097  7.597 0.3333329856
16277  -34.796  -12.524  5.876 0.2222220004
16771  -35.660  -11.836  5.251 0.2222220004
52076  -31.562  -12.249  6.878 0.2222220004
43147  -31.270  -12.628  7.368 0.2222220004
52775  -31.212  -12.043  7.764 0.2222220004
45861  -31.749  -12.954  8.000 0.3333329856
53260  -31.549  -11.840  8.015 0.2222220004
45932  -31.724  -12.212  8.028 0.3333329856
47228  -32.166  -12.499  8.131 0.3333329856
15752  -32.400  -12.764  7.527 0.3333329856
16256  -33.162  -12.484  6.840 0.3333329856
16267  -33.983  -12.593  6.260 0.2222220004
16268  -34.437  -12.405  5.988 0.2222220004
16755  -33.602  -12.216  6.472 0.3333329856
16276  -34.862  -12.824  5.798 0.2222220004
49078  -34.860  -12.048  5.737 0.2222220004
16770  -34.935  -11.614  5.660 0.2222220004
17246  -35.613  -11.067  5.208 0.2222220004
17247  -35.852  -10.809  5.006 0.2222220004
17245  -35.274  -10.836  5.383 0.2222220004
17765  -35.627  -9.739  5.184 0.2222220004
45513  -31.969  -12.090  8.058 0.3333329856
49747  -32.818  -12.733  7.141 0.3333329856
16763  -34.036  -12.058  6.177 0.3333329856
16764  -34.402  -11.676  5.931 0.3333329856
16769  -34.832  -11.261  5.658 0.2222220004
17244  -34.858  -10.498  5.559 0.2222220004
17758  -35.658  -10.454  5.146 0.2222220004
17757  -35.305  -10.137  5.307 0.2222220004
58296  -35.253  -9.518  5.285 0.2222220004
16249  -32.199  -12.242  7.789 0.3333329856
16255  -32.520  -12.285  7.469 0.3333329856
49118  -32.852  -11.998  7.148 0.3333329856
17236  -34.332  -10.889  5.891 0.2222220004
17756  -34.844  -9.760  5.479 0.2222220004
16754  -33.232  -11.700  6.757 0.3333329856
17737  -32.357  -10.268  7.973 0.2222220004
17742  -32.695  -10.056  7.638 0.2222220004
16762  -33.783  -11.405  6.296 0.3333329856
56865  -33.245  -10.219  6.715 0.2222220004
17750  -34.335  -10.098  5.796 0.2222220004
57083  -33.911  -9.689  6.032 0.2222220004
16744  -32.202  -11.570  8.025 0.2222220004
16752  -32.508  -11.590  7.624 0.3333329856
16753  -32.911  -11.220  7.149 0.3333329856
17232  -33.272  -10.902  6.698 0.4444440007
17231  -32.943  -10.473  7.128 0.3333329856
17235  -33.744  -10.395  6.265 0.2222220004
6489  -5.065  -27.630  11.576 0.6666669846
13580  -31.315  -16.517  6.468 0.3333329856
13590  -30.982  -16.336  5.753 0.3333329856
13036  -31.050  -17.046  5.869 0.3333329856
13617  -28.961  -15.624  5.080 0.3333329856
14729  -28.649  -15.193  5.085 0.5555559993
48365  -3.703  -28.113  -1.250 0.4444440007
6191  -8.974  -27.811  0.466 0.6666669846
4671  -3.506  -32.112  -3.001 0.3333329856
4673  -4.964  -31.236  -2.497 0.3333329856
6479  -7.422  -27.832  11.951 0.8888890147
56798  -5.001  -28.149  12.053 0.7777780294
6086  -5.097  -28.072  12.001 0.7777780294
6087  -5.389  -28.337  12.365 0.6666669846
5713  -5.037  -28.847  12.026 0.6666669846
6881  -6.606  -27.120  11.636 0.6666669846
7264  -8.854  -26.768  9.872 0.8888890147
6496  -8.772  -27.749  10.778 0.7777780294
6494  -7.894  -27.618  11.499 0.8888890147
6109  -6.057  -28.602  11.072 0.3333329856
5722  -5.434  -28.775  11.946 0.5555559993
5716  -6.067  -29.634  11.942 0.3333329856
6880  -6.200  -26.838  11.486 0.6666669846
6124  -9.555  -28.356  10.204 0.6666669846
6112  -9.543  -28.787  10.934 0.5555559993
6550  -8.156  -27.942  4.068 0.5555559993
6502  -5.937  -27.815  10.836 0.6666669846
6473  -5.042  -27.718  11.884 0.6666669846
5346  -7.520  -30.106  10.923 0.3333329856
4635  -7.297  -30.819  2.803 0.1111110002
6510  -7.679  -27.121  9.886 0.4444440007
6135  -7.692  -27.893  10.029 0.4444440007
6123  -7.635  -28.578  10.229 0.3333329856
7258  -6.002  -26.240  11.014 0.6666669846
5737  -8.191  -28.947  10.012 0.3333329856
7259  -6.389  -25.813  11.044 0.4444440007
5738  -8.672  -29.380  9.824 0.3333329856
7658  -8.292  -25.760  9.731 0.7777780294
8004  -7.477  -24.847  10.146 0.6666669846
6542  -7.771  -27.924  4.985 0.4444440007
49061  -8.190  -26.848  5.628 0.4444440007
6527  -8.872  -26.601  8.827 0.4444440007
4991  -9.678  -30.269  9.375 0.3333329856
6911  -7.865  -25.223  8.011 0.6666669846
7680  -14.424  -25.044  7.681 0.8888890147
8021  -15.871  -24.335  9.513 1.0000000000
8405  -17.180  -23.666  11.418 1.0000000000
7649  -17.471  -24.724  11.699 1.0000000000
57305  -17.221  -22.173  11.532 1.0000000000
6860  -17.556  -26.177  12.189 0.5555559993
7236  -18.215  -25.229  12.947 0.6666669846
8876  -17.379  -20.999  14.595 1.0000000000
10595  -21.426  -19.720  14.436 1.0000000000
58045  -22.883  -20.629  13.649 0.4444440007
9439  -23.159  -21.914  13.046 0.3333329856
10021  -24.383  -21.139  12.429 0.2222220004
57516  -24.896  -19.772  12.235 0.3333329856
12437  -24.434  -17.846  12.649 0.8888890147
11832  -25.740  -19.011  11.321 0.5555559993
12446  -26.315  -17.986  10.346 0.7777780294
12994  -26.369  -16.969  9.998 0.8888890147
13535  -24.038  -16.436  12.673 0.7777780294
13033  -27.376  -17.182  7.042 0.3333329856
49466  -26.740  -15.266  8.159 0.3333329856
14690  -26.894  -14.879  7.469 0.4444440007
43104  -27.969  -14.943  5.471 0.5555559993
14660  -24.814  -15.044  10.366 0.5555559993
15244  -26.696  -14.183  7.449 0.4444440007
14697  -27.409  -14.685  6.304 0.5555559993
56838  -27.719  -14.595  5.685 0.5555559993
14139  -31.401  -15.846  6.819 0.3333329856
45826  -27.614  -14.129  5.871 0.4444440007
14717  -28.218  -14.766  5.203 0.4444440007
14691  -31.340  -14.944  6.799 0.2222220004
15272  -30.028  -14.137  5.127 0.2222220004
14710  -31.138  -15.166  5.058 0.2222220004
14682  -31.563  -15.139  7.892 0.2222220004
15764  -30.712  -13.664  5.373 0.2222220004
44448  -31.364  -11.726  7.951 0.1111110002
5720  -9.726  -29.411  11.509 0.1111110002
6136  -10.068  -28.648  9.502 0.3333329856
6511  -10.197  -27.831  8.665 0.5555559993
6125  -9.976  -28.989  10.068 0.1111110002
6512  -10.542  -28.259  8.620 0.5555559993
5344  -9.817  -30.046  11.924 0.1111110002
5725  -10.066  -29.493  10.731 0.1111110002
5718  -8.777  -29.061  12.271 0.4444440007
6099  -9.208  -28.907  11.723 0.4444440007
5711  -8.769  -29.640  12.610 0.2222220004
5719  -9.297  -29.521  12.131 0.1111110002
4966  -9.154  -30.890  12.858 0.1111110002
4580  -9.060  -31.550  13.130 0.1111110002
5348  -10.153  -29.912  11.314 0.1111110002
5733  -10.498  -29.665  9.803 0.1111110002
4577  -9.058  -32.104  13.206 0.1111110002
47356  -9.573  -31.556  12.711 0.1111110002
4974  -10.389  -30.496  11.582 0.1111110002
45963  -9.205  -34.017  12.717 0.1111110002
44719  -9.243  -33.473  12.914 0.1111110002
43073  -10.146  -31.701  12.267 0.1111110002
5336  -7.965  -30.257  13.348 0.2222220004
4959  -7.688  -30.817  13.695 0.2222220004
4575  -8.038  -31.740  13.923 0.2222220004
3807  -8.203  -33.091  13.982 0.1111110002
43067  -8.378  -32.931  13.724 0.1111110002
47986  -9.139  -35.079  11.996 0.1111110002
47491  -8.279  -33.306  13.635 0.1111110002
43066  -9.143  -33.015  13.320 0.1111110002
43063  -8.990  -33.911  13.085 0.1111110002
6206  -2.286  -28.081  -2.017 0.3333329856
6091  -7.722  -29.071  12.827 0.4444440007
5332  -7.299  -30.253  13.556 0.2222220004
4571  -7.540  -31.223  13.940 0.2222220004
4570  -7.067  -31.293  14.264 0.2222220004
8020  -9.786  -24.838  7.674 0.5555559993
8024  -10.484  -24.633  7.048 0.5555559993
3512  -7.461  -32.908  14.162 0.1111110002
3805  -7.123  -32.396  14.517 0.2222220004
8421  -9.858  -24.079  7.106 0.3333329856
8429  -11.450  -24.380  6.713 0.5555559993
45143  -8.494  -33.304  12.984 0.1111110002
45946  -8.195  -33.315  13.563 0.1111110002
45281  -8.210  -33.894  13.156 0.1111110002
6948  -2.351  -26.755  -1.144 0.2222220004
6573  -2.255  -27.396  -1.504 0.3333329856
7330  -2.462  -26.055  -0.885 0.1111110002
49244  -2.575  -25.457  -0.719 0.1111110002
7732  -2.948  -25.095  -0.435 0.1111110002
5707  -6.177  -28.968  13.041 0.3333329856
5330  -6.126  -30.146  13.585 0.2222220004
6090  -7.043  -28.715  12.807 0.2222220004
5326  -5.942  -30.684  13.994 0.2222220004
5702  -7.114  -29.863  13.371 0.2222220004
4566  -6.150  -31.809  14.501 0.2222220004
4953  -6.295  -30.973  14.114 0.2222220004
58928  -8.716  -25.507  9.184 0.5555559993
8432  -14.197  -23.020  8.141 0.6666669846
3507  -5.904  -32.298  14.170 0.2222220004
4567  -6.487  -31.442  14.482 0.2222220004
8014  -8.995  -25.061  8.702 0.4444440007
8430  -12.538  -23.634  6.654 0.5555559993
3511  -6.772  -33.027  14.001 0.2222220004
3802  -6.378  -32.174  14.720 0.2222220004
8907  -8.759  -23.480  7.865 0.3333329856
8416  -9.069  -24.264  8.039 0.4444440007
58268  -10.839  -23.409  6.405 0.3333329856
58249  -12.169  -23.001  6.553 0.4444440007
8923  -13.750  -22.504  7.784 0.5555559993
9476  -13.939  -21.866  8.268 0.5555559993
57348  -7.765  -33.353  12.995 0.1111110002
47882  -6.971  -33.062  13.946 0.1111110002
8920  -10.196  -23.284  6.435 0.2222220004
57204  -11.299  -22.837  6.309 0.3333329856
9475  -13.318  -21.888  7.399 0.3333329856
54510  -7.992  -34.003  12.183 0.1111110002
8913  -9.297  -23.435  7.185 0.2222220004
9466  -9.643  -22.579  6.614 0.2222220004
9473  -10.567  -22.422  6.278 0.1111110002
10059  -11.646  -21.777  6.350 0.1111110002
9474  -12.437  -22.294  6.630 0.1111110002
10060  -13.134  -21.181  7.415 0.1111110002
6207  -2.992  -28.025  -1.513 0.3333329856
6574  -2.826  -27.340  -1.054 0.2222220004
5807  -2.800  -28.707  -2.373 0.3333329856
7733  -3.504  -25.273  -0.166 0.1111110002
6088  -6.031  -28.343  12.647 0.5555559993
5329  -5.816  -29.976  13.452 0.2222220004
5325  -5.748  -30.199  14.051 0.2222220004
8908  -15.248  -22.828  9.543 0.8888890147
8909  -15.858  -22.776  10.098 0.8888890147
4574  -6.078  -31.721  13.697 0.1111110002
4192  -5.917  -32.130  14.438 0.2222220004
8013  -8.349  -24.986  9.223 0.4444440007
8914  -14.675  -22.771  8.932 0.7777780294
4578  -6.963  -32.058  12.881 0.1111110002
4199  -6.008  -31.979  13.854 0.2222220004
8411  -8.451  -24.352  8.767 0.3333329856
9467  -14.486  -21.951  9.003 0.5555559993
4202  -7.026  -32.313  12.910 0.1111110002
3809  -6.505  -32.673  13.853 0.2222220004
57127  -8.505  -23.796  8.362 0.1111110002
8924  -14.212  -22.415  8.466 0.5555559993
43059  -7.811  -33.385  12.405 0.1111110002
43060  -7.162  -33.022  12.905 0.1111110002
10052  -13.627  -21.222  8.051 0.1111110002
10053  -14.137  -21.259  8.731 0.2222220004
10628  -14.390  -20.585  9.018 0.1111110002
9460  -8.789  -22.737  7.391 0.1111110002
10050  -9.263  -21.870  6.767 0.1111110002
10051  -10.368  -21.599  6.314 0.1111110002
48368  -12.506  -20.818  6.834 0.1111110002
10638  -13.314  -20.473  7.847 0.1111110002
10627  -13.858  -20.043  8.679 0.1111110002
48370  -11.448  -20.929  6.224 0.1111110002
2932  -10.297  -34.919  9.054 0.1111110002
6575  -3.466  -27.101  -0.644 0.3333329856
58447  -3.366  -27.647  -0.977 0.3333329856
6949  -2.938  -26.602  -0.699 0.2222220004
7332  -3.685  -25.835  -0.181 0.1111110002
7331  -3.083  -25.831  -0.459 0.1111110002
8087  -3.916  -24.686  0.130 0.1111110002
5042  -6.602  -30.165  -1.867 0.3333329856
5706  -5.775  -28.895  12.978 0.3333329856
5411  -9.513  -29.826  0.194 0.2222220004
5338  -5.586  -29.115  12.654 0.1111110002
5705  -5.630  -29.003  13.201 0.3333329856
5412  -9.613  -30.452  1.496 0.2222220004
5410  -9.261  -30.104  2.228 0.2222220004
5334  -5.868  -30.286  12.846 0.1111110002
4961  -5.537  -29.912  13.020 0.2222220004
4963  -6.064  -31.005  12.998 0.1111110002
9462  -15.434  -22.233  9.812 0.7777780294
5031  -8.443  -30.925  2.610 0.1111110002
4581  -7.178  -31.661  12.460 0.1111110002
8012  -8.082  -24.993  9.520 0.4444440007
49823  -14.941  -22.312  9.407 0.5555559993
8903  -16.617  -22.605  10.804 0.8888890147
4579  -7.248  -32.144  12.634 0.1111110002
8902  -8.086  -23.751  8.735 0.2222220004
43064  -7.682  -32.505  12.205 0.1111110002
46259  -8.297  -32.238  11.046 0.1111110002
43069  -8.247  -32.935  11.291 0.1111110002
5013  -8.112  -30.040  4.115 0.1111110002
5014  -8.683  -29.701  4.150 0.1111110002
43071  -8.530  -32.887  10.705 0.1111110002
45859  -8.157  -33.735  11.833 0.1111110002
4622  -9.048  -30.149  3.657 0.1111110002
4617  -9.687  -29.470  4.215 0.1111110002
46684  -9.061  -33.504  9.834 0.1111110002
11220  -14.765  -19.750  9.205 0.1111110002
4623  -10.082  -30.088  3.721 0.1111110002
3523  -8.797  -34.156  10.148 0.1111110002
10635  -10.661  -20.546  6.433 0.1111110002
11241  -13.309  -19.531  8.147 0.1111110002
3823  -9.685  -33.308  9.394 0.1111110002
10637  -12.666  -19.880  7.303 0.1111110002
4231  -11.088  -30.488  4.384 0.1111110002
3531  -11.157  -33.436  8.798 0.1111110002
3529  -10.133  -33.816  9.185 0.1111110002
4233  -11.297  -31.413  4.010 0.1111110002
3835  -12.141  -31.766  5.214 0.1111110002
3532  -11.830  -33.601  8.302 0.1111110002
3231  -11.163  -34.088  8.765 0.1111110002
3226  -10.527  -34.280  9.012 0.1111110002
3227  -10.907  -34.627  8.840 0.1111110002
48627  -11.742  -32.252  4.137 0.1111110002
3535  -12.300  -33.154  7.305 0.1111110002
3836  -12.329  -32.522  5.211 0.1111110002
3538  -12.480  -33.141  6.194 0.1111110002
3536  -12.364  -33.619  6.993 0.1111110002
6950  -3.582  -26.419  -0.356 0.1111110002
7734  -4.104  -25.465  0.072 0.2222220004
7724  -4.612  -25.027  0.357 0.2222220004
5339  -5.752  -29.568  12.609 0.1111110002
5340  -6.136  -30.020  12.124 0.1111110002
5032  -8.922  -30.638  2.587 0.1111110002
4971  -7.497  -30.752  11.454 0.2222220004
4967  -6.842  -30.970  12.319 0.2222220004
9454  -16.105  -22.056  10.304 0.8888890147
4969  -7.602  -31.272  11.769 0.1111110002
8410  -8.037  -24.344  9.105 0.3333329856
10043  -15.613  -21.641  9.957 0.4444440007
4972  -7.901  -31.175  11.306 0.1111110002
46209  -7.897  -31.846  11.633 0.1111110002
8005  -8.101  -24.948  9.383 0.2222220004
10042  -15.266  -21.270  9.640 0.4444440007
10032  -15.814  -21.003  9.970 0.3333329856
5002  -9.934  -28.585  5.551 0.1111110002
4973  -8.182  -31.572  11.071 0.1111110002
58791  -7.893  -23.921  8.983 0.1111110002
10619  -15.253  -20.567  9.473 0.1111110002
5006  -9.308  -29.012  4.682 0.1111110002
5003  -10.726  -29.143  6.414 0.1111110002
4585  -8.481  -31.641  10.525 0.1111110002
8906  -8.254  -23.167  8.204 0.1111110002
10610  -16.147  -20.253  9.863 0.1111110002
4612  -10.344  -29.103  5.173 0.1111110002
4613  -11.190  -29.714  6.045 0.1111110002
4591  -8.927  -31.671  9.872 0.1111110002
11210  -15.553  -19.224  9.483 0.1111110002
4618  -10.746  -29.732  4.775 0.1111110002
4217  -10.025  -32.366  9.326 0.1111110002
4211  -9.178  -32.308  9.709 0.1111110002
43072  -8.882  -32.907  10.097 0.1111110002
4226  -11.572  -30.343  5.683 0.1111110002
4223  -11.774  -30.499  6.979 0.1111110002
11219  -13.967  -19.236  8.875 0.1111110002
4227  -12.021  -31.073  6.585 0.1111110002
4224  -11.839  -31.415  7.735 0.1111110002
3825  -10.619  -32.913  9.077 0.1111110002
10636  -11.766  -20.201  6.675 0.1111110002
4232  -11.839  -31.034  5.345 0.1111110002
3831  -12.187  -31.857  7.270 0.1111110002
3827  -11.620  -32.372  8.377 0.1111110002
10058  -9.752  -21.103  6.539 0.1111110002
3834  -12.275  -31.534  6.217 0.1111110002
3828  -12.115  -32.749  7.890 0.1111110002
3832  -12.475  -32.308  6.510 0.1111110002
7333  -4.181  -26.145  -0.071 0.2222220004
7321  -4.797  -25.764  0.215 0.3333329856
7725  -5.251  -25.269  0.447 0.2222220004
8080  -5.785  -24.849  0.620 0.1111110002
8079  -5.159  -24.625  0.613 0.1111110002
10033  -16.270  -21.378  10.420 0.7777780294
9449  -16.851  -21.648  11.069 0.7777780294
4978  -8.245  -31.009  10.707 0.2222220004
8003  -7.185  -24.838  10.041 0.1111110002
10026  -16.737  -21.028  11.002 0.7777780294
9435  -18.003  -21.389  13.091 0.8888890147
4984  -8.679  -31.079  10.080 0.2222220004
58738  -7.335  -23.998  9.536 0.1111110002
48398  -7.613  -24.644  9.554 0.1111110002
10025  -16.432  -20.706  10.514 0.1111110002
10604  -16.881  -20.435  11.353 0.3333329856
10603  -17.486  -20.101  12.534 0.4444440007
4999  -10.768  -29.420  7.699 0.1111110002
4599  -10.146  -30.770  9.177 0.2222220004
4992  -9.331  -31.012  9.593 0.1111110002
8403  -7.813  -23.659  8.793 0.1111110002
11221  -15.702  -19.813  9.490 0.1111110002
10607  -16.691  -19.968  10.604 0.1111110002
4600  -9.701  -31.612  9.450 0.1111110002
8901  -7.763  -23.167  8.688 0.1111110002
58665  -16.931  -19.803  11.623 0.2222220004
4608  -11.308  -30.017  7.300 0.1111110002
4603  -10.875  -30.376  8.444 0.1111110002
4604  -10.618  -31.355  8.960 0.1111110002
9459  -8.229  -22.425  7.829 0.1111110002
4219  -11.428  -31.068  7.980 0.1111110002
4220  -11.113  -31.911  8.712 0.1111110002
11843  -14.791  -18.876  9.264 0.1111110002
58866  -5.341  -25.715  0.331 0.2222220004
7726  -5.963  -25.554  0.406 0.2222220004
7307  -8.497  -25.447  4.800 0.1111110002
9440  -17.529  -21.505  12.091 0.7777780294
7653  -7.057  -25.235  10.980 0.1111110002
8002  -7.169  -24.879  10.165 0.2222220004
10018  -17.242  -20.900  11.793 0.7777780294
56582  -17.955  -20.843  14.403 0.8888890147
8001  -6.813  -24.748  10.056 0.1111110002
10015  -17.907  -20.761  12.860 0.7777780294
48389  -7.121  -23.956  9.789 0.1111110002
10011  -18.222  -20.091  13.883 0.4444440007
7719  -8.043  -25.115  1.113 0.1111110002
7716  -9.183  -25.171  2.198 0.1111110002
7721  -6.743  -24.952  0.636 0.1111110002
7714  -9.177  -24.648  2.997 0.1111110002
6878  -5.403  -26.926  10.996 0.4444440007
6886  -5.532  -27.180  10.861 0.4444440007
7257  -5.958  -26.107  10.925 0.4444440007
7652  -6.072  -25.808  10.905 0.2222220004
7651  -6.493  -25.808  10.165 0.3333329856
7269  -5.947  -26.376  10.673 0.3333329856
9430  -18.341  -21.279  13.897 0.7777780294
49437  -6.082  -24.840  10.038 0.2222220004
48770  -6.514  -24.886  10.071 0.1111110002
9434  -18.501  -20.792  13.664 0.7777780294
9429  -18.214  -20.753  14.327 0.7777780294
7306  -8.189  -25.678  5.011 0.5555559993
57102  -7.740  -25.021  5.954 0.5555559993
7698  -7.398  -24.593  6.418 0.5555559993
7283  -6.949  -25.717  8.901 0.5555559993
7277  -6.544  -25.941  9.882 0.3333329856
6887  -5.958  -27.146  10.505 0.4444440007
7276  -6.462  -25.972  9.958 0.3333329856
7270  -6.096  -26.876  10.377 0.4444440007
8870  -16.986  -20.759  15.009 0.8888890147
8011  -6.057  -24.930  9.376 0.2222220004
9427  -17.312  -20.618  14.892 0.7777780294
8409  -5.812  -24.243  9.539 0.1111110002
7999  -5.856  -24.857  10.104 0.1111110002
7296  -7.201  -24.485  7.015 0.5555559993
7292  -7.306  -24.635  7.520 0.6666669846
6902  -7.199  -25.545  8.985 0.5555559993
9417  -16.728  -20.741  15.500 0.8888890147
9426  -16.905  -19.885  14.917 0.6666669846
9999  -16.466  -20.866  16.018 0.7777780294
9418  -16.149  -19.925  15.768 0.5555559993
47849  -16.136  -20.119  15.988 0.6666669846
9995  -15.503  -19.502  15.997 0.5555559993
9996  -16.151  -20.266  16.144 0.6666669846
57256  -17.075  -20.369  15.858 0.7777780294
10584  -15.618  -19.508  16.259 0.6666669846
56674  -15.673  -19.622  16.156 0.5555559993
9997  -16.546  -20.050  16.042 0.6666669846
58484  -16.031  -19.956  16.055 0.6666669846
11835  -26.185  -18.881  10.691 0.4444440007
11212  -26.105  -19.638  10.875 0.4444440007
10585  -16.092  -19.642  16.243 0.6666669846
11184  -15.885  -19.125  16.911 0.4444440007
11183  -15.194  -19.083  16.986 0.3333329856
11800  -14.839  -18.308  17.255 0.3333329856
11179  -14.257  -17.962  17.299 0.1111110002
11230  -27.149  -19.165  9.261 0.4444440007
11222  -26.841  -19.396  9.822 0.6666669846
11190  -17.516  -19.848  15.723 0.6666669846
11186  -16.455  -19.417  16.285 0.6666669846
11185  -16.071  -19.025  16.700 0.6666669846
11804  -15.637  -18.739  17.024 0.4444440007
11803  -15.263  -18.513  17.050 0.3333329856
11797  -14.022  -17.834  18.070 0.1111110002
11242  -27.680  -19.387  8.193 0.3333329856
13018  -27.036  -16.961  8.622 0.5555559993
11864  -27.594  -18.356  7.470 0.4444440007
49221  -27.434  -18.085  8.008 0.4444440007
49602  -27.836  -19.141  7.420 0.4444440007
11253  -28.222  -19.254  6.629 0.4444440007
11871  -27.949  -18.662  6.692 0.4444440007
10586  -17.045  -19.849  15.966 0.6666669846
55806  -15.060  -18.095  17.362 0.3333329856
12406  -14.355  -17.469  18.079 0.1111110002
11836  -26.526  -18.885  10.191 0.6666669846
11844  -26.777  -18.596  9.724 0.6666669846
11855  -27.402  -18.911  8.674 0.5555559993
11854  -27.074  -18.374  9.115 0.4444440007
12456  -26.724  -17.716  9.574 0.6666669846
11860  -27.310  -18.202  8.517 0.4444440007
12467  -27.037  -17.595  8.912 0.4444440007
11861  -27.553  -18.673  8.067 0.4444440007
10654  -28.278  -19.811  6.982 0.4444440007
11188  -17.653  -19.258  15.703 0.6666669846
11187  -17.047  -19.379  16.044 0.6666669846
11806  -16.689  -18.825  16.483 0.6666669846
12416  -15.825  -18.367  17.048 0.4444440007
12415  -15.329  -18.147  17.251 0.3333329856
12414  -15.005  -17.450  17.692 0.1111110002
13538  -24.165  -16.349  12.016 0.5555559993
13540  -24.154  -16.426  11.084 0.5555559993
14103  -24.256  -15.657  11.805 0.5555559993
14653  -24.052  -15.164  12.190 0.4444440007
14650  -23.349  -15.019  13.043 0.3333329856
14651  -23.757  -15.154  12.753 0.3333329856
14656  -24.265  -15.257  11.632 0.4444440007
15211  -22.808  -14.642  12.834 0.3333329856
15212  -23.367  -14.639  12.671 0.3333329856
15214  -23.717  -14.824  12.402 0.3333329856
14659  -24.574  -15.302  10.993 0.5555559993
15216  -23.980  -14.928  11.930 0.3333329856
15219  -24.127  -14.948  11.374 0.4444440007
15714  -23.228  -14.470  12.403 0.2222220004
15716  -23.437  -14.799  11.966 0.3333329856
15720  -23.737  -14.551  11.522 0.3333329856
11807  -17.293  -18.716  16.203 0.6666669846
12417  -16.312  -18.294  16.886 0.2222220004
12407  -15.766  -17.821  17.222 0.2222220004
57817  -15.311  -17.713  17.431 0.2222220004
14100  -23.752  -15.837  12.987 0.5555559993
14101  -24.073  -15.694  12.449 0.6666669846
14098  -23.350  -15.357  13.196 0.4444440007
15236  -24.719  -14.243  9.219 0.3333329856
15225  -24.225  -14.752  10.468 0.4444440007
15226  -24.568  -14.580  9.789 0.4444440007
55911  -24.021  -14.717  10.851 0.3333329856
11808  -18.288  -19.023  15.343 0.6666669846
11811  -18.983  -18.844  15.101 0.7777780294
56530  -17.902  -18.554  15.911 0.6666669846
11812  -19.785  -18.741  14.918 0.7777780294
12418  -17.019  -18.107  16.652 0.5555559993
13534  -23.689  -16.603  13.195 0.6666669846
14094  -22.071  -15.478  13.242 0.3333329856
14097  -22.745  -15.691  13.436 0.5555559993
14647  -22.625  -14.984  13.033 0.3333329856
15729  -24.075  -14.048  9.291 0.4444440007
15728  -23.710  -14.275  10.063 0.3333329856
15721  -23.475  -14.266  10.705 0.2222220004
11809  -18.567  -18.326  15.652 0.6666669846
12419  -17.549  -18.050  16.422 0.6666669846
12423  -19.366  -18.047  15.484 0.6666669846
12424  -20.161  -18.038  15.141 0.7777780294
12428  -21.639  -17.957  14.642 0.7777780294
13523  -20.699  -17.341  14.368 0.5555559993
13524  -21.414  -16.927  14.056 0.5555559993
13525  -22.289  -16.854  14.043 0.5555559993
13533  -23.292  -16.801  13.677 0.6666669846
49836  -21.040  -16.568  13.287 0.3333329856
13528  -21.984  -16.168  13.638 0.4444440007
13529  -22.792  -16.387  13.773 0.5555559993
13532  -23.329  -16.077  13.436 0.5555559993
15238  -25.254  -13.976  8.520 0.3333329856
15740  -24.806  -13.145  8.153 0.3333329856
12425  -20.895  -17.901  14.904 0.7777780294
12420  -18.788  -17.653  16.034 0.6666669846
48099  -19.831  -17.426  15.470 0.6666669846
12976  -22.571  -17.448  14.206 0.7777780294
12974  -21.277  -17.397  14.648 0.6666669846
12975  -21.943  -17.391  14.407 0.6666669846
12978  -22.854  -16.981  13.975 0.7777780294
15241  -26.095  -14.033  7.903 0.3333329856
15743  -25.689  -13.245  7.745 0.3333329856
15746  -26.529  -13.364  7.292 0.3333329856
58388  -9.145  -25.375  3.281 0.1111110002
7708  -7.778  -25.021  5.816 0.2222220004
7291  -7.338  -25.125  8.455 0.6666669846
6094  -6.265  -28.035  12.443 0.6666669846
56533  -5.526  -28.866  12.577 0.3333329856
5714  -5.566  -29.113  12.292 0.2222220004
57986  -8.347  -29.214  12.644 0.3333329856
7250  -5.541  -26.848  11.151 0.5555559993
57030  -6.753  -30.410  11.945 0.2222220004
5341  -6.320  -30.123  12.149 0.2222220004
5347  -7.881  -30.664  11.032 0.2222220004
4983  -8.960  -30.493  9.801 0.2222220004
8019  -9.332  -25.106  8.307 0.4444440007
7293  -7.618  -24.919  7.727 0.6666669846
6126  -10.465  -29.077  9.193 0.2222220004
5710  -8.174  -29.671  12.973 0.3333329856
5337  -8.638  -30.258  12.975 0.2222220004
5343  -9.273  -30.193  12.490 0.1111110002
4960  -8.432  -30.963  13.388 0.2222220004
4970  -9.880  -30.855  12.291 0.1111110002
43070  -9.350  -32.086  12.962 0.1111110002
46295  -8.825  -32.891  13.374 0.1111110002
4200  -8.370  -32.333  13.772 0.1111110002
53263  -9.795  -32.252  12.599 0.1111110002
52041  -9.401  -32.796  12.911 0.1111110002
46563  -10.354  -32.394  12.213 0.1111110002
44559  -10.038  -32.921  12.445 0.1111110002
5703  -7.537  -29.692  13.217 0.2222220004
56423  -7.994  -31.325  13.780 0.2222220004
4958  -7.130  -30.736  13.847 0.2222220004
4197  -7.279  -31.968  14.419 0.2222220004
3806  -7.816  -32.477  14.079 0.2222220004
4576  -8.473  -31.700  13.611 0.2222220004
49285  -8.802  -33.733  13.162 0.1111110002
57789  -2.586  -27.708  -1.452 0.3333329856
5709  -7.161  -29.255  13.081 0.2222220004
5331  -6.651  -30.324  13.675 0.2222220004
4954  -6.737  -30.918  14.023 0.2222220004
3202  -7.322  -33.015  14.000 0.1111110002
3510  -7.038  -32.677  14.373 0.1111110002
8422  -10.653  -23.922  6.586 0.4444440007
8921  -11.459  -23.552  6.475 0.4444440007
52516  -7.726  -33.215  13.494 0.1111110002
5708  -6.650  -29.125  13.091 0.3333329856
6089  -6.452  -28.520  12.778 0.5555559993
5701  -6.389  -29.620  13.320 0.2222220004
5700  -6.083  -29.362  13.207 0.3333329856
4951  -5.958  -30.873  13.997 0.2222220004
8922  -13.035  -22.726  6.998 0.5555559993
8431  -13.588  -23.241  7.303 0.5555559993
43062  -6.859  -32.964  13.746 0.1111110002
51468  -7.803  -33.381  12.768 0.1111110002
43061  -7.124  -33.155  13.545 0.1111110002
58810  -12.775  -21.554  6.750 0.1111110002
5699  -5.717  -29.500  13.158 0.3333329856
5328  -5.790  -29.974  13.353 0.3333329856
4955  -5.666  -30.082  13.901 0.2222220004
4572  -5.924  -30.943  13.949 0.2222220004
4957  -6.146  -31.355  13.238 0.1111110002
4956  -6.030  -31.243  13.525 0.1111110002
3808  -6.163  -32.033  13.777 0.1111110002
57017  -5.990  -31.605  13.921 0.2222220004
9461  -15.033  -21.780  9.553 0.5555559993
46785  -6.920  -32.557  13.297 0.1111110002
46447  -7.349  -32.754  12.751 0.1111110002
58547  -13.838  -20.711  8.503 0.1111110002
10054  -14.714  -21.236  9.284 0.1111110002
44602  -8.008  -33.102  11.844 0.1111110002
5333  -5.765  -30.014  12.960 0.3333329856
4962  -5.777  -30.995  12.776 0.1111110002
43068  -7.460  -31.706  12.190 0.1111110002
55086  -8.036  -32.525  11.634 0.1111110002
4620  -7.978  -30.940  4.022 0.1111110002
53259  -8.321  -33.060  11.115 0.1111110002
4621  -8.271  -30.399  3.848 0.1111110002
45934  -8.681  -33.504  10.422 0.1111110002
56868  -9.308  -32.899  9.624 0.1111110002
4237  -10.332  -30.925  3.407 0.1111110002
4968  -7.137  -30.982  12.032 0.2222220004
49449  -7.803  -23.629  8.909 0.1111110002
47352  -8.660  -32.283  10.307 0.1111110002
11211  -16.673  -19.369  9.570 0.1111110002
11207  -16.784  -19.185  11.038 0.1111110002
10599  -17.365  -19.598  14.579 0.3333329856
10007  -17.507  -19.980  14.500 0.7777780294
7674  -6.723  -25.226  9.035 0.3333329856
7668  -5.853  -24.887  8.723 0.3333329856
48581  -7.105  -25.026  8.570 0.5555559993
9416  -15.969  -19.888  15.945 0.5555559993
10583  -15.014  -18.927  16.259 0.4444440007
11805  -16.157  -18.802  16.758 0.6666669846
12474  -27.253  -17.558  8.279 0.3333329856
49004  -24.456  -13.677  8.719 0.3333329856
49052  -20.312  -17.519  15.088 0.6666669846
6518  -12.387  -28.421  7.812 0.3333329856
6906  -13.305  -27.188  7.829 0.4444440007
48799  -14.328  -27.393  8.156 0.3333329856
6519  -13.424  -28.037  7.893 0.3333329856
6138  -13.033  -29.058  7.771 0.2222220004
6520  -14.380  -27.991  8.252 0.2222220004
10600  -17.606  -19.474  13.681 0.2222220004
11204  -17.159  -19.193  12.503 0.2222220004
56207  -16.825  -19.543  14.957 0.4444440007
10006  -16.822  -19.892  15.037 0.5555559993
9998  -16.024  -19.651  15.705 0.5555559993
10592  -16.082  -19.121  15.555 0.4444440007
10587  -15.702  -19.408  15.895 0.4444440007
48604  -18.158  -17.887  16.203 0.5555559993
58066  -18.872  -17.079  16.308 0.3333329856
12421  -19.323  -17.263  15.954 0.4444440007
12970  -19.588  -16.743  15.699 0.3333329856
13519  -19.982  -17.029  14.774 0.3333329856
13520  -20.272  -16.528  14.090 0.3333329856
15739  -24.119  -13.289  8.475 0.3333329856
16245  -25.330  -12.382  7.619 0.3333329856
16739  -24.767  -11.530  7.354 0.1111110002
17734  -25.715  -10.210  6.558 0.1111110002
17227  -26.507  -10.997  6.431 0.2222220004
17222  -25.982  -11.214  6.872 0.2222220004
17228  -27.150  -10.651  6.257 0.2222220004
17739  -26.473  -9.882  5.642 0.1111110002
17740  -27.180  -9.837  6.215 0.1111110002
17746  -28.227  -9.481  6.401 0.2222220004
17754  -28.227  -10.186  6.350 0.1111110002
17755  -28.833  -10.137  6.259 0.2222220004
44670  -29.475  -9.444  6.430 0.2222220004
18280  -30.830  -8.899  6.672 0.2222220004
18272  -29.106  -7.959  6.993 0.1111110002
17241  -28.315  -10.941  6.380 0.1111110002
46385  -30.356  -10.446  5.862 0.1111110002
45461  -30.420  -9.871  6.150 0.2222220004
17730  -31.030  -8.996  7.853 0.1111110002
17735  -31.445  -9.005  7.429 0.2222220004
52804  -31.446  -9.947  5.645 0.1111110002
17741  -31.835  -9.251  6.284 0.2222220004
47595  -31.675  -10.536  7.612 0.1111110002
17223  -32.020  -10.081  6.990 0.2222220004
53311  -31.370  -10.813  7.847 0.1111110002
45907  -31.397  -10.017  7.888 0.2222220004
45611  -30.973  -10.091  7.841 0.2222220004
52075  -31.038  -10.822  7.880 0.2222220004
46389  -31.281  -10.842  8.078 0.2222220004
43148  -31.554  -11.225  8.241 0.2222220004
44569  -32.008  -11.412  8.296 0.2222220004
53230  -31.654  -10.783  8.438 0.2222220004
16743  -32.042  -11.564  8.261 0.1111110002
53343  -30.966  -9.927  7.903 0.3333329856
43149  -32.099  -10.683  8.671 0.1111110002
17224  -32.323  -10.972  8.007 0.1111110002
45970  -31.541  -9.928  8.601 0.2222220004
17219  -32.101  -10.506  8.325 0.1111110002
47541  -31.744  -9.897  8.879 0.1111110002
17230  -32.632  -10.749  7.599 0.2222220004
55860  -32.071  -11.114  8.302 0.2222220004
12972  -20.550  -17.415  14.813 0.4444440007
6146  -14.095  -28.621  8.019 0.2222220004
12971  -19.990  -17.045  15.189 0.3333329856
16742  -25.728  -11.779  7.149 0.2222220004
48760  -11.118  -28.979  8.454 0.1111110002
6137  -11.857  -28.999  8.054 0.1111110002
7290  -7.225  -24.760  7.999 0.4444440007
5055  -5.767  -29.952  -1.898 0.3333329856
7675  -6.921  -25.155  8.849 0.3333329856
7704  -7.303  -24.176  6.210 0.1111110002
6870  -17.315  -26.505  11.901 0.3333329856
9441  -23.721  -21.847  12.740 0.1111110002
8414  -25.957  -23.071  10.605 0.1111110002
8898  -25.873  -22.349  10.896 0.1111110002
9456  -26.473  -21.562  10.396 0.1111110002
8904  -26.382  -22.309  10.380 0.1111110002
10044  -26.752  -20.971  10.079 0.1111110002
10621  -27.215  -20.014  9.365 0.1111110002
10629  -27.579  -20.351  8.780 0.1111110002
11231  -27.496  -19.654  8.795 0.1111110002
9442  -24.211  -21.777  12.434 0.1111110002
8891  -24.386  -22.358  12.182 0.1111110002
9443  -24.783  -21.658  12.000 0.1111110002
8892  -24.924  -22.511  11.721 0.1111110002
10028  -25.242  -21.028  11.698 0.1111110002
8897  -25.457  -21.871  11.379 0.1111110002
9455  -26.052  -21.691  10.840 0.1111110002
11213  -26.492  -19.538  10.352 0.1111110002
49936  -25.445  -22.781  11.202 0.1111110002
10035  -26.264  -20.985  10.696 0.1111110002
10612  -26.421  -20.272  10.515 0.1111110002
10620  -26.819  -20.143  9.973 0.1111110002
10045  -27.089  -20.637  9.598 0.1111110002
10046  -27.350  -20.686  9.132 0.1111110002
10027  -24.804  -20.898  12.114 0.1111110002
10608  -25.066  -20.330  11.976 0.1111110002
10034  -25.766  -21.048  11.197 0.1111110002
10609  -25.531  -20.355  11.503 0.1111110002
11209  -25.750  -19.787  11.309 0.1111110002
10611  -25.984  -20.347  11.023 0.1111110002
14093  -21.221  -15.716  13.103 0.1111110002
12411  -18.378  -17.254  16.481 0.3333329856
13518  -19.669  -16.273  15.348 0.1111110002
49789  -19.515  -16.349  14.752 0.1111110002
14090  -19.765  -16.142  12.961 0.1111110002
15250  -27.316  -13.932  6.527 0.2222220004
15738  -23.620  -13.328  8.775 0.2222220004
15763  -27.737  -13.485  6.293 0.2222220004
16243  -24.382  -12.428  7.936 0.2222220004
16248  -26.839  -12.638  7.041 0.2222220004
16252  -27.346  -12.302  6.827 0.2222220004
16747  -26.621  -11.875  6.936 0.1111110002
16253  -27.897  -11.986  6.651 0.1111110002
15245  -26.973  -13.804  7.015 0.2222220004
15749  -27.261  -13.163  6.830 0.2222220004
16247  -26.185  -12.541  7.271 0.2222220004
57471  -31.622  -9.687  7.668 0.1111110002
11208  -25.340  -19.597  11.798 0.2222220004
7685  -7.177  -24.790  8.175 0.3333329856
16759  -27.801  -11.166  6.520 0.1111110002
9464  -27.215  -21.326  9.313 0.1111110002
10582  -14.902  -19.049  16.222 0.2222220004
56079  -15.549  -18.777  16.001 0.1111110002
11182  -14.731  -18.239  16.661 0.1111110002
11181  -14.046  -17.951  17.040 0.1111110002
10581  -14.579  -18.265  16.844 0.2222220004
11180  -14.733  -18.432  16.832 0.2222220004
12410  -17.771  -17.420  16.669 0.3333329856
10639  -27.786  -20.060  8.328 0.1111110002
10644  -27.981  -19.886  7.724 0.2222220004
11872  -30.025  -19.223  5.752 0.3333329856
11878  -28.828  -18.915  6.025 0.3333329856
13023  -27.210  -16.831  7.928 0.2222220004
12478  -27.387  -17.663  7.618 0.2222220004
12486  -27.616  -17.975  6.808 0.2222220004
13034  -27.784  -17.549  6.059 0.2222220004
13041  -28.971  -17.729  5.304 0.2222220004
14138  -31.392  -15.833  7.534 0.2222220004
12487  -28.426  -18.285  5.960 0.2222220004
13035  -31.101  -17.736  5.940 0.2222220004
13025  -31.313  -17.172  6.542 0.2222220004
13570  -31.334  -16.504  7.703 0.2222220004
12494  -29.978  -18.302  5.642 0.2222220004
13020  -31.342  -17.177  6.974 0.2222220004
46736  -27.972  -13.781  5.704 0.2222220004
13574  -31.417  -16.594  6.936 0.2222220004
11260  -28.926  -19.662  6.236 0.3333329856
6471  -17.319  -26.767  12.051 0.1111110002
13042  -30.349  -17.496  5.451 0.2222220004
7691  -6.912  -24.365  7.741 0.4444440007
6468  -17.708  -26.379  12.600 0.1111110002
7642  -19.354  -25.110  13.673 0.1111110002
58190  -20.162  -24.078  13.679 0.1111110002
7994  -20.670  -24.072  13.522 0.1111110002
7995  -21.119  -24.519  13.228 0.1111110002
57599  -20.362  -24.580  13.475 0.1111110002
48449  -21.857  -24.149  13.084 0.1111110002
8391  -21.266  -23.662  13.442 0.1111110002
8886  -22.877  -22.606  12.993 0.1111110002
48412  -22.275  -24.490  12.807 0.1111110002
7996  -22.603  -23.906  12.835 0.1111110002
8884  -21.638  -22.942  13.489 0.1111110002
8392  -22.047  -23.442  13.200 0.1111110002
8393  -22.616  -23.199  12.997 0.1111110002
8885  -22.258  -22.757  13.267 0.1111110002
7684  -6.575  -24.562  8.501 0.2222220004
7673  -6.061  -24.377  8.812 0.2222220004
8018  -6.049  -24.886  9.232 0.1111110002
7690  -6.630  -24.145  7.960 0.1111110002
7697  -6.888  -24.129  6.945 0.1111110002
7694  -6.770  -24.122  7.314 0.1111110002
57485  -15.208  -27.724  8.474 0.1111110002
5740  -12.342  -29.834  8.147 0.1111110002
12962  -17.343  -16.893  16.993 0.1111110002
12963  -17.987  -16.736  16.820 0.1111110002
12964  -18.592  -16.622  16.588 0.1111110002
12965  -19.141  -16.517  16.231 0.1111110002
16264  -28.272  -13.122  6.220 0.1111110002
56075  -23.136  -13.816  9.664 0.1111110002
14646  -21.483  -15.013  12.836 0.1111110002
15750  -27.808  -12.717  6.513 0.1111110002
15771  -28.637  -13.366  5.729 0.1111110002
17250  -35.901  -10.344  4.900 0.1111110002
17772  -36.173  -9.489  4.846 0.1111110002
15781  -29.379  -12.784  5.546 0.1111110002
15751  -31.371  -13.167  6.541 0.1111110002
16273  -28.813  -12.471  6.133 0.1111110002
57641  -28.599  -12.592  7.052 0.1111110002
16265  -30.697  -13.025  5.468 0.1111110002
15765  -31.068  -13.111  5.864 0.1111110002
49534  -37.194  -8.568  4.472 0.1111110002
16274  -30.299  -12.577  5.449 0.1111110002
49951  -31.453  -12.548  6.159 0.1111110002
16286  -29.836  -12.023  5.573 0.1111110002
16285  -29.281  -12.065  5.885 0.1111110002
18297  -36.213  -9.792  4.805 0.1111110002
18300  -36.436  -9.009  4.910 0.1111110002
16266  -31.124  -12.395  5.703 0.1111110002
52913  -31.337  -11.701  7.717 0.1111110002
18296  -35.861  -9.272  5.090 0.1111110002
18797  -35.958  -8.937  5.126 0.1111110002
18301  -37.521  -8.326  3.963 0.1111110002
18800  -37.050  -7.927  3.992 0.1111110002
43144  -30.934  -11.135  7.938 0.1111110002
18295  -35.426  -9.027  5.187 0.1111110002
19292  -36.905  -7.887  3.620 0.1111110002
19815  -32.633  -7.197  3.485 0.1111110002
18796  -35.594  -8.598  5.042 0.1111110002
18799  -35.615  -8.122  5.003 0.1111110002
18802  -36.410  -8.044  4.014 0.1111110002
19291  -35.999  -7.998  4.073 0.1111110002
19289  -33.897  -7.720  4.046 0.1111110002
19816  -33.135  -7.629  3.857 0.1111110002
19822  -31.625  -7.214  2.185 0.1111110002
19814  -31.973  -6.629  2.690 0.1111110002
43146  -32.050  -11.923  8.051 0.2222220004
18795  -35.036  -8.304  5.111 0.1111110002
19286  -35.318  -7.818  4.370 0.1111110002
19290  -34.802  -7.995  3.907 0.1111110002
19806  -34.264  -7.435  4.251 0.1111110002
19805  -33.863  -7.114  4.255 0.1111110002
19804  -33.236  -6.938  3.991 0.1111110002
18288  -34.834  -8.965  5.345 0.1111110002
56719  -35.209  -8.074  5.023 0.1111110002
20337  -32.599  -6.568  3.570 0.1111110002
19813  -31.378  -6.119  1.701 0.1111110002
17748  -33.413  -9.560  6.470 0.1111110002
19283  -35.009  -7.560  4.712 0.1111110002
20326  -32.944  -6.168  3.941 0.1111110002
20335  -31.782  -5.822  2.466 0.1111110002
19801  -34.630  -7.057  4.756 0.1111110002
20832  -31.032  -5.492  1.050 0.1111110002
20336  -32.316  -5.824  3.362 0.1111110002
20328  -33.868  -6.266  4.515 0.1111110002
20327  -33.502  -6.111  4.316 0.1111110002
20342  -31.484  -5.343  1.884 0.1111110002
20828  -31.861  -5.189  2.727 0.1111110002
17766  -35.860  -10.100  5.001 0.1111110002
17749  -34.322  -9.355  5.690 0.1111110002
18287  -34.202  -8.584  5.627 0.1111110002
17743  -32.963  -9.746  7.022 0.1111110002
16254  -31.735  -12.001  6.636 0.1111110002
18803  -38.290  -8.028  3.120 0.1111110002
18789  -34.576  -8.250  5.315 0.1111110002
6963  -1.906  -26.197  -1.370 0.1111110002
6205  -1.571  -28.301  -2.726 0.2222220004
6947  -1.793  -26.886  -1.699 0.2222220004
6572  -1.717  -27.588  -2.110 0.2222220004
5806  -2.059  -28.907  -2.909 0.2222220004
5426  -1.769  -29.874  -3.666 0.2222220004
5805  -1.272  -29.139  -3.488 0.2222220004
4672  -4.249  -31.771  -2.775 0.2222220004
4280  -4.625  -32.244  -2.442 0.2222220004
4281  -5.663  -31.796  -2.329 0.2222220004
46961  -5.076  -32.734  -2.166 0.2222220004
47535  -6.022  -32.549  -2.126 0.2222220004
43021  -5.697  -33.264  -1.994 0.2222220004
45969  -7.115  -32.844  -1.817 0.2222220004
43022  -8.062  -33.455  -1.405 0.1111110002
5427  -2.564  -29.608  -3.167 0.2222220004
49572  -2.250  -30.658  -3.722 0.2222220004
5049  -1.371  -31.021  -3.987 0.2222220004
5050  -1.814  -31.881  -3.621 0.2222220004
47175  -8.632  -32.846  -0.997 0.2222220004
43023  -8.978  -33.517  -0.121 0.1111110002
3869  -9.211  -33.191  1.091 0.1111110002
3566  -8.926  -33.952  0.749 0.1111110002
4674  -5.733  -30.714  -2.180 0.2222220004
4655  -6.720  -31.058  -2.230 0.2222220004
4266  -6.820  -31.973  -2.059 0.2222220004
4656  -7.684  -31.409  -1.915 0.2222220004
4267  -8.056  -32.117  -1.578 0.2222220004
10655  -28.927  -20.225  6.605 0.1111110002
10656  -29.815  -20.752  6.528 0.1111110002
10068  -29.399  -21.006  6.943 0.1111110002
10630  -30.904  -20.594  6.824 0.1111110002
10640  -31.064  -20.437  6.924 0.1111110002
10071  -32.216  -20.566  7.001 0.1111110002
11246  -30.813  -20.253  5.820 0.1111110002
11243  -31.137  -19.835  6.694 0.1111110002
10641  -31.439  -20.019  7.175 0.1111110002
10648  -31.748  -20.101  7.353 0.1111110002
10649  -32.129  -19.943  7.256 0.1111110002
10072  -32.930  -20.469  6.781 0.1111110002
11255  -30.389  -19.816  5.896 0.1111110002
11254  -29.938  -19.883  5.981 0.1111110002
55898  -31.078  -19.838  7.129 0.1111110002
11248  -32.012  -19.302  7.475 0.1111110002
49636  -33.376  -20.658  6.283 0.1111110002
11233  -31.244  -19.470  6.910 0.1111110002
11244  -31.468  -19.558  7.226 0.1111110002
10650  -32.651  -19.962  7.123 0.1111110002
10651  -33.149  -19.841  6.918 0.1111110002
3575  -6.756  -33.583  -1.929 0.1111110002
10074  -28.837  -20.715  7.074 0.1111110002
10646  -30.109  -20.878  6.553 0.1111110002
11232  -31.190  -19.284  6.843 0.1111110002
11247  -31.914  -19.150  7.592 0.1111110002
46138  3.068  -31.837  -2.855 0.1111110002
52580  3.221  -32.182  -2.096 0.1111110002
43011  3.186  -32.990  -2.070 0.1111110002
48178  0.092  -26.289  -3.116 0.1111110002
6961  -0.086  -26.819  -3.277 0.1111110002
6584  0.555  -27.660  -4.289 0.1111110002
52579  3.434  -32.658  -1.579 0.1111110002
55765  2.903  -32.963  -2.650 0.1111110002
6583  1.147  -27.482  -3.902 0.1111110002
45344  2.951  -31.577  -3.020 0.1111110002
53506  2.431  -32.853  -3.160 0.1111110002
43014  2.206  -33.663  -2.525 0.1111110002
44961  3.060  -31.100  -3.308 0.1111110002
6586  -0.481  -27.210  -3.128 0.1111110002
6585  0.069  -27.299  -3.665 0.1111110002
4273  2.204  -32.887  -3.059 0.1111110002
43013  2.589  -32.735  -3.041 0.1111110002
52616  1.794  -33.414  -2.777 0.1111110002
43010  3.047  -30.672  -3.372 0.1111110002
6962  -0.582  -26.446  -2.646 0.1111110002
45311  2.884  -31.816  -3.014 0.1111110002
44628  2.864  -32.656  -2.796 0.1111110002
6202  0.696  -28.723  -4.269 0.1111110002
6203  -0.110  -28.786  -4.055 0.1111110002
46652  2.849  -31.032  -3.294 0.1111110002
5045  1.889  -31.394  -3.729 0.1111110002
4664  1.901  -32.187  -3.301 0.1111110002
4274  1.615  -32.847  -3.053 0.1111110002
6201  1.496  -29.095  -4.157 0.1111110002
49305  1.979  -29.796  -3.942 0.1111110002
5421  2.296  -30.666  -3.684 0.1111110002
4665  1.238  -32.203  -3.429 0.1111110002
48460  0.451  -32.272  -3.505 0.1111110002
4667  -0.341  -32.419  -3.414 0.1111110002
49169  -4.150  -32.970  -2.096 0.1111110002
6571  -0.788  -27.684  -3.041 0.1111110002
6204  -0.827  -28.405  -3.394 0.1111110002
5804  -0.451  -29.395  -4.027 0.1111110002
5802  1.289  -29.754  -4.152 0.1111110002
5424  0.118  -30.468  -4.200 0.1111110002
5423  1.030  -30.582  -4.082 0.1111110002
5047  0.721  -31.441  -3.893 0.1111110002
58421  -0.973  -31.910  -3.691 0.1111110002
4669  -1.618  -32.692  -2.835 0.1111110002
4277  -2.051  -33.004  -2.391 0.1111110002
4279  -3.762  -32.587  -2.435 0.1111110002
4268  -9.212  -32.167  -0.760 0.1111110002
3868  -9.737  -32.755  0.321 0.1111110002
49926  -9.462  -32.739  1.483 0.1111110002
48660  -1.313  -26.322  -1.949 0.1111110002
6587  -1.146  -27.120  -2.423 0.1111110002
58238  -1.224  -27.799  -2.695 0.1111110002
5425  -0.869  -30.206  -4.063 0.1111110002
4657  -8.911  -31.385  -1.205 0.1111110002
4262  -10.169  -31.700  0.023 0.1111110002
4263  -10.006  -32.167  1.434 0.1111110002
4258  -8.918  -32.310  1.853 0.1111110002
5043  -8.003  -30.497  -1.596 0.1111110002
4649  -9.534  -30.600  -0.185 0.1111110002
4645  -9.049  -30.973  1.934 0.1111110002
57309  -9.319  -31.782  1.869 0.1111110002
4639  -8.601  -31.719  2.090 0.1111110002
11199  -17.271  -18.968  14.600 0.1111110002
10598  -16.695  -18.880  15.187 0.1111110002
11196  -16.037  -18.679  15.852 0.1111110002
12409  -17.151  -17.548  16.846 0.1111110002
12408  -16.491  -17.678  17.032 0.1111110002
15273  -34.808  -13.597  5.897 0.1111110002
15773  -34.903  -13.049  5.837 0.1111110002
15254  -34.442  -14.116  6.192 0.1111110002
58316  -34.815  -14.265  5.954 0.1111110002
14711  -34.970  -14.792  5.839 0.1111110002
14153  -34.387  -15.539  6.309 0.1111110002
14703  -34.624  -14.837  6.127 0.1111110002
14152  -33.904  -15.674  6.700 0.1111110002
14144  -33.416  -15.843  7.128 0.1111110002
13581  -32.543  -17.004  7.960 0.1111110002
12470  -31.347  -18.205  7.658 0.1111110002
12458  -31.727  -17.951  8.474 0.1111110002
56626  -32.184  -17.565  8.129 0.1111110002
14702  -34.052  -14.832  6.531 0.1111110002
14151  -33.562  -15.205  6.885 0.1111110002
14143  -33.096  -15.135  7.265 0.1111110002
14693  -32.881  -14.709  7.341 0.1111110002
58488  -30.783  -19.360  5.836 0.1111110002
12475  -31.265  -18.006  6.810 0.1111110002
12469  -31.277  -17.946  7.533 0.1111110002
14142  -32.634  -15.396  7.731 0.1111110002
11862  -31.220  -18.845  6.880 0.1111110002
13015  -31.214  -17.470  8.090 0.1111110002
13016  -32.118  -17.009  8.866 0.1111110002
49895  -32.601  -16.217  7.919 0.1111110002
11865  -31.052  -19.171  6.095 0.1111110002
13021  -32.189  -17.189  8.396 0.1111110002
14692  -32.335  -14.791  7.836 0.1111110002
15274  -35.410  -14.021  5.496 0.1111110002
12479  -31.063  -18.115  5.827 0.1111110002
12457  -31.220  -17.509  7.966 0.1111110002
14140  -32.327  -15.763  8.096 0.1111110002
15284  -36.056  -14.005  5.090 0.1111110002
12468  -31.231  -17.385  7.803 0.1111110002
13007  -31.225  -17.000  8.551 0.1111110002
13571  -32.069  -16.839  8.812 0.1111110002
13575  -32.228  -16.538  8.369 0.1111110002
14136  -32.099  -15.903  8.322 0.1111110002
15293  -35.671  -13.854  4.737 0.1111110002
13006  -31.007  -16.891  8.469 0.1111110002
13559  -31.924  -16.684  8.731 0.1111110002
14751  -35.005  -14.939  3.948 0.1111110002
14750  -34.821  -14.888  4.085 0.1111110002
15303  -34.596  -13.982  4.232 0.1111110002
48877  -33.928  -14.151  4.119 0.1111110002
15800  -32.824  -13.524  4.355 0.1111110002
15314  -32.477  -13.689  3.159 0.1111110002
15817  -32.313  -13.119  2.418 0.1111110002
15774  -35.469  -13.050  5.470 0.1111110002
13024  -31.305  -17.683  6.668 0.1111110002
14684  -32.087  -14.910  8.030 0.1111110002
13019  -31.310  -17.460  7.354 0.1111110002
13557  -30.976  -16.781  8.063 0.1111110002
14127  -31.166  -16.226  8.048 0.1111110002
15782  -36.009  -13.360  5.002 0.1111110002
13558  -31.223  -16.872  8.464 0.1111110002
15305  -34.861  -13.946  4.201 0.1111110002
15304  -34.934  -14.058  4.285 0.1111110002
15302  -33.865  -13.622  4.331 0.1111110002
15803  -34.890  -13.109  4.476 0.1111110002
15802  -34.449  -12.881  4.448 0.1111110002
15818  -32.605  -12.884  3.315 0.1111110002
15801  -33.757  -12.793  4.419 0.1111110002
58501  -31.727  -15.656  8.197 0.1111110002
14679  -32.146  -14.977  8.099 0.1111110002
13569  -31.232  -16.999  7.761 0.1111110002
14126  -31.220  -16.660  7.966 0.1111110002
14128  -31.682  -16.112  8.352 0.1111110002
15775  -35.935  -12.883  5.089 0.1111110002
15783  -36.182  -13.220  4.846 0.1111110002
15805  -35.202  -13.004  4.537 0.1111110002
15804  -34.909  -12.977  4.426 0.1111110002
15790  -35.721  -12.689  4.823 0.1111110002
16311  -34.862  -12.214  4.600 0.1111110002
16298  -35.345  -12.432  4.731 0.1111110002
16310  -34.161  -11.817  4.495 0.1111110002
14135  -31.435  -15.959  7.933 0.1111110002
14678  -31.529  -15.712  8.074 0.1111110002
16278  -35.688  -12.685  5.287 0.1111110002
56292  -36.151  -12.583  4.859 0.1111110002
16279  -35.939  -12.018  5.050 0.1111110002
16288  -36.010  -12.059  4.950 0.1111110002
13573  -31.387  -16.994  7.089 0.1111110002
4668  -1.036  -32.536  -3.168 0.1111110002
6960  0.511  -26.910  -3.671 0.1111110002
6212  -0.178  -27.945  -3.764 0.1111110002
6570  1.079  -28.330  -3.944 0.1111110002
46802  2.475  -32.176  -3.169 0.1111110002
5044  2.556  -31.308  -3.384 0.1111110002
5803  0.448  -29.618  -4.219 0.1111110002
4666  0.958  -32.868  -3.061 0.1111110002
5422  1.771  -30.639  -3.916 0.1111110002
5046  1.531  -31.461  -3.784 0.1111110002
5048  -0.311  -31.456  -3.982 0.1111110002
43019  -3.265  -33.252  -1.975 0.1111110002
4650  -9.920  -31.229  1.322 0.1111110002
15265  -34.971  -13.991  5.831 0.1111110002
49381  -32.934  -15.970  7.566 0.1111110002
13584  -33.776  -16.519  6.830 0.1111110002
13026  -32.368  -17.117  8.176 0.1111110002
11856  -31.172  -18.995  6.860 0.1111110002
12471  -31.570  -18.153  7.967 0.1111110002
14701  -33.463  -14.557  6.860 0.1111110002
58170  -32.184  -16.922  8.445 0.1111110002
13576  -32.526  -16.605  7.995 0.1111110002
15275  -35.884  -13.658  5.118 0.1111110002
13005  -30.858  -16.850  8.096 0.1111110002
15285  -36.097  -13.908  5.076 0.1111110002
14129  -32.024  -16.059  8.413 0.1111110002
14731  -35.774  -14.264  4.911 0.1111110002
14752  -35.238  -14.360  4.366 0.1111110002
15301  -33.562  -14.306  4.016 0.1111110002
14760  -32.923  -14.336  3.591 0.1111110002
16308  -33.123  -12.495  4.023 0.1111110002
16309  -33.725  -12.065  4.389 0.1111110002
16287  -36.188  -11.894  4.811 0.1111110002
3201  -6.765  -32.985  14.293 0.1111110002
3508  -6.071  -32.988  13.984 0.2222220004
3509  -6.831  -32.761  14.735 0.2222220004
3801  -6.009  -32.052  14.521 0.2222220004
3803  -6.803  -32.047  14.858 0.2222220004
3804  -5.963  -32.308  14.100 0.2222220004
3810  -8.121  -32.614  13.959 0.2222220004
4193  -6.137  -32.157  14.727 0.2222220004
4194  -6.279  -31.963  14.655 0.2222220004
4195  -7.084  -31.973  14.695 0.2222220004
4196  -5.963  -32.094  14.246 0.2222220004
4198  -8.095  -31.954  13.917 0.2222220004
4201  -6.471  -31.882  13.309 0.1111110002
4241  -6.250  -30.996  4.073 0.1111110002
4565  -5.926  -31.889  14.376 0.2222220004
4568  -5.973  -31.589  14.178 0.2222220004
4569  -5.988  -31.905  14.151 0.2222220004
4573  -5.945  -31.075  13.809 0.2222220004
4625  -6.317  -31.068  3.799 0.2222220004
4949  -6.027  -31.431  14.203 0.2222220004
4950  -5.875  -30.809  14.036 0.2222220004
4952  -6.022  -30.924  14.074 0.2222220004
4964  -6.189  -30.902  12.822 0.1111110002
4965  -6.496  -31.444  12.903 0.1111110002
5327  -6.234  -30.709  13.951 0.2222220004
5335  -6.146  -30.724  12.674 0.1111110002
14181  -28.625  -15.533  5.086 0.3333329856
14737  -28.997  -15.356  4.996 0.3333329856
16751  -31.710  -10.721  5.813 0.1111110002
17234  -27.695  -10.361  6.362 0.2222220004
17243  -29.513  -10.658  5.998 0.1111110002
17736  -31.807  -9.146  6.881 0.2222220004
17745  -27.659  -9.529  6.309 0.2222220004
17747  -28.867  -9.601  6.377 0.2222220004
18267  -31.458  -8.769  6.787 0.2222220004
18279  -28.624  -8.803  6.561 0.2222220004
43065  -7.382  -33.135  12.916 0.1111110002
43223  -30.937  -9.501  6.196 0.2222220004
43224  -30.099  -8.647  6.852 0.1111110002
44383  -29.448  -8.799  6.678 0.1111110002
45735  -30.173  -8.285  7.010 0.1111110002
45925  -7.086  -32.805  13.092 0.1111110002
49465  -29.193  -15.306  5.012 0.3333329856
52352  -30.277  -9.259  6.513 0.2222220004
52755  -8.476  -33.372  10.799 0.1111110002
53481  -29.548  -10.065  6.163 0.2222220004
