#!ascii label  , from subject sub-v2s11x28715_ses-1 vox2ras=TkReg
2257
14381  5.697  -21.087  -1.656 0.6250000000
13825  6.157  -21.141  -1.279 0.6250000000
13826  5.741  -21.829  -1.774 0.6250000000
13306  5.254  -22.531  -1.946 0.6250000000
61509  6.619  -20.229  -0.351 0.5000000000
13816  6.475  -20.792  -0.864 0.5000000000
14375  6.094  -20.417  -0.884 0.6250000000
14937  7.376  -20.345  -0.166 0.5000000000
76098  5.917  -20.789  -1.272 0.6250000000
14373  7.752  -20.991  -0.547 0.5000000000
14374  6.976  -20.881  -0.676 0.5000000000
73149  6.621  -21.371  -1.120 0.5000000000
13827  5.289  -21.659  -2.019 0.6250000000
13308  4.296  -21.828  -2.286 0.7500000000
16046  7.265  -18.844  0.924 0.7500000000
15485  6.665  -19.167  0.536 0.7500000000
61686  6.478  -19.631  0.071 0.7500000000
14939  6.093  -19.727  -0.337 0.6250000000
16045  8.011  -18.579  1.143 0.7500000000
15473  7.299  -19.370  0.598 0.7500000000
15472  7.870  -19.182  0.800 0.7500000000
14938  7.013  -19.765  0.203 0.6250000000
74914  8.407  -19.445  0.673 0.6250000000
14925  7.830  -19.773  0.355 0.6250000000
60963  8.778  -19.886  0.400 0.5000000000
14360  8.314  -20.410  -0.090 0.5000000000
72957  5.176  -20.504  -2.083 0.6250000000
14917  9.134  -19.405  0.827 0.5000000000
13828  4.765  -21.344  -2.220 0.6250000000
13829  4.080  -21.606  -2.451 0.6250000000
14382  4.266  -21.121  -2.379 0.6250000000
13307  4.893  -22.347  -2.014 0.7500000000
13836  3.705  -21.650  -2.708 0.6250000000
15486  6.071  -19.212  0.178 0.7500000000
16047  6.562  -18.407  0.979 0.7500000000
16058  6.124  -18.777  0.581 0.7500000000
16059  5.584  -18.729  0.334 0.8750000000
15487  5.549  -19.189  -0.230 0.7500000000
14940  5.615  -19.772  -0.836 0.6250000000
16634  8.148  -17.928  1.500 0.7500000000
16641  7.346  -18.189  1.295 0.7500000000
15502  4.425  -19.289  -1.089 0.6250000000
14950  5.114  -19.828  -1.390 0.6250000000
14949  5.634  -20.407  -1.384 0.6250000000
16038  9.040  -18.308  1.431 0.7500000000
15464  9.578  -18.951  1.332 0.7500000000
15503  4.068  -19.176  -1.263 0.6250000000
14951  4.551  -19.918  -1.732 0.6250000000
14916  9.965  -19.550  1.326 0.5000000000
14952  4.026  -19.952  -1.865 0.6250000000
63217  4.651  -20.520  -2.222 0.6250000000
73210  4.090  -20.511  -2.110 0.6250000000
14389  3.169  -21.082  -2.428 0.6250000000
14383  4.061  -21.208  -2.187 0.6250000000
14397  3.431  -21.321  -2.750 0.6250000000
13848  3.311  -21.492  -2.868 0.5000000000
13841  3.372  -21.596  -2.887 0.6250000000
13854  3.570  -21.647  -3.059 0.5000000000
13328  3.528  -21.825  -3.126 0.5000000000
13327  3.865  -22.902  -3.085 0.5000000000
17869  8.799  -16.276  2.476 0.7500000000
17876  8.127  -16.608  2.116 0.7500000000
17868  9.534  -16.437  2.783 0.7500000000
16626  9.114  -16.828  2.245 0.7500000000
17226  8.171  -17.261  1.835 0.7500000000
17235  7.514  -17.611  1.602 0.7500000000
17236  6.742  -17.597  1.432 0.8750000000
73266  6.094  -17.841  1.121 0.8750000000
16653  5.152  -18.206  0.595 0.7500000000
18536  9.719  -16.115  3.679 0.7500000000
17860  9.749  -16.593  3.506 0.7500000000
16618  10.660  -17.417  3.610 0.8750000000
16625  9.925  -17.305  2.434 0.7500000000
16633  9.036  -17.567  1.830 0.7500000000
76640  3.830  -18.408  -0.251 0.8750000000
16060  4.879  -18.650  0.022 0.8750000000
16029  10.756  -18.082  2.789 0.7500000000
16632  9.840  -17.913  1.997 0.7500000000
16076  3.269  -18.604  -1.025 0.7500000000
16075  3.814  -18.762  -0.757 0.8750000000
16019  11.086  -18.327  4.245 0.6250000000
15445  11.135  -18.936  3.474 0.6250000000
16028  10.815  -18.812  2.611 0.6250000000
15463  10.478  -19.186  2.028 0.5000000000
15511  3.296  -19.483  -1.982 0.7500000000
15504  3.479  -19.341  -1.643 0.7500000000
15462  11.057  -19.479  3.061 0.6250000000
15510  2.999  -19.879  -2.065 0.6250000000
14953  3.803  -20.122  -1.980 0.6250000000
14898  11.098  -19.723  3.724 0.6250000000
14909  11.169  -20.020  3.063 0.6250000000
14966  3.052  -19.974  -2.193 0.6250000000
14960  3.276  -20.185  -1.844 0.6250000000
14915  10.799  -19.885  2.239 0.3750000000
14351  10.488  -20.392  1.379 0.3750000000
73089  3.167  -20.126  -2.692 0.5000000000
14396  3.087  -20.965  -2.352 0.6250000000
62978  4.045  -21.012  -3.186 0.5000000000
62501  3.793  -21.326  -3.220 0.5000000000
14413  4.123  -21.614  -3.254 0.5000000000
14421  4.574  -21.196  -3.220 0.5000000000
18529  9.733  -15.428  3.251 0.7500000000
63237  4.507  -18.078  0.437 0.7500000000
17218  10.016  -16.787  3.017 0.8750000000
17854  10.359  -16.546  4.422 0.6250000000
17211  10.445  -16.952  4.165 0.7500000000
16656  2.898  -17.912  -0.529 0.8750000000
16062  3.383  -18.230  -0.402 0.8750000000
16605  10.605  -17.735  5.090 0.7500000000
16669  2.706  -18.065  -0.969 0.8750000000
16086  3.001  -18.681  -1.502 0.7500000000
16097  2.761  -18.365  -1.746 0.7500000000
15446  10.726  -19.393  4.619 0.6250000000
16106  2.835  -18.328  -2.070 0.8750000000
15520  3.074  -18.929  -1.864 0.7500000000
15529  3.329  -18.848  -2.316 0.5000000000
15435  10.026  -19.450  5.285 0.6250000000
15537  3.579  -18.967  -2.554 0.5000000000
14981  4.107  -20.262  -3.188 0.6250000000
14973  3.883  -20.293  -2.962 0.5000000000
14980  4.458  -20.490  -3.029 0.6250000000
72495  4.889  -21.096  -3.221 0.5000000000
18517  10.465  -15.597  5.533 0.6250000000
18528  10.352  -15.884  4.402 0.7500000000
18518  9.892  -16.316  6.369 0.6250000000
17843  10.360  -16.645  5.615 0.6250000000
17279  2.478  -17.466  -0.566 1.0000000000
16655  3.123  -17.718  -0.132 1.0000000000
17844  9.501  -16.970  6.491 0.7500000000
17191  9.727  -17.421  6.027 0.7500000000
17190  10.323  -17.181  5.247 0.7500000000
16685  2.314  -17.570  -0.999 1.0000000000
17192  9.077  -17.573  6.368 0.7500000000
16594  9.900  -17.756  5.745 0.7500000000
16694  2.456  -17.899  -1.893 1.0000000000
16684  2.546  -18.046  -1.370 1.0000000000
16606  9.702  -18.326  5.809 0.7500000000
16703  2.640  -17.732  -2.384 1.0000000000
16005  10.293  -18.757  5.322 0.6250000000
16712  2.957  -17.789  -2.722 1.0000000000
74600  3.034  -18.177  -2.472 0.7500000000
16114  3.317  -18.426  -2.671 1.0000000000
16113  3.761  -18.887  -2.753 0.6250000000
15536  3.885  -19.765  -2.394 0.6250000000
15436  9.245  -19.530  5.659 0.6250000000
14891  10.127  -20.003  4.979 0.6250000000
15546  4.210  -19.760  -2.511 0.6250000000
15437  8.895  -19.087  5.784 0.6250000000
15545  4.753  -19.788  -3.086 0.6250000000
14979  4.909  -20.679  -3.147 0.6250000000
15552  5.154  -20.298  -3.168 0.5000000000
62521  4.901  -20.972  -3.248 0.5000000000
14989  5.421  -20.927  -3.119 0.5000000000
63822  5.845  -21.446  -3.025 0.5000000000
19167  9.379  -15.086  7.081 0.6250000000
19174  10.316  -14.890  6.124 0.6250000000
63365  8.739  -15.570  7.218 0.6250000000
19175  9.728  -15.758  6.679 0.6250000000
17280  2.210  -16.975  -0.671 0.8750000000
19168  8.811  -15.019  7.400 0.6250000000
18519  9.102  -16.434  6.770 0.5000000000
17295  2.124  -16.964  -1.294 0.8750000000
16695  2.196  -17.468  -1.602 1.0000000000
19169  8.171  -15.476  7.476 0.5000000000
18508  7.970  -16.084  6.819 0.5000000000
17836  7.868  -16.521  6.933 0.5000000000
17845  8.957  -16.828  6.870 0.6250000000
16595  9.270  -17.983  6.102 0.7500000000
16704  2.276  -17.281  -2.183 1.0000000000
17193  8.452  -17.619  6.352 0.7500000000
17310  2.550  -17.146  -2.584 1.0000000000
61200  8.018  -17.871  5.663 0.7500000000
16002  8.061  -18.469  5.141 0.6250000000
16006  9.395  -18.963  5.742 0.6250000000
16711  3.494  -17.958  -2.963 1.0000000000
16597  7.843  -18.113  5.408 0.6250000000
16007  9.018  -19.087  5.927 0.6250000000
74426  4.035  -17.773  -3.266 0.8750000000
16112  4.004  -18.361  -3.055 1.0000000000
73421  4.455  -18.306  -3.214 0.7500000000
16125  4.338  -18.992  -2.982 0.7500000000
14893  9.097  -20.246  5.558 0.6250000000
16124  4.810  -18.926  -3.153 0.5000000000
15551  5.471  -20.526  -3.077 0.5000000000
14988  5.831  -20.885  -3.056 0.5000000000
19808  8.048  -14.076  7.981 0.5000000000
19807  8.171  -14.315  7.889 0.6250000000
73875  2.155  -16.448  -1.570 0.8750000000
19164  7.999  -14.983  7.870 0.5000000000
17311  2.273  -16.792  -2.216 1.0000000000
19159  7.814  -15.009  7.975 0.5000000000
19160  7.954  -14.933  7.878 0.5000000000
18509  7.257  -16.043  6.738 0.5000000000
72777  2.791  -16.735  -2.765 0.8750000000
17963  2.514  -16.406  -2.338 1.0000000000
18502  7.740  -15.530  7.754 0.5000000000
18505  7.770  -15.842  7.373 0.5000000000
17834  7.713  -16.254  6.995 0.5000000000
17837  7.876  -16.956  6.875 0.7500000000
17194  8.087  -17.749  6.334 0.7500000000
17978  3.240  -16.664  -3.013 1.0000000000
19158  7.780  -15.132  8.009 0.3750000000
17825  7.540  -15.818  7.988 0.5000000000
63283  7.748  -16.035  7.640 0.3750000000
17186  7.848  -17.101  6.816 0.5000000000
17195  8.055  -17.936  5.884 0.6250000000
17327  3.604  -17.234  -3.197 1.0000000000
16598  7.583  -18.104  5.593 0.6250000000
16609  7.718  -18.390  5.322 0.6250000000
16009  7.838  -18.512  5.020 0.6250000000
15438  8.346  -18.941  5.955 0.6250000000
75711  8.272  -19.302  5.920 0.6250000000
16721  4.875  -18.272  -3.275 0.6250000000
16123  5.021  -18.915  -3.198 0.5000000000
15544  5.241  -19.437  -3.195 0.5000000000
15543  5.094  -19.683  -3.123 0.5000000000
16122  5.219  -18.999  -3.128 0.5000000000
16129  5.376  -19.838  -2.953 0.5000000000
14987  6.081  -21.062  -3.014 0.3750000000
14986  6.579  -21.344  -2.891 0.3750000000
15549  6.286  -20.676  -2.712 0.3750000000
17947  2.173  -16.381  -0.999 0.8750000000
18621  2.531  -15.756  -1.749 0.8750000000
21077  8.801  -12.120  9.014 0.3750000000
21078  8.678  -11.741  9.067 0.3750000000
20421  8.413  -12.403  9.017 0.3750000000
20429  8.107  -12.958  8.528 0.3750000000
19802  7.873  -13.877  7.922 0.3750000000
21067  9.032  -11.145  9.229 0.2500000000
20428  7.997  -13.001  8.678 0.2500000000
19801  7.998  -13.908  8.337 0.3750000000
19804  7.953  -14.291  7.903 0.5000000000
60866  2.771  -15.890  -2.228 0.8750000000
21076  9.084  -12.169  8.963 0.2500000000
20427  8.822  -12.894  9.096 0.2500000000
73835  8.568  -13.078  9.071 0.2500000000
19800  8.057  -14.192  8.584 0.2500000000
19151  7.952  -14.739  8.287 0.3750000000
17962  2.946  -16.211  -2.646 0.8750000000
20420  9.158  -13.013  8.957 0.2500000000
19799  8.378  -14.024  8.749 0.2500000000
19149  8.081  -14.669  8.647 0.3750000000
19150  7.988  -14.791  8.677 0.5000000000
72730  7.776  -15.913  8.005 0.5000000000
17824  7.852  -16.472  7.783 0.5000000000
16584  7.874  -17.283  6.900 0.5000000000
16589  7.966  -17.665  6.490 0.5000000000
16592  8.032  -18.014  6.057 0.5000000000
18488  8.133  -15.137  8.619 0.5000000000
17813  7.978  -16.040  8.145 0.5000000000
17177  7.841  -17.160  8.233 0.5000000000
17184  7.800  -16.905  7.207 0.5000000000
16588  7.995  -17.788  6.708 0.3750000000
15996  8.047  -18.133  6.326 0.6250000000
16003  8.048  -18.745  5.867 0.6250000000
17977  3.827  -16.604  -3.210 1.0000000000
17169  7.917  -17.162  8.025 0.5000000000
63931  7.966  -17.373  7.490 0.5000000000
16583  7.995  -17.719  6.999 0.3750000000
15999  8.105  -18.030  5.796 0.6250000000
15432  8.184  -19.181  6.003 0.6250000000
62538  4.191  -17.150  -3.406 1.0000000000
15427  7.917  -18.877  6.010 0.6250000000
17326  4.576  -17.702  -3.399 0.8750000000
14886  7.888  -19.273  5.928 0.6250000000
16121  5.598  -19.138  -2.926 0.6250000000
15542  5.816  -19.966  -2.814 0.3750000000
16120  6.087  -19.400  -2.705 0.3750000000
16111  6.513  -19.076  -2.617 0.3750000000
15534  6.595  -20.036  -2.551 0.3750000000
22337  10.301  -10.116  9.405 0.2500000000
22338  9.550  -10.161  9.605 0.2500000000
21714  9.188  -10.663  9.508 0.3750000000
61235  2.279  -15.864  -1.329 0.8750000000
21713  9.709  -10.820  9.285 0.2500000000
21065  9.830  -11.500  8.970 0.2500000000
21066  9.273  -11.428  9.127 0.2500000000
18631  2.917  -15.378  -1.913 0.8750000000
21712  10.558  -10.790  9.054 0.2500000000
18630  3.163  -15.671  -2.346 0.8750000000
21722  10.410  -11.549  8.838 0.3750000000
21075  9.428  -12.176  8.892 0.2500000000
20419  9.238  -12.922  8.843 0.3750000000
19786  9.119  -13.693  8.780 0.3750000000
19137  8.446  -14.925  8.589 0.3750000000
18638  3.564  -16.034  -2.778 1.0000000000
21711  11.629  -10.378  9.083 0.3750000000
21721  11.115  -11.237  8.795 0.5000000000
21074  10.019  -12.134  8.783 0.5000000000
19785  9.442  -13.522  8.681 0.5000000000
19135  9.212  -14.203  8.567 0.5000000000
18489  8.068  -15.158  8.564 0.5000000000
20417  10.322  -12.679  8.586 0.3750000000
18475  8.516  -15.537  8.369 0.6250000000
17805  8.120  -16.056  8.193 0.6250000000
16572  7.857  -17.857  7.048 0.3750000000
15978  8.097  -18.272  6.858 0.3750000000
15989  8.075  -18.169  6.847 0.5000000000
15426  8.080  -18.771  6.643 0.6250000000
17976  4.429  -16.543  -3.299 1.0000000000
61463  4.111  -16.138  -3.020 1.0000000000
19783  10.620  -13.184  8.360 0.5000000000
19134  9.761  -14.155  8.333 0.6250000000
17802  9.183  -15.425  8.153 0.6250000000
17803  9.139  -16.047  8.001 0.6250000000
17159  8.185  -16.760  8.050 0.6250000000
16565  8.183  -17.399  7.894 0.6250000000
17325  4.790  -17.103  -3.450 1.0000000000
17157  9.097  -15.868  8.034 0.6250000000
17168  8.776  -16.937  7.953 0.6250000000
16560  8.351  -17.311  8.001 0.5000000000
63126  8.199  -18.072  7.597 0.3750000000
15977  8.076  -18.751  7.071 0.5000000000
17975  5.031  -16.502  -3.248 0.8750000000
17974  5.600  -16.537  -3.072 0.8750000000
16564  8.982  -18.043  8.061 0.5000000000
60931  8.447  -17.995  7.849 0.3750000000
15408  8.040  -19.153  7.084 0.5000000000
15417  7.981  -19.124  7.213 0.5000000000
16720  5.194  -18.295  -3.268 0.7500000000
17324  5.356  -17.115  -3.350 0.7500000000
17973  6.121  -16.639  -2.831 0.8750000000
15969  8.822  -18.857  7.734 0.2500000000
15403  8.677  -18.895  7.606 0.3750000000
17334  5.525  -17.742  -3.261 0.7500000000
17323  5.882  -17.197  -3.154 0.7500000000
17972  6.589  -16.799  -2.560 0.6250000000
17308  6.785  -17.448  -2.601 0.6250000000
17333  6.002  -17.916  -3.016 0.6250000000
16702  7.163  -17.668  -2.283 0.6250000000
16719  5.537  -18.381  -3.109 0.6250000000
16718  5.878  -18.595  -2.888 0.6250000000
16119  6.232  -18.510  -2.764 0.6250000000
16710  6.494  -17.920  -2.781 0.6250000000
16701  6.869  -18.054  -2.531 0.6250000000
74216  7.174  -18.232  -2.276 0.6250000000
16104  6.601  -18.430  -2.648 0.5000000000
16105  6.918  -18.721  -2.443 0.5000000000
15518  7.136  -19.201  -2.270 0.5000000000
15527  7.149  -19.872  -2.271 0.2500000000
22953  10.090  -9.544  9.670 0.2500000000
19280  2.741  -14.972  -1.397 0.7500000000
22952  10.958  -9.362  9.650 0.2500000000
73890  3.297  -15.141  -2.032 0.8750000000
22336  11.255  -9.838  9.354 0.1250000000
19289  3.667  -15.337  -2.304 0.8750000000
19288  4.184  -14.843  -2.230 0.8750000000
18637  4.129  -15.639  -2.620 0.8750000000
19295  4.529  -15.372  -2.516 0.8750000000
19287  4.703  -14.884  -2.274 0.7500000000
19286  5.118  -15.046  -2.226 0.7500000000
19916  5.337  -14.622  -1.920 0.7500000000
19915  5.752  -14.876  -1.803 0.7500000000
21710  12.654  -10.051  9.430 0.7500000000
21720  12.057  -10.896  8.870 0.7500000000
21073  10.706  -11.992  8.655 0.7500000000
18636  4.634  -15.934  -2.927 0.8750000000
19294  4.923  -15.475  -2.545 0.7500000000
73561  5.312  -15.551  -2.483 0.7500000000
63264  5.538  -15.272  -2.182 0.7500000000
21072  11.527  -11.735  8.544 0.6250000000
20416  11.034  -12.507  8.436 0.6250000000
19133  10.273  -13.829  8.248 0.5000000000
18473  9.471  -14.766  8.231 0.5000000000
18635  5.224  -15.975  -2.853 0.7500000000
19285  5.974  -15.532  -2.092 0.7500000000
19797  11.261  -13.011  8.231 0.6250000000
19148  10.555  -14.331  8.055 0.5000000000
74506  10.184  -14.443  8.063 0.5000000000
18487  9.574  -15.459  8.023 0.5000000000
74007  9.149  -16.062  7.982 0.6250000000
72830  8.929  -16.667  7.859 0.6250000000
18629  5.736  -15.946  -2.577 0.8750000000
18628  6.397  -15.743  -1.929 0.8750000000
17166  9.300  -16.670  7.685 0.3750000000
17961  6.275  -16.158  -2.374 0.8750000000
17960  6.723  -16.334  -2.112 0.8750000000
17167  9.029  -17.329  7.678 0.6250000000
15967  9.121  -18.071  7.609 0.3750000000
61358  9.826  -17.741  7.107 0.2500000000
17301  7.016  -16.990  -2.243 0.6250000000
17302  7.435  -17.264  -1.898 0.6250000000
16693  7.542  -18.045  -1.898 0.5000000000
16096  7.346  -18.715  -2.103 0.3750000000
15517  7.509  -19.354  -1.962 0.1250000000
14965  7.635  -19.982  -1.925 0.1250000000
22330  12.056  -8.880  9.920 0.1250000000
61568  3.599  -14.508  -1.975 0.7500000000
22329  13.049  -8.572  10.315 0.3750000000
22335  12.306  -9.465  9.552 0.2500000000
22334  13.398  -9.041  9.921 0.5000000000
19918  4.490  -14.176  -2.090 0.8750000000
19917  4.921  -14.388  -2.024 0.8750000000
20556  5.175  -13.915  -1.779 0.7500000000
19907  5.577  -14.179  -1.613 0.7500000000
21719  13.066  -10.479  9.035 0.6250000000
20415  11.973  -12.349  8.276 0.6250000000
18615  6.488  -15.398  -1.582 0.7500000000
19279  6.153  -15.150  -1.690 0.7500000000
62265  13.441  -11.038  8.760 0.6250000000
21071  12.509  -11.404  8.601 0.6250000000
19798  10.962  -13.651  8.136 0.6250000000
18486  10.068  -14.915  8.034 0.5000000000
17812  9.697  -16.082  7.767 0.5000000000
72807  6.773  -15.335  -1.243 0.7500000000
20426  12.671  -12.645  8.082 0.6250000000
62910  11.886  -13.311  8.040 0.5000000000
19147  11.372  -14.192  7.937 0.5000000000
18485  10.864  -14.994  7.843 0.5000000000
61344  10.198  -15.548  7.848 0.5000000000
72926  7.078  -15.908  -1.380 0.7500000000
18620  6.777  -15.868  -1.677 0.8750000000
17175  9.863  -16.676  7.443 0.5000000000
17176  9.467  -17.268  7.416 0.6250000000
17278  7.462  -16.220  -1.216 0.7500000000
17952  7.193  -16.485  -1.738 0.7500000000
17294  7.685  -16.899  -1.420 0.6250000000
16569  9.991  -17.270  7.069 0.2500000000
16683  7.785  -17.542  -1.541 0.3750000000
16681  8.468  -18.117  -0.754 0.1250000000
16682  8.013  -18.124  -1.323 0.1250000000
16095  7.782  -18.786  -1.630 0.1250000000
16680  8.740  -18.619  -0.502 0.1250000000
15516  8.048  -19.620  -1.458 0.1250000000
22944  12.995  -8.101  10.738 0.2500000000
22324  13.875  -7.867  11.470 0.5000000000
73791  3.540  -13.640  -1.839 0.7500000000
22328  14.020  -8.160  11.084 0.5000000000
19919  4.009  -13.933  -2.047 0.7500000000
20548  4.633  -13.097  -1.862 0.7500000000
20547  5.026  -13.214  -1.710 0.7500000000
22323  14.903  -8.070  12.342 0.5000000000
20557  4.760  -13.684  -1.925 0.8750000000
20546  5.464  -13.458  -1.501 0.8750000000
22319  14.467  -8.565  13.714 0.6250000000
21699  14.851  -8.598  10.872 0.7500000000
19906  5.999  -14.430  -1.420 0.7500000000
21690  14.585  -10.158  13.983 0.6250000000
21698  15.613  -8.914  12.319 0.7500000000
21709  13.882  -9.450  9.475 0.7500000000
19899  6.305  -14.343  -1.122 0.7500000000
21039  14.345  -10.476  14.111 0.7500000000
21691  13.916  -10.042  14.002 0.7500000000
21704  15.176  -9.081  10.346 0.7500000000
21061  14.403  -10.179  9.277 0.6250000000
18610  6.986  -15.017  -0.797 0.8750000000
19273  6.622  -14.610  -0.947 0.8750000000
20384  14.806  -11.088  14.360 0.7500000000
73714  14.896  -10.793  13.944 0.7500000000
21694  15.306  -10.027  13.754 0.7500000000
21703  16.002  -9.203  11.514 0.7500000000
20414  13.200  -11.843  8.331 0.6250000000
19146  12.283  -14.011  7.808 0.5000000000
17934  7.655  -15.880  -0.748 0.6250000000
21032  14.683  -10.830  15.024 0.7500000000
21042  14.764  -10.870  13.850 0.7500000000
21060  15.570  -9.610  10.140 0.8750000000
21070  14.248  -11.194  8.732 0.6250000000
62677  14.142  -11.842  8.104 0.6250000000
20425  13.533  -12.521  8.059 0.5000000000
18498  11.407  -15.451  7.517 0.6250000000
17811  10.318  -16.085  7.494 0.3750000000
17933  8.131  -16.150  -0.411 0.5000000000
17277  7.944  -16.547  -0.926 0.5000000000
21054  16.303  -9.722  12.398 0.5000000000
21059  15.972  -9.666  11.050 0.6250000000
21064  15.327  -10.621  9.804 0.5000000000
19796  12.881  -13.261  7.935 0.5000000000
18484  11.799  -14.774  7.703 0.5000000000
17823  10.991  -15.958  7.211 0.3750000000
17276  8.406  -16.841  -0.505 0.5000000000
19145  13.196  -13.892  7.724 0.2500000000
19157  12.690  -14.598  7.566 0.3750000000
18497  12.255  -15.297  7.397 0.3750000000
62251  11.284  -16.149  6.376 0.3750000000
17174  10.458  -16.550  6.872 0.2500000000
73786  9.620  -16.800  0.718 0.1250000000
17255  9.220  -16.900  0.286 0.3750000000
62041  8.826  -17.046  -0.133 0.3750000000
19156  13.561  -14.458  7.467 0.2500000000
62583  13.142  -15.115  7.251 0.2500000000
17822  11.819  -15.917  7.121 0.2500000000
17275  9.153  -17.551  0.046 0.3750000000
16668  8.647  -17.523  -0.433 0.2500000000
17293  8.162  -17.371  -1.021 0.3750000000
17233  10.582  -17.503  1.493 0.1250000000
17253  10.196  -17.615  0.929 0.1250000000
17254  9.726  -17.440  0.533 0.1250000000
16652  10.074  -17.981  0.652 0.1250000000
16666  9.598  -18.209  0.249 0.1250000000
16667  8.940  -18.149  -0.229 0.1250000000
21688  12.365  -9.602  14.960 0.6250000000
22315  13.151  -8.996  14.476 0.6250000000
22320  14.153  -7.886  13.073 0.5000000000
75429  13.389  -9.450  14.303 0.6250000000
21687  13.397  -9.962  14.739 0.6250000000
22314  13.881  -9.213  13.882 0.7500000000
22318  14.945  -9.177  13.652 0.6250000000
21037  14.039  -10.558  14.568 0.7500000000
19900  6.482  -14.016  -0.830 0.7500000000
21033  13.970  -10.295  14.807 0.7500000000
19248  7.868  -14.910  0.120 0.7500000000
19264  7.188  -14.760  -0.437 0.7500000000
18575  9.543  -15.582  1.307 0.2500000000
18592  8.402  -15.245  0.393 0.5000000000
18593  7.833  -15.476  -0.263 0.7500000000
18609  7.376  -15.294  -0.581 0.7500000000
21031  14.771  -11.081  15.244 0.6250000000
18555  10.375  -15.807  2.689 0.1250000000
17892  9.791  -16.415  1.185 0.1250000000
17911  9.242  -16.182  0.638 0.1250000000
17912  8.722  -15.800  0.357 0.5000000000
21674  16.206  -10.892  14.366 0.5000000000
18574  10.045  -16.065  1.851 0.1250000000
17932  8.685  -16.389  0.029 0.3750000000
17875  11.059  -16.752  3.047 0.1250000000
18573  10.506  -16.466  2.380 0.1250000000
17874  11.674  -17.120  3.292 0.1250000000
17889  11.244  -17.302  2.700 0.1250000000
17891  10.284  -16.772  1.664 0.1250000000
17234  10.048  -17.084  1.056 0.2500000000
17866  13.490  -16.907  3.891 0.1250000000
17224  13.017  -17.408  3.479 0.1250000000
17225  12.279  -17.619  3.171 0.1250000000
17232  11.145  -17.698  2.168 0.1250000000
16639  11.036  -18.220  1.646 0.1250000000
21683  12.202  -9.720  14.937 0.6250000000
21682  13.218  -9.847  14.939 0.5000000000
20530  5.844  -13.114  -1.095 0.8750000000
20531  6.386  -13.286  -0.628 0.8750000000
19247  8.248  -14.559  0.604 0.6250000000
19886  7.745  -14.193  0.337 0.7500000000
19888  6.807  -13.885  -0.461 0.8750000000
21676  14.470  -10.292  15.053 0.7500000000
19232  9.112  -14.898  1.217 0.5000000000
19246  8.685  -14.880  0.826 0.5000000000
19250  7.097  -14.280  -0.316 0.8750000000
76246  10.663  -16.288  2.910 0.1250000000
18591  8.967  -15.427  0.769 0.5000000000
21675  15.268  -10.753  14.574 0.6250000000
18543  11.867  -15.978  4.076 0.1250000000
62896  11.224  -15.994  3.502 0.1250000000
18554  11.257  -16.513  3.836 0.1250000000
21026  17.034  -11.488  14.815 0.5000000000
18553  12.082  -16.626  3.798 0.1250000000
18541  13.282  -16.210  4.207 0.1250000000
18527  15.518  -16.115  5.087 0.1250000000
61891  14.461  -16.632  4.393 0.1250000000
17859  13.887  -16.564  4.189 0.1250000000
17873  12.385  -17.115  3.526 0.1250000000
18526  16.400  -16.177  5.316 0.1250000000
22301  13.251  -9.673  15.132 0.6250000000
21678  12.164  -9.675  15.256 0.3750000000
21677  13.269  -10.167  15.215 0.5000000000
22300  14.304  -9.903  15.078 0.6250000000
21667  15.798  -9.958  14.516 0.5000000000
19208  9.851  -14.711  2.201 0.2500000000
21666  17.207  -10.426  14.661 0.6250000000
19206  10.612  -15.363  3.411 0.1250000000
19230  9.909  -15.328  2.052 0.1250000000
19205  11.098  -15.739  3.981 0.1250000000
22292  17.997  -10.132  16.120 0.6250000000
18534  14.740  -16.102  4.829 0.1250000000
73399  14.211  -15.531  5.050 0.1250000000
21665  17.613  -11.147  15.830 0.5000000000
18535  14.021  -16.077  4.524 0.1250000000
18542  12.555  -16.208  4.064 0.1250000000
60625  15.843  -15.493  5.397 0.1250000000
22302  12.506  -9.485  15.258 0.6250000000
22921  15.087  -9.419  15.147 0.6250000000
22912  15.991  -8.964  14.881 0.6250000000
19871  9.233  -14.371  1.529 0.5000000000
22293  17.322  -9.302  15.107 0.6250000000
21662  17.793  -11.030  17.275 0.6250000000
21660  17.304  -11.024  18.369 0.6250000000
73721  12.613  -15.525  4.367 0.1250000000
19189  11.694  -15.194  4.271 0.1250000000
19183  15.014  -15.515  5.301 0.1250000000
58929  13.480  -15.541  4.643 0.1250000000
22922  13.757  -9.394  15.085 0.6250000000
22913  14.584  -8.813  15.040 0.6250000000
22289  17.624  -9.390  16.591 0.6250000000
21658  16.609  -11.493  19.279 0.3750000000
21016  16.375  -12.322  19.599 0.2500000000
59406  15.396  -14.928  5.641 0.1250000000
22911  17.392  -8.836  15.831 0.7500000000
22909  17.567  -9.531  17.891 0.6250000000
22286  17.091  -10.504  18.760 0.7500000000
21011  16.177  -12.002  20.139 0.5000000000
21007  16.550  -12.471  21.909 0.2500000000
21006  16.310  -12.510  20.798 0.2500000000
20356  17.106  -13.673  22.909 0.2500000000
23520  17.140  -8.479  16.349 0.7500000000
76630  17.675  -8.818  16.905 0.7500000000
22905  17.042  -9.948  18.993 0.7500000000
22283  16.470  -10.676  19.636 0.8750000000
21653  16.098  -11.267  20.202 0.6250000000
73458  16.227  -11.787  20.962 0.3750000000
21003  16.801  -12.969  23.272 0.2500000000
20357  16.849  -13.640  23.876 0.1250000000
19728  16.091  -13.004  24.862 0.3750000000
19727  16.656  -13.910  23.756 0.1250000000
19724  15.808  -13.818  24.689 0.1250000000
22906  17.507  -9.038  17.780 0.6250000000
21648  16.383  -11.505  21.876 0.5000000000
20999  16.632  -12.878  24.515 0.3750000000
22902  16.485  -10.124  19.859 0.6250000000
22280  16.082  -10.561  20.391 0.8750000000
22281  16.106  -11.032  21.035 0.8750000000
21004  16.705  -11.930  22.992 0.3750000000
21005  16.762  -12.246  24.001 0.3750000000
19725  14.968  -13.060  24.998 0.3750000000
19062  14.634  -13.102  25.036 0.2500000000
18409  15.778  -13.594  24.812 0.1250000000
22903  17.115  -9.559  19.081 0.6250000000
21645  16.617  -11.091  22.790 1.0000000000
21646  16.888  -11.509  23.928 0.6250000000
21000  16.265  -12.160  24.808 0.5000000000
20350  14.672  -13.032  24.987 0.5000000000
19063  13.719  -12.993  24.839 0.3750000000
60877  16.589  -9.762  19.940 0.6250000000
22899  16.152  -9.997  20.495 0.7500000000
22274  16.277  -10.842  21.810 1.0000000000
21641  16.750  -11.381  24.970 1.0000000000
74719  15.279  -12.261  25.562 0.5000000000
20353  15.790  -12.722  24.932 0.5000000000
20997  13.720  -12.659  24.904 0.5000000000
62311  14.635  -12.819  24.994 0.5000000000
19051  13.225  -13.244  24.960 0.3750000000
74256  14.038  -13.027  25.000 0.2500000000
23506  16.175  -9.686  21.097 0.6250000000
22894  16.145  -10.293  21.259 0.8750000000
22270  16.463  -10.411  22.447 1.0000000000
22271  16.814  -10.745  23.779 0.8750000000
22267  16.094  -11.373  24.935 0.8750000000
21642  15.984  -11.899  24.799 0.6250000000
20346  12.392  -14.120  24.299 0.5000000000
19711  11.933  -14.105  25.053 0.6250000000
20337  13.312  -13.034  25.138 0.3750000000
61588  16.394  -9.755  22.048 0.7500000000
22887  16.816  -10.141  23.356 0.8750000000
22266  17.177  -10.795  24.660 0.8750000000
21638  15.158  -12.232  25.530 0.7500000000
21631  13.443  -11.749  25.357 0.6250000000
21639  13.931  -12.233  24.942 0.6250000000
21635  12.652  -12.797  25.089 0.6250000000
20986  12.932  -12.646  25.231 0.5000000000
74046  16.328  -9.417  21.532 0.5000000000
22884  16.834  -9.597  23.139 0.6250000000
22885  16.999  -10.090  24.083 0.8750000000
22264  16.228  -11.133  25.490 0.7500000000
22260  15.026  -11.861  24.976 0.6250000000
22257  14.048  -11.658  25.000 0.7500000000
23498  16.588  -9.322  22.176 0.3750000000
23492  17.458  -9.719  24.448 0.6250000000
22263  16.944  -10.335  24.906 0.7500000000
22882  16.469  -10.595  24.680 0.7500000000
22259  14.965  -11.252  24.996 0.8750000000
22255  14.302  -11.228  25.185 0.7500000000
23491  17.057  -9.193  23.166 0.3750000000
22879  14.945  -9.910  24.904 0.7500000000
22876  13.845  -10.612  24.997 0.8750000000
22875  15.034  -9.983  24.922 0.8750000000
22872  14.772  -10.572  25.166 0.8750000000
24071  17.051  -8.950  22.937 0.3750000000
23487  17.684  -9.326  24.509 0.5000000000
23485  16.099  -10.064  24.819 0.5000000000
23488  16.241  -10.126  24.681 0.5000000000
25196  18.220  -7.369  24.700 0.1250000000
25197  17.821  -7.963  24.570 0.1250000000
23482  15.927  -10.044  25.077 0.5000000000
24056  17.220  -8.194  25.107 0.3750000000
24061  17.006  -8.972  24.690 0.5000000000
23477  16.352  -9.702  25.130 0.3750000000
23478  15.312  -9.906  24.976 0.6250000000
61529  17.670  -9.024  23.790 0.3750000000
23484  17.082  -9.297  24.928 0.5000000000
25767  18.886  -6.600  24.257 0.2500000000
63339  18.231  -7.485  24.107 0.2500000000
24616  17.137  -8.480  24.564 0.2500000000
24065  17.225  -9.053  24.736 0.5000000000
25762  18.594  -6.405  24.980 0.1250000000
24067  17.397  -8.437  23.578 0.2500000000
24625  17.532  -8.224  23.860 0.2500000000
24068  17.479  -8.643  24.103 0.3750000000
25208  17.907  -7.908  23.246 0.2500000000
24622  17.711  -7.727  24.023 0.2500000000
24623  17.044  -8.855  24.045 0.2500000000
25761  18.576  -6.109  25.214 0.3750000000
25201  18.253  -6.985  25.040 0.3750000000
61436  18.148  -7.620  23.670 0.2500000000
26305  18.714  -5.784  24.882 0.2500000000
26300  18.374  -5.236  25.322 0.3750000000
25200  18.773  -6.999  25.289 0.3750000000
24613  18.746  -7.866  25.402 0.6250000000
24058  18.754  -8.482  25.524 0.6250000000
24612  18.879  -8.012  25.704 0.6250000000
25766  18.713  -5.987  25.446 0.5000000000
75886  19.133  -8.495  25.578 0.6250000000
24621  19.172  -7.837  25.431 0.6250000000
24064  19.457  -8.244  25.295 0.2500000000
61046  19.017  -7.113  25.387 0.8750000000
25769  21.057  -5.549  23.983 0.3750000000
24620  19.522  -7.450  25.067 0.2500000000
25204  20.732  -6.388  23.908 0.1250000000
61394  20.187  -6.647  24.403 0.3750000000
24618  20.417  -7.315  24.054 0.3750000000
24619  19.977  -7.417  24.587 0.3750000000
24063  19.879  -8.164  24.836 0.2500000000
25198  19.106  -6.513  25.364 0.8750000000
25199  19.120  -7.223  25.334 0.6250000000
25206  19.494  -6.535  25.126 0.5000000000
26307  21.345  -4.928  23.988 0.3750000000
26308  21.059  -4.952  24.302 0.5000000000
25205  19.814  -6.841  24.804 0.3750000000
26306  21.757  -4.731  23.519 0.2500000000
25770  20.506  -5.806  24.470 0.5000000000
74012  21.797  -4.974  23.238 0.3750000000
26823  19.052  -4.893  25.885 0.7500000000
26303  19.046  -5.311  25.881 0.6250000000
25764  19.025  -5.984  25.542 0.7500000000
25765  18.923  -6.054  25.477 0.7500000000
27923  21.644  -2.195  24.164 0.6250000000
27917  21.223  -2.782  24.238 0.6250000000
25772  19.845  -6.093  24.977 0.7500000000
28479  21.601  -1.547  24.411 0.6250000000
27387  21.491  -3.365  24.035 0.7500000000
27381  21.299  -3.954  24.207 0.7500000000
26829  21.115  -4.539  24.329 0.6250000000
26830  20.711  -4.703  24.647 0.5000000000
26309  20.450  -5.166  24.775 0.5000000000
73990  20.003  -6.204  24.814 0.3750000000
28478  22.011  -1.680  23.686 0.6250000000
74297  21.643  -2.836  23.888 0.7500000000
27380  21.819  -3.853  23.779 0.6250000000
26828  21.592  -4.390  23.897 0.6250000000
27916  21.968  -3.262  23.634 0.8750000000
26835  22.113  -4.262  23.357 0.6250000000
26312  22.054  -4.655  22.825 0.3750000000
26316  22.449  -4.272  22.769 0.3750000000
26822  19.371  -4.645  25.640 0.8750000000
26302  19.204  -5.297  25.726 0.7500000000
27913  20.595  -2.735  24.580 0.7500000000
75888  20.219  -2.429  24.837 0.6250000000
25763  19.478  -6.014  25.265 0.8750000000
29023  21.619  -1.058  23.840 0.3750000000
27918  21.084  -2.120  24.419 0.6250000000
27382  20.705  -4.081  24.634 0.7500000000
27912  20.958  -3.402  24.402 0.7500000000
29029  22.082  -0.933  23.226 0.5000000000
25771  20.176  -5.628  24.882 0.5000000000
27922  22.075  -2.559  23.624 0.6250000000
27391  22.286  -3.737  23.317 0.6250000000
26838  22.495  -4.041  22.957 0.5000000000
63504  20.074  -3.074  24.896 0.7500000000
27385  19.577  -3.419  25.189 0.8750000000
27384  19.519  -4.087  25.347 0.8750000000
27383  20.029  -3.890  25.011 0.8750000000
26832  19.992  -4.682  25.155 0.8750000000
62820  20.448  -3.440  24.702 0.8750000000
26301  19.806  -5.106  25.333 0.8750000000
26831  20.296  -4.593  24.945 0.7500000000
26310  20.038  -5.159  25.119 0.8750000000
29603  21.643  -0.527  23.396 0.3750000000
28485  22.411  -1.438  22.832 0.3750000000
28477  22.453  -2.225  23.029 0.6250000000
27921  22.420  -3.095  23.053 0.6250000000
27920  22.932  -3.312  22.630 0.6250000000
27390  22.730  -3.710  22.821 0.6250000000
26837  23.006  -4.164  22.534 0.5000000000
27395  23.276  -3.726  22.379 0.7500000000
29611  22.193  -0.260  21.725 0.5000000000
29034  22.404  -0.838  22.415 0.6250000000
30163  22.094  -0.641  20.024 0.5000000000
29610  22.257  -1.013  20.741 0.5000000000
29033  22.465  -1.114  21.773 0.5000000000
29037  22.542  -1.001  22.135 0.6250000000
29616  22.388  -1.550  19.890 0.6250000000
29032  22.218  -2.320  21.174 0.7500000000
29028  22.656  -1.716  21.862 0.6250000000
28489  22.574  -1.267  22.187 0.6250000000
28484  22.674  -1.993  22.276 0.6250000000
29027  22.969  -2.334  21.776 0.7500000000
27927  22.847  -2.730  22.551 0.6250000000
29031  23.373  -2.571  21.225 0.6250000000
28482  23.492  -2.673  21.658 0.7500000000
28483  23.133  -2.684  21.976 0.7500000000
28488  23.961  -2.718  21.383 0.6250000000
27926  23.300  -3.221  22.192 0.7500000000
27394  23.906  -3.611  22.023 0.5000000000
29036  23.196  -2.359  20.350 0.8750000000
72501  24.123  -2.104  20.048 0.7500000000
28494  24.195  -2.479  20.789 0.7500000000
28493  24.920  -2.600  20.774 0.6250000000
27930  24.584  -2.902  21.298 0.6250000000
29621  23.014  -0.867  19.094 0.8750000000
29615  23.529  -1.690  19.551 0.8750000000
29614  24.644  -1.568  19.497 0.7500000000
29041  25.396  -1.698  19.689 0.7500000000
72398  24.946  -2.160  20.194 0.7500000000
30749  23.464  -0.396  18.635 0.5000000000
30169  24.003  -1.051  18.981 0.7500000000
30748  24.154  -0.732  18.675 0.6250000000
30168  24.731  -1.059  18.961 0.6250000000
30174  25.258  -1.051  18.907 0.7500000000
29620  25.234  -1.299  19.281 0.7500000000
29619  25.749  -1.356  19.264 0.7500000000
29623  26.182  -1.186  18.885 0.8750000000
29044  26.299  -1.685  19.321 0.6250000000
29049  26.671  -1.517  18.840 0.7500000000
30757  23.685  -0.183  18.433 0.5000000000
30756  24.582  -0.756  18.543 0.6250000000
72389  25.193  -0.824  18.584 0.6250000000
30173  25.689  -0.960  18.777 0.7500000000
29627  26.551  -0.987  18.464 0.8750000000
29053  27.034  -1.368  18.232 0.6250000000
30755  24.787  -0.544  18.253 0.5000000000
63806  25.437  -0.688  18.295 0.6250000000
30176  26.039  -0.775  18.415 0.6250000000
29634  26.789  -0.822  18.028 0.6250000000
30185  26.977  -0.255  17.177 0.6250000000
30188  27.316  0.111  16.646 0.3750000000
30775  27.407  0.722  16.268 0.3750000000
63131  24.171  -0.337  18.248 0.3750000000
30762  25.775  -0.362  17.744 0.5000000000
30179  26.406  -0.588  17.979 0.5000000000
30769  26.420  -0.147  17.303 0.5000000000
30186  26.764  -0.493  17.668 0.6250000000
30768  26.842  0.310  16.807 0.3750000000
75907  27.111  0.558  16.552 0.3750000000
30760  25.002  -0.297  17.847 0.2500000000
63482  25.856  0.148  17.113 0.3750000000
30772  26.322  0.527  16.732 0.3750000000
30771  26.892  0.976  16.438 0.3750000000
31329  27.389  1.513  15.956 0.3750000000
30193  27.907  0.888  15.800 0.3750000000
15471  8.635  -18.960  0.978 0.7500000000
13314  4.007  -21.940  -2.442 0.6250000000
13319  3.615  -21.954  -2.857 0.6250000000
16642  5.818  -18.292  0.783 0.8750000000
15489  4.329  -18.763  -0.449 0.7500000000
15488  4.988  -19.217  -0.688 0.6250000000
13324  3.527  -22.035  -2.888 0.6250000000
13853  3.755  -22.036  -3.127 0.5000000000
12745  3.835  -23.300  -3.008 0.5000000000
17861  9.520  -16.053  2.953 0.7500000000
16654  3.649  -17.853  0.139 1.0000000000
16061  4.184  -18.307  0.063 0.8750000000
16037  9.973  -18.468  2.227 0.6250000000
15519  3.333  -19.687  -2.213 0.6250000000
14408  3.626  -21.110  -3.052 0.5000000000
74715  3.709  -20.852  -3.110 0.5000000000
13861  3.915  -21.997  -3.231 0.5000000000
14420  4.867  -21.292  -3.247 0.5000000000
76050  4.092  -17.959  0.321 0.7500000000
15528  3.680  -19.633  -2.295 0.6250000000
17260  2.741  -17.293  -0.164 0.8750000000
17259  3.162  -17.226  0.208 0.8750000000
16607  9.124  -18.466  5.795 0.7500000000
19173  10.388  -14.666  4.990 0.6250000000
18507  8.927  -16.072  6.906 0.6250000000
19163  8.313  -14.612  7.753 0.5000000000
18520  8.400  -16.532  6.936 0.5000000000
17303  2.127  -16.841  -1.873 0.8750000000
75829  7.762  -16.160  6.996 0.5000000000
17846  8.209  -16.984  6.854 0.7500000000
16596  9.021  -18.015  5.972 0.7500000000
16608  7.858  -18.241  5.119 0.6250000000
17309  3.061  -17.262  -2.911 1.0000000000
16008  8.611  -18.913  5.015 0.6250000000
17953  2.272  -16.355  -1.876 0.8750000000
18504  7.769  -15.867  6.975 0.5000000000
19165  7.928  -15.272  7.697 0.5000000000
72283  7.065  -14.812  7.948 0.3750000000
17188  8.071  -17.773  6.362 0.7500000000
17831  7.754  -16.730  7.175 0.5000000000
16599  8.053  -18.038  5.779 0.6250000000
15550  6.009  -20.664  -3.065 0.3750000000
19787  9.115  -13.762  8.871 0.3750000000
63778  7.954  -14.999  8.851 0.5000000000
18490  7.937  -15.258  8.354 0.5000000000
63446  8.017  -19.271  6.854 0.5000000000
17335  5.074  -17.690  -3.392 0.7500000000
15535  6.813  -19.385  -2.461 0.3750000000
60975  6.983  -20.610  -2.362 0.2500000000
14978  6.709  -21.125  -2.528 0.2500000000
19136  8.750  -14.051  8.843 0.2500000000
20418  9.693  -12.807  8.734 0.5000000000
18476  8.207  -15.689  8.346 0.6250000000
19784  10.071  -13.365  8.479 0.5000000000
18474  9.038  -14.984  8.353 0.6250000000
17804  8.424  -15.841  8.228 0.6250000000
16571  8.084  -17.398  7.791 0.6250000000
17158  8.535  -16.503  7.975 0.6250000000
75047  8.543  -18.448  7.745 0.3750000000
15407  8.139  -19.189  7.197 0.5000000000
17322  6.370  -17.308  -2.905 0.6250000000
15968  9.016  -18.644  7.652 0.3750000000
19290  3.121  -14.695  -1.689 0.7500000000
74062  3.263  -14.037  -1.642 0.7500000000
16570  9.312  -17.923  7.432 0.2500000000
15976  9.273  -18.700  7.398 0.2500000000
19272  6.375  -14.879  -1.336 0.7500000000
17935  7.211  -15.612  -0.998 0.7500000000
16085  8.345  -18.867  -0.990 0.1250000000
23554  12.477  -7.988  10.612 0.1250000000
20558  4.336  -13.429  -1.993 0.7500000000
21207  4.777  -12.603  -1.669 0.7500000000
20545  5.796  -13.786  -1.341 0.7500000000
19265  6.883  -14.462  -0.612 0.8750000000
21697  15.822  -9.886  13.029 0.7500000000
18499  10.759  -15.644  7.647 0.5000000000
17913  8.302  -15.740  0.018 0.5000000000
20387  14.967  -11.202  14.011 0.7500000000
20424  14.405  -12.554  8.256 0.3750000000
19795  13.792  -13.189  7.933 0.3750000000
19144  14.063  -13.930  7.841 0.2500000000
16640  10.620  -18.038  0.758 0.1250000000
22306  11.482  -9.897  14.817 0.6250000000
22934  13.734  -8.643  14.102 0.5000000000
20541  6.126  -13.814  -1.076 0.7500000000
76253  8.086  -15.349  0.064 0.7500000000
18594  7.512  -14.992  -0.249 0.7500000000
19249  7.424  -14.492  -0.088 0.7500000000
17890  10.861  -17.098  2.214 0.1250000000
21206  5.312  -12.668  -1.366 0.8750000000
19233  8.730  -14.239  1.121 0.7500000000
19887  7.262  -13.802  0.026 0.8750000000
19231  9.546  -14.846  1.699 0.5000000000
21030  16.095  -11.137  14.823 0.3750000000
17867  12.825  -16.731  3.810 0.1250000000
22288  17.748  -10.189  17.631 0.6250000000
20360  16.728  -13.458  22.249 0.2500000000
19732  16.675  -13.876  22.912 0.1250000000
72878  13.088  -13.007  24.517 0.3750000000
24628  17.797  -7.939  22.859 0.2500000000
24629  17.463  -8.422  22.922 0.2500000000
25775  19.001  -7.504  23.256 0.2500000000
27925  23.844  -3.064  21.702 0.7500000000
10880  4.024  -26.334  -2.404 0.1250000000
10872  4.523  -26.530  -1.969 0.1250000000
10871  4.598  -26.385  -1.835 0.1250000000
63771  4.296  -26.049  -1.863 0.1250000000
75427  4.027  -25.975  -1.979 0.1250000000
11304  4.493  -25.811  -1.865 0.1250000000
10869  5.528  -26.346  -1.703 0.1250000000
11302  5.374  -25.887  -1.571 0.1250000000
11303  4.805  -26.051  -1.550 0.1250000000
11318  4.251  -25.845  -2.838 0.2500000000
11301  5.900  -25.641  -1.561 0.1250000000
11754  4.571  -25.269  -2.919 0.2500000000
11287  6.558  -25.750  -1.580 0.1250000000
11305  4.378  -25.880  -2.029 0.1250000000
11730  5.557  -25.339  -1.583 0.1250000000
11731  5.115  -25.332  -1.618 0.1250000000
11312  4.609  -26.085  -2.115 0.2500000000
11718  6.196  -25.004  -1.603 0.1250000000
11747  4.853  -25.127  -2.588 0.3750000000
12209  4.658  -24.905  -3.210 0.2500000000
12756  5.248  -24.078  -2.969 0.2500000000
12750  5.019  -24.110  -3.001 0.2500000000
11732  4.946  -25.036  -1.706 0.1250000000
12193  5.027  -24.728  -1.748 0.1250000000
11733  4.556  -25.118  -1.718 0.1250000000
12185  6.888  -24.352  -1.684 0.1250000000
12206  4.322  -24.162  -2.817 0.3750000000
12210  3.957  -24.101  -2.858 0.2500000000
74353  4.393  -23.187  -3.101 0.2500000000
73360  4.836  -23.877  -3.128 0.2500000000
13338  4.815  -22.549  -3.037 0.3750000000
12194  4.647  -24.524  -1.873 0.1250000000
11739  4.715  -24.807  -2.162 0.2500000000
12192  5.482  -24.750  -1.683 0.2500000000
12740  4.038  -23.305  -2.802 0.3750000000
75189  4.232  -23.783  -3.000 0.2500000000
13332  4.795  -22.992  -3.156 0.3750000000
13869  5.042  -22.141  -3.041 0.3750000000
14419  5.354  -21.552  -3.078 0.3750000000
12729  5.038  -24.101  -1.881 0.3750000000
12721  5.217  -23.297  -1.939 0.5000000000
13312  5.128  -23.204  -1.953 0.5000000000
12720  5.672  -23.406  -1.880 0.3750000000
12195  4.543  -24.447  -2.021 0.5000000000
12186  6.073  -24.018  -1.780 0.2500000000
12731  4.463  -23.610  -1.997 0.5000000000
12736  3.892  -23.135  -2.015 0.3750000000
13333  3.993  -22.527  -3.112 0.3750000000
13870  4.571  -21.804  -3.195 0.3750000000
13860  4.278  -22.181  -3.187 0.3750000000
12730  4.573  -23.575  -1.968 0.5000000000
12719  6.331  -23.113  -1.812 0.3750000000
74322  6.802  -23.628  -1.739 0.3750000000
12732  3.978  -23.105  -2.107 0.3750000000
12741  3.665  -22.728  -2.833 0.3750000000
12746  3.844  -22.763  -2.896 0.3750000000
13304  6.625  -22.225  -1.499 0.3750000000
13305  5.809  -22.596  -1.863 0.3750000000
75007  7.213  -22.278  -1.292 0.3750000000
13303  7.192  -22.906  -1.536 0.3750000000
13293  7.885  -22.337  -1.104 0.2500000000
13313  4.215  -22.745  -1.998 0.5000000000
13813  8.792  -21.973  -0.629 0.2500000000
61621  6.171  -21.847  -1.575 0.3750000000
13815  7.160  -21.659  -0.874 0.3750000000
13814  8.058  -21.617  -0.759 0.2500000000
14372  8.707  -21.130  -0.415 0.2500000000
13802  9.692  -21.382  0.058 0.2500000000
14358  10.446  -21.218  1.135 0.1250000000
14341  11.229  -20.747  2.739 0.2500000000
73177  11.069  -21.046  1.992 0.1250000000
14333  10.599  -20.942  4.512 0.2500000000
13788  11.372  -21.144  3.844 0.2500000000
14924  9.583  -19.914  0.752 0.3750000000
14359  9.512  -20.585  0.275 0.3750000000
14332  11.212  -20.420  3.772 0.2500000000
14326  9.946  -20.675  4.937 0.2500000000
14899  10.611  -20.206  4.453 0.2500000000
14327  9.384  -20.977  5.143 0.2500000000
14892  9.495  -20.277  5.316 0.5000000000
14895  8.479  -20.126  5.905 0.5000000000
14329  9.064  -20.761  5.377 0.3750000000
14322  8.315  -20.360  6.005 0.5000000000
14894  9.006  -20.171  5.735 0.5000000000
14319  8.168  -20.012  5.797 0.5000000000
21041  15.155  -11.275  13.922 0.6250000000
20393  15.157  -11.390  13.971 0.3750000000
61074  8.656  -19.928  5.988 0.5000000000
15430  8.119  -19.720  6.329 0.5000000000
14888  8.266  -19.731  6.002 0.5000000000
14316  7.993  -19.843  6.603 0.5000000000
21048  15.407  -10.771  13.754 0.5000000000
20399  15.810  -11.273  13.692 0.3750000000
20392  15.777  -11.634  13.931 0.1250000000
14876  7.924  -20.092  6.829 0.3750000000
20391  16.404  -11.814  13.974 0.1250000000
19766  17.255  -12.247  14.227 0.1250000000
20386  15.865  -11.787  14.096 0.2500000000
19767  16.107  -12.072  13.910 0.1250000000
19110  17.022  -12.653  14.561 0.1250000000
21025  17.476  -11.945  15.778 0.2500000000
19872  8.147  -13.852  0.787 0.6250000000
17256  4.785  -17.622  0.803 0.7500000000
17261  2.381  -16.806  -0.239 0.7500000000
21846  2.744  -12.220  -1.176 0.5000000000
21845  3.178  -12.036  -1.334 0.5000000000
21844  3.616  -11.895  -1.372 0.5000000000
20383  14.932  -11.296  14.574 0.3750000000
22459  3.674  -11.619  -1.007 0.5000000000
19762  15.759  -12.018  14.081 0.3750000000
21843  4.031  -11.772  -1.273 0.5000000000
22457  4.491  -11.676  -1.094 0.5000000000
21836  4.906  -11.697  -0.891 0.5000000000
20381  15.051  -11.463  14.810 0.2500000000
19761  16.468  -12.223  14.368 0.1250000000
21842  4.893  -12.085  -1.311 0.5000000000
22448  5.178  -11.582  -0.381 0.5000000000
19757  15.756  -12.322  14.605 0.2500000000
21835  5.289  -12.043  -0.949 0.5000000000
22443  5.578  -11.759  -0.009 0.5000000000
19101  16.928  -12.964  14.901 0.1250000000
21828  5.629  -12.047  -0.516 0.6250000000
21829  6.001  -12.109  -0.026 0.5000000000
20379  16.369  -11.923  15.064 0.2500000000
21196  5.644  -12.448  -0.938 0.7500000000
21188  6.016  -12.561  -0.581 0.7500000000
72780  17.300  -11.841  18.278 0.5000000000
20507  8.525  -13.453  1.244 0.6250000000
21165  8.779  -13.042  1.658 0.6250000000
20506  9.130  -13.677  1.680 0.6250000000
20494  9.223  -12.947  2.105 0.6250000000
20493  9.635  -13.564  2.333 0.5000000000
17239  4.425  -17.028  0.948 0.7500000000
17258  3.609  -17.251  0.477 0.7500000000
17240  3.884  -16.974  0.755 0.7500000000
17915  2.734  -16.562  0.208 0.7500000000
17936  2.200  -16.298  -0.386 0.7500000000
18622  2.425  -15.202  -1.140 0.7500000000
21210  2.765  -12.747  -1.228 0.5000000000
22461  2.923  -11.788  -0.929 0.5000000000
21209  3.104  -12.595  -1.484 0.5000000000
22460  3.307  -11.683  -0.969 0.5000000000
23075  3.093  -11.369  -0.504 0.5000000000
20560  3.426  -13.010  -1.730 0.5000000000
21208  3.617  -12.462  -1.668 0.5000000000
20559  3.858  -13.165  -1.907 0.6250000000
22458  4.033  -11.383  -0.734 0.5000000000
73553  4.237  -12.681  -1.812 0.6250000000
72860  3.983  -12.140  -1.596 0.5000000000
62707  4.414  -12.115  -1.525 0.5000000000
19104  16.975  -13.233  14.548 0.1250000000
19103  17.261  -13.204  14.987 0.1250000000
19109  17.587  -13.026  14.830 0.1250000000
21183  6.446  -12.611  -0.090 0.7500000000
21819  6.471  -12.105  0.491 0.6250000000
18451  17.005  -13.130  14.789 0.1250000000
21182  6.893  -12.618  0.393 0.7500000000
20525  6.863  -13.189  -0.094 0.7500000000
20524  7.273  -13.103  0.353 0.7500000000
20509  7.587  -12.984  0.714 0.7500000000
21166  8.293  -12.802  1.407 0.6250000000
19873  7.658  -13.514  0.523 0.7500000000
21153  9.704  -12.876  2.689 0.3750000000
17238  5.116  -17.087  1.143 0.7500000000
17914  3.367  -16.619  0.636 0.7500000000
17899  2.538  -15.870  0.328 0.7500000000
17916  2.331  -16.100  -0.000 0.7500000000
18581  2.257  -15.437  0.294 0.7500000000
18611  2.203  -15.635  -0.630 0.7500000000
18595  2.193  -15.569  -0.156 0.7500000000
19889  2.016  -13.747  0.407 0.5000000000
19895  1.764  -13.563  -0.221 0.5000000000
20532  1.869  -13.020  0.262 0.5000000000
21189  1.841  -12.464  0.050 0.5000000000
18616  2.297  -15.261  -0.876 0.7500000000
61106  2.247  -14.943  -0.510 0.7500000000
19267  2.217  -14.288  -0.155 0.5000000000
20533  2.005  -12.918  -0.227 0.5000000000
19274  2.352  -14.694  -0.646 0.6250000000
19901  2.354  -13.877  -0.444 0.5000000000
20542  2.324  -13.152  -0.571 0.5000000000
21198  2.098  -12.593  -0.507 0.5000000000
21838  2.060  -12.160  -0.570 0.5000000000
21831  1.914  -12.043  -0.173 0.5000000000
19909  2.560  -14.465  -0.885 0.6250000000
20551  2.636  -13.757  -0.733 0.6250000000
21837  2.519  -11.933  -0.928 0.5000000000
19908  2.911  -14.078  -1.204 0.6250000000
20549  3.103  -13.314  -1.451 0.6250000000
23067  4.157  -10.957  -0.190 0.5000000000
22449  4.599  -11.264  -0.486 0.5000000000
62749  5.281  -11.389  0.380 0.5000000000
22435  6.009  -11.735  0.610 0.5000000000
21812  6.504  -11.639  1.124 0.5000000000
61499  7.059  -12.143  0.995 0.6250000000
21811  7.589  -11.942  1.552 0.6250000000
21810  8.069  -12.285  1.606 0.6250000000
21155  8.642  -12.387  1.956 0.6250000000
21167  7.707  -12.546  1.111 0.6250000000
21154  9.237  -12.255  2.522 0.5000000000
19251  2.206  -14.962  0.286 0.6250000000
61264  2.186  -15.016  -0.148 0.6250000000
73352  2.143  -14.503  0.215 0.5000000000
21830  2.168  -11.758  -0.355 0.5000000000
23076  2.788  -11.333  -0.393 0.5000000000
23690  3.174  -10.784  -0.200 0.5000000000
23073  3.849  -11.077  -0.303 0.5000000000
22427  7.054  -11.553  1.558 0.6250000000
21625  14.035  -11.336  25.446 0.5000000000
22256  15.235  -11.114  26.007 0.5000000000
76656  14.396  -10.872  25.209 0.7500000000
22253  15.150  -10.967  26.164 0.5000000000
22252  15.948  -10.940  26.054 0.3750000000
22251  16.448  -10.873  26.157 0.2500000000
29608  21.969  -0.285  22.765 0.2500000000
30164  21.993  -0.110  20.679 0.3750000000
28492  25.430  -2.560  20.476 0.6250000000
27934  25.842  -3.156  20.559 0.6250000000
22871  15.074  -10.296  25.246 0.8750000000
61844  16.116  -10.767  26.185 0.6250000000
22869  16.240  -10.230  26.004 0.6250000000
22868  17.143  -9.973  25.750 0.5000000000
22250  17.223  -10.816  25.788 0.5000000000
22249  17.947  -10.757  25.611 0.5000000000
62912  25.552  -2.123  20.072 0.6250000000
27412  26.304  -3.711  20.274 0.1250000000
26849  26.247  -4.332  20.530 0.1250000000
26335  26.474  -4.983  20.354 0.1250000000
28497  25.891  -2.498  20.088 0.5000000000
26341  26.919  -5.134  19.682 0.1250000000
27376  19.121  -3.938  25.582 0.6250000000
22867  17.570  -10.118  25.591 0.5000000000
23474  18.672  -9.186  25.626 0.5000000000
75013  18.519  -9.591  25.636 0.5000000000
22866  18.245  -10.110  25.638 0.5000000000
76433  19.062  -9.054  25.637 0.5000000000
23473  19.024  -9.353  25.649 0.5000000000
24057  19.309  -8.842  25.496 0.3750000000
22865  18.849  -9.993  25.650 0.3750000000
29040  25.898  -1.904  19.725 0.6250000000
27941  26.324  -3.020  19.988 0.3750000000
26857  26.620  -4.349  20.010 0.1250000000
28496  26.333  -2.334  19.652 0.5000000000
27416  26.701  -3.639  19.730 0.2500000000
27946  26.753  -2.904  19.431 0.3750000000
26861  26.991  -4.306  19.426 0.1250000000
26347  27.221  -4.844  19.114 0.1250000000
26864  27.330  -4.287  18.840 0.1250000000
60946  18.145  -9.598  25.534 0.5000000000
28500  26.745  -2.168  19.153 0.3750000000
27420  27.088  -3.587  19.126 0.2500000000
28505  27.055  -1.968  18.664 0.3750000000
27949  27.198  -2.764  18.750 0.3750000000
28504  27.451  -2.154  18.124 0.2500000000
27948  27.637  -2.997  18.062 0.2500000000
27419  27.471  -3.637  18.482 0.1250000000
28510  28.020  -2.385  17.142 0.1250000000
27950  27.961  -3.082  17.436 0.1250000000
27422  27.862  -3.816  17.787 0.1250000000
26863  27.660  -4.371  18.257 0.1250000000
29057  28.381  -1.398  16.232 0.2500000000
28513  28.185  -1.869  16.676 0.1250000000
27953  28.285  -3.024  16.820 0.1250000000
28509  28.329  -2.448  16.598 0.1250000000
60923  18.091  -8.934  25.377 0.6250000000
60922  17.426  -9.541  25.381 0.6250000000
29052  27.488  -1.505  17.667 0.7500000000
29055  27.632  -1.053  17.170 0.6250000000
73582  27.719  -2.048  17.568 0.2500000000
29638  28.144  -0.602  16.249 0.8750000000
76428  27.790  -0.715  16.756 0.7500000000
29058  28.006  -1.213  16.717 0.2500000000
60988  27.853  -1.674  17.170 0.2500000000
27951  27.765  -2.534  17.678 0.2500000000
30190  28.360  0.251  15.636 0.7500000000
16643  5.471  -17.711  0.988 0.6250000000
21626  13.935  -11.620  25.291 0.6250000000
22254  14.448  -10.848  25.425 0.6250000000
61001  18.208  -8.208  25.276 0.6250000000
17257  4.115  -17.550  0.578 0.7500000000
11325  4.132  -25.744  -3.059 0.2500000000
11717  7.118  -25.130  -1.573 0.1250000000
12728  5.305  -24.028  -1.823 0.2500000000
12200  4.668  -24.077  -2.182 0.5000000000
13337  5.431  -23.126  -2.894 0.3750000000
62342  9.239  -20.694  5.316 0.2500000000
20380  16.158  -11.779  14.394 0.2500000000
19759  16.884  -12.805  14.923 0.1250000000
23074  3.479  -11.322  -0.533 0.5000000000
21168  7.302  -12.658  0.703 0.7500000000
20508  7.997  -13.175  0.939 0.7500000000
17898  3.024  -15.964  0.682 0.7500000000
75314  2.195  -13.355  -0.317 0.5000000000
21190  1.931  -12.393  -0.294 0.5000000000
20550  2.702  -13.229  -0.984 0.5000000000
21197  2.383  -12.537  -0.885 0.5000000000
22450  2.517  -11.558  -0.417 0.5000000000
29633  27.147  -0.837  17.582 0.7500000000
29636  27.431  -0.487  17.003 0.7500000000
30191  27.861  0.151  16.169 0.6250000000
76513  28.203  -0.125  15.966 0.7500000000
29642  28.428  -0.350  15.770 0.5000000000
13791  11.457  -21.452  2.865 0.1250000000
13782  9.777  -21.409  4.905 0.1250000000
13267  11.421  -21.893  3.960 0.1250000000
61382  9.223  -21.473  5.103 0.1250000000
13785  8.862  -21.095  5.240 0.1250000000
14328  9.158  -21.007  5.246 0.1250000000
17896  3.998  -16.399  1.057 0.6250000000
73518  8.565  -20.566  5.768 0.2500000000
17897  3.438  -15.900  0.986 0.6250000000
17894  5.392  -16.500  1.476 0.6250000000
17895  4.715  -16.502  1.271 0.6250000000
22970  8.117  -9.896  7.995 0.2500000000
22355  8.839  -10.664  7.983 0.2500000000
21735  9.250  -11.211  7.826 0.2500000000
22975  8.229  -9.870  8.060 0.2500000000
22366  9.738  -10.592  7.734 0.2500000000
18577  4.419  -15.927  1.405 0.6250000000
63441  3.892  -15.774  1.266 0.6250000000
23581  8.018  -9.020  8.624 0.2500000000
23589  8.745  -9.608  8.276 0.2500000000
22974  9.197  -10.042  8.049 0.2500000000
18578  3.517  -15.302  1.333 0.6250000000
18579  2.987  -15.341  1.005 0.6250000000
18580  2.550  -15.340  0.640 0.6250000000
21737  7.902  -11.022  8.149 0.2500000000
21744  8.915  -11.882  7.942 0.2500000000
21098  9.532  -12.473  7.692 0.2500000000
20437  10.113  -12.912  7.227 0.5000000000
17237  5.918  -17.155  1.369 0.6250000000
22357  7.998  -10.576  7.940 0.2500000000
21106  10.342  -12.756  6.053 0.5000000000
23583  7.032  -9.350  8.963 0.2500000000
21736  8.455  -11.097  7.768 0.2500000000
21743  9.947  -11.691  7.558 0.2500000000
18558  5.545  -15.790  1.818 0.6250000000
62831  7.537  -9.918  8.427 0.2500000000
22976  8.023  -10.154  8.050 0.2500000000
22356  8.039  -10.620  8.019 0.2500000000
73653  10.397  -12.161  6.769 0.5000000000
19857  5.708  -14.662  2.304 0.5000000000
19212  5.278  -15.046  2.043 0.6250000000
18576  4.976  -16.044  1.537 0.6250000000
24152  6.423  -8.930  8.985 0.2500000000
23582  7.188  -9.153  8.868 0.2500000000
22365  10.183  -11.036  7.152 0.2500000000
21749  10.220  -11.425  6.247 0.5000000000
21755  9.892  -11.966  4.959 0.5000000000
19842  5.913  -14.097  2.523 0.5000000000
18559  4.816  -15.498  1.719 0.6250000000
21122  8.152  -12.065  3.403 0.5000000000
62362  7.656  -12.683  3.195 0.5000000000
20479  6.233  -13.339  2.767 0.5000000000
61842  5.435  -13.553  2.511 0.3750000000
19858  5.113  -14.275  2.260 0.5000000000
19213  4.552  -14.827  1.909 0.6250000000
24707  7.048  -8.985  8.724 0.1250000000
24151  7.377  -8.955  8.942 0.2500000000
22375  9.839  -11.156  5.051 0.5000000000
21766  8.748  -11.481  3.755 0.5000000000
20464  6.778  -12.675  3.004 0.5000000000
19859  4.265  -14.149  2.066 0.3750000000
18561  3.727  -14.659  1.727 0.3750000000
24699  8.036  -8.337  9.187 0.1250000000
73500  7.948  -8.579  8.827 0.1250000000
73159  10.151  -10.283  7.058 0.2500000000
20465  6.050  -12.583  2.834 0.3750000000
19843  4.721  -13.596  2.239 0.3750000000
19234  3.043  -14.780  1.414 0.3750000000
19235  2.557  -14.781  1.049 0.5000000000
22973  10.249  -9.754  7.257 0.1250000000
19844  4.004  -13.569  1.996 0.3750000000
19860  3.586  -14.016  1.914 0.3750000000
19236  2.188  -14.745  0.704 0.3750000000
24150  8.496  -8.864  8.749 0.1250000000
23580  9.116  -8.963  8.509 0.1250000000
23588  9.753  -9.561  8.371 0.1250000000
61624  2.117  -14.299  0.632 0.3750000000
21657  16.763  -12.201  19.072 0.2500000000
21083  8.208  -12.160  8.838 0.2500000000
20430  7.900  -12.878  8.044 0.2500000000
21079  8.141  -11.731  9.019 0.2500000000
21084  8.022  -11.902  9.140 0.2500000000
20433  8.077  -13.018  8.135 0.2500000000
19806  8.273  -13.835  7.864 0.3750000000
62900  7.962  -11.182  8.521 0.2500000000
21089  8.183  -12.056  8.101 0.2500000000
62428  8.162  -12.751  7.948 0.2500000000
19810  9.128  -14.014  7.409 0.3750000000
19178  10.209  -14.988  4.182 0.5000000000
18544  8.655  -15.623  2.538 0.6250000000
21726  7.336  -10.137  8.866 0.2500000000
21092  8.280  -11.813  8.120 0.2500000000
20435  8.274  -13.004  7.890 0.2500000000
20439  8.678  -13.476  7.806 0.2500000000
19815  9.350  -14.204  7.341 0.5000000000
19814  10.231  -14.222  6.544 0.5000000000
17877  7.469  -16.260  2.162 0.6250000000
17227  7.311  -16.962  1.846 0.6250000000
21088  7.783  -10.904  8.114 0.2500000000
21091  8.333  -11.934  7.938 0.2500000000
21099  8.692  -12.682  7.893 0.2500000000
20438  9.234  -13.356  7.628 0.3750000000
20443  10.155  -13.526  6.917 0.5000000000
19818  10.328  -14.044  5.270 0.5000000000
19184  9.447  -14.523  3.229 0.5000000000
19191  8.841  -14.942  2.741 0.6250000000
18545  7.687  -15.668  2.356 0.6250000000
17893  6.555  -16.907  1.676 0.6250000000
21733  7.311  -10.081  8.807 0.2500000000
22353  7.927  -10.705  7.880 0.2500000000
19823  9.894  -14.031  4.070 0.5000000000
19185  8.384  -14.360  2.814 0.5000000000
19192  7.864  -14.978  2.560 0.6250000000
17878  6.776  -16.362  1.958 0.6250000000
23576  7.010  -9.429  9.016 0.2500000000
22971  6.806  -10.032  8.937 0.2500000000
20445  10.358  -13.400  5.644 0.5000000000
20451  9.913  -13.363  4.501 0.5000000000
19829  8.896  -13.801  3.161 0.5000000000
19193  7.021  -14.764  2.557 0.5000000000
19210  6.626  -15.255  2.325 0.6250000000
18557  6.324  -15.804  2.042 0.6250000000
17879  6.082  -16.421  1.722 0.6250000000
20462  9.196  -13.288  3.619 0.5000000000
19830  7.880  -13.820  2.930 0.5000000000
19211  5.960  -15.207  2.172 0.5000000000
24146  6.200  -8.958  8.917 0.2500000000
24701  6.660  -8.720  9.051 0.2500000000
21114  9.894  -12.793  4.805 0.5000000000
20452  8.586  -12.720  3.461 0.5000000000
74731  7.300  -13.899  2.863 0.5000000000
19194  6.316  -14.680  2.457 0.5000000000
24141  7.020  -8.838  9.224 0.2500000000
24700  7.148  -8.860  9.082 0.2500000000
21115  9.047  -12.256  4.046 0.5000000000
20478  7.222  -13.391  2.966 0.5000000000
19841  6.758  -14.072  2.725 0.5000000000
25285  8.016  -8.146  9.204 0.1250000000
21767  7.708  -11.371  3.372 0.3750000000
21123  7.230  -12.024  3.176 0.3750000000
23529  13.336  -9.031  15.184 0.5000000000
21756  8.972  -10.880  4.085 0.3750000000
62684  5.643  -12.995  2.637 0.3750000000
20480  5.113  -13.021  2.355 0.3750000000
19214  3.095  -14.223  1.699 0.3750000000
19215  2.596  -14.290  1.447 0.3750000000
24095  15.018  -8.130  14.890 0.5000000000
25290  8.299  -7.714  9.663 0.1250000000
22372  10.103  -10.866  5.878 0.3750000000
19845  3.348  -13.562  1.762 0.3750000000
19862  1.947  -14.100  1.484 0.3750000000
23515  17.106  -7.996  15.611 0.3750000000
23518  16.587  -8.179  15.292 0.3750000000
25280  8.673  -7.239  9.972 0.1250000000
22997  9.924  -9.943  5.113 0.2500000000
22382  8.068  -11.050  3.758 0.3750000000
22383  7.256  -10.641  3.513 0.3750000000
21775  6.820  -11.389  3.222 0.3750000000
21125  5.846  -11.969  2.803 0.3750000000
62082  2.006  -14.139  0.919 0.3750000000
23521  16.188  -8.337  15.195 0.6250000000
74699  8.928  -6.878  10.041 0.1250000000
24706  8.769  -8.176  9.091 0.1250000000
23514  17.253  -8.908  17.702 0.6250000000
23517  17.350  -8.590  16.654 0.6250000000
25289  9.176  -7.374  9.528 0.1250000000
23512  17.138  -9.264  19.216 0.5000000000
21068  8.934  -11.053  9.336 0.2500000000
21082  8.410  -11.528  9.079 0.2500000000
21723  8.577  -10.887  9.103 0.2500000000
21724  8.107  -11.144  9.082 0.2500000000
21729  7.953  -11.179  9.040 0.2500000000
22962  7.982  -9.864  9.173 0.2500000000
21725  8.007  -10.799  9.016 0.2500000000
22345  7.573  -10.012  9.106 0.2500000000
23571  7.654  -8.863  9.907 0.2500000000
76291  7.041  -10.165  8.977 0.2500000000
22348  7.100  -10.214  8.927 0.2500000000
74414  6.842  -8.932  10.172 0.2500000000
22964  7.060  -9.432  9.140 0.2500000000
23572  7.035  -9.162  9.975 0.2500000000
24139  7.246  -8.840  9.997 0.2500000000
24140  6.636  -9.087  10.004 0.2500000000
24695  8.134  -7.770  10.057 0.2500000000
24696  7.798  -7.791  9.900 0.2500000000
24697  7.091  -8.972  9.611 0.2500000000
22923  12.950  -9.118  15.241 0.5000000000
25284  8.094  -7.879  9.777 0.1250000000
23522  13.037  -8.442  15.300 0.5000000000
20496  2.400  -13.412  1.668 0.3750000000
24096  14.105  -7.769  14.980 0.3750000000
21138  5.473  -12.478  2.544 0.3750000000
20481  4.462  -13.058  2.030 0.3750000000
20495  2.797  -13.529  1.718 0.3750000000
72775  17.295  -7.668  15.620 0.3750000000
24652  16.143  -6.926  14.963 0.3750000000
24093  15.332  -7.449  14.722 0.3750000000
22990  9.863  -9.539  5.571 0.2500000000
19874  1.943  -13.795  1.052 0.3750000000
24090  17.613  -8.575  17.312 0.3750000000
25859  8.852  -7.067  9.937 0.1250000000
72568  9.482  -8.685  8.560 0.1250000000
21715  9.030  -10.196  9.722 0.2500000000
22340  8.472  -9.845  9.959 0.2500000000
75213  8.093  -10.166  9.430 0.2500000000
22341  8.235  -9.800  10.147 0.2500000000
22961  8.112  -9.933  9.887 0.2500000000
22344  8.100  -10.000  8.981 0.2500000000
22956  8.148  -9.515  10.160 0.2500000000
22957  8.047  -9.731  9.984 0.2500000000
23565  8.203  -8.788  10.013 0.2500000000
23566  7.731  -9.095  10.018 0.2500000000
22958  7.717  -9.304  9.994 0.2500000000
24135  7.860  -8.627  10.016 0.2500000000
23567  7.523  -8.965  10.026 0.2500000000
24134  8.276  -8.322  10.061 0.2500000000
74487  8.118  -8.121  10.051 0.2500000000
24691  7.911  -8.426  10.017 0.2500000000
25278  9.136  -6.897  10.557 0.1250000000
24689  8.652  -7.929  10.261 0.2500000000
24690  8.144  -7.885  10.008 0.2500000000
75686  9.190  -6.193  10.813 0.1250000000
25279  8.660  -7.144  10.141 0.1250000000
25850  9.019  -6.176  10.425 0.1250000000
20497  1.750  -13.210  1.670 0.3750000000
25846  9.327  -5.646  11.065 0.1250000000
21126  5.299  -11.880  2.421 0.3750000000
20482  3.744  -13.125  1.700 0.3750000000
20485  2.295  -13.122  1.670 0.3750000000
19863  1.970  -13.706  1.206 0.3750000000
21776  6.204  -11.513  3.026 0.2500000000
26382  9.277  -4.984  11.302 0.1250000000
25847  9.304  -5.543  10.872 0.1250000000
25851  9.031  -6.381  10.193 0.1250000000
20510  1.824  -13.114  0.748 0.3750000000
24643  17.855  -8.099  18.098 0.2500000000
24159  10.074  -8.914  8.155 0.1250000000
24087  17.382  -8.894  18.982 0.2500000000
24084  16.897  -9.143  20.082 0.2500000000
23509  16.482  -9.585  20.397 0.3750000000
22339  9.072  -9.912  9.832 0.2500000000
22955  9.202  -9.084  10.027 0.2500000000
75144  8.388  -9.075  10.036 0.2500000000
23564  9.052  -8.857  9.989 0.2500000000
24133  8.689  -8.416  10.074 0.2500000000
24128  9.167  -7.862  10.336 0.2500000000
25275  9.130  -7.074  10.587 0.2500000000
25274  9.623  -6.650  11.117 0.1250000000
25845  9.308  -5.952  11.061 0.1250000000
21779  4.178  -12.064  1.645 0.2500000000
21141  3.512  -12.637  1.443 0.2500000000
21127  4.738  -11.875  1.958 0.2500000000
21791  2.985  -12.335  1.279 0.2500000000
21143  2.364  -12.631  1.449 0.3750000000
22394  6.277  -10.863  3.231 0.2500000000
21777  5.699  -11.369  2.818 0.2500000000
21140  4.269  -12.546  1.752 0.3750000000
20483  3.226  -13.237  1.004 0.3750000000
21156  2.129  -12.465  1.346 0.3750000000
25842  9.319  -5.213  11.437 0.1250000000
24705  9.676  -8.230  8.748 0.1250000000
23604  9.963  -8.995  5.995 0.1250000000
22998  8.957  -9.450  4.436 0.2500000000
22376  8.352  -10.082  3.965 0.2500000000
20498  1.913  -12.949  1.450 0.3750000000
20511  1.813  -13.145  1.221 0.3750000000
21184  1.854  -12.558  0.520 0.3750000000
23587  10.319  -9.002  7.190 0.1250000000
24086  17.505  -8.517  19.660 0.2500000000
26384  9.426  -5.141  10.791 0.1250000000
23508  16.491  -9.252  20.972 0.3750000000
22954  9.385  -9.538  9.815 0.2500000000
25877  8.014  -5.771  5.399 0.1250000000
25311  7.365  -6.710  5.133 0.1250000000
24174  7.212  -7.924  4.457 0.1250000000
76445  9.054  -6.025  5.660 0.1250000000
25310  8.465  -6.511  5.168 0.1250000000
25316  7.804  -7.212  4.823 0.1250000000
62031  9.939  -6.210  6.519 0.1250000000
25871  9.996  -5.715  7.156 0.1250000000
25309  9.649  -6.718  5.873 0.1250000000
24729  9.114  -7.238  5.199 0.1250000000
24173  8.435  -7.925  4.677 0.1250000000
24685  9.438  -7.240  10.685 0.2500000000
25862  10.870  -6.200  8.584 0.1250000000
25303  10.633  -6.657  7.706 0.1250000000
25302  10.543  -7.113  7.035 0.1250000000
60610  4.481  -11.289  1.886 0.1250000000
21780  3.830  -12.022  1.482 0.2500000000
25857  10.818  -5.724  9.449 0.1250000000
24704  10.649  -7.550  8.151 0.1250000000
22395  5.554  -10.769  2.972 0.1250000000
21778  5.125  -11.263  2.399 0.1250000000
25288  10.237  -6.655  9.428 0.1250000000
25293  10.145  -7.377  8.944 0.1250000000
24716  10.446  -8.152  7.803 0.1250000000
22991  9.104  -8.976  5.022 0.1250000000
22999  7.878  -9.486  4.003 0.1250000000
23006  7.217  -9.857  3.736 0.1250000000
21792  2.639  -12.089  1.191 0.2500000000
76337  2.002  -12.410  1.161 0.3750000000
25858  9.799  -6.372  9.920 0.1250000000
21813  2.078  -12.163  0.772 0.3750000000
21821  1.902  -12.128  0.260 0.3750000000
25854  9.653  -5.970  10.215 0.1250000000
24083  17.046  -8.810  20.542 0.2500000000
73808  6.757  -6.765  5.050 0.1250000000
25325  6.198  -7.164  4.419 0.1250000000
24181  5.933  -8.008  4.057 0.1250000000
25317  6.927  -7.164  4.891 0.1250000000
24746  6.296  -7.553  4.434 0.1250000000
24187  5.518  -8.644  3.670 0.1250000000
24180  6.107  -8.053  4.235 0.1250000000
23563  9.302  -9.046  9.919 0.2500000000
24737  7.032  -7.409  4.730 0.1250000000
24745  6.570  -8.000  4.401 0.1250000000
24186  6.118  -8.668  4.122 0.1250000000
60715  4.865  -9.046  3.050 0.1250000000
23619  5.349  -9.151  3.331 0.1250000000
24127  9.386  -8.091  10.280 0.2500000000
23557  9.766  -8.382  10.202 0.2500000000
24179  6.352  -8.429  4.183 0.1250000000
72828  5.053  -10.013  3.088 0.1250000000
23618  5.869  -9.024  3.786 0.1250000000
23613  7.114  -8.637  4.192 0.1250000000
23617  6.420  -9.075  3.941 0.1250000000
73650  5.514  -9.532  3.398 0.1250000000
23009  5.039  -10.068  2.917 0.1250000000
23605  8.191  -8.388  4.473 0.1250000000
23008  6.064  -9.525  3.651 0.1250000000
23019  4.436  -10.592  2.293 0.1250000000
23020  4.026  -10.603  2.028 0.2500000000
24728  9.764  -7.611  6.356 0.1250000000
23612  7.104  -9.250  3.953 0.1250000000
22384  5.496  -10.089  3.180 0.1250000000
22396  5.008  -10.618  2.588 0.1250000000
22398  3.546  -11.079  1.534 0.2500000000
24681  10.008  -6.693  11.122 0.2500000000
24158  10.247  -8.323  7.076 0.1250000000
24167  9.678  -7.959  5.646 0.1250000000
24172  9.349  -8.397  5.181 0.1250000000
23611  8.030  -8.964  4.234 0.1250000000
23007  6.508  -9.671  3.719 0.1250000000
74074  6.044  -10.181  3.399 0.1250000000
22397  3.925  -11.158  1.683 0.2500000000
21781  3.346  -11.649  1.246 0.2500000000
72536  9.988  -8.481  6.146 0.1250000000
73616  6.603  -10.228  3.535 0.1250000000
21804  2.033  -11.887  0.982 0.3750000000
24640  17.896  -7.913  20.346 0.2500000000
23065  4.899  -11.152  0.183 0.3750000000
24081  17.133  -8.711  21.101 0.2500000000
23505  16.584  -9.095  21.629 0.2500000000
23056  5.425  -11.073  1.128 0.3750000000
22946  9.919  -8.960  9.888 0.2500000000
23556  10.600  -8.311  10.261 0.2500000000
24125  10.564  -7.709  10.632 0.2500000000
24126  10.037  -7.689  10.562 0.2500000000
24122  10.556  -7.149  10.994 0.2500000000
23010  4.397  -10.100  2.491 0.2500000000
23011  3.957  -10.115  2.227 0.2500000000
24684  10.057  -7.251  10.833 0.2500000000
72596  3.144  -11.477  1.157 0.2500000000
22409  2.803  -11.549  1.005 0.2500000000
22418  2.600  -11.558  0.908 0.3750000000
22437  2.249  -11.653  0.407 0.3750000000
21820  2.070  -11.649  -0.016 0.3750000000
23681  5.008  -10.944  0.924 0.3750000000
23682  4.391  -10.443  0.631 0.3750000000
23670  5.104  -10.502  1.523 0.3750000000
23066  4.488  -10.823  0.161 0.3750000000
24638  18.070  -7.705  21.044 0.1250000000
24077  17.343  -8.530  21.719 0.2500000000
23048  5.841  -10.795  1.816 0.3750000000
23061  5.029  -10.947  0.881 0.3750000000
24078  16.900  -8.948  22.291 0.2500000000
22428  6.035  -11.155  1.419 0.3750000000
22945  10.747  -8.912  9.896 0.2500000000
23628  3.829  -9.724  2.210 0.2500000000
23641  3.411  -10.032  1.775 0.2500000000
23629  3.660  -10.168  2.006 0.2500000000
23021  3.842  -10.685  1.903 0.2500000000
23032  3.392  -10.554  1.580 0.2500000000
23022  3.269  -11.007  1.263 0.2500000000
23040  3.000  -11.029  1.096 0.2500000000
24253  3.991  -10.373  -0.187 0.3750000000
24254  3.378  -10.216  -0.013 0.3750000000
22444  2.287  -11.378  -0.050 0.3750000000
23683  4.137  -10.457  0.162 0.3750000000
23689  3.550  -10.748  -0.144 0.3750000000
25219  18.377  -7.701  21.619 0.1250000000
75772  6.590  -11.213  1.647 0.3750000000
23652  3.289  -9.909  1.774 0.2500000000
23039  3.140  -10.493  1.269 0.2500000000
24231  3.617  -9.556  1.910 0.2500000000
23666  3.060  -9.926  1.045 0.2500000000
23664  3.774  -9.346  1.249 0.2500000000
23665  3.225  -9.842  1.382 0.2500000000
23671  3.294  -9.635  1.026 0.2500000000
23672  2.891  -10.078  1.151 0.3750000000
23049  2.963  -10.601  0.992 0.2500000000
23050  2.993  -10.945  1.101 0.2500000000
23677  2.305  -10.370  -0.295 0.3750000000
23057  2.658  -10.771  0.381 0.3750000000
23058  2.643  -11.159  0.621 0.3750000000
22436  2.364  -11.301  0.164 0.3750000000
24248  2.939  -9.888  0.127 0.3750000000
23062  2.413  -10.832  0.015 0.3750000000
73065  2.928  -10.094  -0.022 0.3750000000
23691  2.854  -10.674  -0.187 0.3750000000
23068  2.535  -10.997  -0.129 0.3750000000
24634  17.682  -8.234  22.304 0.2500000000
24236  3.995  -9.389  0.890 0.3750000000
24241  2.760  -9.840  0.365 0.3750000000
25220  18.559  -6.656  21.834 0.2500000000
22870  15.822  -9.761  25.258 0.5000000000
74440  16.947  -9.153  25.002 0.3750000000
23476  16.596  -9.638  25.386 0.3750000000
23475  17.068  -9.457  25.357 0.3750000000
27406  24.510  -3.440  21.687 0.5000000000
24060  17.156  -8.915  25.002 0.3750000000
74935  17.079  -9.247  25.155 0.5000000000
27935  25.238  -3.013  20.959 0.3750000000
24611  17.996  -7.961  25.012 0.5000000000
60957  17.389  -8.747  25.029 0.5000000000
24615  17.982  -8.034  25.046 0.3750000000
24059  18.157  -8.545  25.200 0.5000000000
61409  17.384  -9.101  25.212 0.5000000000
75894  24.198  0.342  17.605 0.2500000000
31311  24.287  -0.046  17.902 0.2500000000
31867  24.475  0.553  17.240 0.1250000000
31873  24.904  0.931  16.683 0.1250000000
74302  24.617  0.099  17.585 0.1250000000
31314  25.165  0.200  17.244 0.1250000000
31321  25.651  0.747  16.687 0.1250000000
30170  22.152  -0.426  19.373 0.3750000000
31861  23.751  0.516  17.809 0.1250000000
31307  23.631  0.201  18.201 0.2500000000
31874  24.257  1.243  16.971 0.1250000000
31882  25.499  1.530  16.278 0.1250000000
31885  26.248  2.135  16.060 0.1250000000
31323  26.247  1.271  16.353 0.1250000000
29639  27.716  -0.289  16.582 0.7500000000
31883  24.764  1.791  16.550 0.1250000000
74625  24.565  2.495  16.494 0.1250000000
31326  26.780  1.653  16.152 0.1250000000
29060  28.638  -0.980  15.686 0.1250000000
31893  27.572  2.266  15.570 0.1250000000
31892  28.032  2.432  15.163 0.1250000000
31328  28.075  1.666  15.415 0.1250000000
63854  28.387  0.948  15.356 0.2500000000
72482  28.850  0.476  14.969 0.5000000000
29645  28.771  -0.317  15.303 0.1250000000
29064  29.022  -0.937  15.115 0.1250000000
28519  28.990  -1.583  15.337 0.1250000000
29063  29.436  -1.411  14.666 0.1250000000
31333  28.422  2.061  14.977 0.1250000000
30780  28.695  1.415  14.900 0.2500000000
30779  29.154  0.999  14.497 0.3750000000
30197  29.298  0.394  14.448 0.5000000000
29651  29.270  -0.356  14.645 0.1250000000
63609  29.777  -0.786  14.055 0.1250000000
29069  29.963  -1.628  13.979 0.1250000000
63573  30.720  -1.691  12.942 0.1250000000
31332  28.811  2.108  14.575 0.2500000000
73260  29.497  0.751  14.147 0.3750000000
29650  29.716  0.120  13.983 0.2500000000
29072  30.214  -1.049  13.516 0.1250000000
29071  30.535  -1.240  13.089 0.1250000000
29075  30.896  -1.206  12.630 0.1250000000
29663  31.839  -0.640  10.635 0.1250000000
29078  31.825  -1.061  11.171 0.1250000000
29074  31.406  -1.297  11.923 0.1250000000
30784  29.841  0.901  13.726 0.3750000000
30199  30.241  0.340  13.294 0.1250000000
29654  30.093  -0.384  13.569 0.1250000000
29653  30.524  -0.541  12.996 0.1250000000
29659  31.430  -0.426  11.667 0.1250000000
29656  31.034  -0.491  12.312 0.1250000000
29658  31.650  -0.316  11.164 0.1250000000
30788  30.546  0.943  12.840 0.1250000000
30793  30.955  0.901  12.321 0.1250000000
30792  31.334  0.937  11.764 0.1250000000
30202  31.177  0.248  12.026 0.1250000000
30205  31.518  0.282  11.455 0.1250000000
30204  31.667  0.202  10.811 0.1250000000
30796  31.615  0.953  11.139 0.1250000000
30795  31.806  1.031  10.257 0.1250000000
17870  8.100  -16.103  2.341 0.6250000000
72951  8.094  -13.630  7.919 0.3750000000
27400  24.442  -4.009  21.835 0.5000000000
27404  25.503  -3.682  21.103 0.3750000000
13789  10.600  -21.645  4.572 0.1250000000
13784  9.147  -21.326  5.039 0.1250000000
18560  4.144  -15.338  1.574 0.6250000000
24145  6.647  -8.998  9.023 0.2500000000
19216  2.194  -14.247  1.136 0.3750000000
21732  7.934  -11.169  8.921 0.2500000000
18556  6.999  -15.776  2.222 0.6250000000
19840  7.497  -14.310  2.750 0.5000000000
19209  7.215  -15.288  2.418 0.6250000000
23573  6.899  -9.198  9.138 0.2500000000
74001  9.334  -13.031  3.975 0.5000000000
20463  8.215  -13.252  3.178 0.5000000000
21124  6.465  -12.023  3.020 0.3750000000
60719  13.750  -8.334  15.098 0.6250000000
63247  3.080  -13.853  1.787 0.3750000000
19861  2.656  -14.008  1.613 0.3750000000
21139  4.921  -12.466  2.133 0.3750000000
21716  9.056  -10.050  10.025 0.2500000000
22963  7.942  -9.789  8.737 0.2500000000
20484  2.577  -13.206  1.690 0.3750000000
21142  3.010  -12.983  1.651 0.3750000000
20486  2.021  -12.815  1.561 0.3750000000
21157  1.905  -12.735  1.352 0.3750000000
21169  1.854  -12.668  1.002 0.3750000000
23688  4.093  -10.747  -0.044 0.3750000000
24121  11.321  -7.087  11.143 0.2500000000
23640  3.784  -9.434  2.057 0.2500000000
24244  4.102  -10.091  0.498 0.3750000000
23684  2.668  -10.251  -0.027 0.3750000000
25215  18.511  -7.582  22.336 0.2500000000
63335  25.006  -3.345  21.373 0.5000000000
31868  23.898  0.815  17.407 0.1250000000
32436  24.091  2.068  16.864 0.1250000000
31888  26.999  2.208  15.874 0.1250000000
28527  30.392  -1.727  13.404 0.1250000000
30785  29.465  1.357  14.066 0.3750000000
30789  30.183  1.109  13.274 0.2500000000
30794  30.329  1.612  12.908 0.2500000000
30203  30.757  0.236  12.639 0.1250000000
30209  31.681  -0.156  10.015 0.1250000000
63342  31.446  1.616  11.451 0.1250000000
22914  12.003  -8.956  15.958 0.5000000000
22303  11.974  -9.268  15.665 0.5000000000
23530  12.422  -8.794  15.616 0.2500000000
63535  11.647  -8.986  16.000 0.3750000000
22294  11.253  -9.676  16.222 0.3750000000
73758  10.587  -10.419  15.958 0.3750000000
22927  10.955  -9.749  15.105 0.3750000000
22297  10.160  -9.655  16.117 0.2500000000
23535  10.640  -8.964  15.018 0.1250000000
23543  12.542  -8.021  14.741 0.1250000000
24115  13.055  -7.156  12.202 0.1250000000
24120  12.250  -7.033  11.493 0.1250000000
24669  12.605  -7.132  14.479 0.1250000000
24674  12.595  -6.545  13.150 0.1250000000
24675  11.887  -6.215  12.230 0.1250000000
24676  11.176  -6.017  11.915 0.1250000000
24110  11.739  -7.945  14.984 0.1250000000
25257  12.545  -6.479  14.365 0.1250000000
25262  12.358  -5.985  13.815 0.1250000000
25253  12.152  -7.064  14.967 0.1250000000
25258  12.444  -6.057  14.434 0.1250000000
25263  11.952  -5.428  13.363 0.1250000000
25831  12.285  -5.352  14.503 0.1250000000
25833  12.096  -5.102  13.743 0.1250000000
26360  12.092  -4.809  14.499 0.1250000000
74246  12.015  -4.303  13.397 0.1250000000
19856  9.581  -14.224  1.998 0.3750000000
19855  10.011  -14.221  2.674 0.3750000000
21801  8.679  -11.676  2.490 0.2500000000
21790  9.268  -11.539  3.051 0.1250000000
21137  9.766  -12.187  2.858 0.2500000000
20492  10.004  -13.519  3.011 0.2500000000
21136  10.107  -12.874  3.384 0.2500000000
20477  10.410  -13.591  3.636 0.1250000000
21802  8.115  -11.785  2.011 0.3750000000
21789  9.791  -11.700  3.495 0.2500000000
63793  9.998  -12.208  3.548 0.2500000000
21121  10.616  -13.082  4.589 0.1250000000
63829  10.241  -12.583  4.010 0.2500000000
21135  10.451  -13.207  3.961 0.2500000000
19718  13.712  -12.806  25.069 0.2500000000
21803  7.587  -11.364  1.985 0.2500000000
22416  8.121  -11.093  2.463 0.2500000000
22415  8.680  -10.982  2.877 0.1250000000
22408  9.120  -10.752  3.371 0.1250000000
62329  9.586  -11.160  3.521 0.1250000000
73509  10.313  -12.055  4.686 0.1250000000
21788  10.045  -11.909  3.964 0.1250000000
20985  12.722  -12.567  26.176 0.3750000000
20991  14.072  -13.083  26.078 0.3750000000
20344  14.061  -13.224  25.465 0.2500000000
22426  7.060  -11.019  2.019 0.2500000000
23037  7.179  -10.422  2.418 0.2500000000
23036  7.921  -10.336  2.650 0.2500000000
22417  7.573  -10.847  2.324 0.2500000000
75613  8.339  -10.640  2.745 0.2500000000
73379  9.982  -10.720  4.313 0.1250000000
22407  9.892  -11.253  3.993 0.1250000000
21765  11.367  -12.314  5.951 0.1250000000
21774  10.780  -12.833  5.446 0.1250000000
21630  13.676  -11.970  25.676 0.3750000000
21629  14.390  -12.238  26.123 0.3750000000
24240  3.298  -9.617  0.660 0.2500000000
24247  3.030  -9.651  0.477 0.2500000000
24816  3.744  -9.535  0.705 0.2500000000
24246  3.930  -9.870  0.341 0.2500000000
23038  6.672  -9.917  2.558 0.2500000000
61016  7.417  -9.725  2.725 0.2500000000
23649  8.101  -9.554  2.945 0.1250000000
23035  8.659  -10.011  2.928 0.1250000000
23047  6.426  -10.641  2.073 0.2500000000
60873  9.628  -10.594  3.794 0.1250000000
22393  10.326  -10.810  4.985 0.1250000000
22392  10.829  -11.816  5.737 0.1250000000
22381  11.178  -11.387  6.193 0.1250000000
24810  4.194  -9.378  0.969 0.2500000000
24815  4.025  -9.829  0.555 0.2500000000
24217  6.465  -8.714  2.767 0.1250000000
60736  7.147  -8.476  2.952 0.1250000000
24809  4.170  -9.674  0.988 0.2500000000
23651  6.172  -9.445  2.592 0.1250000000
23650  6.915  -9.189  2.775 0.1250000000
23676  4.455  -10.077  1.097 0.2500000000
23662  6.031  -10.046  2.339 0.2500000000
24216  7.608  -9.000  2.961 0.1250000000
23639  8.202  -8.851  3.231 0.1250000000
23638  8.701  -9.370  3.344 0.1250000000
23031  9.221  -9.941  3.548 0.1250000000
23017  10.605  -9.999  5.642 0.1250000000
23016  10.662  -10.853  6.019 0.1250000000
22380  11.916  -11.862  6.552 0.1250000000
23005  11.173  -10.544  6.409 0.1250000000
23004  11.654  -10.784  6.816 0.1250000000
74702  6.064  -8.098  2.804 0.1250000000
24794  5.647  -8.572  2.569 0.1250000000
24779  6.731  -8.050  2.976 0.1250000000
24780  6.149  -8.320  2.780 0.1250000000
24218  5.779  -9.096  2.657 0.1250000000
24228  5.152  -9.315  2.218 0.2500000000
24803  4.972  -9.817  1.939 0.2500000000
74516  7.761  -8.323  3.218 0.1250000000
24235  4.939  -10.073  1.743 0.2500000000
23663  5.397  -9.865  2.232 0.2500000000
60694  9.295  -9.062  3.800 0.1250000000
75003  9.777  -8.891  3.924 0.1250000000
23018  9.611  -9.675  4.006 0.1250000000
73695  10.200  -10.187  4.765 0.1250000000
23626  10.225  -9.547  4.908 0.1250000000
23609  11.701  -9.798  7.096 0.1250000000
30172  21.771  0.747  20.751 0.2500000000
30171  21.816  0.173  19.990 0.2500000000
22996  12.268  -10.564  7.381 0.1250000000
24795  5.025  -9.002  2.181 0.2500000000
25356  6.375  -7.802  2.992 0.1250000000
62099  21.404  0.842  22.007 0.1250000000
30159  21.710  0.344  22.328 0.1250000000
30753  21.542  1.414  20.795 0.1250000000
30165  21.757  0.490  21.473 0.1250000000
30751  22.183  0.653  19.519 0.1250000000
30752  21.824  1.113  20.226 0.2500000000
31302  23.037  0.333  18.644 0.2500000000
30750  22.724  0.134  18.925 0.2500000000
30745  21.413  1.268  21.425 0.1250000000
30155  21.317  0.091  23.137 0.1250000000
29604  21.080  -0.541  23.800 0.2500000000
31304  22.100  1.555  19.805 0.1250000000
31303  22.588  1.045  19.107 0.1250000000
31308  23.009  0.736  18.608 0.1250000000
31856  22.620  1.439  18.993 0.1250000000
29025  20.641  -1.033  24.324 0.2500000000
28472  20.504  -1.861  24.610 0.3750000000
28480  21.125  -1.582  24.454 0.3750000000
30743  20.985  1.342  22.109 0.1250000000
30160  21.097  0.735  22.581 0.1250000000
30746  21.249  1.817  21.074 0.1250000000
31854  21.104  2.459  21.102 0.1250000000
31300  20.986  1.921  21.626 0.1250000000
31305  21.519  1.930  20.474 0.1250000000
31859  21.394  2.589  20.523 0.1250000000
31857  22.312  1.832  19.411 0.1250000000
31858  21.827  2.341  19.964 0.1250000000
32416  21.408  2.999  20.252 0.1250000000
32981  21.332  3.589  19.974 0.1250000000
31864  22.421  1.969  19.054 0.1250000000
31865  22.098  2.345  19.455 0.1250000000
32420  21.714  2.902  19.675 0.1250000000
32985  21.573  3.545  19.284 0.1250000000
32419  22.030  2.669  18.962 0.1250000000
27914  20.136  -2.464  25.015 0.5000000000
73220  20.761  0.070  23.565 0.1250000000
32417  21.131  3.077  20.811 0.1250000000
63359  21.151  3.516  20.504 0.1250000000
32409  20.616  3.096  21.832 0.1250000000
23551  11.386  -7.638  10.756 0.1250000000
24116  12.935  -6.878  12.710 0.1250000000
23539  11.086  -8.712  14.878 0.1250000000
63461  11.331  -7.978  14.911 0.1250000000
24107  10.862  -8.778  15.507 0.1250000000
23546  13.301  -7.482  13.642 0.1250000000
22295  10.992  -9.908  16.016 0.3750000000
23524  11.080  -9.048  16.022 0.2500000000
24106  11.016  -8.534  14.864 0.1250000000
23532  10.177  -8.856  16.067 0.1250000000
22936  12.265  -8.761  14.858 0.2500000000
72689  11.717  -8.021  15.305 0.1250000000
29024  21.129  -1.201  24.068 0.3750000000
21624  15.392  -11.001  26.263 0.2500000000
21628  15.150  -11.931  26.144 0.2500000000
24097  13.223  -7.828  15.281 0.2500000000
24657  13.864  -7.105  15.075 0.2500000000
25271  9.739  -5.977  11.318 0.1250000000
25270  10.373  -5.989  11.616 0.1250000000
24680  10.494  -6.602  11.325 0.1250000000
24679  11.231  -6.567  11.518 0.1250000000
23675  4.726  -10.501  1.185 0.2500000000
23555  11.474  -8.197  10.360 0.1250000000
24098  12.549  -8.286  15.576 0.2500000000
21668  11.108  -10.018  16.145 0.3750000000
22915  11.226  -9.355  16.057 0.2500000000
21035  10.990  -10.162  15.862 0.3750000000
22307  10.940  -9.845  14.928 0.3750000000
22308  10.403  -10.194  15.121 0.3750000000
21669  10.444  -10.188  16.031 0.3750000000
22312  11.386  -9.607  14.737 0.3750000000
22304  9.874  -10.075  15.866 0.3750000000
22309  10.101  -10.067  15.128 0.3750000000
22928  10.105  -9.530  15.438 0.2500000000
23525  10.273  -8.924  16.195 0.2500000000
22916  11.074  -9.205  16.046 0.3750000000
23536  10.286  -9.050  15.558 0.1250000000
23545  13.509  -7.486  13.006 0.2500000000
23542  13.150  -8.120  14.317 0.2500000000
23550  12.320  -7.492  11.033 0.1250000000
23549  13.097  -7.423  11.661 0.1250000000
24117  12.119  -6.596  11.932 0.1250000000
24109  12.083  -8.163  14.887 0.1250000000
24113  13.164  -7.356  13.850 0.1250000000
25261  12.577  -6.352  13.759 0.1250000000
24666  11.697  -7.773  15.103 0.1250000000
24670  12.213  -7.112  14.831 0.1250000000
25265  11.963  -5.940  12.949 0.1250000000
25266  11.027  -5.409  12.363 0.1250000000
24667  11.961  -7.388  15.085 0.1250000000
25254  12.327  -6.403  14.881 0.1250000000
25835  11.086  -4.873  12.822 0.1250000000
19839  10.308  -14.016  3.295 0.2500000000
19717  14.850  -13.002  25.344 0.2500000000
63073  11.253  -9.951  6.631 0.1250000000
24778  7.337  -7.829  3.265 0.1250000000
24203  8.716  -8.644  3.608 0.1250000000
31863  22.801  1.454  18.657 0.1250000000
29605  20.736  -0.173  24.113 0.2500000000
22932  11.097  -9.071  14.851 0.1250000000
23538  11.836  -8.808  14.890 0.2500000000
24101  10.343  -8.901  16.103 0.1250000000
24099  12.154  -8.291  15.884 0.2500000000
23523  11.432  -9.020  16.011 0.2500000000
22931  11.443  -9.279  14.962 0.2500000000
11317  3.643  -26.305  -3.007 0.1250000000
63061  5.227  -25.871  -3.251 0.1250000000
11759  4.516  -25.778  -3.028 0.1250000000
12216  4.944  -25.097  -3.027 0.1250000000
12221  5.259  -24.951  -3.048 0.1250000000
12767  5.731  -24.877  -3.175 0.1250000000
12765  6.049  -24.961  -3.111 0.1250000000
13346  6.057  -23.753  -2.942 0.1250000000
12766  6.005  -24.222  -2.991 0.1250000000
13868  5.573  -22.562  -2.913 0.2500000000
72616  5.915  -23.131  -2.933 0.2500000000
13880  6.494  -23.208  -2.733 0.1250000000
13867  5.707  -22.217  -2.953 0.2500000000
14430  6.632  -22.134  -2.995 0.2500000000
60723  6.225  -21.211  -3.018 0.2500000000
14418  6.726  -21.720  -3.021 0.1250000000
21023  17.692  -11.952  16.881 0.1250000000
20378  17.262  -12.380  15.394 0.1250000000
14305  7.895  -20.451  6.813 0.2500000000
14867  8.005  -20.010  7.028 0.2500000000
15402  9.031  -19.161  7.931 0.2500000000
14866  8.181  -19.736  7.309 0.2500000000
14861  8.846  -19.608  7.828 0.2500000000
21047  15.892  -10.517  13.330 0.1250000000
20401  16.444  -10.483  13.036 0.1250000000
21058  16.325  -10.289  10.272 0.2500000000
27909  19.277  -3.009  25.226 0.3750000000
23472  19.536  -9.285  25.401 0.1250000000
29014  19.303  -1.389  24.776 0.2500000000
28468  19.259  -2.297  25.020 0.2500000000
27911  19.112  -2.892  25.249 0.1250000000
27908  18.916  -3.403  25.316 0.1250000000
29017  20.313  -1.224  24.622 0.2500000000
28473  20.117  -1.871  24.790 0.2500000000
29019  19.358  -0.999  24.817 0.2500000000
28474  19.306  -2.035  25.241 0.2500000000
27378  18.743  -4.154  25.777 0.2500000000
27910  19.047  -3.128  25.383 0.3750000000
76521  18.816  -3.886  25.767 0.3750000000
26824  18.849  -4.819  26.019 0.3750000000
26304  18.820  -5.372  26.021 0.3750000000
29598  20.186  -0.330  24.793 0.2500000000
29018  20.058  -0.969  24.847 0.2500000000
26825  18.772  -5.153  26.035 0.3750000000
26315  22.778  -4.572  22.373 0.2500000000
26321  23.396  -4.536  22.144 0.3750000000
26840  23.784  -4.207  22.070 0.2500000000
26846  24.396  -4.503  21.790 0.1250000000
26320  24.060  -4.895  21.831 0.1250000000
27405  24.987  -3.868  21.541 0.2500000000
26845  24.896  -4.435  21.636 0.1250000000
26331  24.773  -4.964  21.613 0.1250000000
11763  4.893  -25.970  -3.262 0.1250000000
20377  17.704  -12.541  16.324 0.1250000000
63194  18.819  -3.735  25.573 0.1250000000
27377  18.851  -4.075  25.927 0.3750000000
21034  11.273  -9.894  15.455 0.3750000000
21679  11.039  -10.029  16.016 0.2500000000
60788  12.023  -8.670  15.835 0.1250000000
24658  12.895  -7.727  15.387 0.1250000000
76090  12.277  -8.064  15.654 0.1250000000
22930  12.154  -9.256  14.890 0.2500000000
22935  13.085  -8.759  14.562 0.2500000000
22938  13.646  -8.025  13.706 0.1250000000
24647  18.050  -6.810  17.212 0.1250000000
24642  18.260  -7.259  19.072 0.1250000000
22941  13.550  -7.553  11.976 0.1250000000
23620  4.407  -9.746  2.605 0.1250000000
24230  3.955  -9.168  1.709 0.1250000000
24219  3.989  -8.978  2.023 0.1250000000
24805  4.011  -9.326  1.255 0.1250000000
23627  4.272  -9.259  2.485 0.1250000000
24205  4.067  -8.828  2.274 0.1250000000
61570  4.893  -9.118  1.952 0.1250000000
24782  4.992  -8.409  2.537 0.1250000000
24796  5.004  -8.870  2.166 0.1250000000
25773  18.693  -7.015  23.796 0.1250000000
26311  19.118  -5.869  24.020 0.1250000000
25782  18.153  -6.066  21.402 0.1250000000
25780  18.520  -6.690  21.955 0.1250000000
25779  18.300  -7.245  22.328 0.1250000000
26322  17.179  -5.522  21.625 0.1250000000
26318  18.190  -5.956  21.649 0.1250000000
26317  18.699  -6.402  22.233 0.1250000000
26842  17.222  -5.209  20.702 0.1250000000
26313  19.074  -6.410  23.272 0.1250000000
25760  18.521  -5.248  25.455 0.3750000000
26834  19.108  -5.466  23.788 0.1250000000
31342  31.051  1.572  12.033 0.1250000000
31338  29.853  1.727  13.504 0.1250000000
31351  31.590  2.239  11.023 0.1250000000
31335  29.288  2.150  14.032 0.1250000000
74649  29.093  1.608  14.425 0.1250000000
31343  30.577  2.132  12.355 0.1250000000
31348  31.094  2.369  11.646 0.1250000000
31910  31.350  2.979  11.041 0.1250000000
31916  31.868  2.864  10.496 0.1250000000
63804  32.337  3.228  10.081 0.1250000000
32477  32.838  3.684  9.840 0.1250000000
31339  29.569  2.577  13.398 0.1250000000
31908  30.171  2.718  12.427 0.1250000000
31344  30.062  2.305  12.917 0.1250000000
31907  30.537  2.894  11.952 0.1250000000
31911  30.893  3.110  11.458 0.1250000000
76321  32.010  3.423  10.303 0.1250000000
32469  30.980  3.640  10.993 0.1250000000
32473  31.608  3.661  10.536 0.1250000000
33031  33.372  4.207  9.549 0.1250000000
21010  16.273  -12.569  20.148 0.1250000000
24804  4.268  -9.462  1.160 0.1250000000
24229  4.434  -8.919  1.913 0.1250000000
24797  4.316  -9.045  1.662 0.1250000000
26839  18.652  -5.547  21.109 0.1250000000
32478  32.255  3.940  10.187 0.1250000000
12718  7.595  -23.774  -1.559 0.1250000000
12709  8.348  -23.579  -1.235 0.1250000000
13779  8.285  -21.022  5.843 0.1250000000
16579  12.794  -17.181  6.413 0.1250000000
13775  8.136  -20.964  5.978 0.1250000000
14304  8.389  -20.805  7.224 0.1250000000
14293  8.426  -20.100  7.250 0.1250000000
74492  9.065  -19.570  7.221 0.1250000000
15415  9.747  -19.134  6.811 0.1250000000
15988  10.031  -18.692  6.764 0.1250000000
16581  11.303  -17.923  6.415 0.1250000000
76069  12.153  -17.131  6.529 0.1250000000
19142  16.014  -14.073  7.842 0.1250000000
18494  15.383  -15.116  6.936 0.1250000000
17819  14.871  -15.616  6.660 0.1250000000
61167  13.764  -16.897  6.261 0.1250000000
19141  17.042  -13.651  8.336 0.1250000000
18493  16.139  -14.939  7.310 0.1250000000
17818  15.787  -15.665  6.822 0.1250000000
17830  14.266  -16.224  6.449 0.1250000000
13772  8.009  -20.625  6.344 0.1250000000
14294  8.196  -20.172  7.167 0.1250000000
14865  8.767  -19.974  7.324 0.1250000000
15405  9.248  -19.568  7.135 0.1250000000
21053  16.760  -9.743  11.656 0.1250000000
20408  16.318  -11.218  9.896 0.1250000000
16582  10.587  -18.268  6.569 0.1250000000
20404  17.058  -9.934  10.799 0.1250000000
19782  15.935  -12.571  8.839 0.1250000000
17183  11.524  -17.109  6.500 0.1250000000
20407  16.741  -11.182  10.031 0.1250000000
19793  16.034  -13.230  8.468 0.1250000000
19143  15.089  -13.705  7.876 0.1250000000
19792  16.927  -12.897  8.790 0.1250000000
19154  15.329  -14.409  7.181 0.1250000000
17820  13.820  -15.593  6.877 0.1250000000
17182  13.253  -16.399  6.660 0.1250000000
14295  7.978  -20.299  7.253 0.1250000000
15975  9.849  -18.214  7.142 0.1250000000
20409  15.819  -11.204  9.470 0.1250000000
20412  15.792  -11.966  9.102 0.1250000000
16568  10.585  -17.386  6.470 0.1250000000
76060  15.240  -12.781  8.515 0.1250000000
17821  12.734  -15.819  7.015 0.1250000000
17173  12.225  -16.559  6.711 0.1250000000
18495  14.663  -15.019  6.962 0.1250000000
15406  9.057  -18.991  7.415 0.1250000000
20413  14.998  -11.779  8.789 0.2500000000
15974  10.075  -17.957  6.901 0.1250000000
19794  14.577  -13.196  8.092 0.1250000000
18496  13.913  -14.901  7.150 0.1250000000
19155  14.439  -14.371  7.349 0.1250000000
19854  10.434  -14.604  3.327 0.1250000000
20476  10.961  -13.749  4.291 0.1250000000
24614  18.354  -7.822  25.186 0.2500000000
24610  18.364  -7.232  24.952 0.2500000000
25777  22.251  -5.034  21.877 0.1250000000
25211  22.642  -5.969  21.919 0.1250000000
26314  23.307  -4.991  21.938 0.1250000000
25207  21.623  -6.156  22.925 0.1250000000
25774  21.831  -5.386  22.933 0.1250000000
25778  22.063  -5.786  22.419 0.1250000000
25202  21.345  -5.902  23.485 0.1250000000
25768  21.550  -5.240  23.571 0.1250000000
16580  12.075  -17.651  6.417 0.1250000000
18483  16.705  -14.438  7.750 0.1250000000
20411  16.426  -11.928  9.265 0.1250000000
73013  16.462  -12.589  8.908 0.1250000000
25776  23.230  -5.511  21.689 0.1250000000
20364  16.346  -13.083  20.453 0.1250000000
20359  16.456  -13.199  21.276 0.1250000000
19058  14.921  -13.206  25.115 0.1250000000
20336  15.022  -13.063  25.909 0.1250000000
19709  16.167  -13.396  25.678 0.1250000000
20335  17.049  -13.221  25.382 0.1250000000
73385  15.241  -13.015  25.870 0.1250000000
62049  15.977  -12.729  26.061 0.1250000000
20981  17.013  -12.483  25.829 0.1250000000
20984  15.034  -12.873  26.064 0.1250000000
20983  15.397  -12.150  26.113 0.1250000000
20978  17.028  -11.868  25.719 0.1250000000
20977  17.627  -12.013  25.430 0.1250000000
20982  16.252  -12.052  26.270 0.1250000000
21623  15.680  -11.410  26.106 0.1250000000
20979  16.385  -11.271  26.067 0.1250000000
21621  17.741  -11.414  25.535 0.1250000000
21622  17.294  -11.488  25.692 0.1250000000
76132  19.253  -1.716  25.041 0.1250000000
72475  20.201  -0.598  24.414 0.1250000000
29600  20.191  0.030  24.348 0.1250000000
28469  19.175  -2.176  24.813 0.1250000000
29020  18.998  -0.907  24.983 0.1250000000
76067  19.228  -0.409  24.798 0.1250000000
29606  20.241  0.069  24.103 0.1250000000
74628  17.199  -11.105  26.063 0.1250000000
27374  18.711  -3.997  25.515 0.1250000000
26299  18.248  -4.741  25.510 0.1250000000
26819  18.267  -4.275  25.845 0.1250000000
19735  16.417  -13.767  20.758 0.1250000000
19716  15.955  -13.690  25.195 0.1250000000
14287  8.342  -19.662  7.948 0.1250000000
15970  8.249  -18.747  7.274 0.5000000000
19052  11.622  -14.058  25.167 0.6250000000
19053  11.382  -14.208  25.996 0.6250000000
19059  13.231  -13.150  24.871 0.3750000000
19266  6.687  -14.236  -0.714 0.7500000000
19710  12.478  -13.882  25.134 0.6250000000
19712  11.354  -13.806  25.545 0.6250000000
19713  11.154  -13.889  25.324 0.6250000000
19719  12.790  -13.358  24.738 0.3750000000
19720  12.065  -14.105  24.923 0.6250000000
19721  11.089  -14.163  25.146 0.6250000000
20338  12.748  -13.149  25.090 0.5000000000
20339  12.213  -13.757  24.990 0.6250000000
20340  11.630  -13.329  24.943 0.6250000000
20341  11.132  -13.269  25.111 0.6250000000
20342  10.890  -13.386  25.177 0.6250000000
20345  12.955  -12.841  24.255 0.5000000000
20347  11.500  -12.974  24.896 0.5000000000
20348  11.200  -13.274  25.072 0.6250000000
20351  13.393  -12.827  24.709 0.5000000000
20987  11.958  -13.070  24.998 0.6250000000
20988  11.617  -12.999  25.006 0.6250000000
20989  11.185  -13.151  25.046 0.6250000000
20992  12.943  -12.901  25.071 0.5000000000
20993  12.365  -12.902  24.763 0.6250000000
20996  15.061  -12.253  24.865 0.5000000000
21027  10.296  -10.454  16.192 0.3750000000
21632  12.189  -12.973  24.997 0.6250000000
21634  12.960  -11.957  25.264 0.6250000000
21670  10.204  -10.089  15.964 0.3750000000
21671  10.178  -10.116  16.042 0.3750000000
21680  10.725  -10.690  15.964 0.3750000000
21684  10.881  -10.287  15.667 0.3750000000
22296  10.505  -9.893  16.128 0.3750000000
22917  10.285  -8.991  16.236 0.2500000000
22918  10.214  -8.901  16.283 0.2500000000
22924  10.036  -9.668  15.953 0.2500000000
22925  9.903  -9.513  16.050 0.2500000000
23526  10.255  -8.871  16.733 0.1250000000
23531  9.931  -9.624  15.708 0.2500000000
24245  4.084  -10.083  -0.113 0.3750000000
24255  2.999  -9.938  -0.014 0.3750000000
24819  3.624  -9.892  -0.011 0.2500000000
72522  4.134  -9.523  0.775 0.2500000000
73612  12.446  -13.041  25.096 0.6250000000
73697  10.797  -16.684  6.018 0.1250000000
73868  8.809  -18.157  8.057 0.3750000000
74380  3.076  -10.040  -0.024 0.3750000000
74675  12.074  -14.149  24.960 0.6250000000
75275  10.509  -8.964  15.473 0.1250000000
