#!ascii label  , from subject sub-v2s11x28716_ses-1 vox2ras=TkReg
1423
23136  41.172  -59.951  -43.158 0.3000000119
28519  34.581  -56.428  -47.988 0.6000000238
34360  34.528  -52.285  -47.670 0.6999999881
185193  34.199  -51.525  -47.742 0.6999999881
23137  40.736  -59.852  -43.045 0.4000000060
24196  36.263  -59.636  -46.466 0.4000000060
24162  41.195  -59.407  -44.167 0.5000000000
22171  42.154  -59.442  -44.986 0.5000000000
187330  34.575  -57.323  -48.413 0.6999999881
30793  34.382  -55.065  -47.658 0.6999999881
28512  34.525  -55.788  -47.716 0.5000000000
33146  34.924  -53.147  -47.720 0.6000000238
35512  36.170  -51.269  -48.324 0.6999999881
36643  34.829  -50.671  -47.958 0.6999999881
24165  39.101  -59.566  -43.933 0.5000000000
207101  36.661  -59.746  -46.210 0.4000000060
24163  40.532  -59.424  -44.139 0.6000000238
24219  34.965  -59.534  -47.849 0.4000000060
25230  35.103  -59.508  -48.541 0.5000000000
24182  40.043  -59.575  -44.785 0.6000000238
25245  34.579  -59.317  -48.865 0.6000000238
208707  34.935  -58.273  -48.940 0.6000000238
24181  40.782  -59.441  -44.937 0.6000000238
176255  35.552  -57.298  -48.780 0.6000000238
30801  35.301  -54.607  -47.867 0.6000000238
33155  35.953  -53.227  -48.332 0.6000000238
34367  36.821  -51.994  -48.672 0.6999999881
34368  35.889  -51.902  -48.196 0.6999999881
36649  36.907  -51.197  -48.642 0.6999999881
177996  36.298  -50.597  -48.377 0.6999999881
197708  35.133  -49.518  -48.283 0.6999999881
37843  37.674  -50.174  -48.435 0.6999999881
37844  36.974  -49.812  -48.443 0.6999999881
39009  36.587  -49.215  -48.432 0.6999999881
39006  38.790  -49.530  -48.051 0.6999999881
24146  38.421  -59.721  -43.755 0.5000000000
24167  37.426  -59.763  -44.480 0.5000000000
198654  36.781  -59.631  -44.724 0.5000000000
24205  35.641  -59.520  -47.038 0.4000000060
24183  39.246  -59.725  -44.724 0.5000000000
24224  35.886  -59.461  -48.464 0.5000000000
26277  35.552  -58.620  -49.040 0.6000000238
23187  40.316  -60.000  -46.343 0.6000000238
23188  39.961  -60.114  -46.071 0.5000000000
23204  39.450  -60.395  -47.327 0.5000000000
184755  35.304  -56.580  -48.400 0.6999999881
31941  36.210  -54.471  -48.626 0.6000000238
182757  35.152  -56.043  -47.942 0.6999999881
33154  36.697  -53.380  -48.963 0.6000000238
179046  36.404  -53.866  -48.799 0.6000000238
35511  37.503  -52.303  -49.092 0.6000000238
180896  36.334  -52.645  -48.575 0.6000000238
198642  38.828  -50.823  -48.304 0.6000000238
36648  37.628  -51.050  -48.660 0.6999999881
180074  36.185  -48.477  -48.496 0.6999999881
37838  39.182  -50.363  -47.977 0.6000000238
39008  37.308  -49.297  -48.398 0.6999999881
180066  37.679  -48.599  -48.419 0.6999999881
37842  38.473  -50.194  -48.310 0.6999999881
24204  36.274  -59.787  -47.269 0.4000000060
24166  38.118  -59.814  -44.469 0.5000000000
24186  37.240  -59.801  -45.324 0.4000000060
24217  36.383  -59.819  -47.982 0.5000000000
200639  36.026  -58.787  -48.987 0.6000000238
191153  38.460  -60.102  -45.735 0.4000000060
27387  35.779  -57.906  -48.990 0.6000000238
23189  39.196  -60.360  -46.219 0.4000000060
23198  38.245  -60.524  -47.229 0.4000000060
23197  38.989  -60.559  -47.035 0.4000000060
23205  38.741  -60.401  -47.487 0.4000000060
28518  36.103  -56.461  -48.993 0.6999999881
30800  36.016  -55.174  -48.602 0.6000000238
31940  36.794  -54.347  -49.253 0.6000000238
200262  37.965  -52.207  -49.090 0.6000000238
33159  37.276  -53.664  -49.258 0.6000000238
184656  38.876  -51.434  -48.474 0.6000000238
40156  37.307  -47.881  -48.774 0.6999999881
40153  39.109  -48.168  -48.416 0.6999999881
191229  40.146  -49.178  -47.804 0.6000000238
39005  39.211  -48.945  -48.029 0.6000000238
207637  37.175  -60.175  -47.143 0.4000000060
24216  37.065  -59.917  -48.040 0.4000000060
27393  36.359  -58.111  -49.153 0.6999999881
24215  37.702  -60.019  -47.997 0.4000000060
28524  36.405  -57.172  -49.180 0.8000000119
201449  39.264  -60.180  -47.611 0.5000000000
29658  36.507  -55.694  -49.122 0.6999999881
30799  36.662  -54.940  -49.155 0.6000000238
34370  38.071  -52.992  -49.047 0.5000000000
33158  37.716  -53.350  -49.214 0.6000000238
41353  37.022  -47.174  -49.078 0.6999999881
36640  40.561  -50.963  -47.324 0.6000000238
36646  39.350  -51.133  -48.139 0.6000000238
41351  38.583  -47.855  -48.778 0.8000000119
184795  38.256  -47.220  -49.078 0.8000000119
37835  40.992  -50.432  -47.400 0.6000000238
37836  40.377  -50.420  -47.619 0.6000000238
25242  37.261  -58.820  -49.009 0.5000000000
25248  36.642  -58.733  -49.111 0.6000000238
173209  37.721  -58.995  -48.720 0.5000000000
26269  38.627  -58.022  -48.100 0.6999999881
24221  38.056  -59.501  -48.179 0.4000000060
204462  36.877  -55.837  -49.220 0.6999999881
30802  37.100  -54.603  -49.219 0.6999999881
33157  37.948  -53.314  -48.999 0.6000000238
31942  37.548  -53.895  -49.216 0.6000000238
34365  38.762  -52.449  -48.485 0.6000000238
42519  37.708  -46.556  -49.242 0.6000000238
35501  40.105  -51.232  -47.473 0.6000000238
40152  40.171  -47.875  -48.347 0.6999999881
41350  39.771  -47.253  -48.817 0.6999999881
37834  41.655  -50.465  -47.283 0.6999999881
38999  41.333  -49.585  -47.641 0.6999999881
40148  40.590  -48.712  -47.834 0.6999999881
26276  37.843  -58.240  -48.972 0.5000000000
26281  37.131  -58.113  -49.230 0.6000000238
27392  36.917  -57.486  -49.258 0.6000000238
27382  38.059  -57.523  -48.378 0.6999999881
198002  38.203  -57.972  -48.694 0.6000000238
185568  37.038  -56.935  -49.314 0.6999999881
202281  38.289  -57.613  -47.474 0.6999999881
182487  39.230  -58.173  -47.751 0.6999999881
192110  37.039  -56.028  -49.130 0.6999999881
30798  37.146  -54.680  -49.086 0.6999999881
33152  38.109  -53.319  -48.614 0.5000000000
31939  37.510  -54.189  -49.022 0.6000000238
43636  36.880  -45.567  -48.797 0.5000000000
35496  39.647  -51.602  -47.437 0.6000000238
34356  38.793  -52.390  -47.842 0.6000000238
43648  38.871  -46.221  -48.949 0.6000000238
43635  37.674  -45.835  -48.621 0.5000000000
208806  40.430  -51.136  -47.027 0.6000000238
35503  39.352  -52.062  -48.050 0.6000000238
41348  41.235  -47.234  -48.610 0.6000000238
42516  40.045  -46.663  -49.026 0.5000000000
204428  40.850  -46.011  -48.944 0.5000000000
36623  41.957  -50.726  -46.258 0.6999999881
36638  41.813  -50.685  -46.960 0.6999999881
37833  43.031  -50.018  -46.743 0.6999999881
182238  41.966  -48.424  -47.795 0.6999999881
41346  42.694  -47.472  -48.104 0.5000000000
37830  43.165  -50.276  -46.442 0.6999999881
40144  43.620  -48.630  -47.120 0.6000000238
27391  37.471  -57.353  -49.194 0.6000000238
26270  37.914  -57.639  -48.949 0.6999999881
27386  37.764  -57.246  -48.913 0.6000000238
27371  37.743  -57.092  -47.504 0.6999999881
28523  37.231  -56.656  -49.179 0.6999999881
31932  37.393  -54.268  -48.374 0.6999999881
29657  37.093  -55.483  -48.961 0.6999999881
31931  37.819  -53.788  -48.515 0.6000000238
44844  37.338  -45.507  -47.950 0.4000000060
34357  38.315  -52.671  -47.650 0.5000000000
44851  40.598  -45.590  -48.624 0.4000000060
193993  40.968  -50.217  -46.093 0.6000000238
35487  40.043  -51.298  -46.900 0.6000000238
42513  42.740  -46.942  -48.439 0.5000000000
42514  41.611  -46.668  -48.904 0.5000000000
41343  43.103  -48.084  -47.648 0.5000000000
42503  44.048  -46.725  -47.707 0.4000000060
37807  42.777  -49.976  -45.983 0.6000000238
38981  43.674  -49.566  -46.249 0.6999999881
38991  44.059  -48.983  -46.570 0.6000000238
40139  44.570  -48.189  -46.464 0.5000000000
28511  37.326  -56.521  -48.028 0.6999999881
28516  37.325  -56.366  -48.880 0.6999999881
203808  37.037  -56.441  -46.381 0.6999999881
28508  37.239  -56.502  -47.069 0.6999999881
188582  37.166  -55.719  -48.331 0.6000000238
35498  38.283  -52.091  -47.060 0.6000000238
33138  37.767  -52.671  -47.130 0.5000000000
35497  38.962  -51.863  -47.310 0.6000000238
37809  40.262  -50.080  -46.081 0.6000000238
198918  39.609  -51.187  -46.462 0.6000000238
207724  42.841  -46.512  -48.774 0.4000000060
197998  42.624  -46.240  -48.981 0.5000000000
44850  41.362  -45.567  -48.839 0.4000000060
191622  41.413  -49.632  -45.974 0.6000000238
43643  43.248  -46.080  -48.808 0.4000000060
208547  43.115  -49.495  -45.893 0.6000000238
40128  44.521  -48.291  -46.247 0.5000000000
29650  37.022  -56.100  -47.493 0.6999999881
29646  36.354  -55.601  -46.015 0.6999999881
30790  36.525  -54.882  -47.070 0.6000000238
30789  37.048  -54.922  -47.980 0.6000000238
28498  36.660  -56.133  -45.911 0.6999999881
31928  36.874  -54.137  -47.450 0.5000000000
36627  38.154  -51.095  -46.057 0.6000000238
35491  37.427  -51.976  -46.462 0.6000000238
189169  38.918  -51.003  -46.251 0.6000000238
36613  39.426  -49.964  -46.044 0.5000000000
38968  40.675  -49.553  -45.987 0.6000000238
206335  42.715  -49.253  -45.932 0.6000000238
40113  43.827  -48.395  -45.848 0.5000000000
30786  36.238  -54.845  -46.206 0.6999999881
31929  36.427  -54.278  -46.684 0.6999999881
33133  36.662  -52.986  -46.462 0.6000000238
34353  37.131  -52.630  -46.657 0.5000000000
37824  37.694  -50.110  -45.739 0.6000000238
176867  37.598  -51.412  -45.790 0.6000000238
38970  39.326  -49.083  -46.033 0.6000000238
40129  40.770  -48.231  -46.030 0.6000000238
41308  43.204  -48.005  -45.885 0.5000000000
26266  41.138  -58.173  -46.856 0.5000000000
200608  40.192  -57.903  -47.044 0.5000000000
193832  41.548  -57.021  -46.179 0.5000000000
27379  40.810  -57.780  -46.861 0.5000000000
27380  39.736  -57.954  -47.337 0.6999999881
28494  39.558  -56.870  -45.727 0.6999999881
27368  40.226  -57.561  -46.739 0.5000000000
200948  40.637  -57.108  -46.323 0.5000000000
27370  38.738  -57.386  -46.804 0.6999999881
27358  39.164  -57.155  -46.206 0.6999999881
208992  38.129  -57.213  -46.852 0.6999999881
22153  42.248  -59.802  -43.920 0.3000000119
35504  35.397  -51.237  -47.964 0.6999999881
206916  34.830  -53.885  -47.672 0.6000000238
37846  35.696  -49.994  -48.258 0.6999999881
182009  35.351  -48.336  -48.529 0.6999999881
25239  39.394  -59.001  -47.974 0.6000000238
35509  38.922  -52.041  -48.592 0.6000000238
42517  39.312  -46.640  -49.057 0.6000000238
41345  41.631  -47.845  -48.114 0.6999999881
38997  43.125  -49.245  -47.055 0.6999999881
43647  39.611  -46.171  -48.911 0.5000000000
43634  38.470  -45.887  -48.556 0.5000000000
40143  44.405  -47.985  -46.829 0.5000000000
33144  37.534  -53.784  -47.885 0.5000000000
206673  36.450  -55.421  -46.638 0.6999999881
33139  37.198  -53.290  -47.172 0.5000000000
38969  39.991  -49.376  -46.028 0.6000000238
184179  41.435  -48.358  -46.014 0.6000000238
33140  36.563  -53.641  -46.679 0.6000000238
203229  38.685  -49.958  -45.950 0.6000000238
191606  36.309  -53.351  -46.177 0.5000000000
28472  39.625  -56.831  -44.736 0.6000000238
173795  39.971  -57.428  -41.336 0.6000000238
27279  39.149  -57.162  -40.536 0.4000000060
191621  40.112  -57.260  -43.044 0.5000000000
204046  39.784  -56.795  -45.288 0.6000000238
178760  33.345  -58.924  -48.976 0.5000000000
28400  38.713  -56.466  -40.186 0.4000000060
202694  33.944  -58.250  -48.894 0.5000000000
27388  33.615  -57.486  -48.530 0.5000000000
179757  40.011  -57.533  -42.427 0.5000000000
28387  37.481  -55.890  -39.840 0.4000000060
29653  33.634  -55.548  -47.772 0.5000000000
27309  39.583  -57.657  -41.906 0.6000000238
202346  33.952  -56.128  -47.836 0.5000000000
28453  39.229  -56.969  -44.118 0.5000000000
28495  38.851  -56.798  -45.721 0.6000000238
30690  37.053  -54.141  -39.602 0.4000000060
31822  37.559  -53.491  -39.456 0.4000000060
26212  38.733  -57.719  -41.089 0.4000000060
30795  32.209  -54.742  -48.377 0.5000000000
27310  38.875  -57.736  -42.213 0.5000000000
30794  33.269  -54.748  -47.821 0.5000000000
31935  32.554  -53.692  -48.083 0.5000000000
28454  38.550  -56.809  -44.012 0.6000000238
28474  38.154  -56.641  -44.541 0.6000000238
27359  38.434  -56.991  -46.262 0.6000000238
205917  33.096  -52.532  -47.927 0.5000000000
33149  32.448  -53.002  -48.172 0.4000000060
27342  38.222  -57.126  -43.456 0.5000000000
27327  38.603  -57.439  -42.876 0.5000000000
28455  37.829  -56.799  -43.979 0.6000000238
28475  37.366  -56.403  -44.471 0.6000000238
28486  37.754  -56.457  -45.114 0.6000000238
28487  36.997  -56.187  -45.161 0.6000000238
28497  37.305  -56.466  -45.787 0.6000000238
28401  37.843  -56.750  -40.132 0.4000000060
29534  37.103  -55.069  -39.690 0.4000000060
34361  33.626  -52.008  -47.730 0.5000000000
34362  32.359  -52.264  -48.235 0.5000000000
192434  31.617  -51.959  -48.287 0.4000000060
190745  33.905  -52.792  -47.621 0.6000000238
174763  31.736  -52.748  -48.250 0.4000000060
27311  37.736  -57.710  -42.260 0.6000000238
28457  36.533  -56.646  -43.705 0.6000000238
197185  36.800  -56.405  -44.163 0.6000000238
28476  36.660  -56.077  -44.617 0.6000000238
31823  36.848  -53.542  -39.465 0.4000000060
204856  33.122  -51.085  -47.986 0.5000000000
35506  31.500  -51.083  -48.113 0.4000000060
35499  30.733  -51.287  -47.932 0.4000000060
26222  36.904  -57.642  -41.436 0.6000000238
27281  37.227  -57.263  -40.502 0.4000000060
27331  35.955  -57.052  -42.538 0.6000000238
26220  38.325  -57.926  -41.757 0.6000000238
27344  36.872  -57.071  -43.292 0.5000000000
28458  35.895  -56.480  -43.605 0.6000000238
28437  36.226  -56.937  -43.173 0.5000000000
29639  35.883  -55.406  -45.052 0.6000000238
33063  36.548  -53.045  -39.371 0.4000000060
28388  36.660  -56.101  -39.793 0.4000000060
37840  33.332  -50.200  -48.113 0.6000000238
36645  32.169  -50.117  -48.072 0.5000000000
36635  31.142  -50.781  -47.681 0.5000000000
36636  30.517  -51.088  -47.365 0.5000000000
27283  35.782  -57.173  -40.768 0.4000000060
28403  36.209  -56.764  -40.155 0.4000000060
27298  35.291  -57.048  -41.404 0.5000000000
28439  35.052  -56.503  -42.758 0.5000000000
28459  35.282  -56.213  -43.369 0.5000000000
29615  35.599  -55.822  -44.028 0.6000000238
29630  35.588  -55.294  -44.611 0.6000000238
30782  35.950  -55.240  -45.573 0.6000000238
31825  35.082  -53.643  -39.649 0.4000000060
30691  35.877  -54.555  -39.605 0.4000000060
33064  35.812  -52.976  -39.577 0.4000000060
34301  35.602  -52.397  -39.425 0.4000000060
39011  34.879  -48.883  -48.413 0.6000000238
30693  34.627  -54.482  -39.657 0.4000000060
29536  35.692  -55.426  -39.642 0.4000000060
39003  32.774  -48.876  -48.318 0.6000000238
37832  31.613  -50.338  -47.261 0.5000000000
179297  31.124  -50.707  -46.829 0.4000000060
28405  34.915  -56.305  -40.466 0.4000000060
27315  34.904  -56.714  -42.034 0.5000000000
200321  34.747  -55.022  -43.786 0.5000000000
30776  34.882  -54.508  -44.114 0.6000000238
30783  35.700  -54.924  -45.076 0.6000000238
31925  35.791  -53.897  -45.414 0.6000000238
33065  35.030  -52.805  -39.623 0.4000000060
185941  34.500  -48.157  -48.721 0.6000000238
39013  33.077  -49.003  -48.441 0.6000000238
38993  32.605  -48.780  -47.754 0.5000000000
37814  31.322  -50.064  -45.406 0.5000000000
30709  34.029  -54.833  -39.979 0.4000000060
191542  34.677  -56.417  -40.998 0.4000000060
29589  33.884  -55.758  -41.746 0.5000000000
192818  33.902  -55.042  -42.822 0.5000000000
31914  35.083  -53.862  -44.411 0.5000000000
34302  34.978  -52.094  -39.557 0.4000000060
188137  33.703  -48.029  -48.897 0.6000000238
40150  32.988  -48.170  -48.191 0.5000000000
38987  32.321  -49.233  -46.283 0.5000000000
29602  34.165  -55.708  -42.530 0.5000000000
30758  34.466  -54.547  -43.646 0.4000000060
33124  34.816  -53.234  -44.216 0.4000000060
31920  35.500  -53.850  -44.873 0.4000000060
33129  35.864  -52.813  -45.494 0.6000000238
34354  36.707  -52.335  -46.048 0.4000000060
189296  34.941  -51.356  -39.450 0.4000000060
33066  34.273  -53.351  -39.610 0.4000000060
40158  34.932  -47.574  -48.750 0.6000000238
33067  33.521  -53.207  -39.689 0.4000000060
41355  35.477  -46.929  -48.781 0.5000000000
40159  33.319  -47.756  -48.692 0.5000000000
40140  32.934  -48.218  -47.208 0.5000000000
38975  32.306  -49.091  -45.419 0.4000000060
41335  33.303  -47.606  -47.615 0.4000000060
30743  33.409  -54.473  -42.751 0.5000000000
31892  33.585  -54.122  -43.296 0.5000000000
33114  33.734  -53.018  -43.578 0.6000000238
34344  35.020  -52.574  -44.474 0.4000000060
34343  35.421  -52.522  -44.797 0.4000000060
35480  36.366  -51.922  -45.508 0.4000000060
35470  34.665  -51.980  -44.312 0.5000000000
42522  35.303  -46.345  -48.831 0.5000000000
41357  34.159  -46.900  -48.553 0.6000000238
42505  35.285  -45.956  -48.610 0.4000000060
36616  36.044  -50.742  -45.174 0.5000000000
205877  37.172  -51.231  -45.474 0.5000000000
35471  34.221  -51.406  -44.175 0.5000000000
34345  34.455  -52.647  -44.120 0.5000000000
35469  35.353  -51.866  -44.677 0.5000000000
183052  35.457  -50.995  -44.769 0.5000000000
35443  33.680  -51.861  -39.693 0.4000000060
40130  40.036  -48.162  -46.011 0.5000000000
37810  37.146  -50.138  -45.491 0.4000000060
36615  36.836  -50.717  -45.374 0.5000000000
36597  35.302  -50.359  -44.720 0.5000000000
36599  34.403  -50.743  -44.300 0.5000000000
43638  35.544  -45.582  -48.442 0.4000000060
198129  38.618  -48.027  -45.941 0.4000000060
41325  37.837  -48.145  -45.806 0.4000000060
205702  38.295  -49.026  -45.940 0.5000000000
38985  37.407  -49.566  -45.692 0.5000000000
37811  36.422  -50.005  -45.245 0.5000000000
180439  36.894  -49.595  -45.410 0.5000000000
37812  35.763  -50.139  -44.953 0.5000000000
181295  35.917  -48.792  -45.097 0.5000000000
40120  36.526  -48.545  -45.288 0.4000000060
36644  34.069  -50.793  -47.873 0.6000000238
31933  34.202  -54.301  -47.587 0.6000000238
37839  34.160  -50.103  -48.135 0.6000000238
25246  33.774  -59.341  -48.861 0.5000000000
43650  37.251  -46.051  -49.101 0.5000000000
31924  36.140  -53.978  -46.070 0.6000000238
34349  36.182  -52.421  -45.640 0.4000000060
185620  32.630  -54.264  -48.106 0.5000000000
31934  33.333  -53.965  -47.749 0.5000000000
33148  33.244  -53.257  -47.796 0.5000000000
35505  32.251  -51.473  -48.212 0.4000000060
35507  30.895  -51.766  -48.148 0.4000000060
27313  36.333  -57.342  -41.888 0.6000000238
189470  32.627  -50.294  -48.143 0.6000000238
192507  35.046  -55.525  -39.777 0.4000000060
37848  33.454  -49.479  -48.380 0.6000000238
37841  32.756  -49.577  -48.257 0.6000000238
36634  31.609  -50.389  -48.025 0.5000000000
36628  30.528  -51.038  -46.449 0.5000000000
35493  29.864  -51.621  -47.057 0.5000000000
36617  31.081  -50.575  -46.050 0.5000000000
40160  33.224  -48.411  -48.527 0.5000000000
37825  31.994  -49.808  -46.765 0.5000000000
38994  32.308  -49.309  -47.285 0.5000000000
31915  34.649  -53.885  -43.902 0.5000000000
37813  31.920  -49.659  -45.816 0.5000000000
178961  33.137  -54.557  -41.931 0.5000000000
41356  34.557  -46.978  -48.771 0.6000000238
34350  35.810  -52.247  -45.181 0.3000000119
40119  37.170  -48.344  -45.566 0.4000000060
14639  41.031  -66.344  -38.230 0.3000000119
15489  41.219  -65.557  -38.508 0.3000000119
16303  41.607  -65.243  -38.061 0.3000000119
17284  42.247  -64.189  -38.346 0.3000000119
16312  41.424  -65.140  -38.569 0.3000000119
18192  42.628  -63.505  -37.785 0.3000000119
18215  41.462  -63.981  -38.736 0.3000000119
207574  42.539  -63.681  -38.195 0.3000000119
20114  45.196  -61.930  -35.153 0.3000000119
19120  43.532  -62.644  -37.174 0.3000000119
20146  43.848  -62.065  -37.662 0.3000000119
20156  43.069  -62.390  -38.280 0.3000000119
20128  44.599  -62.125  -36.265 0.3000000119
21099  45.928  -61.033  -35.804 0.3000000119
21100  45.439  -61.388  -36.181 0.3000000119
21114  44.961  -61.716  -37.066 0.4000000060
20155  44.057  -61.629  -37.664 0.4000000060
21127  43.683  -61.149  -38.060 0.4000000060
21132  43.141  -60.496  -38.739 0.3000000119
22982  47.154  -59.730  -35.762 0.3000000119
22045  46.208  -60.678  -36.856 0.4000000060
22054  45.361  -60.555  -37.621 0.4000000060
21125  44.852  -60.715  -37.693 0.4000000060
22971  47.348  -60.089  -34.691 0.3000000119
21131  43.896  -60.325  -38.337 0.4000000060
174686  48.053  -58.536  -34.204 0.4000000060
23998  47.863  -59.188  -34.955 0.4000000060
22064  43.549  -59.967  -39.347 0.4000000060
23049  44.635  -59.500  -39.511 0.3000000119
24017  47.627  -59.452  -36.342 0.4000000060
208416  46.947  -60.016  -36.939 0.3000000119
23022  46.326  -60.011  -37.795 0.4000000060
25052  48.131  -58.639  -35.388 0.4000000060
23033  46.275  -59.828  -38.567 0.5000000000
22058  45.336  -60.395  -38.273 0.4000000060
22183  41.988  -59.521  -45.891 0.5000000000
26100  48.118  -58.113  -34.283 0.4000000060
22062  44.999  -59.836  -38.701 0.4000000060
22151  43.056  -59.613  -44.341 0.3000000119
24194  43.904  -58.851  -45.304 0.4000000060
23091  44.377  -59.392  -42.036 0.3000000119
25232  33.534  -59.440  -48.631 0.4000000060
25247  32.978  -59.341  -48.888 0.4000000060
175313  39.878  -59.948  -47.494 0.4000000060
25228  40.881  -58.769  -46.810 0.4000000060
23203  40.366  -59.727  -46.990 0.4000000060
183137  48.047  -58.807  -36.244 0.4000000060
24035  47.387  -59.593  -37.014 0.3000000119
23021  46.762  -59.588  -38.043 0.5000000000
24212  40.992  -59.042  -46.646 0.4000000060
23201  41.701  -59.350  -46.502 0.4000000060
26118  48.284  -57.966  -35.376 0.4000000060
22169  42.800  -59.381  -45.265 0.4000000060
23048  45.264  -59.374  -39.192 0.4000000060
24202  43.826  -58.539  -46.028 0.5000000000
23063  44.958  -59.023  -39.952 0.5000000000
25197  44.894  -58.085  -44.869 0.4000000060
23170  43.829  -59.068  -44.590 0.4000000060
24101  45.178  -58.588  -41.157 0.3000000119
24160  44.457  -58.826  -43.877 0.4000000060
27389  32.961  -58.049  -48.811 0.4000000060
26268  39.623  -58.543  -47.796 0.4000000060
26146  48.318  -58.091  -36.568 0.4000000060
24034  47.739  -59.098  -37.351 0.4000000060
25227  42.440  -58.484  -46.962 0.4000000060
183679  42.342  -59.081  -46.523 0.5000000000
25106  47.833  -58.435  -37.604 0.4000000060
178226  47.111  -59.191  -38.195 0.4000000060
25224  43.781  -58.127  -46.348 0.5000000000
187413  48.357  -57.550  -36.833 0.4000000060
26170  48.163  -57.807  -37.895 0.4000000060
25123  47.275  -58.795  -38.667 0.4000000060
25131  47.253  -58.521  -39.458 0.5000000000
205852  46.512  -58.676  -40.141 0.5000000000
26263  43.312  -57.961  -46.959 0.4000000060
205539  44.228  -57.332  -46.147 0.5000000000
174770  48.273  -56.461  -37.484 0.4000000060
24100  45.698  -58.272  -40.686 0.5000000000
26255  44.627  -58.113  -45.524 0.4000000060
24110  45.532  -58.290  -41.415 0.4000000060
25162  45.273  -58.451  -42.917 0.4000000060
187804  45.035  -58.663  -43.260 0.4000000060
25185  45.276  -58.030  -44.075 0.4000000060
27377  42.232  -57.699  -46.869 0.4000000060
28504  42.193  -56.865  -46.278 0.3000000119
208136  47.973  -57.438  -39.130 0.4000000060
26197  47.247  -58.008  -39.817 0.4000000060
28510  43.898  -56.825  -46.656 0.4000000060
34358  29.849  -52.188  -47.579 0.4000000060
28341  48.195  -55.838  -37.878 0.4000000060
28366  48.298  -56.231  -38.336 0.4000000060
26203  46.947  -57.767  -40.270 0.5000000000
25151  46.428  -57.979  -41.364 0.5000000000
29648  44.172  -56.507  -45.731 0.5000000000
27357  44.985  -57.302  -45.157 0.4000000060
29505  48.094  -55.368  -38.477 0.4000000060
26219  46.179  -57.805  -41.996 0.4000000060
181983  45.271  -57.612  -44.959 0.4000000060
26234  46.088  -57.599  -43.349 0.4000000060
27352  45.952  -56.956  -44.079 0.4000000060
28493  41.521  -56.742  -45.883 0.4000000060
27364  43.265  -56.966  -46.776 0.3000000119
208329  48.057  -56.682  -39.572 0.4000000060
27276  47.746  -56.852  -40.099 0.4000000060
29649  43.818  -56.154  -45.781 0.3000000119
29525  48.080  -55.605  -39.891 0.4000000060
198783  47.541  -56.017  -40.723 0.4000000060
27292  46.910  -56.940  -41.084 0.4000000060
26218  46.662  -57.464  -41.635 0.5000000000
30668  48.028  -55.007  -39.032 0.4000000060
30700  47.854  -54.696  -40.256 0.4000000060
28433  46.880  -56.198  -42.579 0.4000000060
28447  46.583  -56.293  -43.197 0.4000000060
200897  45.387  -56.242  -44.506 0.4000000060
181771  40.346  -56.813  -45.630 0.4000000060
28414  47.046  -56.277  -41.197 0.4000000060
16404  40.122  -65.141  -43.262 0.3000000119
21076  46.241  -61.463  -34.398 0.3000000119
22017  47.290  -60.768  -34.493 0.3000000119
23996  47.841  -59.610  -33.905 0.4000000060
27172  47.985  -57.226  -34.683 0.4000000060
27196  48.346  -57.458  -36.192 0.4000000060
27185  47.579  -56.883  -35.328 0.4000000060
28319  48.059  -55.909  -36.774 0.4000000060
193656  42.699  -56.461  -45.932 0.3000000119
29506  48.111  -55.515  -38.570 0.4000000060
191522  41.739  -56.431  -45.388 0.4000000060
29637  43.504  -55.500  -44.837 0.4000000060
30785  44.106  -55.309  -45.207 0.4000000060
31814  47.404  -54.189  -39.891 0.4000000060
30729  47.357  -55.176  -41.310 0.4000000060
29586  47.103  -55.411  -41.879 0.4000000060
29611  46.911  -55.582  -43.105 0.4000000060
30779  45.372  -55.433  -44.009 0.3000000119
29641  44.931  -56.008  -44.924 0.4000000060
31837  47.440  -54.334  -40.779 0.4000000060
23192  42.740  -59.102  -46.255 0.4000000060
28482  40.687  -56.599  -45.038 0.4000000060
15491  40.673  -66.195  -39.155 0.3000000119
17259  42.237  -63.999  -37.692 0.3000000119
17285  41.697  -64.785  -38.701 0.3000000119
208995  38.965  -65.948  -43.350 0.3000000119
17350  40.497  -64.772  -42.670 0.3000000119
19134  42.899  -62.980  -37.980 0.3000000119
21087  45.505  -61.429  -35.445 0.3000000119
19132  43.891  -62.138  -37.313 0.4000000060
21112  45.880  -61.095  -36.553 0.3000000119
22983  46.959  -60.268  -35.156 0.3000000119
21117  45.016  -61.231  -37.329 0.4000000060
22956  47.941  -60.135  -33.562 0.3000000119
26090  47.576  -58.282  -33.316 0.4000000060
24078  46.823  -59.058  -39.215 0.4000000060
24091  45.319  -58.594  -40.335 0.5000000000
23109  44.832  -59.005  -42.379 0.3000000119
24080  45.612  -58.887  -39.583 0.5000000000
28305  48.074  -56.303  -36.271 0.4000000060
26228  45.963  -57.641  -42.655 0.4000000060
29612  46.467  -55.821  -43.621 0.4000000060
28435  42.035  -56.998  -42.430 0.4000000060
28436  41.541  -57.075  -43.041 0.4000000060
28417  41.172  -56.371  -40.911 0.4000000060
27278  39.954  -56.965  -40.682 0.3000000119
27307  40.927  -57.319  -41.843 0.5000000000
27339  40.857  -57.173  -43.247 0.4000000060
28452  40.229  -56.994  -43.771 0.4000000060
193535  39.665  -57.930  -37.983 0.3000000119
176021  39.997  -57.342  -38.152 0.3000000119
30654  38.452  -54.474  -38.340 0.3000000119
31820  39.244  -53.876  -39.642 0.3000000119
31821  38.237  -53.551  -39.459 0.3000000119
29533  37.967  -54.846  -39.802 0.3000000119
27240  39.673  -56.712  -38.277 0.3000000119
28348  38.641  -56.162  -38.128 0.3000000119
29492  38.243  -55.364  -38.080 0.3000000119
25111  38.640  -58.338  -37.736 0.3000000119
26177  38.057  -57.966  -37.797 0.3000000119
31807  38.250  -53.519  -39.053 0.3000000119
33053  37.747  -53.342  -39.067 0.3000000119
201753  38.180  -56.717  -38.073 0.3000000119
177786  36.665  -54.776  -37.812 0.3000000119
31787  37.931  -53.556  -38.582 0.3000000119
27245  35.958  -56.217  -37.673 0.3000000119
28351  36.768  -56.113  -37.843 0.3000000119
31778  35.753  -54.246  -37.585 0.3000000119
29476  35.571  -55.557  -37.512 0.3000000119
31779  34.349  -53.861  -37.186 0.3000000119
26178  36.726  -57.513  -37.677 0.3000000119
31789  36.890  -53.463  -37.961 0.3000000119
33038  36.684  -52.854  -38.109 0.3000000119
34294  35.871  -52.181  -38.770 0.3000000119
29477  34.836  -55.654  -37.288 0.3000000119
31790  36.106  -53.444  -37.606 0.3000000119
35408  34.979  -51.745  -37.278 0.3000000119
30647  34.467  -54.526  -37.216 0.3000000119
182170  34.767  -53.388  -37.272 0.3000000119
33018  35.396  -53.090  -37.408 0.3000000119
35384  33.898  -51.461  -36.796 0.3000000119
35431  35.378  -51.266  -38.746 0.3000000119
34283  35.853  -52.163  -38.027 0.3000000119
208462  35.457  -51.323  -37.974 0.3000000119
37757  35.055  -50.202  -38.775 0.3000000119
191692  34.400  -51.811  -39.640 0.3000000119
38894  35.121  -49.309  -38.595 0.3000000119
37768  34.862  -50.157  -39.317 0.3000000119
37769  34.193  -50.086  -39.556 0.3000000119
28398  40.191  -56.014  -40.438 0.3000000119
27293  41.146  -56.936  -41.242 0.4000000060
30688  38.414  -54.028  -39.818 0.3000000119
33055  36.829  -52.850  -38.760 0.3000000119
28415  42.470  -56.227  -41.501 0.5000000000
26175  39.261  -57.353  -38.116 0.3000000119
30656  37.671  -54.091  -38.115 0.3000000119
29517  38.938  -54.063  -38.775 0.3000000119
30687  38.902  -54.054  -39.914 0.3000000119
30708  39.304  -54.355  -40.259 0.3000000119
29493  37.476  -55.573  -37.974 0.3000000119
27243  37.050  -56.879  -37.849 0.3000000119
33036  37.529  -53.291  -38.636 0.3000000119
30645  35.977  -54.848  -37.629 0.3000000119
33021  33.553  -53.129  -36.800 0.3000000119
34249  33.628  -51.965  -36.753 0.3000000119
33039  36.001  -52.698  -37.839 0.3000000119
31768  33.277  -54.252  -36.698 0.3000000119
34267  34.717  -52.258  -37.163 0.3000000119
30772  44.580  -55.076  -44.497 0.3000000119
31911  45.445  -54.899  -43.518 0.4000000060
33083  45.009  -53.704  -41.650 0.4000000060
33103  44.960  -53.948  -42.058 0.4000000060
30774  43.785  -54.872  -44.822 0.3000000119
31876  44.306  -53.798  -42.012 0.4000000060
31843  43.797  -53.750  -41.054 0.3000000119
30756  44.059  -54.936  -44.313 0.4000000060
31877  44.169  -53.990  -42.120 0.4000000060
31863  43.163  -53.856  -41.094 0.3000000119
29613  43.728  -55.349  -43.819 0.3000000119
30742  43.999  -55.212  -42.918 0.4000000060
30718  43.620  -54.280  -41.747 0.4000000060
28449  42.636  -56.410  -43.370 0.3000000119
29600  43.149  -56.148  -42.637 0.4000000060
29569  42.701  -55.393  -41.362 0.4000000060
29628  43.360  -55.771  -44.331 0.3000000119
28469  42.095  -56.592  -43.969 0.3000000119
198843  41.582  -56.546  -44.408 0.3000000119
28479  42.984  -56.245  -44.818 0.3000000119
29587  43.543  -55.321  -42.178 0.4000000060
191026  44.679  -54.656  -42.715 0.4000000060
173697  48.019  -59.506  -32.541 0.3000000119
30739  46.736  -54.635  -42.538 0.3000000119
22897  47.362  -60.389  -29.571 0.3000000119
22915  47.584  -60.015  -30.288 0.3000000119
207626  47.761  -59.595  -31.615 0.3000000119
25001  47.606  -58.665  -32.712 0.3000000119
31899  45.868  -54.365  -43.033 0.3000000119
31874  46.952  -54.153  -41.617 0.3000000119
23919  46.468  -59.550  -29.228 0.3000000119
24982  47.298  -59.195  -30.985 0.3000000119
23935  46.697  -59.208  -29.867 0.3000000119
26081  47.481  -58.479  -32.686 0.3000000119
27165  47.847  -57.446  -34.165 0.3000000119
33101  46.123  -53.744  -41.941 0.3000000119
22884  44.486  -60.083  -28.850 0.3000000119
24969  45.384  -58.635  -30.119 0.3000000119
23921  44.753  -59.470  -29.133 0.3000000119
205230  46.698  -58.574  -31.699 0.3000000119
24983  46.309  -58.537  -30.925 0.3000000119
26091  47.250  -58.112  -33.159 0.3000000119
24970  44.675  -58.720  -30.164 0.3000000119
24985  44.984  -58.339  -30.674 0.3000000119
26083  46.171  -58.085  -32.584 0.3000000119
26068  45.833  -58.217  -31.250 0.3000000119
27173  47.246  -57.151  -34.703 0.3000000119
27197  47.255  -56.535  -35.876 0.3000000119
29475  47.024  -55.937  -37.528 0.3000000119
23939  43.846  -59.602  -30.103 0.3000000119
26103  46.137  -57.812  -33.886 0.3000000119
26092  46.146  -57.954  -33.324 0.3000000119
177701  46.820  -56.906  -35.552 0.3000000119
33080  46.877  -53.253  -41.169 0.3000000119
24993  44.173  -58.498  -31.413 0.3000000119
23957  43.550  -59.430  -30.751 0.3000000119
26085  44.706  -58.101  -32.002 0.3000000119
26084  45.398  -58.119  -32.273 0.3000000119
27174  45.921  -57.516  -34.982 0.3000000119
28321  46.478  -56.362  -37.091 0.3000000119
30669  47.347  -55.173  -38.952 0.3000000119
31815  46.885  -53.965  -40.112 0.3000000119
31841  45.397  -53.804  -40.713 0.3000000119
30755  45.994  -54.821  -43.540 0.3000000119
25017  44.035  -58.609  -32.870 0.3000000119
206279  45.145  -58.380  -34.291 0.3000000119
174526  45.716  -57.278  -36.175 0.3000000119
29489  46.571  -55.887  -38.198 0.3000000119
25002  47.566  -58.798  -32.280 0.3000000119
22898  47.155  -59.748  -29.543 0.3000000119
23956  47.547  -59.593  -30.777 0.3000000119
14622  41.370  -66.082  -37.573 0.3000000119
14658  40.847  -65.909  -38.903 0.3000000119
15468  41.627  -65.640  -37.746 0.3000000119
15480  41.219  -65.926  -38.133 0.3000000119
15490  41.026  -65.691  -38.858 0.3000000119
15555  38.692  -66.086  -43.721 0.3000000119
16421  39.511  -65.438  -43.420 0.3000000119
17260  42.073  -64.638  -37.654 0.3000000119
17272  42.196  -64.096  -38.144 0.3000000119
17273  41.946  -64.769  -38.040 0.3000000119
17297  41.135  -65.317  -39.080 0.3000000119
17349  40.740  -64.217  -42.397 0.3000000119
17365  40.525  -64.886  -42.925 0.3000000119
18191  43.027  -63.020  -37.558 0.3000000119
18202  42.524  -63.604  -38.091 0.3000000119
19104  44.715  -62.240  -35.557 0.3000000119
19119  43.982  -62.266  -36.656 0.3000000119
19133  43.475  -62.596  -37.774 0.3000000119
19142  43.221  -62.729  -37.996 0.3000000119
19143  42.793  -63.136  -38.140 0.3000000119
20101  45.735  -61.715  -34.764 0.3000000119
20127  45.081  -61.824  -35.867 0.3000000119
20137  45.064  -61.804  -36.578 0.3000000119
20138  44.486  -61.952  -36.908 0.4000000060
21069  46.439  -61.797  -33.817 0.3000000119
21086  46.078  -61.176  -35.051 0.3000000119
21113  45.410  -61.464  -36.861 0.3000000119
21118  44.390  -61.709  -37.389 0.4000000060
21126  44.341  -60.964  -37.858 0.4000000060
21133  42.347  -60.747  -39.305 0.3000000119
22016  47.589  -60.128  -34.160 0.3000000119
22025  46.475  -60.663  -35.362 0.3000000119
22033  46.746  -60.256  -35.937 0.3000000119
22034  46.300  -60.655  -36.200 0.4000000060
22044  46.689  -60.347  -36.620 0.3000000119
22046  45.650  -60.947  -37.112 0.4000000060
22053  45.962  -60.449  -37.450 0.4000000060
22057  45.825  -60.301  -38.173 0.4000000060
22059  44.672  -60.289  -38.175 0.4000000060
22063  44.269  -59.841  -38.919 0.4000000060
22071  44.013  -59.688  -39.935 0.3000000119
22122  41.654  -60.163  -43.379 0.3000000119
22136  41.952  -60.235  -43.452 0.3000000119
22150  43.456  -59.347  -44.559 0.4000000060
22152  42.631  -59.611  -44.356 0.3000000119
22168  43.222  -59.217  -45.329 0.4000000060
22170  42.448  -59.489  -45.392 0.5000000000
22172  41.600  -59.600  -45.670 0.5000000000
22181  42.939  -59.245  -45.825 0.4000000060
22182  42.510  -59.398  -45.868 0.4000000060
22885  43.880  -60.417  -29.190 0.3000000119
22970  47.383  -59.666  -35.106 0.4000000060
22998  47.071  -59.891  -36.437 0.3000000119
23009  46.860  -59.798  -37.430 0.3000000119
23010  46.513  -60.236  -37.176 0.3000000119
23034  45.653  -60.010  -38.738 0.5000000000
23047  45.899  -59.399  -39.066 0.4000000060
23090  44.728  -58.915  -41.662 0.3000000119
23111  40.224  -60.132  -42.755 0.4000000060
23153  44.112  -59.172  -43.915 0.4000000060
23154  41.785  -59.590  -43.990 0.3000000119
23171  41.877  -59.392  -44.824 0.5000000000
23172  41.267  -59.569  -45.414 0.6000000238
23173  40.588  -59.735  -45.756 0.6000000238
23174  39.608  -59.896  -45.463 0.5000000000
23175  38.999  -59.977  -45.444 0.4000000060
23184  43.624  -58.827  -45.810 0.5000000000
23185  43.226  -59.012  -45.947 0.4000000060
23186  40.858  -59.629  -45.900 0.6000000238
23190  37.771  -60.066  -45.938 0.4000000060
23191  43.264  -58.747  -46.283 0.4000000060
23193  41.624  -59.625  -46.333 0.4000000060
23194  41.017  -59.565  -46.069 0.4000000060
23195  40.411  -59.838  -46.612 0.6000000238
23196  39.760  -60.328  -46.801 0.5000000000
23199  37.573  -60.202  -46.759 0.4000000060
23200  42.870  -58.958  -46.446 0.5000000000
23202  40.919  -59.426  -46.333 0.4000000060
23206  38.120  -60.250  -47.569 0.4000000060
23207  37.544  -60.195  -47.503 0.4000000060
23208  38.247  -60.059  -47.762 0.4000000060
23920  45.570  -59.465  -29.121 0.3000000119
23922  44.174  -59.845  -29.491 0.3000000119
23934  47.321  -59.481  -30.223 0.3000000119
23936  45.895  -59.025  -29.626 0.3000000119
23937  45.045  -58.981  -29.545 0.3000000119
23938  44.396  -59.172  -29.705 0.3000000119
23955  47.626  -59.400  -31.366 0.3000000119
23967  48.005  -59.639  -31.972 0.3000000119
23993  48.012  -59.590  -33.269 0.3000000119
24003  47.766  -59.281  -35.647 0.4000000060
24057  47.500  -58.885  -37.972 0.4000000060
24058  47.294  -59.408  -37.688 0.4000000060
24070  46.772  -59.314  -38.619 0.4000000060
24079  46.325  -59.221  -39.556 0.5000000000
24089  46.658  -58.811  -39.785 0.5000000000
24090  46.061  -58.696  -40.059 0.5000000000
24111  45.148  -58.643  -41.881 0.4000000060
24121  45.454  -58.362  -41.980 0.4000000060
24122  45.217  -58.621  -42.430 0.3000000119
24141  44.729  -58.945  -43.296 0.4000000060
24142  40.923  -59.603  -43.568 0.4000000060
24143  40.260  -59.610  -43.360 0.6000000238
24144  39.534  -59.568  -43.390 0.5000000000
24145  38.958  -59.589  -43.343 0.5000000000
24159  44.823  -58.441  -43.775 0.4000000060
24161  41.453  -59.357  -44.702 0.5000000000
24164  39.801  -59.505  -44.039 0.5000000000
24179  44.545  -58.459  -44.460 0.4000000060
24180  44.014  -58.980  -44.466 0.4000000060
24184  38.550  -59.897  -44.993 0.5000000000
24185  37.914  -59.910  -45.163 0.5000000000
24187  36.476  -59.548  -45.581 0.4000000060
24193  44.284  -58.465  -45.808 0.5000000000
24195  37.085  -59.895  -46.087 0.4000000060
24197  35.688  -59.357  -46.066 0.4000000060
24201  44.125  -58.250  -46.070 0.5000000000
24203  36.855  -60.077  -47.489 0.4000000060
24208  43.545  -58.400  -46.361 0.5000000000
24209  43.119  -58.606  -46.850 0.5000000000
24210  42.607  -58.722  -46.840 0.5000000000
24211  42.163  -58.958  -46.695 0.4000000060
24213  40.417  -59.355  -47.201 0.4000000060
24214  39.378  -59.620  -47.839 0.5000000000
24218  35.701  -59.661  -47.898 0.4000000060
24220  38.734  -59.870  -47.815 0.4000000060
24222  37.310  -59.494  -48.542 0.5000000000
24223  36.605  -59.527  -48.476 0.5000000000
24967  46.800  -58.962  -30.586 0.3000000119
24968  46.149  -58.733  -30.274 0.3000000119
24971  44.116  -59.046  -30.421 0.3000000119
24984  45.664  -58.374  -30.702 0.3000000119
24986  44.400  -58.554  -30.833 0.3000000119
24987  43.888  -58.945  -31.127 0.3000000119
24991  47.216  -58.872  -31.771 0.3000000119
24992  46.847  -58.787  -31.334 0.3000000119
25015  47.878  -59.090  -33.174 0.3000000119
25038  48.075  -58.750  -34.736 0.4000000060
25085  48.028  -58.620  -36.974 0.4000000060
25091  38.977  -58.841  -37.434 0.3000000119
25110  39.322  -58.427  -37.782 0.3000000119
25122  47.798  -58.346  -38.310 0.4000000060
25130  47.691  -58.289  -38.931 0.4000000060
25137  46.845  -58.409  -40.125 0.5000000000
25138  46.355  -58.494  -40.486 0.5000000000
25145  46.570  -58.117  -40.699 0.5000000000
25146  46.099  -58.233  -41.059 0.5000000000
25152  45.892  -58.133  -41.702 0.4000000060
25161  45.568  -58.090  -42.375 0.4000000060
25173  45.674  -57.995  -43.114 0.4000000060
25174  45.290  -58.230  -43.481 0.4000000060
25206  45.147  -57.891  -45.109 0.4000000060
25207  44.599  -58.157  -45.503 0.4000000060
25215  44.414  -58.121  -45.876 0.5000000000
25223  44.193  -57.940  -46.109 0.5000000000
25225  43.305  -58.345  -46.921 0.5000000000
25226  42.972  -58.531  -47.053 0.5000000000
25229  40.414  -58.880  -47.267 0.4000000060
25240  38.750  -59.097  -48.108 0.4000000060
25241  38.142  -58.820  -48.478 0.6000000238
25243  36.805  -59.195  -48.877 0.5000000000
25244  35.420  -59.230  -48.929 0.5000000000
26067  46.387  -58.387  -31.477 0.3000000119
26069  45.279  -58.162  -31.096 0.3000000119
26073  46.936  -58.633  -31.924 0.3000000119
26074  46.521  -58.352  -32.049 0.3000000119
26075  45.931  -58.189  -31.858 0.3000000119
26076  45.291  -58.086  -31.612 0.3000000119
26077  44.679  -58.156  -31.343 0.3000000119
26082  46.902  -58.243  -32.635 0.3000000119
26093  45.507  -58.159  -33.024 0.3000000119
26094  44.800  -58.517  -32.751 0.3000000119
26101  47.844  -57.843  -33.910 0.4000000060
26102  47.532  -57.884  -33.715 0.3000000119
26108  48.193  -58.227  -34.787 0.4000000060
26109  45.730  -57.888  -34.388 0.3000000119
26129  48.318  -58.112  -35.930 0.4000000060
26174  40.345  -57.932  -37.999 0.3000000119
26176  38.631  -57.681  -37.985 0.3000000119
26188  48.065  -57.700  -38.689 0.4000000060
26196  47.679  -57.832  -39.363 0.4000000060
26202  47.431  -57.452  -39.882 0.4000000060
26204  38.019  -57.739  -41.096 0.4000000060
26209  47.153  -57.150  -40.424 0.4000000060
26210  46.783  -57.600  -40.918 0.5000000000
26211  39.005  -57.865  -41.605 0.6000000238
26213  37.377  -57.629  -41.014 0.6000000238
26221  37.555  -57.818  -41.617 0.6000000238
26227  46.453  -57.338  -42.311 0.4000000060
26235  45.803  -57.826  -43.845 0.4000000060
26243  45.756  -57.539  -44.398 0.4000000060
26254  44.769  -57.697  -45.398 0.4000000060
26259  44.465  -57.771  -45.838 0.5000000000
26261  44.224  -57.537  -46.176 0.5000000000
26262  43.779  -57.792  -46.529 0.5000000000
26264  43.000  -58.280  -47.153 0.4000000060
26265  41.940  -58.156  -46.915 0.5000000000
26267  40.601  -58.369  -47.045 0.4000000060
26275  39.050  -58.527  -48.075 0.6999999881
26278  34.917  -59.005  -49.030 0.6000000238
26279  34.229  -58.981  -48.969 0.5000000000
27164  48.040  -57.495  -34.296 0.3000000119
27166  46.524  -57.455  -34.314 0.3000000119
27171  48.169  -57.571  -34.875 0.4000000060
27183  48.272  -57.481  -35.549 0.4000000060
27184  48.073  -57.093  -35.315 0.4000000060
27186  46.155  -57.246  -35.584 0.3000000119
27198  46.455  -56.922  -36.081 0.3000000119
27211  48.286  -56.946  -36.814 0.4000000060
27233  48.358  -57.048  -38.118 0.4000000060
27239  40.686  -57.345  -38.214 0.3000000119
27241  38.649  -57.004  -38.107 0.3000000119
27242  37.664  -56.841  -37.993 0.3000000119
27244  36.370  -56.877  -37.688 0.3000000119
27257  48.204  -56.902  -38.935 0.4000000060
27270  47.878  -57.219  -39.517 0.4000000060
27277  40.661  -56.619  -40.753 0.3000000119
27280  38.379  -57.271  -40.558 0.4000000060
27282  36.554  -57.237  -40.533 0.4000000060
27284  35.131  -56.763  -40.881 0.4000000060
27291  47.375  -56.553  -40.592 0.4000000060
27294  40.516  -57.186  -41.228 0.6000000238
27295  39.428  -57.572  -41.142 0.6000000238
27296  36.866  -57.515  -40.899 0.6000000238
27297  36.368  -57.410  -41.132 0.6000000238
27299  34.758  -56.671  -41.407 0.5000000000
27305  46.854  -56.754  -41.950 0.5000000000
27306  41.588  -57.059  -41.822 0.4000000060
27308  40.277  -57.479  -41.879 0.5000000000
27312  37.059  -57.561  -42.106 0.6000000238
27314  35.600  -57.096  -41.967 0.5000000000
27322  46.564  -56.822  -42.720 0.4000000060
27323  46.215  -57.289  -42.867 0.4000000060
27324  41.276  -57.253  -42.487 0.4000000060
27325  40.599  -57.434  -42.495 0.5000000000
27326  39.386  -57.411  -42.788 0.5000000000
27328  37.940  -57.423  -42.866 0.5000000000
27329  37.284  -57.369  -42.771 0.5000000000
27330  36.616  -57.240  -42.644 0.6000000238
27332  35.393  -56.877  -42.482 0.5000000000
27338  46.123  -56.970  -43.353 0.4000000060
27340  39.603  -57.112  -43.575 0.5000000000
27341  38.926  -57.163  -43.492 0.5000000000
27343  37.534  -57.117  -43.393 0.5000000000
27354  45.693  -56.614  -44.329 0.4000000060
27355  45.448  -57.033  -44.629 0.4000000060
27362  44.514  -57.370  -45.614 0.5000000000
27363  44.292  -57.213  -46.101 0.5000000000
27365  42.590  -57.200  -46.731 0.4000000060
27366  41.886  -57.334  -46.646 0.5000000000
27367  41.184  -57.341  -46.597 0.5000000000
27369  39.483  -57.487  -46.789 0.6999999881
27374  44.099  -57.215  -46.461 0.4000000060
27375  43.578  -57.383  -46.762 0.4000000060
27376  42.960  -57.679  -46.972 0.4000000060
27378  41.528  -57.744  -46.821 0.5000000000
27381  39.038  -57.785  -47.396 0.6999999881
27383  37.634  -56.969  -48.548 0.6999999881
28293  48.196  -57.072  -35.819 0.4000000060
28294  48.059  -56.672  -35.772 0.4000000060
28295  47.849  -56.474  -35.896 0.4000000060
28304  48.189  -56.735  -36.253 0.4000000060
28306  47.683  -56.218  -36.332 0.3000000119
28307  46.867  -56.449  -36.468 0.3000000119
28308  46.034  -56.865  -36.676 0.3000000119
28320  47.415  -55.984  -36.867 0.4000000060
28347  39.351  -55.992  -38.345 0.3000000119
28349  37.921  -56.183  -38.028 0.3000000119
28350  37.368  -56.330  -37.954 0.3000000119
28386  48.015  -56.278  -39.966 0.4000000060
28389  35.903  -56.171  -39.811 0.4000000060
28390  35.235  -56.057  -39.888 0.4000000060
28396  47.783  -56.350  -40.399 0.4000000060
28397  40.823  -55.808  -40.608 0.3000000119
28399  39.477  -56.244  -40.313 0.4000000060
28402  36.988  -56.754  -40.067 0.4000000060
28404  35.498  -56.618  -40.269 0.4000000060
28406  34.372  -56.017  -40.750 0.4000000060
28416  41.767  -56.472  -41.258 0.4000000060
28418  34.281  -56.254  -41.383 0.5000000000
28425  47.026  -56.006  -41.876 0.4000000060
28426  42.162  -56.759  -41.785 0.4000000060
28427  34.338  -56.263  -41.979 0.5000000000
28434  42.531  -56.638  -42.722 0.3000000119
28438  35.612  -56.713  -43.011 0.5000000000
28440  34.594  -56.275  -42.484 0.5000000000
28448  46.167  -56.435  -43.638 0.4000000060
28450  42.052  -56.812  -43.226 0.4000000060
28451  41.420  -56.865  -43.797 0.4000000060
28456  37.160  -56.724  -43.833 0.6000000238
28467  45.874  -56.181  -43.969 0.4000000060
28468  42.758  -56.267  -44.126 0.3000000119
28470  41.002  -56.647  -44.481 0.3000000119
28471  40.311  -56.747  -44.490 0.4000000060
28473  38.876  -56.865  -44.654 0.6000000238
28477  36.247  -56.228  -44.149 0.6000000238
28480  42.121  -56.392  -44.739 0.3000000119
28481  41.339  -56.469  -44.955 0.4000000060
28483  40.151  -56.691  -45.053 0.4000000060
28484  39.207  -56.823  -45.240 0.6000000238
28485  38.498  -56.730  -45.167 0.6000000238
28489  45.034  -56.723  -44.967 0.4000000060
28490  44.564  -56.595  -45.265 0.5000000000
28491  43.347  -56.277  -45.968 0.3000000119
28492  42.452  -56.325  -45.363 0.4000000060
28496  38.093  -56.677  -45.731 0.6000000238
28499  44.986  -57.114  -45.061 0.4000000060
28500  44.224  -56.788  -45.764 0.5000000000
28501  44.255  -56.866  -46.301 0.4000000060
28502  43.587  -56.494  -46.466 0.3000000119
28503  42.960  -56.630  -46.501 0.3000000119
28505  41.087  -56.956  -46.092 0.5000000000
28506  39.917  -57.150  -46.225 0.6999999881
28507  37.672  -56.797  -46.479 0.6999999881
28513  33.148  -56.113  -48.201 0.5000000000
28517  36.809  -56.353  -49.293 0.6999999881
28520  33.787  -56.738  -48.169 0.5000000000
29473  48.114  -55.828  -37.289 0.4000000060
29474  47.942  -55.635  -37.311 0.3000000119
29487  48.060  -55.506  -37.895 0.4000000060
29488  47.600  -55.526  -37.966 0.3000000119
29494  36.898  -55.364  -37.870 0.3000000119
29495  36.303  -55.478  -37.735 0.3000000119
29507  47.049  -55.497  -38.640 0.3000000119
29532  38.666  -54.576  -40.044 0.3000000119
29535  36.433  -54.821  -39.619 0.4000000060
29537  34.677  -55.785  -40.153 0.4000000060
29538  34.567  -55.202  -39.859 0.4000000060
29548  48.053  -55.286  -40.440 0.4000000060
29553  38.299  -55.651  -39.956 0.4000000060
29567  47.753  -55.519  -40.846 0.4000000060
29568  43.223  -55.078  -41.568 0.4000000060
29570  42.091  -55.637  -41.136 0.4000000060
29572  33.864  -55.693  -41.062 0.4000000060
29585  47.245  -55.690  -41.232 0.4000000060
29588  42.992  -55.870  -41.847 0.5000000000
29598  46.986  -55.162  -42.533 0.4000000060
29599  43.714  -55.489  -42.961 0.4000000060
29601  34.707  -55.959  -43.038 0.5000000000
29614  43.269  -55.949  -43.538 0.3000000119
29616  34.963  -55.587  -43.629 0.5000000000
29617  34.363  -55.257  -43.296 0.4000000060
29626  46.116  -55.560  -43.763 0.4000000060
29627  43.755  -55.098  -44.584 0.3000000119
29629  36.043  -55.765  -44.623 0.6000000238
29631  35.116  -55.173  -44.202 0.6000000238
29633  45.768  -55.929  -44.012 0.3000000119
29634  45.121  -55.631  -44.449 0.3000000119
29635  44.535  -55.370  -44.746 0.4000000060
29636  43.935  -54.870  -44.927 0.3000000119
29638  36.338  -55.756  -45.264 0.6000000238
29642  44.328  -55.955  -45.161 0.5000000000
29643  44.111  -56.079  -45.639 0.4000000060
29644  43.777  -55.599  -45.401 0.4000000060
29645  36.667  -56.056  -46.667 0.6999999881
29651  36.723  -55.590  -47.373 0.6000000238
29654  32.628  -55.401  -48.274 0.5000000000
29659  35.769  -55.890  -48.581 0.6999999881
29660  35.266  -55.448  -47.894 0.5000000000
29662  36.943  -55.303  -49.133 0.6999999881
30646  35.162  -54.846  -37.421 0.3000000119
30648  33.858  -55.021  -37.039 0.3000000119
30655  38.103  -54.085  -38.313 0.3000000119
30657  37.106  -54.110  -37.946 0.3000000119
30667  48.091  -55.181  -39.293 0.4000000060
30670  46.553  -55.212  -39.264 0.3000000119
30677  47.957  -54.784  -39.629 0.4000000060
30678  47.669  -54.646  -39.483 0.4000000060
30679  47.085  -54.522  -39.535 0.4000000060
30689  37.745  -54.101  -39.670 0.3000000119
30692  35.179  -54.938  -39.637 0.4000000060
30694  34.008  -54.330  -39.760 0.4000000060
30701  47.745  -54.420  -39.860 0.4000000060
30716  47.680  -54.952  -40.844 0.4000000060
30717  47.268  -54.578  -41.274 0.4000000060
30730  47.007  -54.775  -41.885 0.4000000060
30731  43.935  -54.845  -42.410 0.4000000060
30732  33.624  -55.135  -42.189 0.5000000000
30740  46.485  -54.560  -43.158 0.3000000119
30741  44.456  -54.921  -43.402 0.4000000060
30753  46.846  -54.973  -43.080 0.4000000060
30754  46.554  -55.129  -43.611 0.3000000119
30757  43.984  -55.007  -44.018 0.4000000060
30759  33.920  -54.619  -43.282 0.4000000060
30770  46.193  -55.333  -43.751 0.3000000119
30771  45.415  -55.165  -43.766 0.3000000119
30773  44.238  -54.946  -44.802 0.3000000119
30775  35.383  -54.560  -44.605 0.5000000000
30780  44.205  -55.056  -44.897 0.4000000060
30781  44.031  -55.100  -45.200 0.4000000060
30787  35.910  -54.549  -45.557 0.6000000238
30792  37.268  -54.846  -48.766 0.6999999881
31780  33.729  -53.740  -36.955 0.3000000119
31786  38.417  -53.798  -38.738 0.3000000119
31788  37.447  -53.525  -38.232 0.3000000119
31806  38.751  -53.688  -39.236 0.3000000119
31824  36.040  -53.707  -39.601 0.4000000060
31826  34.315  -53.959  -39.637 0.4000000060
31827  33.757  -53.856  -39.733 0.4000000060
31838  47.471  -54.158  -40.293 0.4000000060
31839  47.217  -53.774  -40.354 0.4000000060
31840  46.166  -53.815  -40.400 0.3000000119
31842  44.615  -53.794  -40.955 0.3000000119
31848  39.647  -53.903  -40.080 0.3000000119
31859  47.294  -53.552  -40.812 0.4000000060
31860  46.089  -53.440  -40.844 0.3000000119
31861  45.109  -53.679  -41.140 0.4000000060
31862  44.475  -53.751  -41.658 0.3000000119
31875  46.619  -53.814  -41.870 0.3000000119
31886  46.667  -54.325  -42.026 0.3000000119
31887  46.324  -54.185  -42.405 0.3000000119
31888  45.878  -54.026  -42.378 0.3000000119
31889  45.425  -54.158  -42.542 0.3000000119
31890  44.484  -54.010  -42.175 0.4000000060
31891  44.433  -54.573  -42.566 0.4000000060
31900  45.280  -54.681  -43.147 0.4000000060
31901  44.777  -54.898  -43.465 0.4000000060
31902  34.112  -54.008  -43.561 0.4000000060
31903  33.296  -53.726  -42.985 0.5000000000
31912  44.731  -54.924  -43.944 0.4000000060
31913  44.596  -54.972  -44.312 0.4000000060
31916  34.251  -53.284  -43.773 0.6000000238
31938  37.788  -53.682  -49.004 0.5000000000
31943  37.239  -54.167  -49.284 0.6000000238
31944  37.742  -53.586  -49.154 0.6000000238
33019  34.769  -52.808  -37.210 0.3000000119
33020  34.194  -53.247  -37.102 0.3000000119
33037  37.188  -53.078  -38.381 0.3000000119
33054  37.298  -53.169  -38.784 0.3000000119
33062  37.179  -53.166  -39.173 0.3000000119
33079  46.999  -53.588  -41.429 0.3000000119
33081  46.356  -53.221  -41.278 0.3000000119
33082  45.645  -53.528  -41.435 0.4000000060
33090  46.529  -53.327  -41.634 0.3000000119
33091  45.906  -53.491  -41.639 0.3000000119
33092  45.203  -53.750  -41.633 0.4000000060
33093  44.630  -53.782  -41.899 0.4000000060
33102  45.652  -53.909  -42.192 0.3000000119
33115  33.332  -53.098  -43.231 0.5000000000
33123  35.311  -53.161  -44.698 0.4000000060
33130  35.659  -53.304  -45.209 0.6000000238
33134  36.255  -52.859  -45.941 0.4000000060
33135  35.958  -53.355  -45.741 0.6000000238
33143  37.978  -53.245  -47.878 0.6000000238
33145  35.478  -52.494  -47.967 0.6000000238
33147  34.067  -53.553  -47.586 0.5000000000
33153  37.188  -52.874  -49.116 0.6000000238
33156  35.642  -53.855  -48.114 0.6000000238
34266  35.375  -52.346  -37.426 0.3000000119
34282  36.360  -52.442  -38.453 0.3000000119
34300  36.256  -52.550  -39.166 0.3000000119
34303  34.143  -52.520  -39.627 0.4000000060
34339  33.974  -52.701  -43.824 0.6000000238
34359  38.475  -52.859  -48.266 0.6000000238
34366  38.383  -52.915  -48.840 0.6000000238
34369  38.413  -52.470  -48.981 0.5000000000
34371  37.871  -52.730  -49.167 0.6000000238
35385  33.330  -51.424  -36.502 0.3000000119
35430  35.665  -51.720  -38.320 0.3000000119
35441  35.457  -51.810  -39.152 0.3000000119
35442  34.175  -51.263  -39.676 0.3000000119
35464  33.987  -52.079  -43.973 0.5000000000
35481  35.901  -51.499  -45.173 0.3000000119
35488  39.314  -51.470  -46.806 0.6000000238
35489  38.587  -51.497  -46.617 0.6000000238
35490  37.982  -51.580  -46.392 0.6000000238
35492  36.973  -51.674  -45.744 0.5000000000
35495  40.179  -51.285  -47.327 0.6000000238
35500  30.236  -51.625  -47.762 0.4000000060
35502  39.717  -51.527  -47.710 0.6000000238
35508  39.770  -51.264  -47.828 0.6000000238
35510  38.308  -51.716  -48.910 0.6000000238
36564  35.179  -50.699  -39.112 0.3000000119
36573  34.596  -50.685  -39.488 0.3000000119
36598  34.951  -50.687  -44.532 0.5000000000
36608  42.533  -50.460  -46.232 0.6000000238
36609  41.956  -49.999  -45.942 0.6000000238
36610  41.566  -49.961  -45.984 0.6000000238
36611  40.567  -50.677  -46.344 0.6000000238
36612  39.974  -50.560  -46.191 0.6000000238
36614  37.594  -50.775  -45.602 0.4000000060
36624  41.313  -50.789  -46.318 0.6000000238
36625  40.073  -51.016  -46.429 0.6000000238
36626  39.502  -50.769  -46.208 0.5000000000
36630  42.774  -50.453  -46.445 0.6999999881
36631  42.185  -50.712  -46.525 0.6999999881
36632  41.506  -50.922  -46.655 0.6999999881
36633  40.673  -50.979  -47.144 0.6000000238
36637  42.395  -50.338  -46.915 0.6999999881
36639  41.137  -50.827  -47.068 0.6000000238
36641  40.001  -50.881  -47.708 0.6000000238
36642  39.657  -50.835  -47.911 0.6000000238
36647  38.298  -50.915  -48.543 0.6000000238
36650  35.580  -50.643  -48.149 0.6999999881
36651  34.958  -50.060  -48.171 0.6999999881
37806  42.934  -49.991  -45.943 0.6000000238
37808  42.062  -49.798  -45.960 0.6000000238
37821  43.482  -50.066  -46.346 0.6999999881
37822  43.062  -50.257  -46.251 0.6999999881
37823  38.964  -50.439  -46.030 0.6000000238
37826  31.577  -50.240  -46.308 0.5000000000
37829  43.525  -50.015  -46.467 0.6999999881
37831  32.017  -49.908  -47.718 0.5000000000
37837  39.813  -50.345  -47.829 0.6000000238
37845  36.382  -49.892  -48.384 0.6999999881
37847  34.321  -49.377  -48.377 0.6000000238
38913  34.953  -49.661  -39.113 0.3000000119
38926  34.566  -49.604  -39.448 0.3000000119
38963  43.785  -48.789  -45.958 0.5000000000
38964  43.413  -49.171  -45.949 0.6000000238
38965  42.720  -49.737  -45.932 0.6000000238
38966  42.101  -49.350  -45.971 0.6000000238
38967  41.529  -48.955  -46.011 0.6000000238
38971  37.020  -49.029  -45.510 0.5000000000
38972  36.439  -49.238  -45.259 0.5000000000
38973  35.867  -49.484  -45.023 0.5000000000
38974  32.710  -48.730  -45.855 0.5000000000
38980  44.108  -49.054  -46.349 0.5000000000
38982  39.316  -48.404  -46.040 0.5000000000
38983  38.748  -49.383  -45.966 0.5000000000
38984  38.099  -49.616  -45.870 0.5000000000
38986  32.644  -48.762  -46.769 0.5000000000
38992  43.745  -49.639  -46.446 0.6999999881
38996  43.602  -49.146  -46.971 0.6000000238
38998  42.505  -49.581  -47.297 0.6999999881
39000  40.597  -49.706  -47.693 0.6000000238
39001  40.026  -49.772  -47.758 0.6000000238
39002  39.439  -49.688  -47.818 0.6999999881
39004  32.433  -49.435  -48.001 0.5000000000
39007  38.073  -49.401  -48.297 0.6999999881
39010  35.754  -49.198  -48.356 0.6999999881
39012  33.582  -48.818  -48.582 0.6000000238
40112  44.466  -48.016  -45.991 0.5000000000
40114  43.099  -48.826  -45.859 0.5000000000
40115  42.199  -48.680  -46.005 0.6000000238
40116  41.024  -48.709  -45.985 0.6000000238
40117  40.470  -48.849  -45.995 0.6000000238
40118  39.814  -48.755  -46.048 0.5000000000
40122  32.485  -48.448  -45.170 0.4000000060
40131  38.749  -48.735  -45.998 0.4000000060
40132  37.706  -48.896  -45.821 0.5000000000
40142  44.963  -47.437  -46.819 0.5000000000
40145  42.594  -48.742  -47.566 0.6999999881
40146  41.958  -49.121  -47.623 0.6999999881
40147  41.379  -48.560  -47.818 0.6999999881
40149  39.781  -48.530  -48.078 0.6000000238
40151  40.894  -47.870  -48.193 0.6999999881
40154  38.489  -48.621  -48.343 0.6999999881
40155  38.002  -47.911  -48.795 0.8000000119
40157  36.611  -47.805  -48.750 0.6999999881
41342  43.874  -47.659  -47.323 0.5000000000
41344  42.341  -47.958  -47.964 0.6999999881
41347  42.061  -47.223  -48.429 0.5000000000
41349  40.490  -47.266  -48.794 0.6999999881
41352  37.611  -47.231  -49.068 0.8000000119
41354  36.336  -47.020  -48.899 0.6999999881
42504  43.276  -47.180  -47.873 0.5000000000
42506  34.746  -46.378  -48.505 0.6000000238
42512  43.341  -46.593  -48.354 0.4000000060
42515  40.822  -46.615  -49.007 0.5000000000
42518  38.540  -46.613  -49.147 0.6000000238
42520  36.907  -46.432  -49.269 0.6000000238
42521  36.078  -46.319  -48.979 0.5000000000
43633  39.223  -45.851  -48.461 0.5000000000
43637  36.194  -45.452  -48.733 0.5000000000
43639  34.978  -45.788  -48.202 0.4000000060
43641  44.698  -45.968  -48.486 0.4000000060
43644  42.016  -46.077  -49.043 0.5000000000
43645  41.306  -46.189  -49.024 0.5000000000
43646  40.292  -46.107  -48.919 0.5000000000
43649  38.069  -46.203  -49.045 0.6000000238
43651  36.532  -45.824  -49.060 0.5000000000
43652  35.842  -45.816  -48.862 0.5000000000
43657  44.014  -45.648  -48.677 0.4000000060
44846  35.869  -45.365  -47.986 0.4000000060
44852  39.927  -45.721  -48.472 0.4000000060
173004  41.054  -66.750  -38.112 0.3000000119
173345  45.607  -58.104  -33.753 0.3000000119
173422  44.921  -55.240  -44.234 0.3000000119
173738  39.385  -51.683  -48.145 0.6000000238
173828  48.199  -55.983  -39.166 0.4000000060
173950  47.798  -59.012  -33.698 0.4000000060
174309  47.909  -59.103  -34.322 0.4000000060
174419  40.020  -58.411  -47.534 0.5000000000
174473  44.915  -58.143  -44.386 0.4000000060
174628  47.741  -58.375  -33.556 0.4000000060
174782  46.801  -57.840  -33.641 0.3000000119
174799  43.962  -53.862  -41.681 0.4000000060
174809  33.750  -47.327  -48.917 0.5000000000
175114  47.641  -59.629  -34.517 0.3000000119
175360  41.514  -58.881  -46.701 0.4000000060
175419  42.317  -46.640  -48.881 0.4000000060
175633  36.820  -59.983  -46.769 0.4000000060
175669  37.443  -57.566  -37.815 0.3000000119
175966  42.047  -63.377  -38.484 0.3000000119
176032  40.758  -56.896  -43.991 0.4000000060
176134  44.435  -58.497  -45.186 0.4000000060
176472  40.359  -66.804  -39.397 0.3000000119
176998  36.222  -59.175  -48.840 0.6000000238
177178  45.070  -54.356  -42.607 0.4000000060
177362  33.678  -53.558  -43.454 0.5000000000
177423  35.822  -47.680  -48.643 0.6999999881
177501  40.182  -65.173  -42.834 0.3000000119
177543  41.662  -58.554  -46.823 0.5000000000
177565  38.099  -57.308  -37.983 0.3000000119
178188  41.003  -65.741  -38.761 0.3000000119
178257  37.496  -56.908  -49.032 0.6000000238
178633  48.356  -57.282  -37.383 0.4000000060
178762  43.609  -59.020  -45.275 0.4000000060
179598  32.169  -50.706  -48.189 0.6000000238
179737  46.675  -57.962  -33.041 0.3000000119
180093  36.940  -48.559  -48.527 0.6999999881
180245  42.572  -48.198  -45.982 0.5000000000
180465  38.465  -58.416  -48.488 0.6000000238
180668  37.537  -51.733  -48.940 0.6000000238
180708  46.713  -57.144  -35.037 0.3000000119
181379  35.127  -53.918  -37.421 0.3000000119
181860  44.261  -58.342  -32.321 0.3000000119
181929  37.298  -54.276  -49.198 0.6000000238
181997  37.891  -54.723  -38.070 0.3000000119
182223  34.301  -51.860  -37.004 0.3000000119
182756  47.785  -59.129  -32.049 0.3000000119
182765  37.296  -54.789  -37.949 0.3000000119
182844  39.978  -59.180  -47.743 0.4000000060
182945  44.175  -58.262  -31.867 0.3000000119
183122  46.806  -53.389  -40.706 0.3000000119
183407  35.362  -54.274  -39.614 0.4000000060
183408  38.391  -60.402  -46.536 0.4000000060
183928  48.172  -56.259  -36.775 0.4000000060
184203  46.980  -55.670  -42.399 0.4000000060
184613  39.031  -47.344  -48.910 0.6999999881
184714  35.056  -51.769  -47.765 0.6999999881
185094  48.210  -57.966  -37.212 0.4000000060
185335  45.286  -57.851  -44.668 0.4000000060
185477  45.188  -54.787  -44.008 0.4000000060
185610  43.592  -62.157  -37.989 0.4000000060
186078  34.484  -55.155  -37.199 0.3000000119
186113  41.895  -64.722  -38.399 0.3000000119
186288  36.555  -51.317  -45.387 0.4000000060
186402  42.229  -50.205  -47.028 0.6999999881
186512  33.295  -52.521  -36.591 0.3000000119
186637  40.926  -56.825  -45.892 0.4000000060
186957  42.138  -59.358  -46.289 0.5000000000
186995  43.887  -55.489  -45.329 0.4000000060
187844  33.225  -53.614  -36.640 0.3000000119
187917  36.972  -50.477  -48.526 0.6999999881
188004  35.592  -52.800  -45.075 0.4000000060
188900  33.514  -47.192  -48.441 0.4000000060
188954  33.856  -54.345  -37.026 0.3000000119
189925  41.963  -49.849  -47.442 0.6999999881
190095  38.716  -53.789  -39.618 0.3000000119
190635  47.919  -59.225  -36.827 0.4000000060
190725  47.989  -55.887  -40.456 0.4000000060
191780  35.856  -57.268  -41.417 0.5000000000
191909  36.438  -54.146  -37.750 0.3000000119
192164  34.865  -51.280  -44.435 0.5000000000
192248  47.631  -60.307  -30.647 0.3000000119
192305  31.806  -53.503  -48.318 0.4000000060
192317  42.871  -56.256  -45.217 0.3000000119
192473  40.651  -50.915  -46.804 0.6000000238
193683  34.722  -51.200  -47.782 0.6999999881
194078  38.296  -50.436  -45.892 0.6000000238
197412  40.005  -60.214  -47.169 0.4000000060
197607  46.036  -57.438  -43.869 0.4000000060
198284  41.072  -56.584  -45.479 0.4000000060
198300  34.054  -52.543  -36.982 0.3000000119
198748  38.296  -57.766  -42.410 0.5000000000
198868  42.597  -56.522  -42.111 0.4000000060
198879  44.549  -61.319  -37.584 0.4000000060
199200  41.004  -49.140  -45.974 0.6000000238
199331  39.099  -57.967  -37.950 0.3000000119
199408  46.450  -59.448  -39.059 0.4000000060
199470  36.930  -53.921  -49.228 0.6000000238
199948  48.078  -55.093  -40.080 0.4000000060
200563  44.003  -56.515  -46.282 0.3000000119
201076  39.796  -56.911  -44.160 0.5000000000
202118  39.570  -47.811  -48.505 0.6999999881
202471  39.116  -56.666  -38.204 0.3000000119
202667  41.396  -59.698  -43.661 0.3000000119
202697  42.552  -57.887  -46.946 0.4000000060
202823  37.767  -57.395  -40.611 0.4000000060
203425  34.172  -47.557  -48.889 0.6000000238
203592  36.349  -55.557  -39.664 0.4000000060
203662  35.666  -54.355  -45.081 0.6000000238
204085  39.715  -49.216  -47.847 0.6000000238
204441  40.393  -51.138  -47.314 0.6000000238
204541  43.452  -59.001  -45.670 0.4000000060
204570  47.381  -59.920  -29.896 0.3000000119
204743  32.905  -51.870  -48.044 0.5000000000
204867  31.798  -50.520  -48.116 0.5000000000
205036  43.992  -56.316  -46.041 0.3000000119
205081  47.060  -57.503  -34.050 0.3000000119
205314  48.361  -57.753  -35.779 0.4000000060
205502  43.822  -58.725  -45.795 0.5000000000
205569  40.726  -57.427  -46.677 0.5000000000
205738  33.254  -47.682  -48.346 0.5000000000
205816  35.637  -50.554  -44.900 0.5000000000
205893  33.534  -54.662  -36.895 0.3000000119
205905  34.518  -56.528  -41.702 0.5000000000
205994  47.839  -59.024  -32.536 0.3000000119
206334  43.144  -48.704  -47.318 0.6000000238
206431  38.235  -48.556  -45.922 0.4000000060
206509  37.320  -46.795  -49.201 0.6000000238
207186  36.478  -54.131  -39.595 0.4000000060
207655  47.031  -60.810  -34.980 0.3000000119
207917  45.639  -57.802  -44.288 0.4000000060
208007  42.105  -56.508  -45.792 0.3000000119
208349  42.063  -58.734  -46.799 0.4000000060
208383  34.186  -48.653  -48.555 0.6000000238
209081  30.487  -51.696  -48.063 0.4000000060
209367  34.422  -46.541  -48.277 0.6000000238
209422  38.669  -59.753  -44.388 0.5000000000
209492  47.253  -53.989  -41.222 0.4000000060
209522  40.218  -59.761  -45.415 0.6000000238
