#!ascii label  , from subject sub-v2s11x28731_ses-1 vox2ras=TkReg
1351
207663  -44.292  -45.783  -34.070 0.5000000000
36921  -43.220  -46.310  -33.238 0.8000000119
35695  -40.751  -46.410  -33.268 0.8000000119
35697  -42.153  -46.782  -32.964 0.8000000119
36920  -42.642  -46.122  -33.057 0.8000000119
189805  -45.335  -45.618  -35.317 0.5000000000
36932  -43.830  -46.170  -33.590 0.5000000000
38205  -43.257  -44.823  -33.749 0.6000000238
187587  -39.654  -45.590  -33.412 0.6999999881
38196  -40.872  -45.287  -33.107 0.6999999881
38198  -42.469  -45.238  -33.211 0.8000000119
186747  -42.614  -44.320  -33.673 0.6999999881
39504  -45.479  -44.543  -35.704 0.6000000238
189330  -44.563  -44.661  -34.904 0.5000000000
39496  -44.395  -44.039  -35.096 0.6000000238
36928  -37.951  -45.489  -33.932 0.6999999881
39486  -43.991  -44.483  -34.368 0.6000000238
40736  -43.522  -42.894  -35.178 0.6000000238
36915  -38.299  -45.266  -33.385 0.6999999881
36930  -39.349  -45.985  -33.757 0.6999999881
38197  -41.548  -45.126  -33.082 0.6999999881
39485  -43.260  -44.016  -34.261 0.6000000238
41967  -43.108  -42.354  -35.172 0.6000000238
39476  -42.007  -44.608  -33.319 0.8000000119
183930  -42.571  -43.444  -34.189 0.8000000119
41957  -42.815  -42.833  -34.775 0.6999999881
193119  -45.183  -43.054  -35.596 0.4000000060
191787  -44.650  -42.855  -35.692 0.6000000238
36914  -37.756  -45.342  -33.298 0.6999999881
185084  -43.915  -40.966  -35.721 0.6000000238
38183  -38.706  -44.879  -32.648 0.6999999881
39472  -39.381  -44.296  -32.964 0.6999999881
180773  -40.051  -44.684  -33.173 0.6999999881
39474  -40.703  -44.330  -33.199 0.6999999881
40720  -41.042  -43.489  -33.611 0.6000000238
43136  -42.385  -42.205  -34.797 0.6999999881
46854  -42.746  -39.960  -35.027 0.5000000000
40719  -40.322  -43.431  -33.361 0.6000000238
189630  -40.553  -42.938  -33.691 0.6000000238
41955  -41.195  -42.633  -33.944 0.6000000238
43129  -41.585  -41.432  -34.398 0.6000000238
43128  -41.094  -41.958  -33.871 0.6000000238
45572  -42.223  -40.241  -34.015 0.5000000000
44387  -45.568  -40.868  -35.381 0.4000000060
43154  -45.162  -41.815  -35.756 0.5000000000
36899  -36.915  -46.049  -33.145 0.6999999881
44392  -45.279  -41.106  -35.641 0.6000000238
46860  -45.620  -39.432  -35.441 0.6000000238
39460  -39.145  -44.336  -32.526 0.6999999881
45593  -43.721  -40.376  -35.616 0.6000000238
39461  -39.558  -43.841  -32.750 0.6999999881
46855  -43.489  -39.644  -35.427 0.5000000000
179297  -43.696  -38.923  -35.158 0.6000000238
41949  -40.296  -42.821  -33.288 0.6999999881
41950  -40.558  -42.486  -33.727 0.6000000238
46842  -42.597  -39.794  -34.468 0.5000000000
49264  -43.968  -38.390  -34.810 0.5000000000
44368  -41.425  -41.255  -33.718 0.5000000000
183769  -33.906  -47.072  -33.848 0.6000000238
35679  -34.636  -46.775  -32.548 0.6000000238
48074  -45.680  -39.151  -33.903 0.5000000000
49222  -46.958  -38.337  -33.271 0.5000000000
35665  -35.871  -46.707  -32.173 0.6999999881
35681  -36.256  -46.438  -33.153 0.6999999881
46856  -45.808  -39.480  -35.100 0.5000000000
46857  -45.826  -38.955  -35.239 0.5000000000
171599  -47.037  -38.120  -33.986 0.4000000060
36901  -37.862  -45.495  -32.545 0.6999999881
49255  -46.293  -38.296  -34.646 0.5000000000
173662  -38.678  -45.049  -32.135 0.6999999881
39447  -39.288  -44.310  -31.711 0.6999999881
198702  -46.469  -37.938  -34.896 0.5000000000
40706  -39.873  -43.535  -32.327 0.6999999881
43119  -40.367  -42.476  -32.720 0.6000000238
205084  -44.916  -38.004  -35.522 0.5000000000
41939  -40.531  -42.210  -33.313 0.6000000238
189846  -45.821  -37.060  -34.878 0.5000000000
44358  -41.299  -41.476  -32.355 0.5000000000
44359  -41.446  -41.059  -32.945 0.5000000000
202009  -42.360  -40.103  -33.325 0.5000000000
185426  -44.472  -37.249  -34.194 0.5000000000
179113  -43.313  -38.835  -33.917 0.5000000000
51680  -45.354  -36.495  -33.981 0.3000000119
49240  -49.560  -37.688  -33.001 0.3000000119
34502  -33.072  -47.201  -33.554 0.6000000238
35678  -33.952  -46.666  -32.473 0.6000000238
178454  -48.031  -37.948  -32.889 0.4000000060
49239  -48.637  -37.596  -33.053 0.4000000060
36871  -36.763  -46.302  -31.389 0.6000000238
49257  -47.658  -37.748  -34.132 0.5000000000
188608  -38.288  -45.568  -31.027 0.6999999881
39432  -39.014  -44.810  -31.213 0.6999999881
49268  -46.496  -37.443  -35.076 0.5000000000
40690  -39.766  -43.776  -31.463 0.5000000000
206455  -46.983  -36.583  -35.072 0.5000000000
43105  -40.717  -42.397  -31.969 0.5000000000
51681  -47.024  -36.077  -34.832 0.4000000060
50418  -45.056  -36.916  -34.562 0.3000000119
52906  -46.855  -35.574  -34.385 0.4000000060
48073  -43.358  -38.628  -33.326 0.5000000000
49237  -44.040  -37.688  -33.704 0.4000000060
35676  -32.552  -46.671  -32.847 0.6000000238
35662  -33.804  -46.374  -31.998 0.6000000238
35663  -34.381  -46.673  -31.909 0.6000000238
36869  -35.181  -46.033  -30.976 0.6000000238
36859  -36.668  -45.613  -30.081 0.6000000238
50423  -49.502  -36.929  -34.029 0.3000000119
50422  -48.638  -36.876  -34.233 0.4000000060
38154  -38.105  -45.539  -30.425 0.6000000238
51685  -49.946  -36.320  -34.029 0.3000000119
39413  -39.054  -44.824  -30.439 0.6000000238
39433  -39.436  -44.357  -30.881 0.6999999881
52910  -49.667  -35.532  -34.066 0.3000000119
50431  -47.963  -36.668  -34.699 0.3000000119
40679  -39.787  -43.829  -30.529 0.6000000238
187938  -49.548  -34.781  -33.958 0.3000000119
51683  -48.387  -36.048  -34.505 0.3000000119
41905  -40.306  -42.851  -30.139 0.5000000000
40680  -40.264  -43.265  -30.874 0.5000000000
206855  -40.745  -42.285  -31.337 0.5000000000
54131  -48.368  -34.759  -33.950 0.3000000119
52908  -48.077  -35.433  -34.418 0.3000000119
197280  -41.445  -41.245  -31.720 0.5000000000
45554  -41.878  -40.313  -32.006 0.5000000000
52900  -46.884  -35.477  -33.577 0.3000000119
44337  -41.201  -41.164  -31.018 0.5000000000
50393  -43.943  -37.523  -32.854 0.4000000060
51667  -45.231  -36.382  -33.160 0.3000000119
36897  -32.749  -46.125  -32.398 0.5000000000
36898  -33.292  -46.034  -32.051 0.6000000238
192312  -34.079  -45.728  -31.345 0.5000000000
38137  -37.852  -45.332  -29.841 0.6000000238
197772  -37.040  -44.943  -29.412 0.5000000000
54134  -50.690  -34.193  -34.014 0.3000000119
178497  -38.841  -44.636  -29.757 0.6000000238
177461  -50.378  -33.125  -33.949 0.3000000119
54132  -49.089  -34.646  -33.869 0.3000000119
40666  -39.662  -43.734  -29.804 0.6000000238
43097  -40.836  -41.862  -30.858 0.5000000000
45542  -41.737  -39.888  -31.242 0.5000000000
49221  -43.551  -37.902  -32.385 0.4000000060
49211  -43.356  -37.796  -31.709 0.4000000060
38166  -33.326  -45.447  -31.813 0.5000000000
39430  -34.424  -44.767  -30.743 0.5000000000
39431  -34.923  -44.720  -30.441 0.5000000000
38134  -35.459  -44.998  -30.185 0.5000000000
39412  -36.057  -44.799  -29.803 0.5000000000
201740  -52.535  -33.012  -34.576 0.3000000119
179504  -50.911  -33.105  -34.044 0.3000000119
39387  -38.584  -44.376  -29.156 0.6000000238
40657  -39.445  -43.462  -29.118 0.6000000238
41892  -40.130  -42.474  -29.509 0.5000000000
44328  -41.115  -40.816  -30.387 0.5000000000
51650  -45.565  -35.861  -32.702 0.4000000060
51642  -43.821  -36.824  -31.350 0.4000000060
202909  -34.242  -44.254  -30.965 0.5000000000
40664  -35.123  -43.694  -30.230 0.5000000000
40654  -35.955  -43.603  -29.584 0.5000000000
56409  -53.316  -32.788  -34.665 0.4000000060
191608  -52.276  -31.767  -34.687 0.4000000060
39363  -37.586  -44.012  -28.811 0.5000000000
39364  -38.273  -44.015  -28.694 0.5000000000
201865  -51.790  -32.188  -34.414 0.4000000060
56404  -50.622  -32.674  -33.988 0.3000000119
175647  -38.155  -43.068  -28.212 0.4000000060
56395  -50.102  -32.700  -33.787 0.3000000119
40645  -39.105  -43.271  -28.603 0.5000000000
43071  -39.752  -42.101  -28.890 0.4000000060
205385  -40.564  -41.391  -29.825 0.4000000060
201208  -43.502  -37.309  -31.415 0.4000000060
40678  -34.366  -43.655  -30.976 0.5000000000
205570  -34.791  -43.487  -30.623 0.5000000000
41889  -35.891  -43.006  -29.543 0.5000000000
58772  -54.180  -31.449  -34.762 0.4000000060
40642  -37.124  -43.432  -28.635 0.5000000000
40641  -36.698  -42.781  -28.581 0.4000000060
58767  -51.608  -31.558  -34.305 0.4000000060
58766  -51.066  -31.804  -34.094 0.4000000060
41877  -37.467  -42.875  -28.187 0.4000000060
41879  -38.747  -42.785  -28.268 0.4000000060
57558  -50.355  -32.189  -33.899 0.4000000060
44309  -39.503  -41.485  -28.456 0.4000000060
44319  -40.466  -41.041  -29.365 0.4000000060
45524  -40.943  -39.862  -29.557 0.4000000060
46803  -41.480  -39.802  -30.492 0.4000000060
48013  -41.847  -38.700  -30.049 0.4000000060
50381  -43.366  -37.076  -30.906 0.4000000060
52866  -45.286  -35.663  -31.191 0.4000000060
51635  -44.340  -36.299  -31.049 0.4000000060
175787  -34.126  -43.171  -31.439 0.5000000000
202093  -35.499  -42.367  -30.316 0.4000000060
61314  -54.344  -29.720  -34.187 0.4000000060
60071  -52.797  -30.119  -34.629 0.4000000060
43078  -35.863  -42.403  -29.753 0.5000000000
43067  -36.432  -42.099  -28.705 0.4000000060
43055  -38.609  -42.110  -27.927 0.4000000060
58755  -50.105  -31.552  -33.704 0.4000000060
44292  -39.398  -40.962  -27.996 0.4000000060
45516  -40.309  -40.588  -28.823 0.4000000060
54094  -46.330  -34.907  -31.748 0.3000000119
49201  -42.220  -38.339  -30.402 0.4000000060
43096  -35.426  -41.857  -30.771 0.4000000060
43086  -35.807  -41.740  -30.082 0.5000000000
44318  -36.284  -41.391  -28.866 0.4000000060
61311  -51.403  -30.081  -34.020 0.4000000060
198556  -36.962  -41.150  -28.090 0.4000000060
43053  -37.407  -41.630  -27.999 0.4000000060
45497  -37.971  -40.602  -27.548 0.4000000060
44291  -38.056  -41.295  -27.630 0.4000000060
45499  -39.240  -40.317  -27.858 0.4000000060
45515  -39.796  -40.449  -28.334 0.4000000060
46774  -40.996  -39.317  -29.397 0.4000000060
48001  -41.647  -38.499  -29.606 0.4000000060
52858  -44.998  -35.481  -30.686 0.4000000060
50367  -43.215  -36.868  -30.309 0.4000000060
51634  -43.695  -36.547  -30.691 0.4000000060
44325  -36.013  -41.022  -30.028 0.4000000060
176051  -36.168  -40.866  -29.320 0.4000000060
45513  -36.544  -40.280  -28.323 0.4000000060
45496  -37.322  -40.321  -27.662 0.4000000060
46742  -38.518  -40.055  -27.565 0.4000000060
47989  -39.694  -39.254  -28.156 0.4000000060
188816  -46.069  -34.710  -30.949 0.4000000060
47990  -40.198  -38.890  -28.434 0.4000000060
48000  -41.102  -38.585  -29.268 0.4000000060
49179  -41.053  -37.930  -28.895 0.4000000060
50365  -42.214  -37.544  -29.654 0.4000000060
51622  -43.001  -36.611  -29.751 0.4000000060
45532  -36.107  -40.270  -29.791 0.4000000060
46772  -36.296  -39.715  -28.665 0.4000000060
47972  -36.914  -38.874  -27.766 0.4000000060
47973  -37.604  -38.912  -27.536 0.4000000060
181926  -38.019  -39.483  -27.523 0.4000000060
187987  -38.702  -38.328  -27.601 0.4000000060
47975  -39.129  -38.926  -27.731 0.4000000060
49167  -40.123  -38.296  -28.195 0.4000000060
191877  -41.057  -37.346  -28.532 0.4000000060
52849  -44.705  -35.356  -30.304 0.3000000119
51608  -42.692  -36.230  -29.166 0.4000000060
51623  -43.520  -36.322  -30.073 0.4000000060
46787  -36.279  -39.467  -29.906 0.4000000060
184012  -36.163  -39.244  -29.091 0.4000000060
48011  -36.346  -38.771  -29.577 0.4000000060
47988  -36.487  -38.759  -28.183 0.4000000060
190393  -37.279  -38.275  -27.646 0.4000000060
49153  -40.021  -37.669  -27.921 0.4000000060
50338  -40.525  -37.180  -28.084 0.4000000060
55217  -46.449  -34.132  -30.893 0.4000000060
54078  -45.547  -34.574  -30.370 0.3000000119
50339  -41.629  -36.989  -28.640 0.4000000060
51609  -43.231  -35.989  -29.574 0.5000000000
54076  -44.636  -35.012  -29.866 0.4000000060
51594  -42.330  -36.142  -28.638 0.5000000000
50378  -36.686  -37.679  -30.371 0.4000000060
190589  -36.588  -37.146  -29.150 0.4000000060
186284  -36.435  -38.186  -28.421 0.4000000060
50337  -36.886  -37.001  -28.145 0.4000000060
50323  -37.125  -37.546  -27.782 0.4000000060
51592  -41.067  -36.616  -28.225 0.4000000060
52836  -43.025  -35.680  -29.107 0.5000000000
50379  -36.876  -37.137  -30.735 0.4000000060
50364  -36.699  -37.091  -29.954 0.4000000060
51606  -36.980  -36.098  -28.980 0.4000000060
52827  -42.067  -35.610  -28.343 0.4000000060
54053  -43.125  -35.148  -28.726 0.5000000000
51641  -37.544  -36.530  -31.783 0.4000000060
51633  -37.358  -36.071  -30.959 0.4000000060
180134  -37.007  -36.053  -29.687 0.4000000060
181325  -42.845  -34.685  -28.383 0.5000000000
52878  -38.554  -35.082  -33.241 0.4000000060
51648  -37.872  -35.993  -32.373 0.4000000060
52865  -38.167  -35.449  -32.148 0.4000000060
52864  -37.805  -35.788  -31.577 0.4000000060
52856  -38.087  -35.243  -31.531 0.4000000060
54075  -37.772  -34.535  -30.468 0.5000000000
51666  -37.873  -36.022  -33.141 0.4000000060
45553  -41.560  -40.655  -31.482 0.5000000000
48045  -42.128  -39.183  -31.217 0.5000000000
50386  -43.847  -37.301  -32.009 0.4000000060
36943  -44.869  -45.851  -34.634 0.5000000000
34513  -41.094  -47.132  -33.489 0.8000000119
35710  -40.458  -46.829  -33.907 0.8000000119
35709  -39.759  -46.567  -34.229 0.6999999881
38219  -45.895  -45.110  -35.728 0.5000000000
36942  -38.309  -45.923  -34.597 0.6999999881
190306  -46.032  -44.324  -35.623 0.5000000000
177722  -37.631  -45.357  -33.930 0.6999999881
43151  -45.870  -41.944  -35.319 0.4000000060
41973  -45.704  -42.940  -35.475 0.4000000060
36913  -37.324  -45.610  -33.601 0.6999999881
35692  -34.929  -46.825  -33.349 0.6999999881
45580  -45.152  -40.533  -34.278 0.4000000060
48062  -46.178  -38.831  -32.761 0.4000000060
34511  -33.301  -47.387  -34.381 0.6000000238
49224  -48.559  -37.872  -32.523 0.4000000060
188316  -31.984  -46.594  -33.396 0.6000000238
38180  -32.504  -45.455  -32.497 0.5000000000
39445  -33.477  -44.658  -31.783 0.5000000000
40688  -33.310  -43.936  -31.910 0.4000000060
43104  -34.827  -41.821  -31.795 0.4000000060
44344  -34.954  -41.147  -32.058 0.4000000060
44345  -35.317  -41.394  -31.386 0.4000000060
45552  -35.659  -40.646  -31.328 0.4000000060
46801  -36.059  -39.974  -31.089 0.4000000060
48026  -36.414  -38.821  -30.396 0.4000000060
49199  -36.620  -38.239  -30.811 0.4000000060
49208  -36.766  -38.110  -31.693 0.4000000060
185193  -37.392  -37.046  -32.278 0.4000000060
54128  -38.293  -34.762  -33.890 0.4000000060
34504  -42.464  -47.383  -33.310 0.8000000119
36918  -41.384  -45.811  -32.963 0.8000000119
39503  -45.024  -43.978  -35.478 0.5000000000
36931  -40.071  -46.173  -33.566 0.6999999881
39473  -39.852  -43.865  -33.093 0.6999999881
44391  -44.505  -41.453  -35.784 0.6000000238
43148  -42.707  -41.801  -35.124 0.6999999881
40727  -41.789  -43.196  -33.954 0.6999999881
46859  -45.012  -39.507  -35.572 0.6000000238
45590  -42.613  -40.622  -35.024 0.6000000238
43147  -42.074  -41.605  -34.804 0.6000000238
188058  -36.718  -46.350  -32.319 0.6999999881
49270  -45.263  -38.422  -35.545 0.5000000000
36885  -35.509  -46.477  -31.501 0.6000000238
49223  -47.446  -38.224  -32.694 0.5000000000
48088  -46.511  -38.449  -33.900 0.5000000000
50403  -49.092  -37.389  -33.661 0.3000000119
46830  -42.595  -39.551  -32.850 0.5000000000
36858  -36.046  -45.374  -30.042 0.6000000238
43087  -40.509  -42.027  -30.111 0.5000000000
46818  -42.282  -39.606  -31.965 0.5000000000
48028  -42.339  -38.523  -31.056 0.4000000060
45534  -41.076  -40.226  -30.079 0.4000000060
52879  -45.478  -35.833  -31.850 0.4000000060
49188  -42.033  -38.153  -29.840 0.4000000060
47999  -40.595  -39.073  -28.946 0.4000000060
45531  -36.043  -40.545  -30.606 0.4000000060
50352  -41.917  -37.249  -29.165 0.4000000060
52855  -37.707  -35.307  -30.820 0.4000000060
176190  -33.197  -54.595  -40.041 0.4000000060
23847  -34.773  -54.344  -39.317 0.4000000060
23849  -35.980  -54.378  -38.791 0.4000000060
25050  -36.995  -54.427  -37.961 0.4000000060
23856  -35.018  -53.864  -39.462 0.4000000060
25057  -35.754  -53.903  -39.280 0.4000000060
25059  -37.288  -53.933  -38.830 0.4000000060
25060  -37.644  -53.384  -39.269 0.4000000060
190037  -39.146  -53.318  -37.944 0.5000000000
26313  -35.309  -53.539  -39.291 0.4000000060
25062  -36.258  -53.621  -39.524 0.4000000060
27557  -37.909  -52.721  -39.540 0.5000000000
26317  -38.857  -53.077  -39.318 0.5000000000
27554  -40.369  -52.314  -39.054 0.6000000238
25049  -34.696  -53.203  -38.575 0.4000000060
26308  -35.302  -53.103  -38.864 0.4000000060
27551  -37.096  -52.461  -38.823 0.4000000060
27553  -40.157  -52.632  -38.774 0.5000000000
41970  -46.056  -42.574  -35.280 0.3000000119
43138  -45.508  -41.763  -34.643 0.4000000060
48064  -47.351  -38.369  -31.945 0.3000000119
27548  -40.720  -52.508  -38.360 0.5000000000
34532  -46.313  -47.894  -35.621 0.5000000000
38220  -46.558  -45.214  -35.618 0.4000000060
26297  -35.822  -52.697  -36.603 0.4000000060
27552  -37.740  -52.309  -39.274 0.5000000000
206874  -38.824  -52.631  -39.483 0.5000000000
26296  -35.379  -52.951  -37.110 0.4000000060
26309  -35.920  -52.792  -38.630 0.4000000060
27549  -41.119  -52.154  -38.615 0.6000000238
28821  -42.114  -51.770  -37.713 0.6000000238
28822  -42.614  -51.509  -37.300 0.6999999881
36945  -46.106  -46.527  -35.451 0.5000000000
28815  -42.587  -52.051  -36.999 0.6999999881
30020  -44.829  -51.151  -36.048 0.6999999881
33351  -46.123  -48.727  -35.783 0.6999999881
30023  -43.613  -51.435  -36.380 0.6999999881
193462  -44.830  -50.309  -35.986 0.6999999881
28817  -38.374  -51.925  -38.843 0.5000000000
204235  -38.796  -52.005  -39.194 0.6000000238
28825  -40.053  -51.922  -39.135 0.6000000238
30025  -41.583  -50.709  -38.480 0.6000000238
27539  -37.029  -52.180  -36.692 0.4000000060
27540  -37.688  -52.062  -37.333 0.5000000000
28824  -39.229  -51.675  -38.941 0.6000000238
28827  -41.307  -51.787  -38.698 0.6000000238
30026  -42.120  -51.047  -37.993 0.6000000238
190797  -42.721  -50.345  -36.902 0.6000000238
49212  -48.065  -38.095  -32.140 0.3000000119
31156  -43.371  -50.644  -36.483 0.6999999881
192488  -45.689  -47.994  -35.069 0.6000000238
36944  -45.495  -46.361  -35.149 0.5000000000
27534  -37.262  -51.871  -35.751 0.6000000238
177305  -38.496  -51.446  -36.314 0.6000000238
201527  -39.103  -50.929  -36.310 0.6999999881
28818  -39.427  -51.115  -38.099 0.6000000238
30024  -40.148  -50.565  -38.291 0.6000000238
31154  -42.094  -49.713  -37.265 0.6000000238
171865  -38.741  -51.562  -37.987 0.6000000238
31155  -42.680  -49.885  -36.574 0.6000000238
184472  -43.316  -49.572  -35.838 0.6999999881
33349  -43.859  -48.845  -34.934 0.6999999881
32203  -44.546  -49.437  -35.563 0.6999999881
35713  -45.367  -47.117  -34.753 0.6000000238
34531  -44.859  -48.159  -34.838 0.6999999881
28807  -38.565  -50.969  -35.644 0.6000000238
204193  -39.440  -50.377  -36.359 0.6999999881
31153  -39.683  -49.924  -36.873 0.6999999881
30018  -39.572  -50.611  -37.167 0.6999999881
32236  -40.839  -49.188  -37.927 0.6000000238
35711  -44.102  -46.944  -33.825 0.5000000000
32232  -42.083  -49.319  -36.603 0.6999999881
32201  -42.809  -49.258  -35.544 0.6999999881
34517  -44.404  -47.563  -34.262 0.6000000238
34557  -40.024  -47.750  -36.497 0.6999999881
34529  -41.182  -47.950  -34.831 0.6999999881
32215  -39.491  -49.183  -36.868 0.6999999881
33365  -40.690  -48.086  -36.444 0.6000000238
33366  -41.241  -48.396  -36.216 0.5000000000
32235  -40.440  -49.192  -37.697 0.6999999881
33382  -40.940  -48.713  -37.603 0.6000000238
33347  -42.206  -48.746  -35.233 0.6999999881
34516  -43.655  -47.608  -33.882 0.5000000000
32231  -41.519  -48.949  -37.197 0.6000000238
33348  -43.044  -48.948  -34.867 0.6999999881
33333  -43.337  -48.377  -34.364 0.6000000238
34528  -40.177  -47.174  -34.890 0.6999999881
34512  -40.818  -47.464  -34.300 0.6999999881
33332  -42.562  -48.401  -34.409 0.6000000238
174770  -41.467  -47.678  -34.022 0.6999999881
36953  -46.524  -46.394  -35.539 0.5000000000
34530  -41.822  -48.212  -34.608 0.6000000238
26310  -38.393  -53.327  -39.006 0.4000000060
26303  -35.112  -53.028  -38.005 0.4000000060
27556  -37.256  -52.824  -39.438 0.4000000060
27546  -37.651  -52.107  -38.404 0.4000000060
26305  -35.962  -52.605  -37.522 0.4000000060
32219  -45.506  -50.175  -36.090 0.6999999881
181720  -45.366  -48.999  -35.553 0.6999999881
30027  -40.605  -51.281  -38.887 0.6000000238
31159  -41.188  -49.919  -38.213 0.6000000238
28812  -37.792  -51.833  -36.430 0.6999999881
28808  -38.973  -51.270  -37.093 0.6000000238
31158  -40.666  -49.859  -38.094 0.6000000238
32229  -39.949  -48.727  -37.275 0.6999999881
33377  -41.616  -48.766  -36.532 0.6000000238
34544  -40.371  -47.647  -35.777 0.6000000238
31146  -39.361  -49.783  -36.163 0.5000000000
27518  -36.907  -52.063  -35.039 0.4000000060
28793  -38.129  -50.990  -35.010 0.5000000000
32214  -39.094  -49.065  -36.043 0.6000000238
187503  -36.588  -52.231  -34.504 0.4000000060
27507  -37.096  -51.682  -34.177 0.5000000000
28792  -37.512  -51.547  -34.986 0.5000000000
177429  -38.284  -50.378  -34.531 0.5000000000
32200  -38.657  -49.372  -35.338 0.5000000000
33363  -38.090  -48.193  -36.201 0.5000000000
31145  -38.935  -49.815  -35.536 0.5000000000
32228  -39.269  -48.462  -36.850 0.6000000238
33374  -38.978  -47.794  -36.621 0.5000000000
33364  -38.758  -48.251  -36.452 0.5000000000
35743  -38.594  -46.754  -36.311 0.6999999881
34554  -38.058  -47.319  -36.742 0.6000000238
35734  -38.096  -46.339  -36.200 0.6000000238
27497  -35.986  -52.502  -33.647 0.5000000000
29987  -37.447  -50.871  -33.779 0.5000000000
31120  -37.879  -49.737  -33.788 0.5000000000
33331  -37.987  -48.880  -35.044 0.5000000000
32199  -38.335  -49.312  -34.809 0.5000000000
35736  -39.102  -46.732  -35.920 0.6000000238
34542  -37.541  -47.541  -36.785 0.6000000238
35733  -37.540  -46.252  -36.523 0.5000000000
36951  -37.571  -46.006  -35.812 0.6000000238
28766  -36.619  -51.552  -32.940 0.5000000000
31103  -37.493  -49.823  -33.342 0.5000000000
32187  -36.775  -48.737  -33.670 0.5000000000
32188  -37.356  -49.023  -33.953 0.5000000000
33362  -37.282  -48.156  -36.277 0.5000000000
35722  -38.689  -46.538  -35.184 0.6000000238
34553  -37.376  -46.766  -36.955 0.5000000000
36950  -37.060  -45.997  -36.176 0.6000000238
197796  -36.148  -51.869  -32.547 0.5000000000
29965  -36.916  -50.326  -32.699 0.5000000000
32172  -36.538  -49.101  -33.028 0.5000000000
33328  -35.768  -48.646  -34.388 0.5000000000
33342  -35.015  -48.802  -35.579 0.6000000238
33344  -36.316  -48.547  -35.161 0.4000000060
32212  -33.903  -49.267  -36.716 0.4000000060
33343  -35.615  -48.720  -35.199 0.5000000000
33372  -36.180  -47.940  -37.037 0.5000000000
180941  -36.961  -48.434  -35.478 0.4000000060
32225  -33.226  -49.407  -37.315 0.4000000060
33379  -34.016  -48.320  -37.642 0.5000000000
33371  -35.408  -47.969  -37.228 0.5000000000
33357  -32.518  -48.682  -37.169 0.4000000060
34552  -35.890  -47.043  -37.193 0.6000000238
35732  -36.521  -46.111  -36.555 0.6000000238
36939  -36.668  -45.819  -35.572 0.6000000238
36912  -36.766  -45.785  -33.859 0.6000000238
33370  -34.511  -48.222  -37.262 0.5000000000
34549  -33.207  -48.008  -36.939 0.5000000000
34527  -34.198  -47.148  -35.866 0.5000000000
34551  -34.524  -47.431  -37.001 0.5000000000
33340  -32.110  -48.230  -36.013 0.4000000060
34538  -32.896  -47.928  -36.164 0.5000000000
35718  -34.773  -46.722  -36.177 0.6000000238
35730  -34.991  -46.695  -36.807 0.6000000238
35706  -35.608  -46.371  -35.188 0.6000000238
34526  -33.454  -47.392  -35.428 0.5000000000
36924  -31.245  -46.880  -34.684 0.3000000119
34508  -31.654  -47.546  -34.729 0.4000000060
33326  -31.794  -47.841  -35.226 0.4000000060
34524  -32.269  -47.723  -34.833 0.5000000000
201297  -34.546  -46.889  -34.556 0.5000000000
187004  -35.138  -46.621  -34.308 0.6000000238
41926  -33.991  -42.730  -31.994 0.3000000119
203380  -32.609  -43.956  -32.707 0.3000000119
40703  -32.397  -44.610  -32.710 0.4000000060
38193  -32.048  -45.271  -33.081 0.4000000060
44356  -34.205  -41.428  -32.996 0.3000000119
46816  -35.690  -39.877  -31.852 0.3000000119
45562  -34.887  -40.637  -32.581 0.3000000119
46828  -36.038  -39.201  -32.255 0.3000000119
46817  -36.133  -39.303  -31.491 0.3000000119
187907  -36.485  -38.755  -31.983 0.3000000119
49218  -36.640  -38.199  -32.676 0.3000000119
50400  -37.169  -37.142  -33.561 0.3000000119
51665  -37.549  -36.602  -33.501 0.3000000119
34509  -32.083  -47.539  -34.308 0.5000000000
41938  -33.725  -42.407  -32.618 0.3000000119
34543  -39.717  -47.221  -35.832 0.5000000000
29988  -37.915  -50.321  -34.008 0.5000000000
34541  -36.797  -47.397  -37.046 0.5000000000
35720  -36.035  -46.118  -35.929 0.6000000238
35737  -46.800  -47.171  -35.744 0.3000000119
30021  -45.371  -50.966  -35.986 0.6000000238
32220  -46.238  -49.745  -36.028 0.6000000238
41951  -44.699  -42.245  -33.048 0.3000000119
43130  -44.594  -41.665  -33.228 0.3000000119
40730  -46.624  -43.617  -34.771 0.3000000119
41959  -46.196  -42.854  -34.859 0.3000000119
189887  -47.507  -44.612  -34.639 0.3000000119
188796  -46.994  -44.471  -35.310 0.3000000119
40744  -46.631  -43.943  -35.431 0.3000000119
31149  -46.143  -50.735  -36.040 0.6000000238
186041  -46.678  -48.540  -35.850 0.5000000000
44348  -44.155  -41.060  -31.741 0.3000000119
45565  -44.370  -40.568  -32.103 0.3000000119
43131  -44.987  -42.051  -33.795 0.3000000119
45574  -44.910  -40.193  -33.337 0.3000000119
39499  -47.393  -44.792  -35.012 0.3000000119
36955  -47.434  -46.416  -35.535 0.3000000119
35738  -47.425  -47.185  -35.687 0.4000000060
27533  -36.608  -52.260  -35.827 0.4000000060
175299  -44.373  -40.268  -30.361 0.3000000119
45555  -44.500  -40.183  -31.628 0.3000000119
46807  -45.692  -39.213  -30.830 0.3000000119
45566  -44.678  -39.915  -32.463 0.3000000119
200653  -38.587  -53.670  -35.991 0.5000000000
26276  -39.506  -52.991  -35.169 0.5000000000
23840  -35.756  -54.850  -37.893 0.4000000060
23832  -36.430  -54.753  -37.301 0.4000000060
25036  -38.005  -54.013  -36.216 0.4000000060
25037  -38.314  -53.757  -35.377 0.5000000000
28794  -41.746  -51.718  -35.079 0.5000000000
27519  -40.111  -52.537  -35.407 0.5000000000
26298  -39.032  -53.432  -36.408 0.5000000000
26290  -39.677  -53.049  -36.133 0.5000000000
25052  -38.178  -53.882  -37.327 0.4000000060
29991  -43.364  -51.010  -34.580 0.6000000238
28795  -42.511  -51.721  -35.412 0.6000000238
28809  -42.053  -51.878  -35.877 0.5000000000
179895  -40.890  -52.366  -35.869 0.5000000000
26306  -38.580  -53.464  -38.101 0.3000000119
26299  -39.530  -53.204  -37.268 0.4000000060
27535  -40.382  -52.604  -36.410 0.5000000000
29992  -44.685  -51.083  -35.208 0.6000000238
28796  -43.329  -51.778  -35.688 0.6000000238
183773  -42.316  -52.153  -36.615 0.6000000238
27541  -40.071  -52.861  -37.004 0.4000000060
185205  -41.090  -52.360  -36.839 0.5000000000
29994  -46.060  -50.872  -35.664 0.6000000238
36946  -48.085  -46.160  -35.184 0.3000000119
32223  -47.666  -48.743  -35.639 0.4000000060
206383  -44.644  -51.336  -35.913 0.6000000238
28814  -41.879  -52.169  -37.252 0.4000000060
39487  -47.170  -44.301  -34.255 0.3000000119
40721  -45.442  -43.323  -33.535 0.3000000119
35739  -47.945  -46.789  -35.414 0.3000000119
31151  -47.085  -49.955  -35.823 0.5000000000
28811  -43.572  -51.714  -36.147 0.6000000238
30009  -45.686  -51.022  -35.917 0.6000000238
30007  -43.702  -51.572  -35.296 0.6000000238
33352  -48.079  -48.247  -35.211 0.3000000119
31123  -44.025  -50.702  -34.293 0.5000000000
31108  -45.188  -50.122  -34.080 0.5000000000
31125  -45.762  -50.760  -34.883 0.5000000000
32178  -45.431  -49.517  -33.557 0.4000000060
32191  -46.735  -50.105  -34.589 0.5000000000
31107  -44.378  -50.076  -33.803 0.5000000000
31122  -43.091  -50.446  -33.844 0.5000000000
33323  -47.061  -48.673  -33.717 0.4000000060
32180  -46.932  -49.363  -34.071 0.4000000060
31127  -46.984  -50.319  -35.503 0.5000000000
28784  -42.076  -51.351  -34.674 0.5000000000
29990  -42.425  -50.797  -34.199 0.5000000000
32193  -47.673  -49.314  -34.955 0.4000000060
20395  -38.846  -57.458  -34.553 0.3000000119
177130  -39.626  -57.478  -34.692 0.3000000119
20370  -39.314  -57.214  -34.048 0.3000000119
21467  -39.441  -56.518  -33.062 0.3000000119
22549  -39.947  -55.217  -31.793 0.4000000060
20347  -39.021  -56.940  -33.464 0.3000000119
20346  -38.402  -56.826  -33.485 0.3000000119
24961  -40.454  -54.028  -30.682 0.4000000060
22548  -39.217  -55.139  -31.763 0.4000000060
22564  -38.795  -55.526  -32.227 0.3000000119
21465  -38.000  -56.359  -33.297 0.3000000119
26182  -40.461  -52.995  -30.067 0.4000000060
26181  -39.771  -52.793  -30.222 0.4000000060
181443  -38.969  -54.549  -31.559 0.4000000060
21454  -38.375  -55.956  -32.699 0.4000000060
21464  -37.518  -56.013  -33.378 0.4000000060
190148  -37.648  -55.214  -32.892 0.4000000060
29881  -41.507  -50.124  -28.773 0.3000000119
27415  -40.417  -52.044  -29.593 0.4000000060
28718  -40.151  -51.417  -29.854 0.4000000060
27465  -39.478  -52.199  -30.549 0.4000000060
26227  -38.606  -53.228  -31.912 0.4000000060
24992  -38.105  -54.148  -32.359 0.4000000060
23785  -37.469  -54.896  -33.276 0.4000000060
33244  -42.576  -48.714  -29.365 0.3000000119
31019  -40.606  -50.199  -29.570 0.4000000060
193045  -39.975  -50.662  -30.914 0.4000000060
29931  -39.777  -51.054  -30.518 0.4000000060
28743  -39.138  -52.159  -31.590 0.4000000060
28756  -39.224  -52.047  -32.155 0.4000000060
27487  -38.862  -52.590  -32.230 0.4000000060
27498  -38.860  -52.886  -33.075 0.4000000060
178490  -37.924  -53.931  -32.953 0.4000000060
25006  -37.400  -54.580  -33.793 0.4000000060
32121  -41.199  -49.360  -30.515 0.4000000060
31059  -40.431  -50.173  -30.922 0.4000000060
28768  -39.785  -51.806  -33.010 0.4000000060
27508  -39.228  -52.605  -33.690 0.4000000060
203057  -37.462  -54.281  -34.257 0.4000000060
26250  -38.349  -53.449  -33.192 0.4000000060
22601  -36.812  -55.442  -34.230 0.4000000060
31076  -40.800  -50.139  -31.672 0.4000000060
29967  -40.556  -50.698  -32.286 0.4000000060
28769  -40.314  -51.678  -33.469 0.4000000060
27509  -39.709  -52.478  -34.168 0.4000000060
25024  -37.913  -53.897  -34.607 0.4000000060
26275  -38.663  -53.405  -34.668 0.4000000060
31091  -41.181  -50.136  -32.315 0.4000000060
29980  -41.307  -50.746  -33.415 0.4000000060
28782  -40.683  -51.869  -34.279 0.4000000060
32176  -43.937  -49.545  -33.065 0.4000000060
31104  -41.680  -50.234  -33.109 0.4000000060
31121  -42.310  -50.243  -33.528 0.4000000060
33321  -45.718  -48.946  -32.992 0.3000000119
33324  -47.612  -48.308  -33.719 0.3000000119
178035  -39.759  -52.667  -34.738 0.4000000060
31105  -42.799  -49.921  -33.230 0.4000000060
206734  -48.072  -48.428  -34.235 0.3000000119
29989  -41.629  -51.009  -34.029 0.4000000060
24960  -39.731  -54.035  -30.821 0.4000000060
24959  -39.179  -53.721  -31.026 0.4000000060
26205  -38.921  -53.137  -31.182 0.4000000060
23754  -38.440  -54.341  -31.878 0.4000000060
31020  -41.237  -49.773  -29.273 0.4000000060
29906  -40.985  -50.426  -29.086 0.4000000060
32061  -42.374  -49.456  -28.518 0.3000000119
27464  -39.145  -52.339  -31.072 0.4000000060
33287  -42.322  -48.724  -30.300 0.3000000119
32105  -41.450  -49.299  -29.838 0.4000000060
31041  -40.443  -50.128  -30.221 0.4000000060
29955  -40.173  -50.625  -31.492 0.4000000060
32137  -41.654  -49.209  -31.168 0.4000000060
29979  -40.760  -51.087  -33.048 0.4000000060
26263  -38.769  -53.146  -33.849 0.4000000060
206593  -40.110  -52.100  -34.008 0.4000000060
31093  -42.473  -49.572  -32.669 0.4000000060
27418  -42.527  -52.021  -29.136 0.3000000119
24963  -41.909  -53.948  -30.866 0.3000000119
24979  -41.524  -54.379  -31.229 0.3000000119
26208  -41.522  -53.516  -30.425 0.3000000119
27443  -41.454  -52.562  -29.719 0.3000000119
23743  -40.815  -54.548  -30.960 0.3000000119
24945  -40.793  -53.533  -30.345 0.3000000119
28696  -42.148  -51.452  -28.821 0.3000000119
27416  -41.037  -52.068  -29.356 0.3000000119
28695  -41.345  -51.510  -29.052 0.3000000119
32123  -42.316  -48.914  -30.903 0.3000000119
33311  -43.311  -48.665  -31.962 0.3000000119
32156  -43.565  -49.070  -32.441 0.3000000119
32157  -44.275  -49.078  -32.595 0.3000000119
29882  -42.258  -50.681  -28.498 0.3000000119
32154  -42.137  -49.469  -32.055 0.3000000119
19197  -39.131  -57.813  -35.153 0.3000000119
20348  -39.770  -56.968  -33.524 0.3000000119
20369  -38.554  -57.149  -33.942 0.3000000119
21455  -39.101  -56.029  -32.637 0.3000000119
21466  -38.709  -56.461  -33.086 0.3000000119
21483  -37.440  -56.425  -33.753 0.4000000060
22563  -38.110  -55.278  -32.444 0.4000000060
22565  -39.503  -55.624  -32.181 0.3000000119
22584  -37.434  -55.489  -33.328 0.4000000060
22585  -37.831  -55.730  -32.986 0.4000000060
22672  -34.004  -54.164  -39.676 0.4000000060
23741  -39.662  -54.647  -31.342 0.4000000060
23742  -40.210  -54.481  -30.976 0.4000000060
23755  -38.629  -54.976  -31.945 0.4000000060
23756  -40.410  -54.863  -31.413 0.4000000060
23757  -41.145  -54.888  -31.504 0.3000000119
23786  -37.774  -54.624  -32.727 0.4000000060
23833  -36.956  -54.594  -36.939 0.4000000060
23841  -36.353  -54.510  -38.224 0.4000000060
23848  -35.448  -54.493  -38.982 0.4000000060
24962  -41.170  -53.994  -30.747 0.3000000119
24978  -38.764  -53.843  -31.508 0.4000000060
24997  -37.657  -54.316  -33.328 0.4000000060
25007  -37.748  -54.076  -33.896 0.4000000060
25023  -37.388  -54.275  -34.726 0.4000000060
25038  -38.546  -53.737  -36.586 0.5000000000
25043  -37.494  -54.265  -37.048 0.4000000060
25051  -37.955  -53.710  -38.439 0.3000000119
25058  -36.537  -54.119  -39.138 0.4000000060
25063  -36.959  -53.604  -39.708 0.4000000060
26183  -41.143  -53.049  -30.032 0.3000000119
26206  -39.453  -53.331  -30.679 0.4000000060
26207  -40.057  -53.527  -30.315 0.4000000060
26209  -42.266  -53.527  -30.451 0.3000000119
26226  -38.388  -53.811  -32.015 0.4000000060
26240  -38.275  -53.609  -32.485 0.4000000060
26241  -38.593  -53.169  -32.569 0.4000000060
26262  -38.223  -53.604  -33.961 0.4000000060
26264  -39.307  -53.001  -34.432 0.4000000060
26274  -35.634  -52.853  -34.794 0.4000000060
26288  -36.020  -52.600  -35.907 0.4000000060
26289  -39.010  -53.393  -35.502 0.5000000000
26304  -35.503  -52.844  -38.069 0.4000000060
26307  -38.834  -53.502  -37.219 0.4000000060
26311  -39.068  -53.250  -38.771 0.4000000060
26312  -39.622  -53.049  -38.383 0.5000000000
26314  -36.030  -53.287  -39.241 0.4000000060
26315  -37.404  -53.127  -39.502 0.5000000000
26316  -38.125  -53.035  -39.454 0.5000000000
26318  -39.508  -52.981  -39.107 0.5000000000
27417  -41.856  -52.135  -29.271 0.3000000119
27440  -39.917  -52.105  -30.024 0.4000000060
27441  -40.265  -52.484  -29.934 0.4000000060
27442  -40.784  -52.524  -29.772 0.3000000119
27477  -38.894  -52.669  -31.498 0.4000000060
27488  -39.270  -52.218  -32.890 0.4000000060
27506  -36.490  -52.160  -33.906 0.5000000000
27510  -40.182  -52.332  -34.584 0.4000000060
27520  -40.746  -52.230  -35.022 0.5000000000
27521  -41.363  -52.031  -35.469 0.5000000000
27536  -41.604  -52.137  -36.331 0.5000000000
27538  -36.329  -52.472  -36.610 0.4000000060
27542  -40.593  -52.542  -37.393 0.4000000060
27543  -41.204  -52.285  -37.825 0.5000000000
27544  -36.566  -52.427  -37.342 0.4000000060
27545  -37.081  -52.312  -37.777 0.4000000060
27547  -40.160  -52.857  -37.927 0.5000000000
27550  -36.487  -52.513  -38.246 0.4000000060
27555  -36.571  -52.869  -39.109 0.4000000060
27558  -38.574  -52.807  -39.584 0.5000000000
27559  -39.784  -52.553  -39.210 0.6000000238
28694  -40.700  -51.506  -29.320 0.4000000060
28717  -39.679  -51.659  -30.359 0.4000000060
28733  -39.438  -51.706  -30.992 0.4000000060
28744  -39.433  -51.622  -31.707 0.4000000060
28755  -36.366  -51.149  -32.235 0.5000000000
28757  -39.587  -51.688  -32.404 0.4000000060
28758  -40.155  -51.378  -32.680 0.4000000060
28767  -37.060  -51.278  -33.368 0.5000000000
28770  -41.030  -51.368  -33.733 0.4000000060
28780  -37.742  -51.003  -34.392 0.5000000000
28781  -39.714  -52.135  -33.552 0.4000000060
28783  -41.395  -51.571  -34.390 0.4000000060
28797  -43.919  -51.688  -35.849 0.6000000238
28798  -44.240  -51.520  -36.088 0.6000000238
28806  -37.945  -51.471  -35.649 0.6000000238
28810  -42.850  -51.908  -36.253 0.6000000238
28813  -38.320  -51.704  -37.113 0.6000000238
28816  -43.015  -51.673  -36.584 0.6999999881
28819  -39.923  -51.285  -38.823 0.6000000238
28820  -41.616  -51.954  -38.169 0.6000000238
28823  -38.462  -52.377  -39.378 0.5000000000
28826  -40.843  -51.915  -38.964 0.6000000238
28828  -41.680  -51.449  -38.392 0.6000000238
28829  -39.180  -52.291  -39.315 0.5000000000
29905  -40.551  -50.858  -29.433 0.4000000060
29907  -41.525  -50.807  -28.761 0.3000000119
29932  -40.260  -50.696  -29.999 0.4000000060
29944  -40.134  -50.524  -30.502 0.4000000060
29954  -39.625  -51.065  -31.229 0.4000000060
29966  -39.826  -51.132  -31.959 0.4000000060
29968  -41.139  -50.493  -32.814 0.4000000060
29976  -36.817  -50.893  -32.778 0.5000000000
29977  -37.237  -50.495  -33.183 0.5000000000
29978  -37.616  -50.254  -33.588 0.5000000000
29981  -41.827  -50.544  -33.669 0.4000000060
29993  -45.452  -51.058  -35.437 0.6000000238
30005  -38.666  -50.414  -35.132 0.5000000000
30006  -42.922  -51.461  -34.950 0.6000000238
30008  -45.038  -51.113  -35.850 0.6000000238
30017  -39.053  -50.394  -35.782 0.6000000238
30019  -44.198  -51.181  -36.358 0.6999999881
30022  -42.965  -51.103  -36.805 0.6999999881
30028  -41.234  -51.349  -38.773 0.6000000238
30998  -42.036  -50.012  -28.533 0.3000000119
31021  -41.751  -49.518  -28.727 0.4000000060
31042  -40.900  -49.717  -29.975 0.4000000060
31060  -40.712  -49.718  -30.542 0.4000000060
31077  -41.023  -49.666  -31.114 0.4000000060
31078  -41.473  -49.649  -31.809 0.4000000060
31090  -37.122  -49.871  -32.881 0.5000000000
31092  -41.786  -49.861  -32.525 0.4000000060
31106  -43.572  -50.032  -33.482 0.4000000060
31124  -44.951  -50.678  -34.629 0.5000000000
31126  -46.451  -50.673  -35.169 0.5000000000
31138  -38.246  -49.731  -34.267 0.5000000000
31139  -38.528  -49.806  -34.878 0.5000000000
31140  -46.531  -50.661  -35.827 0.6000000238
31147  -43.365  -49.953  -36.194 0.6999999881
31148  -44.598  -50.790  -36.121 0.6999999881
31150  -46.772  -50.352  -36.010 0.5000000000
31157  -40.094  -49.929  -37.566 0.6999999881
31160  -41.842  -50.143  -38.001 0.6000000238
31161  -42.433  -50.625  -37.394 0.6000000238
31162  -40.943  -50.586  -38.565 0.6000000238
32081  -41.713  -49.293  -29.266 0.4000000060
32082  -42.201  -49.103  -29.043 0.3000000119
32083  -42.899  -48.989  -28.844 0.3000000119
32106  -42.081  -48.895  -29.718 0.3000000119
32122  -41.829  -49.053  -30.403 0.4000000060
32138  -42.301  -49.152  -31.549 0.3000000119
32153  -36.857  -49.441  -32.701 0.5000000000
32155  -42.813  -49.077  -32.175 0.3000000119
32158  -44.972  -48.974  -32.815 0.3000000119
32173  -37.153  -49.312  -33.265 0.5000000000
32174  -37.614  -49.402  -33.667 0.5000000000
32175  -43.176  -49.475  -32.868 0.4000000060
32177  -44.665  -49.503  -33.340 0.4000000060
32179  -46.194  -49.479  -33.809 0.4000000060
32189  -37.929  -49.265  -34.217 0.5000000000
32190  -45.999  -50.203  -34.315 0.5000000000
32192  -47.292  -49.744  -34.800 0.4000000060
32202  -43.615  -49.308  -35.416 0.6999999881
32204  -47.390  -49.701  -35.437 0.5000000000
32205  -47.755  -49.059  -35.367 0.4000000060
32213  -38.548  -48.884  -35.609 0.5000000000
32216  -42.124  -49.126  -35.952 0.6999999881
32217  -42.685  -49.550  -36.108 0.6000000238
32218  -44.078  -49.910  -35.888 0.6999999881
32221  -46.904  -49.511  -35.900 0.5000000000
32222  -47.338  -49.344  -35.745 0.4000000060
32224  -32.545  -49.389  -37.443 0.4000000060
32226  -34.054  -48.833  -37.216 0.5000000000
32227  -34.069  -48.420  -37.549 0.5000000000
32230  -40.428  -48.336  -37.095 0.6999999881
32233  -33.059  -49.130  -37.499 0.4000000060
32234  -33.623  -48.903  -37.587 0.5000000000
32237  -41.355  -49.347  -37.789 0.6000000238
33268  -42.693  -48.528  -29.905 0.3000000119
33303  -42.889  -48.654  -31.404 0.3000000119
33320  -35.984  -48.734  -33.544 0.5000000000
33322  -46.429  -48.758  -33.364 0.3000000119
33327  -35.054  -48.802  -34.677 0.6000000238
33329  -36.997  -48.624  -34.560 0.5000000000
33330  -37.573  -48.862  -34.560 0.5000000000
33334  -44.106  -48.191  -34.544 0.6999999881
33335  -47.577  -48.989  -34.320 0.4000000060
33341  -34.464  -49.056  -36.095 0.4000000060
33345  -37.518  -48.536  -35.300 0.5000000000
33346  -41.481  -48.402  -35.404 0.5000000000
33350  -44.561  -48.741  -35.020 0.6999999881
33358  -34.378  -48.751  -36.773 0.5000000000
33359  -34.921  -48.513  -36.509 0.5000000000
33360  -35.777  -48.457  -36.226 0.5000000000
33361  -36.603  -48.283  -36.286 0.4000000060
33367  -41.684  -48.740  -35.871 0.6000000238
33368  -47.223  -48.730  -35.834 0.4000000060
33369  -32.982  -48.631  -37.435 0.5000000000
33373  -38.514  -47.688  -36.593 0.5000000000
33375  -39.656  -48.076  -36.826 0.6999999881
33376  -41.096  -48.446  -36.952 0.6000000238
33378  -33.481  -48.468  -37.627 0.5000000000
33380  -34.292  -47.960  -37.585 0.5000000000
33381  -34.760  -47.836  -37.291 0.5000000000
34501  -32.396  -47.118  -33.537 0.5000000000
34503  -41.763  -47.358  -33.246 0.8000000119
34505  -43.074  -47.307  -33.465 0.8000000119
34510  -32.616  -47.512  -34.152 0.5000000000
34514  -42.151  -47.845  -33.876 0.8000000119
34515  -42.877  -47.823  -33.868 0.6000000238
34518  -44.972  -47.554  -34.640 0.6000000238
34525  -32.734  -47.712  -35.028 0.5000000000
34539  -33.685  -47.423  -36.502 0.5000000000
34540  -34.474  -47.253  -36.641 0.5000000000
34545  -40.917  -48.065  -35.643 0.6999999881
34546  -46.639  -47.733  -35.755 0.5000000000
34547  -47.052  -47.929  -35.760 0.4000000060
34548  -47.622  -48.057  -35.635 0.4000000060
34550  -33.950  -47.579  -37.186 0.5000000000
34555  -38.564  -47.211  -36.595 0.6999999881
34556  -39.225  -47.310  -36.431 0.5000000000
34558  -33.548  -47.963  -37.596 0.5000000000
34559  -34.016  -47.755  -37.513 0.5000000000
34560  -34.555  -47.620  -37.207 0.5000000000
34561  -35.160  -47.364  -37.205 0.5000000000
35664  -35.068  -46.792  -31.974 0.6000000238
35677  -33.221  -46.565  -32.466 0.6000000238
35680  -35.401  -46.780  -32.778 0.6999999881
35690  -32.884  -46.984  -32.956 0.6000000238
35691  -33.524  -46.843  -33.036 0.6000000238
35693  -35.635  -46.612  -33.680 0.6000000238
35694  -36.197  -46.104  -34.118 0.6000000238
35696  -41.431  -46.552  -33.010 0.8000000119
35698  -42.832  -46.805  -33.187 0.8000000119
35699  -43.472  -46.864  -33.442 0.5000000000
35702  -31.259  -47.413  -34.963 0.3000000119
35703  -31.720  -47.145  -34.133 0.6000000238
35704  -34.007  -47.125  -34.878 0.5000000000
35705  -35.009  -46.646  -35.290 0.6000000238
35707  -36.138  -45.983  -34.978 0.6000000238
35708  -39.044  -46.263  -34.441 0.6000000238
35712  -44.700  -47.015  -34.274 0.6000000238
35719  -35.358  -46.357  -36.173 0.6000000238
35721  -38.094  -46.193  -35.429 0.6000000238
35723  -39.428  -46.770  -35.088 0.6000000238
35724  -46.015  -47.146  -35.267 0.5000000000
35725  -46.434  -47.140  -35.708 0.5000000000
35726  -48.110  -47.417  -35.384 0.3000000119
35727  -48.445  -46.784  -35.087 0.3000000119
35731  -35.783  -46.303  -36.872 0.6000000238
35735  -38.540  -46.492  -35.902 0.6000000238
35740  -34.893  -47.076  -37.061 0.6000000238
35741  -36.534  -46.458  -37.022 0.6000000238
35742  -38.046  -46.723  -36.627 0.6000000238
36860  -37.411  -45.786  -30.292 0.6000000238
36868  -34.542  -45.846  -31.157 0.5000000000
36870  -35.984  -46.177  -30.923 0.6000000238
36872  -37.381  -46.037  -31.079 0.6999999881
36873  -37.862  -45.805  -30.841 0.6000000238
36882  -33.738  -45.885  -31.664 0.6000000238
36883  -34.231  -46.185  -31.592 0.5000000000
36884  -34.810  -46.378  -31.496 0.6000000238
36886  -37.383  -46.018  -31.955 0.6999999881
36887  -38.016  -45.705  -31.613 0.6999999881
36900  -37.351  -45.829  -32.815 0.6999999881
36910  -31.798  -45.865  -33.490 0.4000000060
36911  -32.246  -46.044  -32.886 0.5000000000
36916  -38.960  -45.312  -33.345 0.6999999881
36917  -40.314  -45.584  -33.232 0.6999999881
36919  -41.928  -45.968  -32.954 0.8000000119
36926  -36.671  -45.630  -34.660 0.6000000238
36927  -37.192  -45.414  -34.335 0.6999999881
36929  -38.621  -45.729  -33.852 0.6999999881
36933  -44.439  -46.387  -34.103 0.5000000000
36934  -44.983  -46.551  -34.502 0.6000000238
36940  -37.155  -45.804  -35.469 0.6000000238
36941  -37.586  -45.611  -34.797 0.6000000238
36952  -45.821  -45.787  -35.653 0.5000000000
36954  -46.839  -46.016  -35.558 0.4000000060
38106  -36.585  -44.532  -29.385 0.5000000000
38107  -37.623  -44.994  -29.388 0.5000000000
38108  -38.261  -44.925  -29.458 0.6000000238
38135  -36.565  -45.123  -29.686 0.6000000238
38136  -37.195  -45.358  -29.724 0.5000000000
38138  -38.483  -45.134  -30.071 0.6000000238
38151  -34.244  -45.297  -31.057 0.5000000000
38152  -34.885  -45.347  -30.694 0.5000000000
38153  -35.570  -45.692  -30.430 0.6000000238
38155  -38.631  -45.233  -30.773 0.6000000238
38167  -33.805  -45.305  -31.467 0.5000000000
38168  -38.616  -45.257  -31.574 0.6999999881
38169  -38.898  -44.736  -31.986 0.6999999881
38181  -32.952  -45.631  -32.156 0.5000000000
38182  -38.391  -45.271  -32.277 0.6999999881
38184  -38.980  -44.726  -32.945 0.6999999881
38194  -38.190  -45.143  -33.017 0.6999999881
38195  -39.508  -44.961  -33.186 0.6999999881
38199  -43.254  -45.645  -33.317 0.6000000238
38206  -43.868  -45.323  -33.855 0.5000000000
38207  -44.418  -45.197  -34.472 0.5000000000
38208  -47.968  -45.085  -34.649 0.3000000119
38214  -44.990  -45.134  -35.074 0.5000000000
38215  -45.442  -45.107  -35.635 0.6000000238
38216  -47.742  -45.410  -35.066 0.3000000119
38221  -47.259  -45.728  -35.319 0.3000000119
39365  -38.865  -43.808  -28.854 0.6000000238
39384  -36.044  -44.199  -29.683 0.5000000000
39385  -37.280  -44.498  -29.174 0.5000000000
39386  -37.969  -44.500  -29.091 0.5000000000
39388  -39.173  -44.097  -29.428 0.6000000238
39411  -35.217  -44.330  -30.179 0.5000000000
39414  -39.405  -44.315  -30.114 0.6000000238
39446  -33.959  -44.718  -31.191 0.5000000000
39459  -32.922  -44.270  -32.255 0.4000000060
39475  -41.440  -44.325  -33.320 0.6000000238
39484  -41.938  -43.885  -33.627 0.8000000119
39488  -47.927  -44.756  -34.125 0.3000000119
39495  -43.779  -43.814  -34.719 0.6000000238
39497  -45.012  -44.564  -35.418 0.5000000000
39498  -47.019  -44.159  -35.013 0.3000000119
39505  -46.674  -44.580  -35.490 0.4000000060
39506  -47.087  -45.032  -35.312 0.3000000119
40643  -37.875  -43.520  -28.429 0.4000000060
40644  -38.538  -43.464  -28.429 0.5000000000
40655  -36.395  -43.331  -29.064 0.4000000060
40656  -36.879  -43.957  -29.060 0.5000000000
40665  -35.587  -43.922  -29.936 0.5000000000
40667  -40.036  -43.400  -30.162 0.5000000000
40689  -33.843  -43.957  -31.443 0.5000000000
40691  -40.253  -43.249  -31.781 0.5000000000
40704  -33.015  -43.618  -32.427 0.3000000119
40705  -33.630  -43.333  -32.062 0.4000000060
40707  -40.011  -43.387  -32.966 0.6999999881
40723  -46.457  -44.009  -34.014 0.3000000119
40728  -43.280  -43.403  -34.779 0.6000000238
40729  -46.111  -43.377  -34.149 0.3000000119
40737  -43.941  -43.394  -35.101 0.6000000238
40738  -44.522  -43.480  -35.475 0.6000000238
40741  -45.104  -43.454  -35.576 0.5000000000
40742  -45.588  -43.566  -35.635 0.4000000060
40743  -46.085  -43.589  -35.519 0.3000000119
41878  -38.116  -42.532  -28.008 0.4000000060
41880  -39.349  -42.744  -28.603 0.5000000000
41890  -36.221  -42.597  -29.160 0.4000000060
41891  -39.693  -42.858  -29.066 0.4000000060
41902  -35.531  -43.330  -29.932 0.5000000000
41903  -35.581  -42.819  -29.975 0.5000000000
41904  -39.943  -43.168  -29.596 0.5000000000
41915  -34.632  -43.007  -30.930 0.5000000000
41916  -34.991  -42.413  -30.806 0.4000000060
41917  -40.533  -42.788  -31.454 0.5000000000
41927  -34.510  -42.448  -31.429 0.5000000000
41928  -40.463  -42.832  -32.087 0.5000000000
41952  -45.060  -42.692  -33.344 0.3000000119
41956  -42.096  -42.689  -34.326 0.6999999881
41958  -45.653  -42.582  -34.257 0.3000000119
41968  -43.921  -42.455  -35.584 0.6000000238
41969  -44.131  -43.002  -35.425 0.6000000238
41971  -46.438  -43.127  -35.158 0.3000000119
41972  -44.974  -42.532  -35.768 0.5000000000
41974  -46.355  -43.245  -35.344 0.3000000119
43054  -38.092  -41.932  -27.793 0.4000000060
43068  -36.995  -42.216  -28.261 0.4000000060
43069  -37.601  -42.268  -27.968 0.4000000060
43070  -39.167  -42.133  -28.317 0.4000000060
43079  -36.108  -41.943  -29.376 0.4000000060
43095  -34.999  -41.978  -31.214 0.4000000060
43103  -34.284  -42.160  -32.137 0.3000000119
43106  -41.135  -41.844  -31.670 0.5000000000
43107  -44.075  -41.690  -31.811 0.3000000119
43117  -34.085  -41.904  -32.673 0.3000000119
43118  -34.515  -41.615  -32.385 0.3000000119
43120  -40.819  -42.021  -32.585 0.5000000000
43121  -44.332  -42.090  -32.409 0.3000000119
43135  -41.699  -42.042  -34.391 0.6000000238
43137  -45.023  -41.343  -34.054 0.3000000119
43139  -45.878  -42.185  -34.964 0.4000000060
43149  -43.390  -41.908  -35.431 0.6000000238
43150  -45.858  -41.521  -35.297 0.4000000060
43152  -44.021  -41.912  -35.707 0.6000000238
43153  -44.563  -42.179  -35.847 0.6000000238
43155  -45.593  -42.175  -35.492 0.4000000060
44290  -37.414  -40.944  -27.769 0.4000000060
44306  -36.595  -40.972  -28.373 0.4000000060
44307  -36.673  -41.585  -28.329 0.4000000060
44308  -38.943  -41.527  -27.982 0.4000000060
44310  -40.086  -41.323  -28.863 0.4000000060
44326  -36.059  -41.397  -29.541 0.5000000000
44327  -40.872  -41.356  -30.322 0.5000000000
44336  -35.732  -41.211  -30.712 0.4000000060
44346  -41.660  -40.938  -32.173 0.5000000000
44357  -34.593  -41.117  -32.643 0.3000000119
44360  -44.341  -41.218  -32.487 0.3000000119
44367  -41.064  -41.653  -33.145 0.6000000238
44369  -44.732  -40.931  -33.355 0.3000000119
44375  -42.082  -41.010  -34.723 0.6000000238
44376  -45.522  -41.067  -34.931 0.4000000060
44385  -42.569  -41.244  -35.065 0.6000000238
44386  -43.045  -41.464  -35.356 0.6999999881
44388  -45.669  -41.522  -35.517 0.4000000060
44389  -43.171  -40.903  -35.448 0.6999999881
44390  -43.654  -41.440  -35.602 0.6000000238
45495  -36.845  -40.076  -27.842 0.4000000060
45498  -38.709  -40.936  -27.599 0.4000000060
45514  -36.900  -40.628  -27.954 0.4000000060
45522  -36.288  -40.286  -29.006 0.4000000060
45523  -40.714  -40.395  -29.445 0.4000000060
45533  -40.844  -40.877  -29.879 0.4000000060
45535  -43.880  -40.712  -30.534 0.3000000119
45541  -41.338  -40.404  -30.795 0.5000000000
45543  -44.000  -40.897  -31.174 0.3000000119
45551  -35.232  -40.521  -31.963 0.3000000119
45564  -41.828  -40.634  -32.630 0.5000000000
45571  -41.892  -40.629  -33.380 0.5000000000
45573  -44.539  -40.539  -32.735 0.3000000119
45578  -41.875  -40.835  -34.193 0.5000000000
45579  -42.271  -40.381  -34.622 0.6000000238
45591  -43.051  -40.265  -35.389 0.5000000000
45592  -45.670  -40.078  -35.300 0.5000000000
45594  -44.576  -40.677  -35.672 0.6000000238
45595  -45.314  -40.228  -35.524 0.6000000238
46739  -36.513  -39.503  -27.991 0.4000000060
46740  -37.241  -39.605  -27.636 0.4000000060
46741  -37.792  -40.019  -27.530 0.4000000060
46743  -39.170  -39.630  -27.815 0.4000000060
46760  -39.722  -39.855  -28.230 0.4000000060
46761  -40.193  -39.489  -28.571 0.4000000060
46773  -40.543  -39.815  -29.074 0.4000000060
46788  -41.244  -39.568  -29.920 0.4000000060
46789  -41.681  -39.255  -30.224 0.4000000060
46802  -36.276  -39.385  -30.755 0.4000000060
46804  -41.829  -39.417  -30.726 0.4000000060
46805  -44.698  -39.987  -30.963 0.3000000119
46806  -45.217  -39.562  -30.919 0.3000000119
46819  -42.584  -38.823  -31.812 0.5000000000
46820  -44.938  -39.664  -31.656 0.3000000119
46821  -45.527  -39.100  -31.606 0.3000000119
46827  -35.614  -39.552  -32.567 0.3000000119
46829  -42.169  -40.161  -32.664 0.5000000000
46834  -42.740  -39.761  -33.699 0.5000000000
46843  -43.084  -39.359  -34.845 0.5000000000
46844  -45.926  -39.044  -34.710 0.5000000000
46858  -44.415  -39.899  -35.658 0.6000000238
47974  -38.354  -38.898  -27.545 0.4000000060
47991  -40.570  -38.410  -28.753 0.4000000060
47998  -36.253  -38.630  -28.796 0.4000000060
48012  -41.398  -38.982  -29.753 0.4000000060
48027  -42.012  -38.902  -30.597 0.4000000060
48044  -36.504  -38.797  -31.201 0.4000000060
48059  -42.952  -38.869  -32.663 0.5000000000
48060  -43.365  -38.404  -32.717 0.4000000060
48061  -45.621  -39.042  -33.025 0.4000000060
48063  -46.791  -38.565  -32.488 0.4000000060
48072  -43.079  -39.206  -33.435 0.5000000000
48075  -46.106  -38.825  -33.510 0.5000000000
48076  -46.535  -38.638  -33.196 0.5000000000
48085  -42.985  -39.249  -34.195 0.5000000000
48086  -43.398  -38.804  -34.532 0.5000000000
48087  -46.105  -38.741  -34.266 0.5000000000
48095  -44.274  -38.557  -35.275 0.6000000238
48096  -46.039  -38.558  -34.959 0.5000000000
48097  -44.355  -39.086  -35.552 0.5000000000
48098  -45.621  -38.839  -35.478 0.6000000238
48099  -45.753  -38.449  -35.397 0.6000000238
49148  -36.689  -38.184  -27.911 0.4000000060
49149  -37.667  -37.840  -27.599 0.4000000060
49151  -38.913  -37.805  -27.603 0.4000000060
49152  -39.460  -38.192  -27.779 0.4000000060
49166  -36.662  -37.629  -28.229 0.4000000060
49168  -40.569  -37.815  -28.398 0.4000000060
49178  -36.375  -37.719  -28.810 0.4000000060
49180  -41.653  -37.940  -29.321 0.4000000060
49187  -36.445  -38.221  -30.018 0.4000000060
49189  -42.502  -37.803  -30.160 0.4000000060
49200  -37.096  -37.273  -31.583 0.4000000060
49202  -42.662  -37.989  -30.763 0.4000000060
49203  -43.087  -37.605  -31.129 0.4000000060
49209  -37.064  -37.589  -32.402 0.4000000060
49210  -42.829  -38.166  -31.423 0.5000000000
49219  -36.924  -37.687  -33.253 0.3000000119
49220  -43.054  -38.302  -32.119 0.4000000060
49225  -49.271  -37.919  -32.474 0.4000000060
49236  -43.662  -38.084  -33.163 0.5000000000
49238  -47.516  -38.087  -33.409 0.5000000000
49253  -43.685  -38.303  -34.021 0.5000000000
49254  -44.198  -37.805  -34.542 0.5000000000
49256  -46.664  -38.144  -34.474 0.5000000000
49258  -48.332  -37.490  -33.824 0.5000000000
49265  -44.513  -37.981  -35.255 0.6000000238
49266  -45.337  -37.939  -35.427 0.5000000000
49267  -45.965  -37.891  -35.165 0.5000000000
49269  -44.740  -38.452  -35.505 0.5000000000
50350  -36.603  -37.217  -28.547 0.4000000060
50351  -41.449  -37.486  -28.937 0.4000000060
50353  -42.443  -36.909  -29.451 0.4000000060
50366  -42.730  -37.204  -29.972 0.4000000060
50380  -42.932  -37.427  -30.526 0.4000000060
50387  -44.432  -36.695  -31.939 0.4000000060
50392  -37.304  -37.115  -32.971 0.4000000060
50394  -44.246  -37.108  -32.594 0.4000000060
50401  -44.369  -37.208  -33.317 0.4000000060
50402  -44.836  -36.805  -33.704 0.3000000119
50404  -49.938  -37.383  -33.458 0.3000000119
50417  -44.653  -37.380  -35.040 0.5000000000
50419  -45.876  -36.290  -34.451 0.3000000119
50420  -47.035  -37.749  -34.768 0.5000000000
50421  -48.070  -37.265  -34.429 0.4000000060
50424  -50.303  -36.916  -33.728 0.3000000119
50428  -45.263  -37.405  -35.155 0.5000000000
50429  -47.024  -37.058  -35.106 0.5000000000
50430  -47.542  -37.218  -34.748 0.4000000060
51593  -41.766  -36.306  -28.497 0.4000000060
51605  -36.785  -36.698  -28.678 0.4000000060
51607  -42.153  -36.655  -28.904 0.4000000060
51620  -36.803  -36.580  -29.444 0.4000000060
51621  -36.937  -36.442  -30.318 0.4000000060
51624  -44.009  -36.018  -30.400 0.4000000060
51636  -44.931  -36.136  -31.529 0.4000000060
51647  -37.637  -36.579  -32.698 0.4000000060
51649  -44.783  -36.848  -32.823 0.4000000060
51668  -45.683  -35.952  -33.616 0.3000000119
51682  -47.691  -36.054  -34.702 0.3000000119
51684  -49.151  -36.171  -34.195 0.3000000119
51689  -46.520  -36.614  -35.009 0.5000000000
51690  -47.371  -36.600  -34.959 0.5000000000
52828  -42.664  -35.686  -28.672 0.5000000000
52837  -43.502  -35.439  -29.287 0.5000000000
52846  -37.210  -35.712  -30.201 0.4000000060
52847  -43.793  -35.761  -29.812 0.5000000000
52848  -44.297  -35.518  -30.080 0.4000000060
52857  -44.516  -35.754  -30.594 0.4000000060
52859  -45.525  -35.179  -30.766 0.4000000060
52867  -45.805  -35.321  -31.413 0.3000000119
52877  -38.191  -35.531  -32.856 0.4000000060
52898  -38.157  -35.432  -33.424 0.4000000060
52899  -38.535  -34.962  -33.640 0.4000000060
52901  -47.398  -35.335  -33.936 0.3000000119
52904  -38.028  -35.273  -33.681 0.4000000060
52905  -46.295  -35.699  -34.084 0.3000000119
52907  -47.466  -35.572  -34.482 0.4000000060
52909  -48.873  -35.318  -34.114 0.3000000119
52911  -50.437  -35.704  -34.033 0.3000000119
54052  -42.550  -35.154  -28.361 0.5000000000
54077  -45.100  -35.022  -30.282 0.3000000119
54083  -38.158  -34.734  -31.215 0.4000000060
54121  -38.920  -34.794  -33.499 0.4000000060
54130  -47.832  -35.148  -34.148 0.3000000119
54133  -50.201  -34.913  -33.984 0.3000000119
55254  -49.809  -33.298  -33.765 0.3000000119
55261  -49.516  -34.042  -33.795 0.3000000119
55262  -50.151  -33.687  -33.953 0.3000000119
56405  -51.130  -32.694  -34.138 0.3000000119
56406  -51.799  -32.736  -34.251 0.3000000119
56407  -52.374  -33.434  -34.361 0.3000000119
56410  -54.217  -33.129  -34.645 0.4000000060
57557  -49.863  -32.128  -33.514 0.4000000060
57567  -50.839  -32.244  -34.053 0.4000000060
57568  -51.330  -32.237  -34.170 0.4000000060
57569  -52.353  -32.451  -34.624 0.4000000060
57571  -53.217  -32.040  -34.771 0.4000000060
57572  -54.467  -32.390  -34.712 0.4000000060
58765  -50.619  -31.676  -33.978 0.4000000060
58770  -52.363  -30.993  -34.614 0.4000000060
58771  -53.100  -31.283  -34.752 0.4000000060
60068  -50.386  -30.940  -33.849 0.4000000060
60070  -51.874  -30.584  -34.303 0.4000000060
60074  -53.156  -30.634  -34.726 0.4000000060
60075  -53.864  -30.791  -34.750 0.4000000060
60076  -54.905  -30.700  -34.605 0.4000000060
61312  -52.380  -29.620  -34.251 0.4000000060
61313  -53.479  -29.375  -34.261 0.4000000060
61316  -53.953  -30.074  -34.567 0.4000000060
171597  -45.087  -36.307  -32.307 0.4000000060
173829  -40.279  -41.730  -29.408 0.4000000060
174599  -40.699  -47.649  -35.104 0.6999999881
175086  -40.988  -51.019  -29.097 0.4000000060
175309  -35.155  -43.007  -30.385 0.5000000000
175313  -34.241  -46.840  -33.144 0.6000000238
175427  -46.447  -35.883  -34.694 0.4000000060
175435  -45.337  -39.788  -34.036 0.4000000060
175580  -51.548  -33.222  -34.165 0.3000000119
176463  -38.582  -45.020  -33.056 0.6999999881
177426  -36.190  -46.483  -31.632 0.6000000238
177703  -36.360  -43.921  -29.345 0.5000000000
177913  -33.895  -49.383  -35.957 0.4000000060
178547  -34.555  -46.902  -33.805 0.6000000238
178875  -34.815  -53.265  -37.422 0.4000000060
179074  -39.506  -43.937  -32.193 0.6999999881
182350  -38.641  -39.399  -27.605 0.4000000060
182744  -36.989  -46.200  -36.781 0.5000000000
182811  -37.584  -54.074  -35.335 0.5000000000
183106  -36.777  -53.346  -39.621 0.4000000060
183185  -37.621  -54.137  -37.930 0.4000000060
183359  -48.032  -37.855  -33.472 0.4000000060
183497  -36.159  -39.939  -30.439 0.4000000060
184667  -39.220  -52.720  -30.769 0.4000000060
186089  -40.530  -48.766  -37.618 0.6999999881
187697  -37.978  -38.330  -27.545 0.4000000060
188088  -45.132  -38.942  -35.532 0.6000000238
188586  -44.379  -51.464  -35.712 0.6000000238
188650  -40.161  -40.043  -28.594 0.4000000060
188677  -46.289  -45.685  -35.733 0.5000000000
188906  -32.933  -45.003  -32.191 0.5000000000
189361  -37.904  -45.350  -33.488 0.6999999881
190086  -45.453  -43.990  -35.656 0.6000000238
190679  -42.199  -49.934  -33.014 0.4000000060
191088  -36.349  -40.775  -28.736 0.4000000060
191217  -41.010  -45.961  -33.087 0.8000000119
191377  -39.966  -49.403  -37.264 0.6999999881
191395  -47.017  -46.632  -35.649 0.3000000119
191598  -37.200  -36.710  -31.064 0.4000000060
191660  -45.572  -39.954  -34.823 0.4000000060
191904  -36.260  -39.162  -28.492 0.4000000060
192296  -36.512  -37.667  -29.600 0.4000000060
192534  -37.047  -45.614  -34.952 0.6999999881
192641  -34.708  -44.127  -30.565 0.5000000000
192895  -43.982  -50.502  -36.271 0.6999999881
193035  -35.734  -46.294  -34.439 0.6000000238
196000  -36.384  -48.614  -34.205 0.4000000060
196219  -40.553  -42.530  -30.778 0.5000000000
197189  -33.712  -48.024  -37.683 0.5000000000
197192  -35.312  -46.741  -37.063 0.6000000238
197474  -35.669  -44.459  -29.950 0.5000000000
197629  -41.183  -51.904  -34.810 0.5000000000
197677  -44.843  -35.903  -30.993 0.4000000060
197728  -38.494  -35.163  -32.631 0.4000000060
197835  -50.664  -33.501  -34.012 0.3000000119
197849  -39.733  -38.721  -28.049 0.4000000060
198040  -40.204  -43.060  -32.581 0.6000000238
198624  -39.236  -54.187  -31.203 0.4000000060
199245  -40.682  -52.319  -38.832 0.6000000238
199250  -46.693  -43.559  -35.215 0.3000000119
199349  -50.008  -34.285  -33.908 0.3000000119
199462  -41.428  -50.157  -32.696 0.4000000060
199873  -36.367  -38.200  -29.260 0.4000000060
200144  -45.623  -40.490  -35.097 0.4000000060
200182  -38.175  -54.683  -32.228 0.4000000060
200468  -36.712  -45.992  -30.638 0.6000000238
200578  -36.219  -39.796  -29.285 0.4000000060
200946  -37.976  -53.873  -33.474 0.4000000060
201828  -39.159  -52.801  -39.448 0.5000000000
202360  -43.861  -51.141  -34.856 0.6000000238
202472  -38.133  -51.846  -37.927 0.6000000238
202512  -36.231  -52.495  -35.102 0.4000000060
203669  -45.732  -39.464  -34.571 0.4000000060
204902  -34.536  -46.917  -35.355 0.5000000000
205064  -33.649  -42.853  -32.343 0.3000000119
205532  -36.732  -37.674  -31.070 0.4000000060
205599  -36.152  -45.826  -30.339 0.6000000238
205715  -38.510  -41.593  -27.645 0.4000000060
205867  -44.250  -40.619  -31.537 0.3000000119
205931  -42.615  -39.207  -32.295 0.5000000000
205997  -35.270  -40.910  -31.670 0.4000000060
206056  -39.434  -43.117  -28.785 0.5000000000
206207  -39.141  -53.219  -34.927 0.5000000000
206218  -45.534  -36.711  -34.433 0.3000000119
206799  -41.809  -50.413  -28.600 0.3000000119
207106  -36.729  -51.771  -33.530 0.5000000000
207272  -38.994  -52.692  -31.119 0.4000000060
207806  -44.860  -37.625  -35.477 0.5000000000
207940  -36.326  -38.180  -28.802 0.4000000060
207982  -39.847  -40.960  -28.482 0.4000000060
208306  -46.506  -49.159  -35.969 0.5000000000
208375  -41.885  -49.364  -31.660 0.4000000060
