#!ascii label  , from subject sub-v2s11x28699_ses-1 vox2ras=TkReg
868
103245  -26.382  -18.496  -25.324 0.4285714328
105744  -27.152  -17.369  -25.414 0.2857142985
104488  -26.803  -17.920  -25.378 0.4285714328
104490  -28.167  -18.045  -25.113 0.4285714328
199214  -29.403  -18.282  -24.695 0.4285714328
107045  -27.301  -16.349  -25.913 0.2857142985
105761  -28.175  -16.928  -25.379 0.4285714328
104492  -29.632  -17.717  -24.642 0.4285714328
108288  -28.013  -15.425  -26.213 0.4285714328
207195  -28.886  -16.009  -25.507 0.4285714328
110646  -28.146  -14.285  -26.457 0.4285714328
109470  -29.500  -14.420  -25.798 0.4285714328
113205  -28.061  -12.483  -26.903 0.5714285970
110658  -28.290  -13.625  -26.450 0.5714285970
110648  -29.410  -13.703  -25.935 0.4285714328
221518  -30.061  -13.862  -25.518 0.2857142985
188674  -28.654  -12.315  -26.603 0.7142857313
113187  -29.539  -12.679  -25.994 0.7142857313
113189  -30.302  -12.063  -25.409 0.7142857313
196412  -31.034  -12.649  -24.692 0.4285714328
113207  -29.201  -12.185  -26.239 0.7142857313
113188  -30.061  -12.654  -25.688 0.5714285970
114270  -31.075  -11.382  -24.843 0.5714285970
114288  -29.986  -11.501  -25.794 0.5714285970
115319  -30.507  -11.287  -25.309 0.5714285970
115299  -30.862  -10.803  -24.949 0.5714285970
115318  -29.999  -10.888  -25.662 0.5714285970
114261  -31.612  -11.423  -24.389 0.4285714328
116378  -31.272  -10.467  -24.278 0.5714285970
116362  -32.132  -9.835  -23.709 0.5714285970
116375  -30.092  -9.858  -25.136 0.7142857313
187592  -31.692  -10.180  -24.065 0.7142857313
213108  -32.517  -9.521  -23.257 0.5714285970
116376  -30.688  -10.139  -24.884 0.5714285970
117548  -28.875  -9.234  -26.165 0.5714285970
210788  -30.389  -9.357  -24.632 0.8571428657
212690  -32.110  -9.069  -23.523 0.7142857313
188641  -29.993  -8.636  -24.821 0.7142857313
214030  -29.383  -8.724  -25.346 0.5714285970
213093  -32.357  -8.851  -22.841 0.7142857313
213324  -32.796  -9.419  -22.670 0.5714285970
117517  -30.895  -9.124  -23.989 0.7142857313
212627  -32.621  -8.412  -22.320 0.5714285970
213197  -31.386  -8.822  -23.551 0.7142857313
213099  -32.945  -8.728  -21.698 0.5714285970
186959  -30.852  -8.414  -23.761 0.5714285970
213011  -31.259  -8.101  -23.383 0.7142857313
213069  -31.958  -8.183  -22.604 0.7142857313
212632  -32.162  -7.823  -22.157 0.7142857313
219240  -32.758  -8.181  -21.921 0.7142857313
213196  -31.143  -7.435  -23.242 0.7142857313
186942  -31.273  -8.001  -22.736 0.7142857313
213106  -31.584  -7.796  -22.300 0.7142857313
213063  -32.930  -7.072  -21.693 0.7142857313
213107  -32.799  -7.895  -21.971 0.5714285970
213337  -31.149  -7.514  -22.527 0.7142857313
187361  -30.451  -7.455  -24.072 0.5714285970
213061  -34.132  -5.699  -21.039 0.5714285970
212606  -31.565  -7.010  -22.045 0.8571428657
213101  -31.085  -6.934  -22.499 0.8571428657
213316  -33.121  -5.631  -21.655 0.7142857313
212600  -32.078  -6.208  -21.778 0.7142857313
212615  -34.157  -4.360  -20.939 0.8571428657
224625  -34.804  -4.587  -20.693 0.5714285970
212605  -32.484  -5.638  -21.699 0.8571428657
213317  -32.221  -5.480  -21.637 0.8571428657
124984  -34.134  -3.872  -21.426 0.8571428657
124985  -34.877  -3.575  -20.895 0.8571428657
125995  -34.746  -2.086  -20.471 0.8571428657
212601  -33.169  -4.877  -21.627 0.8571428657
205143  -33.059  -2.977  -21.619 1.0000000000
125994  -34.191  -2.735  -21.525 1.0000000000
213075  -33.461  -4.370  -21.614 0.8571428657
124983  -33.257  -3.765  -21.499 1.0000000000
127059  -34.593  -1.153  -21.004 1.0000000000
203296  -34.370  -1.064  -21.689 0.7142857313
197067  -34.493  -1.785  -20.951 1.0000000000
220873  -33.940  -1.948  -21.245 1.0000000000
130224  -34.801  0.640  -23.278 1.0000000000
131248  -34.994  1.637  -23.986 0.8571428657
134083  -34.604  3.384  -24.684 0.8571428657
133184  -34.778  2.831  -24.504 0.8571428657
132217  -34.853  2.234  -24.282 1.0000000000
225107  -34.185  4.602  -25.394 0.8571428657
134970  -34.563  4.184  -25.255 0.8571428657
135832  -33.591  4.796  -25.523 0.7142857313
134969  -33.842  4.314  -25.035 0.5714285970
135846  -32.700  5.484  -25.981 0.7142857313
197205  -33.476  5.388  -25.811 0.5714285970
135845  -31.972  5.189  -26.061 0.5714285970
135831  -32.808  4.986  -25.746 0.5714285970
214532  -31.274  5.136  -26.311 0.4285714328
137641  -31.254  6.227  -26.886 0.4285714328
206393  -31.832  6.285  -26.800 0.4285714328
137626  -30.021  6.415  -25.963 0.2857142985
191365  -29.902  6.084  -25.285 0.2857142985
135829  -30.520  5.769  -25.733 0.2857142985
137618  -29.851  6.840  -25.102 0.2857142985
105759  -26.889  -16.840  -25.752 0.2857142985
213313  -33.956  -4.979  -20.946 0.5714285970
213217  -32.216  -7.042  -21.906 0.7142857313
213312  -32.589  -6.105  -21.489 0.7142857313
123979  -34.568  -4.067  -21.016 0.8571428657
206319  -35.173  -2.886  -20.675 0.8571428657
129192  -34.616  -0.863  -22.116 0.8571428657
138573  -29.684  7.875  -23.447 0.1428571492
211941  -26.121  -16.332  -26.180 0.2857142985
108287  -27.086  -15.857  -26.213 0.2857142985
107046  -27.871  -16.298  -25.548 0.2857142985
107032  -29.165  -16.539  -25.132 0.4285714328
108277  -29.412  -15.800  -25.329 0.4285714328
109466  -27.214  -14.737  -26.492 0.2857142985
207366  -27.671  -15.828  -25.966 0.4285714328
108278  -30.098  -15.493  -25.107 0.4285714328
110657  -27.792  -13.878  -26.860 0.5714285970
111950  -28.445  -12.951  -26.518 0.5714285970
111933  -30.316  -13.166  -25.449 0.4285714328
211206  -28.299  -11.830  -27.007 0.2857142985
197702  -29.798  -12.108  -25.935 0.7142857313
115333  -29.626  -11.115  -25.977 0.5714285970
115272  -32.237  -11.231  -23.568 0.4285714328
115317  -29.450  -10.609  -25.862 0.7142857313
202342  -29.835  -10.258  -25.555 0.7142857313
115301  -31.702  -10.790  -24.235 0.7142857313
115283  -32.135  -10.608  -23.828 0.4285714328
187093  -31.571  -9.507  -23.841 0.7142857313
192093  -28.974  -8.839  -25.826 0.5714285970
117522  -29.857  -9.225  -25.068 0.5714285970
213091  -33.038  -8.249  -21.357 0.5714285970
213213  -31.895  -8.402  -23.259 0.7142857313
216588  -30.561  -8.006  -24.072 0.8571428657
213311  -32.598  -5.023  -21.696 1.0000000000
125008  -32.616  -3.357  -21.670 1.0000000000
127081  -34.350  -1.290  -21.152 0.8571428657
209923  -34.273  -0.383  -22.477 0.7142857313
129202  -35.058  -0.652  -22.567 1.0000000000
130211  -35.084  0.001  -22.950 1.0000000000
131236  -35.217  1.055  -23.720 0.8571428657
136740  -31.544  5.591  -26.622 0.7142857313
134968  -33.008  4.577  -25.221 0.5714285970
215207  -31.245  4.756  -25.740 0.4285714328
137640  -30.773  6.350  -26.402 0.2857142985
203073  -32.313  5.786  -26.407 0.4285714328
220019  -29.960  6.964  -26.086 0.2857142985
115331  -28.590  -10.707  -26.629 0.4285714328
116398  -28.430  -10.049  -26.692 0.4285714328
136739  -31.006  5.538  -26.543 0.4285714328
103246  -27.168  -18.560  -25.175 0.4285714328
202240  -28.406  -18.666  -24.962 0.4285714328
105758  -26.243  -16.853  -26.019 0.2857142985
104505  -25.652  -17.371  -25.875 0.2857142985
103247  -29.002  -18.787  -24.751 0.4285714328
105746  -28.487  -17.482  -25.161 0.4285714328
108286  -26.387  -15.831  -26.223 0.2857142985
105762  -28.701  -16.962  -25.230 0.4285714328
110656  -27.194  -14.139  -27.086 0.2857142985
204047  -28.458  -15.209  -26.080 0.4285714328
108290  -28.943  -15.468  -25.740 0.4285714328
109469  -28.957  -14.860  -25.961 0.4285714328
110645  -27.642  -14.381  -26.607 0.4285714328
111949  -27.874  -13.173  -26.835 0.4285714328
114298  -27.728  -12.001  -27.369 0.2857142985
111942  -29.335  -13.149  -26.047 0.4285714328
114300  -28.790  -11.616  -26.487 0.5714285970
115332  -29.049  -11.009  -26.222 0.5714285970
115298  -30.384  -10.540  -25.302 0.5714285970
208754  -31.974  -11.156  -24.049 0.4285714328
117523  -30.995  -9.935  -24.229 0.7142857313
115284  -32.495  -10.213  -23.390 0.5714285970
116386  -29.689  -9.521  -25.630 0.7142857313
116385  -29.139  -9.675  -25.967 0.7142857313
118662  -30.422  -8.585  -24.243 0.5714285970
213216  -32.708  -8.945  -22.171 0.5714285970
118671  -30.069  -7.920  -24.458 0.7142857313
213187  -30.904  -7.717  -23.766 0.8571428657
212696  -30.862  -7.102  -23.761 0.8571428657
213064  -31.680  -5.578  -22.074 0.8571428657
200733  -33.836  -0.407  -21.635 0.8571428657
134093  -34.391  3.848  -24.904 0.8571428657
135830  -32.145  4.742  -25.461 0.5714285970
137619  -29.788  6.240  -24.524 0.2857142985
108303  -26.823  -15.326  -26.480 0.2857142985
114299  -28.398  -11.208  -26.911 0.2857142985
140465  -31.113  8.314  -27.776 0.2857142985
140464  -30.431  9.211  -26.886 0.1428571492
138597  -31.140  7.157  -28.032 0.2857142985
139562  -31.352  7.850  -28.019 0.2857142985
209717  -30.707  8.516  -27.143 0.1428571492
138593  -30.225  6.880  -26.699 0.1428571492
138594  -30.809  6.750  -27.355 0.2857142985
139558  -30.237  8.031  -26.905 0.1428571492
138599  -32.389  7.723  -27.251 0.2857142985
210237  -31.687  7.519  -27.942 0.2857142985
136744  -35.841  5.988  -26.102 0.2857142985
208226  -33.993  6.982  -26.147 0.2857142985
140460  -29.527  8.830  -26.901 0.1428571492
137647  -31.353  6.821  -27.419 0.2857142985
206219  -34.261  5.645  -25.753 0.2857142985
138598  -31.657  7.219  -27.772 0.2857142985
134983  -35.415  4.617  -25.772 0.1428571492
137644  -34.339  6.426  -25.851 0.2857142985
137643  -33.524  6.515  -26.124 0.2857142985
137642  -32.730  6.395  -26.587 0.2857142985
137648  -32.043  7.086  -26.830 0.2857142985
134111  -36.948  3.289  -26.135 0.1428571492
134110  -36.451  3.600  -26.092 0.1428571492
136743  -35.008  5.830  -25.911 0.4285714328
136742  -33.749  5.980  -25.947 0.2857142985
132232  -35.969  2.366  -25.267 0.2857142985
134971  -35.185  4.053  -25.503 0.4285714328
132233  -36.557  2.029  -25.108 0.1428571492
134096  -36.007  3.307  -25.871 0.2857142985
218216  -34.728  4.595  -25.558 0.4285714328
134095  -35.535  3.380  -25.430 0.5714285970
131251  -36.647  1.128  -24.741 0.1428571492
131265  -36.434  1.614  -24.876 0.1428571492
135847  -34.174  5.023  -25.613 0.4285714328
133200  -35.597  2.785  -25.225 0.4285714328
129236  -37.220  -0.045  -24.330 0.2857142985
130246  -36.215  0.923  -24.360 0.7142857313
134094  -34.918  3.636  -25.126 0.7142857313
131250  -36.061  1.485  -24.564 0.8571428657
133185  -35.390  2.423  -24.809 0.5714285970
128204  -36.813  -1.007  -23.497 0.2857142985
129217  -36.623  -0.400  -23.779 0.2857142985
203101  -34.255  3.166  -24.315 0.5714285970
130226  -36.281  0.245  -24.062 0.7142857313
128191  -37.027  -1.545  -23.245 0.1428571492
212959  -31.361  -3.177  -22.695 0.5714285970
199391  -33.303  -2.302  -21.660 0.8571428657
202922  -32.770  -2.575  -21.752 0.4285714328
127080  -33.642  -1.640  -21.481 0.5714285970
128188  -35.144  -1.028  -22.198 0.8571428657
130225  -35.495  0.433  -23.552 0.8571428657
128190  -36.446  -1.366  -22.938 0.2857142985
129203  -35.749  -0.405  -23.088 0.8571428657
203300  -35.484  1.858  -24.442 0.8571428657
127102  -36.544  -1.916  -22.700 0.4285714328
129204  -36.180  -0.754  -23.202 0.7142857313
129216  -35.889  -0.148  -23.394 0.7142857313
212980  -30.987  -3.638  -23.199 0.2857142985
126014  -32.321  -3.074  -21.907 0.5714285970
128170  -35.054  -1.158  -21.765 0.8571428657
128172  -35.988  -1.655  -22.217 0.4285714328
128171  -35.378  -1.378  -21.725 0.8571428657
127084  -36.291  -2.067  -21.838 0.4285714328
120977  -29.889  -6.618  -24.273 0.7142857313
212677  -30.228  -5.599  -24.189 0.4285714328
213188  -30.745  -6.506  -23.679 0.7142857313
213314  -31.195  -5.573  -22.716 0.8571428657
187148  -30.882  -5.083  -23.426 0.5714285970
186977  -31.009  -4.332  -23.236 0.5714285970
213178  -30.546  -4.019  -23.708 0.4285714328
213321  -31.639  -4.924  -22.448 0.8571428657
187064  -31.158  -4.814  -22.930 0.5714285970
186758  -31.290  -3.787  -22.694 0.5714285970
213065  -32.604  -4.238  -21.760 0.8571428657
213318  -31.966  -4.330  -22.198 0.7142857313
125027  -31.817  -3.580  -22.402 0.5714285970
127082  -34.921  -1.385  -20.656 0.7142857313
125974  -36.354  -2.880  -21.215 0.2857142985
125973  -35.676  -2.682  -20.754 0.4285714328
127060  -36.092  -2.233  -21.134 0.5714285970
120976  -29.463  -6.763  -24.597 0.4285714328
212830  -29.724  -6.066  -24.467 0.4285714328
213062  -31.345  -6.343  -22.160 0.7142857313
213310  -31.028  -6.330  -23.040 0.7142857313
213060  -32.004  -4.859  -21.628 0.8571428657
124961  -35.449  -3.491  -20.453 0.7142857313
124963  -35.995  -3.272  -20.555 0.2857142985
125972  -35.296  -2.908  -19.961 0.5714285970
118670  -29.693  -8.106  -24.996 0.4285714328
119855  -28.782  -7.574  -25.853 0.5714285970
119841  -29.924  -7.172  -24.347 0.5714285970
219139  -35.003  -4.253  -19.817 0.4285714328
187193  -35.071  -3.841  -19.840 0.4285714328
124962  -35.541  -3.449  -19.897 0.4285714328
117547  -28.358  -9.280  -26.651 0.5714285970
212633  -32.952  -9.365  -21.880 0.4285714328
215481  -33.286  -8.599  -20.983 0.4285714328
213320  -34.952  -5.740  -20.646 0.4285714328
186898  -35.880  -5.367  -20.258 0.4285714328
212748  -34.909  -4.964  -20.605 0.4285714328
199106  -30.636  -15.000  -24.971 0.1428571492
186900  -33.079  -7.892  -21.352 0.4285714328
223178  -34.270  -7.679  -20.972 0.4285714328
212885  -35.391  -6.965  -20.583 0.4285714328
109458  -30.593  -14.255  -25.047 0.1428571492
109460  -31.614  -14.214  -24.378 0.1428571492
114262  -32.078  -11.736  -23.941 0.2857142985
212683  -34.147  -10.774  -21.889 0.2857142985
213104  -35.700  -9.032  -20.636 0.2857142985
213016  -34.973  -9.884  -21.063 0.2857142985
213117  -32.810  -10.585  -23.047 0.4285714328
213092  -36.075  -8.038  -20.102 0.2857142985
213325  -33.757  -9.439  -21.105 0.2857142985
213105  -33.209  -9.774  -21.733 0.2857142985
213100  -34.992  -7.999  -20.763 0.4285714328
109459  -31.111  -14.597  -24.671 0.1428571492
109450  -31.659  -14.960  -24.367 0.1428571492
109457  -30.060  -14.691  -25.317 0.1428571492
110627  -32.131  -13.836  -24.078 0.2857142985
111920  -32.107  -13.110  -24.080 0.2857142985
187138  -33.905  -12.180  -22.626 0.2857142985
212900  -34.076  -11.742  -22.231 0.2857142985
213179  -33.759  -11.171  -22.264 0.2857142985
212902  -33.087  -11.576  -22.912 0.2857142985
213150  -34.264  -11.315  -21.978 0.2857142985
109451  -32.245  -14.582  -24.152 0.1428571492
110606  -33.604  -14.102  -22.970 0.2857142985
110628  -32.768  -14.196  -23.842 0.2857142985
111892  -33.333  -13.054  -23.103 0.2857142985
111921  -32.593  -13.465  -23.780 0.2857142985
111936  -31.573  -13.478  -24.358 0.2857142985
113154  -33.042  -12.541  -23.292 0.2857142985
105747  -29.115  -17.387  -24.998 0.2857142985
107034  -30.432  -15.988  -24.731 0.1428571492
107033  -29.854  -16.222  -24.835 0.2857142985
107035  -31.113  -16.076  -24.666 0.1428571492
102028  -27.870  -19.645  -24.877 0.2857142985
102027  -27.270  -19.718  -25.036 0.2857142985
197126  -26.154  -19.204  -25.091 0.2857142985
105736  -30.944  -17.356  -24.458 0.2857142985
100830  -28.932  -19.996  -24.471 0.1428571492
102026  -26.608  -19.792  -25.022 0.2857142985
100827  -26.341  -20.369  -24.940 0.1428571492
110605  -33.189  -14.177  -23.376 0.2857142985
113155  -33.610  -12.651  -22.892 0.2857142985
212725  -34.768  -11.062  -21.680 0.2857142985
187072  -33.613  -11.626  -22.668 0.2857142985
213180  -34.649  -10.486  -21.475 0.2857142985
212637  -33.016  -9.902  -22.358 0.4285714328
213068  -33.317  -9.142  -21.433 0.4285714328
186909  -35.111  -8.821  -20.931 0.2857142985
212607  -35.850  -7.181  -18.881 0.2857142985
186757  -30.717  -5.783  -23.612 0.7142857313
220063  -35.159  -7.032  -19.297 0.4285714328
213315  -34.338  -6.152  -20.997 0.4285714328
123960  -35.058  -4.288  -20.484 0.4285714328
123961  -35.769  -4.021  -19.710 0.2857142985
127083  -35.747  -1.670  -21.145 0.7142857313
133199  -35.131  3.047  -24.980 0.7142857313
218726  -36.451  -2.533  -21.691 0.2857142985
194885  -35.718  0.767  -24.041 0.8571428657
136741  -33.075  5.952  -26.098 0.2857142985
133201  -36.008  2.852  -25.590 0.4285714328
140450  -29.122  9.435  -26.232 0.1428571492
134109  -35.870  3.961  -25.906 0.1428571492
137649  -33.235  7.161  -26.641 0.2857142985
102029  -28.523  -19.392  -24.691 0.1428571492
212159  -26.181  -17.812  -25.488 0.2857142985
196422  -30.137  -18.334  -24.544 0.1428571492
105749  -30.528  -16.704  -24.629 0.1428571492
105748  -29.744  -17.001  -24.720 0.2857142985
108279  -31.147  -15.330  -24.644 0.1428571492
208589  -32.737  -15.766  -23.623 0.1428571492
190491  -33.066  -15.275  -23.359 0.1428571492
113180  -31.535  -12.699  -24.373 0.2857142985
113168  -32.596  -12.808  -23.757 0.2857142985
212859  -33.383  -12.070  -22.965 0.2857142985
186752  -34.683  -11.773  -21.789 0.2857142985
119839  -29.186  -7.873  -25.304 0.5714285970
216702  -32.451  -10.795  -23.378 0.2857142985
213119  -33.168  -11.034  -22.654 0.2857142985
187070  -29.250  -6.207  -25.022 0.2857142985
213215  -36.008  -7.987  -19.896 0.2857142985
213309  -35.641  -7.314  -18.729 0.2857142985
187249  -30.353  -6.229  -24.136 0.7142857313
213233  -30.134  -4.968  -24.166 0.4285714328
213208  -30.528  -5.227  -23.898 0.5714285970
213059  -35.384  -6.996  -18.801 0.4285714328
213319  -35.046  -6.930  -18.871 0.2857142985
126036  -31.729  -2.818  -22.267 0.2857142985
212742  -35.767  -6.011  -19.386 0.1428571492
187027  -35.544  -4.416  -19.621 0.4285714328
213226  -35.298  -4.833  -19.733 0.4285714328
123929  -36.306  -4.133  -19.842 0.1428571492
124931  -36.201  -3.673  -20.158 0.1428571492
218604  -35.061  -2.408  -19.971 0.5714285970
131249  -35.613  1.311  -24.185 0.8571428657
193485  -37.266  -1.812  -23.614 0.2857142985
129218  -37.174  -0.667  -24.097 0.1428571492
130247  -36.936  0.489  -24.554 0.1428571492
131266  -36.974  1.444  -25.160 0.1428571492
192366  -29.392  8.608  -26.532 0.1428571492
132218  -35.943  1.932  -24.892 0.5714285970
206617  -37.251  0.728  -25.001 0.1428571492
203263  -34.855  5.143  -25.773 0.2857142985
133202  -36.720  2.564  -25.411 0.1428571492
133214  -36.547  3.071  -25.817 0.1428571492
135851  -36.351  5.469  -26.326 0.1428571492
135849  -36.176  4.762  -26.064 0.1428571492
197858  -31.078  -19.956  -24.308 0.1428571492
214642  -32.066  -16.689  -23.833 0.1428571492
212901  -35.307  -10.710  -21.104 0.2857142985
124986  -36.644  -3.707  -21.483 0.2857142985
134113  -36.835  3.755  -26.451 0.1428571492
104487  -25.656  -18.068  -25.379 0.2857142985
205687  -28.042  -19.131  -24.944 0.2857142985
102030  -29.235  -19.441  -24.610 0.1428571492
103248  -29.659  -18.941  -24.604 0.1428571492
104493  -30.288  -17.513  -24.531 0.1428571492
111934  -30.770  -13.014  -25.080 0.2857142985
113179  -31.130  -12.051  -24.555 0.4285714328
110639  -31.128  -13.817  -24.824 0.1428571492
113166  -31.710  -12.049  -24.271 0.2857142985
213103  -32.826  -9.963  -22.943 0.4285714328
213198  -30.420  -6.837  -24.086 0.5714285970
212689  -31.029  -6.840  -23.316 0.7142857313
123980  -35.059  -4.056  -20.650 0.4285714328
214762  -30.701  -15.575  -24.834 0.1428571492
206865  -28.972  -10.263  -26.205 0.5714285970
114253  -32.812  -11.887  -23.197 0.2857142985
212728  -33.972  -8.085  -20.973 0.4285714328
125007  -32.291  -3.688  -22.035 0.5714285970
139561  -30.871  7.758  -27.793 0.2857142985
138596  -30.492  7.256  -27.355 0.1428571492
134984  -36.561  4.219  -26.332 0.1428571492
135848  -35.629  5.293  -25.950 0.1428571492
132234  -36.974  1.996  -25.414 0.1428571492
127101  -33.040  -1.968  -21.872 0.4285714328
128189  -35.651  -1.117  -22.623 0.8571428657
212886  -31.392  -4.237  -22.526 0.5714285970
213096  -30.541  -4.658  -23.808 0.4285714328
212714  -30.144  -4.361  -24.118 0.2857142985
125996  -35.350  -2.028  -20.606 0.7142857313
119840  -29.549  -7.473  -24.810 0.5714285970
120975  -29.040  -7.013  -25.245 0.5714285970
213214  -34.108  -8.641  -20.999 0.4285714328
213585  -35.893  -6.174  -20.276 0.4285714328
113167  -32.142  -12.422  -24.065 0.2857142985
113153  -32.499  -12.186  -23.611 0.2857142985
213102  -34.004  -10.109  -21.581 0.2857142985
212638  -33.318  -10.543  -21.997 0.2857142985
218341  -33.016  -10.387  -22.614 0.2857142985
214302  -36.011  -7.037  -19.841 0.4285714328
196596  -32.191  -16.053  -23.990 0.1428571492
108272  -32.215  -15.342  -24.066 0.1428571492
109430  -32.667  -14.972  -23.749 0.1428571492
110590  -33.318  -13.587  -23.210 0.2857142985
198847  -33.778  -13.370  -22.782 0.2857142985
100812  -28.691  -20.654  -24.419 0.1428571492
197736  -27.017  -20.268  -24.918 0.1428571492
100813  -29.451  -20.602  -24.434 0.1428571492
100831  -29.537  -19.979  -24.607 0.1428571492
201874  -30.886  -19.337  -24.355 0.1428571492
139547  -29.911  8.497  -25.494 0.1428571492
133183  -34.238  2.657  -24.100 0.5714285970
131235  -34.532  1.242  -23.539 0.4285714328
132207  -34.216  1.953  -23.789 0.4285714328
128187  -33.499  -0.257  -21.715 0.4285714328
130210  -34.229  0.286  -22.788 0.4285714328
130223  -34.182  0.794  -23.166 0.5714285970
128169  -34.075  -0.953  -21.598 0.5714285970
212674  -37.019  -9.027  -20.220 0.1428571492
212634  -36.600  -8.565  -20.405 0.1428571492
213336  -37.055  -7.985  -19.319 0.1428571492
113203  -27.074  -12.206  -27.661 0.2857142985
114219  -37.246  -10.782  -21.345 0.1428571492
212635  -36.985  -10.347  -20.683 0.1428571492
115250  -37.590  -10.121  -21.788 0.1428571492
187159  -37.836  -10.235  -20.238 0.1428571492
115258  -37.846  -10.500  -22.149 0.1428571492
113204  -27.489  -12.705  -27.264 0.2857142985
213126  -35.762  -11.869  -21.170 0.1428571492
186912  -36.892  -11.631  -21.323 0.1428571492
213175  -35.695  -11.122  -21.129 0.1428571492
186933  -37.119  -11.372  -20.908 0.1428571492
114245  -38.225  -11.731  -22.754 0.1428571492
113126  -37.398  -11.024  -21.586 0.1428571492
115303  -38.296  -10.872  -25.056 0.1428571492
114246  -38.532  -11.367  -23.215 0.1428571492
115285  -38.455  -10.642  -24.277 0.1428571492
111948  -26.884  -12.923  -27.610 0.2857142985
113236  -25.863  -12.593  -28.548 0.2857142985
111893  -34.805  -13.449  -21.909 0.1428571492
213127  -35.358  -13.367  -21.708 0.1428571492
213181  -34.891  -12.458  -21.756 0.1428571492
187185  -34.557  -12.920  -22.017 0.1428571492
212686  -35.239  -12.054  -21.489 0.1428571492
111873  -37.478  -12.302  -21.651 0.1428571492
213112  -36.686  -12.403  -21.411 0.1428571492
216151  -37.797  -12.394  -21.932 0.1428571492
212676  -37.121  -12.181  -21.482 0.1428571492
196592  -38.729  -12.641  -23.378 0.1428571492
114263  -38.717  -12.017  -24.473 0.1428571492
189293  -38.482  -11.643  -25.082 0.1428571492
114254  -38.633  -11.690  -23.822 0.1428571492
110670  -26.787  -13.631  -27.561 0.2857142985
110669  -26.070  -13.849  -27.681 0.2857142985
109492  -25.461  -14.213  -27.804 0.2857142985
110607  -34.100  -14.030  -22.536 0.1428571492
110592  -35.173  -13.896  -21.802 0.1428571492
212636  -35.926  -13.213  -21.488 0.1428571492
111883  -37.657  -13.122  -21.822 0.1428571492
213114  -36.486  -13.054  -21.446 0.1428571492
111895  -38.633  -13.165  -23.092 0.1428571492
113157  -38.830  -12.368  -23.870 0.1428571492
114271  -38.263  -11.350  -25.709 0.1428571492
187265  -34.446  -14.632  -22.311 0.1428571492
108263  -34.567  -15.204  -22.179 0.1428571492
212857  -36.825  -14.986  -21.439 0.1428571492
186750  -36.037  -14.919  -21.719 0.1428571492
109408  -38.289  -14.776  -22.723 0.1428571492
213113  -35.812  -13.801  -21.716 0.1428571492
110593  -38.240  -14.077  -22.522 0.1428571492
213015  -36.914  -13.796  -21.426 0.1428571492
110594  -38.477  -13.719  -22.887 0.1428571492
113181  -38.595  -12.395  -25.215 0.1428571492
111922  -38.838  -13.318  -24.469 0.1428571492
209302  -38.342  -11.915  -25.654 0.1428571492
109431  -33.034  -14.685  -23.508 0.1428571492
187067  -36.895  -16.001  -21.662 0.1428571492
212892  -36.467  -15.521  -21.453 0.1428571492
212832  -34.849  -14.878  -21.907 0.1428571492
187008  -37.337  -15.140  -21.765 0.1428571492
109400  -34.988  -14.419  -21.869 0.1428571492
108265  -38.791  -15.112  -23.878 0.1428571492
108236  -38.605  -15.009  -23.313 0.1428571492
223036  -38.794  -14.375  -24.199 0.1428571492
110640  -38.730  -13.750  -24.868 0.1428571492
109433  -38.769  -14.482  -23.747 0.1428571492
113169  -38.817  -12.722  -24.480 0.1428571492
110608  -38.763  -13.792  -23.443 0.1428571492
220620  -37.641  -16.666  -22.173 0.1428571492
187094  -36.284  -16.126  -21.442 0.1428571492
106980  -35.631  -16.379  -21.357 0.1428571492
107020  -38.250  -16.127  -23.254 0.1428571492
201938  -38.004  -16.240  -22.739 0.1428571492
108264  -38.545  -15.694  -23.681 0.1428571492
109461  -38.665  -14.847  -24.917 0.1428571492
107003  -37.917  -15.742  -22.339 0.1428571492
215254  -35.631  -14.357  -21.786 0.1428571492
212831  -37.702  -14.830  -21.957 0.1428571492
196194  -37.437  -13.786  -21.671 0.1428571492
187284  -34.329  -12.325  -22.092 0.1428571492
114289  -38.131  -11.724  -26.363 0.1428571492
115321  -38.037  -11.178  -26.256 0.1428571492
113135  -38.039  -12.181  -22.328 0.1428571492
213118  -35.780  -9.816  -20.681 0.1428571492
214773  -37.257  -9.100  -19.051 0.1428571492
109480  -26.518  -14.719  -26.881 0.2857142985
203391  -38.699  -13.124  -25.067 0.1428571492
113190  -38.365  -12.358  -26.012 0.1428571492
115320  -37.851  -10.734  -26.528 0.1428571492
115302  -38.119  -10.766  -25.875 0.1428571492
195535  -38.441  -11.322  -24.391 0.1428571492
115265  -38.453  -10.783  -23.214 0.1428571492
213109  -37.128  -8.691  -19.003 0.1428571492
213308  -36.209  -7.592  -18.845 0.1428571492
134082  -33.865  3.679  -24.528 0.4285714328
136746  -36.580  6.132  -26.519 0.1428571492
110655  -26.485  -14.093  -27.225 0.2857142985
207449  -35.961  6.562  -26.198 0.1428571492
213176  -36.419  -9.779  -20.634 0.1428571492
111904  -34.282  -13.434  -22.232 0.1428571492
225211  -33.880  -14.599  -22.700 0.1428571492
109432  -33.401  -14.821  -23.025 0.1428571492
212684  -35.299  -11.446  -21.336 0.1428571492
186915  -35.424  -6.966  -18.777 0.1428571492
186939  -35.913  -10.542  -20.993 0.1428571492
212685  -36.762  -8.839  -19.857 0.1428571492
186968  -37.347  -10.918  -20.664 0.1428571492
115234  -37.772  -10.134  -20.265 0.1428571492
114234  -37.889  -11.241  -22.201 0.1428571492
215553  -37.874  -11.824  -22.029 0.1428571492
213115  -36.716  -11.019  -21.103 0.1428571492
203411  -37.952  -10.084  -19.948 0.1428571492
116334  -37.680  -9.860  -21.836 0.1428571492
115264  -38.163  -10.881  -22.678 0.1428571492
213122  -36.109  -12.555  -21.256 0.1428571492
186910  -36.226  -12.043  -21.217 0.1428571492
186919  -35.829  -11.229  -21.096 0.1428571492
212741  -37.321  -11.369  -21.529 0.1428571492
113146  -38.576  -12.050  -23.305 0.1428571492
200857  -37.588  -11.520  -21.742 0.1428571492
115274  -38.492  -11.043  -23.747 0.1428571492
110591  -34.602  -13.980  -22.063 0.1428571492
212648  -35.480  -12.697  -21.414 0.1428571492
212675  -37.089  -13.024  -21.551 0.1428571492
223772  -36.729  -13.390  -21.427 0.1428571492
113145  -38.372  -12.501  -22.862 0.1428571492
111894  -38.119  -13.156  -22.399 0.1428571492
212640  -36.387  -13.606  -21.499 0.1428571492
187286  -36.385  -14.292  -21.607 0.1428571492
110585  -37.869  -13.854  -22.022 0.1428571492
111905  -38.917  -13.123  -23.820 0.1428571492
108262  -33.997  -15.257  -22.557 0.1428571492
197640  -35.077  -15.965  -21.605 0.1428571492
221396  -37.000  -15.503  -21.596 0.1428571492
187324  -35.635  -15.566  -21.441 0.1428571492
187360  -37.989  -14.513  -22.205 0.1428571492
109409  -38.604  -14.330  -23.066 0.1428571492
212797  -37.213  -14.463  -21.618 0.1428571492
105676  -37.747  -16.321  -22.245 0.1428571492
187032  -37.726  -15.330  -22.056 0.1428571492
109452  -38.778  -14.776  -24.301 0.1428571492
110629  -38.896  -13.872  -24.146 0.1428571492
108235  -38.241  -15.542  -22.910 0.1428571492
102023  -23.950  -19.800  -25.326 0.1428571492
102025  -25.356  -19.226  -25.228 0.1428571492
103256  -23.382  -18.894  -26.041 0.1428571492
103243  -24.692  -18.900  -25.433 0.1428571492
103244  -25.121  -18.483  -25.347 0.1428571492
103257  -24.473  -18.410  -25.782 0.1428571492
105757  -24.857  -17.336  -26.132 0.1428571492
107043  -25.569  -16.682  -26.320 0.1428571492
208851  -24.510  -16.360  -26.924 0.1428571492
108312  -24.865  -15.383  -27.520 0.1428571492
107058  -25.789  -16.020  -26.551 0.1428571492
108302  -26.141  -15.428  -26.741 0.1428571492
108299  -23.899  -16.063  -27.250 0.1428571492
108311  -24.216  -15.447  -27.610 0.1428571492
109478  -25.287  -14.853  -27.480 0.1428571492
191183  -24.242  -13.601  -29.038 0.1428571492
111989  -24.629  -13.196  -29.115 0.1428571492
111990  -25.191  -12.971  -28.754 0.1428571492
191437  -25.816  -12.025  -28.857 0.2857142985
113222  -26.470  -12.430  -28.039 0.1428571492
114314  -26.684  -11.756  -28.155 0.1428571492
114315  -27.311  -11.512  -27.780 0.1428571492
114332  -26.133  -11.430  -28.736 0.2857142985
115347  -27.416  -10.835  -27.663 0.2857142985
119865  -27.892  -7.872  -26.698 0.4285714328
118683  -28.849  -8.307  -25.749 0.4285714328
128168  -33.155  -1.038  -22.122 0.2857142985
205912  -33.690  1.224  -23.332 0.2857142985
111968  -26.186  -13.162  -28.002 0.1428571492
192235  -25.137  -11.311  -29.832 0.1428571492
203339  -27.910  -11.330  -27.381 0.1428571492
105756  -24.320  -17.210  -26.437 0.1428571492
110692  -24.460  -14.447  -28.276 0.1428571492
113234  -24.774  -12.727  -29.406 0.1428571492
113235  -25.342  -12.346  -29.135 0.1428571492
114331  -25.509  -11.697  -29.318 0.1428571492
116429  -25.878  -10.272  -29.673 0.2857142985
115346  -26.779  -10.973  -28.196 0.2857142985
115366  -26.226  -10.661  -28.809 0.2857142985
115367  -26.486  -10.190  -28.272 0.2857142985
206564  -26.970  -10.398  -27.869 0.2857142985
115330  -28.025  -10.582  -27.168 0.2857142985
116397  -27.808  -9.770  -27.058 0.4285714328
117546  -27.594  -9.027  -27.023 0.4285714328
126037  -32.306  -2.265  -22.219 0.2857142985
127100  -32.611  -1.692  -22.261 0.2857142985
129200  -32.845  -0.547  -22.243 0.2857142985
130209  -33.598  0.099  -21.744 0.2857142985
131224  -33.580  0.523  -22.832 0.2857142985
116412  -26.803  -9.799  -27.767 0.2857142985
127120  -32.053  -1.743  -22.614 0.2857142985
129201  -33.144  -0.116  -22.475 0.2857142985
130222  -33.186  0.284  -22.613 0.2857142985
118697  -28.064  -8.538  -26.676 0.4285714328
118698  -28.672  -8.690  -26.303 0.4285714328
109479  -25.933  -14.435  -27.319 0.1428571492
223040  -25.224  -17.041  -26.187 0.1428571492
104504  -24.989  -17.895  -25.765 0.1428571492
111967  -25.551  -13.622  -28.331 0.1428571492
110668  -24.984  -14.081  -28.315 0.1428571492
103242  -24.032  -19.015  -25.646 0.1428571492
105755  -23.784  -17.392  -26.624 0.1428571492
107056  -24.043  -16.830  -26.904 0.1428571492
108300  -24.714  -15.902  -27.300 0.1428571492
109491  -24.609  -14.960  -27.857 0.1428571492
109490  -23.875  -14.886  -28.079 0.1428571492
220758  -24.980  -14.537  -27.964 0.1428571492
115365  -25.701  -10.920  -29.362 0.2857142985
206331  -27.499  -8.329  -27.147 0.4285714328
117562  -27.150  -9.449  -27.332 0.4285714328
120988  -28.630  -6.874  -26.000 0.2857142985
214940  -34.815  8.948  -26.849 0.1428571492
223722  -35.677  8.298  -26.822 0.1428571492
204035  -34.347  7.991  -26.699 0.1428571492
138601  -34.862  7.601  -26.578 0.1428571492
137651  -35.446  7.052  -26.421 0.1428571492
140469  -35.410  8.871  -26.921 0.1428571492
139564  -32.871  8.346  -27.257 0.1428571492
192451  -31.824  9.296  -27.279 0.1428571492
122041  -28.836  -6.276  -25.640 0.2857142985
137645  -35.207  6.532  -26.015 0.1428571492
138600  -33.509  8.071  -26.756 0.1428571492
137650  -34.654  7.062  -26.131 0.1428571492
207125  -33.536  8.756  -27.050 0.1428571492
190144  -32.815  9.395  -27.078 0.1428571492
215333  -31.550  8.547  -27.710 0.1428571492
139563  -32.108  8.191  -27.664 0.1428571492
204180  -34.113  7.505  -26.465 0.1428571492
119854  -28.406  -8.060  -26.248 0.2857142985
224805  -35.002  8.251  -26.832 0.1428571492
140468  -34.306  9.319  -26.805 0.1428571492
139565  -34.264  8.556  -26.799 0.1428571492
140475  -35.118  9.649  -27.267 0.1428571492
138602  -35.723  7.704  -26.615 0.1428571492
128203  -31.736  -1.198  -22.354 0.1428571492
128186  -32.554  -1.184  -22.543 0.1428571492
130221  -32.651  0.340  -22.636 0.1428571492
131234  -32.775  0.746  -22.882 0.1428571492
187385  -31.509  -2.187  -22.331 0.1428571492
203992  -33.116  1.379  -23.372 0.1428571492
132205  -32.971  1.946  -23.479 0.2857142985
213209  -29.815  -4.676  -24.490 0.1428571492
187223  -31.056  -3.030  -23.085 0.1428571492
187221  -31.399  -2.781  -22.678 0.1428571492
126015  -36.668  -2.568  -22.532 0.1428571492
132206  -33.450  1.953  -23.566 0.1428571492
133172  -32.982  2.566  -23.757 0.2857142985
224408  -33.130  2.766  -23.930 0.2857142985
135821  -31.620  4.623  -25.053 0.2857142985
220404  -31.472  4.834  -24.605 0.2857142985
137615  -29.832  6.500  -23.688 0.1428571492
133182  -33.586  3.168  -23.964 0.2857142985
134081  -33.123  3.558  -24.332 0.2857142985
134961  -33.154  4.141  -24.624 0.2857142985
134080  -32.574  3.831  -24.378 0.2857142985
134079  -31.975  4.209  -24.431 0.2857142985
134960  -32.387  4.369  -24.844 0.2857142985
135820  -30.898  4.788  -25.047 0.2857142985
137625  -29.940  7.733  -25.400 0.1428571492
138576  -29.855  7.704  -24.371 0.1428571492
134069  -32.168  4.121  -23.505 0.1428571492
135819  -30.573  5.016  -25.418 0.1428571492
136717  -30.018  5.521  -25.001 0.1428571492
135814  -30.228  4.907  -24.869 0.1428571492
134954  -30.980  4.860  -24.442 0.1428571492
222766  -30.153  4.674  -24.049 0.1428571492
131223  -32.268  1.136  -22.998 0.1428571492
127103  -37.011  -2.126  -23.159 0.1428571492
127135  -31.097  -2.483  -22.881 0.1428571492
127119  -31.262  -1.804  -22.728 0.1428571492
129214  -31.795  -0.689  -22.463 0.1428571492
129215  -32.562  -0.290  -22.679 0.1428571492
203091  -32.737  1.236  -23.087 0.1428571492
134071  -32.702  3.066  -24.140 0.1428571492
217803  -32.355  3.587  -24.162 0.1428571492
136714  -29.832  5.803  -24.225 0.1428571492
125997  -36.634  -3.153  -22.041 0.1428571492
125009  -37.103  -3.293  -22.776 0.1428571492
215568  -30.905  5.111  -26.034 0.2857142985
206018  -36.529  -3.870  -20.853 0.1428571492
133173  -33.609  2.522  -23.829 0.1428571492
208255  -32.389  -0.787  -22.675 0.1428571492
134078  -31.686  4.749  -24.063 0.1428571492
139537  -29.834  8.278  -24.711 0.1428571492
200516  -24.865  -9.850  -30.676 0.1428571492
206492  -25.822  -9.921  -28.768 0.1428571492
117578  -25.946  -9.144  -28.843 0.1428571492
118757  -24.661  -8.775  -31.029 0.1428571492
119929  -25.296  -7.624  -31.051 0.1428571492
119917  -26.317  -7.666  -30.247 0.1428571492
117594  -25.935  -8.806  -29.698 0.1428571492
119918  -26.563  -7.243  -29.505 0.1428571492
118734  -26.307  -8.528  -29.186 0.1428571492
117561  -26.872  -9.108  -27.906 0.1428571492
121029  -26.783  -7.003  -28.825 0.1428571492
119880  -27.243  -8.089  -28.004 0.1428571492
118716  -27.259  -8.783  -27.634 0.1428571492
119864  -27.481  -7.623  -27.258 0.1428571492
121053  -26.008  -6.791  -30.206 0.1428571492
121014  -26.975  -7.197  -27.906 0.1428571492
197350  -27.806  -7.313  -26.734 0.1428571492
120997  -27.930  -6.743  -26.438 0.1428571492
118714  -26.461  -8.779  -28.401 0.1428571492
116452  -24.307  -10.147  -30.669 0.1428571492
117602  -24.008  -9.111  -31.014 0.1428571492
118748  -25.790  -8.660  -30.453 0.1428571492
213010  -29.537  -5.617  -24.923 0.1428571492
116442  -25.354  -9.847  -30.158 0.1428571492
116411  -26.173  -9.447  -28.158 0.1428571492
118715  -26.974  -8.582  -28.102 0.1428571492
120987  -28.282  -7.391  -26.338 0.1428571492
117604  -25.143  -9.156  -30.637 0.1428571492
117593  -25.519  -9.152  -30.037 0.1428571492
119938  -24.980  -7.083  -31.113 0.1428571492
118759  -25.929  -8.030  -30.751 0.1428571492
119898  -26.510  -7.963  -29.390 0.1428571492
119899  -26.728  -7.622  -28.671 0.1428571492
118735  -26.506  -8.205  -28.500 0.1428571492
121054  -26.486  -6.354  -29.464 0.1428571492
192307  -25.802  -5.840  -30.349 0.1428571492
116451  -23.687  -10.404  -30.515 0.1428571492
100829  -28.259  -20.117  -24.608 0.1428571492
102014  -30.039  -20.247  -24.488 0.1428571492
102024  -24.615  -19.466  -25.275 0.1428571492
102032  -30.308  -19.135  -24.475 0.1428571492
103235  -30.769  -18.703  -24.411 0.1428571492
104489  -27.511  -17.996  -25.228 0.4285714328
104491  -28.838  -18.077  -24.973 0.4285714328
104502  -23.186  -18.303  -26.271 0.1428571492
104503  -24.241  -17.791  -26.196 0.1428571492
105743  -26.469  -17.342  -25.620 0.2857142985
105745  -27.850  -17.445  -25.267 0.2857142985
105760  -27.516  -16.850  -25.504 0.2857142985
107025  -31.668  -16.355  -24.254 0.1428571492
107042  -24.749  -16.735  -26.393 0.1428571492
107044  -26.667  -16.347  -26.047 0.2857142985
107047  -28.516  -16.414  -25.408 0.4285714328
107057  -25.123  -16.224  -26.771 0.1428571492
108234  -34.954  -15.373  -21.747 0.1428571492
108271  -31.691  -15.697  -24.380 0.1428571492
108289  -28.280  -15.743  -25.627 0.4285714328
108301  -25.405  -15.573  -27.097 0.1428571492
109456  -29.537  -15.149  -25.627 0.4285714328
109467  -27.998  -14.941  -26.537 0.4285714328
109468  -28.446  -14.691  -26.193 0.4285714328
110638  -30.673  -13.585  -25.200 0.1428571492
110647  -28.785  -14.140  -26.117 0.4285714328
110659  -28.882  -13.395  -26.224 0.5714285970
110693  -24.833  -13.567  -28.725 0.1428571492
111903  -32.986  -13.181  -23.449 0.2857142985
111935  -31.174  -13.176  -24.733 0.2857142985
111943  -29.811  -13.206  -25.802 0.7142857313
113156  -34.083  -12.808  -22.436 0.1428571492
113178  -30.435  -12.666  -25.321 0.5714285970
113206  -29.047  -12.791  -26.336 0.7142857313
113237  -26.210  -12.044  -28.476 0.1428571492
114210  -37.007  -10.614  -21.019 0.1428571492
114226  -37.704  -11.011  -22.025 0.1428571492
114301  -29.417  -11.590  -26.116 0.7142857313
115273  -32.648  -11.274  -23.119 0.2857142985
115300  -31.265  -10.907  -24.539 0.7142857313
116299  -37.624  -9.498  -19.464 0.1428571492
116300  -37.920  -9.703  -19.955 0.1428571492
116377  -31.003  -10.466  -24.532 0.5714285970
116399  -28.782  -9.698  -26.373 0.5714285970
116413  -27.342  -10.154  -27.452 0.2857142985
117434  -37.203  -8.596  -19.063 0.1428571492
117531  -29.197  -9.209  -25.770 0.7142857313
117577  -25.699  -9.506  -29.492 0.1428571492
117603  -24.452  -9.480  -30.838 0.1428571492
118749  -26.328  -8.324  -30.104 0.1428571492
123942  -35.956  -4.333  -19.572 0.4285714328
128140  -34.864  -1.001  -21.883 0.8571428657
186751  -38.005  -15.130  -22.353 0.1428571492
186938  -35.802  -10.504  -20.720 0.1428571492
187208  -35.299  -14.895  -21.650 0.1428571492
187404  -37.848  -9.889  -19.844 0.1428571492
187415  -37.155  -10.892  -21.078 0.1428571492
192860  -30.763  -12.382  -25.045 0.4285714328
194782  -37.091  -10.225  -20.974 0.1428571492
196621  -32.972  -13.709  -23.527 0.2857142985
196786  -27.608  -20.185  -24.822 0.2857142985
198377  -27.418  -13.490  -27.359 0.2857142985
199982  -26.865  -19.156  -25.076 0.4285714328
200003  -27.514  -19.143  -25.039 0.2857142985
201192  -27.501  -15.367  -26.375 0.4285714328
204009  -38.722  -14.316  -24.620 0.1428571492
205040  -25.904  -19.851  -25.134 0.1428571492
206450  -27.818  -18.601  -25.094 0.4285714328
209636  -38.242  -16.297  -23.765 0.1428571492
209675  -37.814  -16.901  -22.505 0.1428571492
212798  -37.435  -15.796  -21.940 0.1428571492
212844  -36.791  -16.570  -21.748 0.1428571492
213116  -37.471  -9.714  -19.400 0.1428571492
213132  -36.638  -10.442  -20.704 0.1428571492
213133  -35.015  -13.000  -21.766 0.1428571492
213239  -37.673  -14.305  -21.846 0.1428571492
213583  -32.374  -11.675  -23.406 0.2857142985
214886  -30.943  -13.402  -24.991 0.2857142985
215086  -24.468  -13.971  -28.645 0.1428571492
218007  -30.785  -11.829  -25.058 0.4285714328
218878  -25.732  -18.665  -25.191 0.1428571492
218918  -35.570  -7.519  -20.496 0.4285714328
219190  -29.399  -10.076  -25.813 0.7142857313
221705  -29.239  -17.873  -24.862 0.2857142985
222245  -25.721  -13.114  -28.432 0.1428571492
223170  -28.694  -11.138  -26.545 0.4285714328
226290  -26.015  -10.462  -29.250 0.2857142985
227152  -25.851  -15.002  -27.090 0.1428571492
