#!ascii label  , from subject sub-v2s11x28699_ses-1 vox2ras=TkReg
1523
88704  21.310  -20.769  40.831 0.0000000000
95759  32.364  -17.291  47.955 0.0000000000
118291  41.988  -3.450  25.504 0.0000000000
210066  30.834  -9.553  33.115 0.0000000000
102585  36.136  -13.250  40.266 0.0000000000
234204  48.963  5.400  18.484 0.0000000000
117009  40.593  -4.734  29.221 0.0000000000
114440  36.450  -6.013  28.531 0.0000000000
87203  17.323  -22.051  40.322 0.0000000000
90230  26.131  -19.988  43.131 0.0000000000
98645  29.151  -15.799  43.170 0.0000000000
90300  23.859  -20.057  38.427 0.0000000000
207369  45.695  -2.829  21.193 0.0000000000
88611  23.377  -20.382  45.881 0.0000000000
93079  19.960  -18.457  46.295 0.0000000000
119480  46.115  -2.921  24.499 0.0000000000
87137  15.529  -22.203  45.164 0.0000000000
78826  12.747  -26.431  45.159 0.0000000000
115639  34.378  -5.581  33.661 0.0000000000
213940  33.561  -11.496  37.302 0.0000000000
97334  32.995  -16.286  35.430 0.0000000000
97249  32.329  -15.737  39.904 0.0000000000
116958  40.039  -4.242  31.849 0.0000000000
115710  38.894  -5.272  29.210 0.0000000000
116983  37.759  -4.499  30.778 0.0000000000
205137  43.249  -3.433  32.034 0.0000000000
87236  20.481  -21.951  38.568 0.0000000000
85812  18.743  -22.848  38.764 0.0000000000
88725  19.513  -20.899  40.172 0.0000000000
88701  23.808  -21.290  41.185 0.0000000000
226910  24.584  -19.852  40.512 0.0000000000
88741  22.695  -21.058  39.367 0.0000000000
87246  22.166  -22.262  38.024 0.0000000000
117068  43.481  -3.984  23.132 0.0000000000
119441  43.022  -3.235  26.962 0.0000000000
118288  44.095  -3.026  24.867 0.0000000000
118327  44.974  -3.932  23.177 0.0000000000
212132  18.896  -18.564  49.065 0.0000000000
91689  17.372  -19.383  45.475 0.0000000000
91632  16.590  -19.642  48.542 0.0000000000
81611  12.576  -25.059  49.778 0.0000000000
81631  13.240  -25.127  47.480 0.0000000000
78774  11.605  -26.869  47.354 0.0000000000
74667  10.150  -29.373  46.974 0.0000000000
74630  9.334  -29.436  49.335 0.0000000000
107687  34.429  -10.444  39.042 0.0000000000
102604  35.066  -12.677  38.288 0.0000000000
101461  33.670  -13.865  35.325 0.0000000000
97300  35.607  -15.706  36.966 0.0000000000
98707  27.643  -15.844  40.746 0.0000000000
217644  30.935  -15.020  42.025 0.0000000000
100142  29.497  -14.571  39.051 0.0000000000
98752  29.880  -15.261  37.102 0.0000000000
111722  32.072  -7.477  33.310 0.0000000000
113124  32.498  -6.649  30.062 0.0000000000
203967  30.528  -9.089  29.681 0.0000000000
131474  53.056  5.206  18.626 0.0000000000
130398  51.240  4.044  17.405 0.0000000000
118258  40.987  -3.833  27.444 0.0000000000
115734  39.207  -4.761  27.202 0.0000000000
117005  43.137  -4.015  29.544 0.0000000000
94428  29.659  -18.519  45.672 0.0000000000
97194  30.653  -16.697  45.782 0.0000000000
227004  27.708  -17.837  43.853 0.0000000000
95840  26.141  -17.282  40.616 0.0000000000
218372  24.369  -18.428  37.497 0.0000000000
121874  46.724  -1.366  21.727 0.0000000000
124376  45.512  0.397  20.567 0.0000000000
126881  45.294  1.812  19.006 0.0000000000
128089  47.457  3.013  17.733 0.0000000000
90233  21.963  -20.068  42.488 0.0000000000
90235  20.441  -20.026  42.648 0.0000000000
225083  22.180  -18.870  46.206 0.0000000000
225063  24.732  -21.520  44.084 0.0000000000
118324  46.924  -3.669  22.711 0.0000000000
90237  18.545  -20.119  42.787 0.0000000000
87159  16.294  -22.216  43.102 0.0000000000
83040  14.975  -24.045  43.287 0.0000000000
203113  14.723  -22.567  47.822 0.0000000000
83017  13.934  -24.315  45.320 0.0000000000
71878  7.034  -31.125  51.155 0.0000000000
116904  37.131  -4.478  33.899 0.0000000000
110415  32.486  -8.096  35.512 0.0000000000
109064  33.005  -9.237  37.752 0.0000000000
202007  31.696  -10.241  34.858 0.0000000000
102679  31.989  -13.145  34.177 0.0000000000
98812  32.136  -15.751  33.890 0.0000000000
95927  31.327  -17.796  34.255 0.0000000000
98634  32.189  -15.159  44.663 0.0000000000
98676  33.528  -15.472  42.281 0.0000000000
98702  34.390  -15.160  40.447 0.0000000000
97287  32.926  -16.289  37.960 0.0000000000
196699  31.033  -16.461  35.601 0.0000000000
114421  34.970  -5.626  30.330 0.0000000000
111823  34.203  -7.145  27.821 0.0000000000
116938  40.118  -3.802  32.846 0.0000000000
116982  39.163  -4.266  31.186 0.0000000000
197405  39.131  -3.912  32.837 0.0000000000
118168  41.511  -3.283  33.182 0.0000000000
88744  20.558  -20.795  39.410 0.0000000000
197572  19.906  -20.955  39.671 0.0000000000
197658  20.122  -20.672  40.202 0.0000000000
88703  22.148  -20.875  40.808 0.0000000000
88721  22.852  -21.023  40.130 0.0000000000
88722  22.283  -21.098  40.284 0.0000000000
88762  21.608  -21.462  38.972 0.0000000000
118316  42.437  -3.612  23.984 0.0000000000
118275  42.419  -3.238  25.954 0.0000000000
119457  43.706  -2.795  26.246 0.0000000000
118290  42.620  -3.186  25.265 0.0000000000
118301  43.630  -3.305  24.335 0.0000000000
78745  11.667  -26.630  49.473 0.0000000000
80246  12.059  -26.467  48.403 0.0000000000
77394  11.381  -27.345  48.474 0.0000000000
77424  10.902  -28.005  46.997 0.0000000000
76048  10.401  -28.158  47.912 0.0000000000
74644  9.873  -29.154  48.248 0.0000000000
105099  35.404  -11.356  40.159 0.0000000000
103828  35.540  -12.628  39.439 0.0000000000
102614  35.242  -13.470  37.688 0.0000000000
101421  35.828  -14.227  39.175 0.0000000000
97172  32.821  -16.792  47.600 0.0000000000
97275  26.208  -15.700  38.802 0.0000000000
100130  28.599  -14.875  40.048 0.0000000000
98743  26.675  -15.132  38.169 0.0000000000
231727  27.344  -15.013  36.928 0.0000000000
110459  30.978  -8.669  33.137 0.0000000000
110474  31.193  -7.869  31.369 0.0000000000
132623  47.659  6.062  19.587 0.0000000000
134894  48.939  7.512  20.361 0.0000000000
133772  49.852  6.695  19.114 0.0000000000
131477  51.000  5.379  18.429 0.0000000000
130391  50.187  4.390  17.800 0.0000000000
117017  40.843  -4.291  28.163 0.0000000000
117026  40.150  -4.340  27.471 0.0000000000
117027  39.918  -4.914  27.940 0.0000000000
115712  37.586  -5.578  29.019 0.0000000000
114448  37.923  -5.773  27.916 0.0000000000
114460  37.014  -6.426  27.270 0.0000000000
235089  41.848  -4.251  30.621 0.0000000000
117007  41.954  -4.384  29.159 0.0000000000
117015  41.943  -3.998  28.393 0.0000000000
85800  17.775  -22.468  39.410 0.0000000000
84420  16.402  -23.211  40.848 0.0000000000
93110  27.884  -19.038  44.414 0.0000000000
204167  28.653  -18.256  44.828 0.0000000000
227391  26.923  -18.737  43.364 0.0000000000
91780  24.123  -19.960  39.794 0.0000000000
93178  25.382  -18.665  40.535 0.0000000000
93188  24.518  -18.709  39.410 0.0000000000
198044  24.738  -17.640  39.198 0.0000000000
91800  24.001  -19.457  38.175 0.0000000000
88797  23.370  -21.040  37.451 0.0000000000
101504  30.502  -14.140  32.171 0.0000000000
212825  46.201  -1.603  21.411 0.0000000000
121880  46.213  -0.995  21.296 0.0000000000
121881  45.562  -1.458  21.015 0.0000000000
202352  45.095  0.459  18.838 0.0000000000
125669  46.079  0.953  17.869 0.0000000000
128091  46.307  2.398  18.516 0.0000000000
90198  23.018  -20.401  44.454 0.0000000000
90199  22.199  -19.982  44.295 0.0000000000
90174  22.816  -19.951  45.750 0.0000000000
196946  23.876  -21.527  44.643 0.0000000000
235277  23.309  -20.418  43.385 0.0000000000
214184  47.424  -3.084  23.342 0.0000000000
118310  46.923  -3.455  23.307 0.0000000000
117081  46.074  -4.232  22.585 0.0000000000
91720  20.010  -19.277  43.711 0.0000000000
90236  19.160  -19.855  42.708 0.0000000000
91700  18.960  -18.897  44.308 0.0000000000
90188  16.492  -20.445  45.410 0.0000000000
88647  16.808  -20.710  44.137 0.0000000000
85745  15.967  -22.292  43.917 0.0000000000
85756  15.548  -23.329  43.005 0.0000000000
84383  15.157  -23.398  44.118 0.0000000000
85665  14.427  -22.699  48.928 0.0000000000
80285  12.658  -26.028  46.050 0.0000000000
81637  13.574  -24.903  46.393 0.0000000000
80297  13.074  -25.871  45.142 0.0000000000
80315  13.711  -25.715  44.411 0.0000000000
113030  33.276  -6.811  35.573 0.0000000000
106385  34.197  -11.090  37.802 0.0000000000
107701  33.609  -9.847  38.337 0.0000000000
107714  32.990  -9.989  37.464 0.0000000000
107731  32.297  -9.940  36.626 0.0000000000
218363  32.314  -11.169  35.604 0.0000000000
105184  31.927  -11.605  34.801 0.0000000000
103882  32.530  -12.338  35.529 0.0000000000
206476  33.590  -15.200  34.959 0.0000000000
101487  32.968  -14.431  34.552 0.0000000000
217298  32.641  -15.948  34.225 0.0000000000
95912  32.154  -16.782  33.987 0.0000000000
97353  32.155  -16.732  34.737 0.0000000000
97199  30.065  -16.420  44.951 0.0000000000
98630  31.628  -15.725  45.160 0.0000000000
207354  30.996  -15.149  44.066 0.0000000000
98691  32.036  -14.950  41.058 0.0000000000
222367  32.938  -14.994  42.164 0.0000000000
97224  33.255  -15.609  41.419 0.0000000000
98689  34.027  -15.310  41.643 0.0000000000
200587  33.280  -15.903  40.367 0.0000000000
97259  33.514  -16.138  38.863 0.0000000000
97274  32.146  -15.980  38.756 0.0000000000
98784  29.253  -16.135  35.517 0.0000000000
97322  30.363  -16.274  36.058 0.0000000000
116907  35.078  -4.605  33.778 0.0000000000
116943  35.888  -4.574  32.345 0.0000000000
115680  34.043  -5.326  31.889 0.0000000000
111811  31.795  -7.926  28.695 0.0000000000
113150  33.362  -6.785  28.744 0.0000000000
131483  53.921  4.753  17.802 0.0000000000
116979  40.706  -4.342  30.771 0.0000000000
231212  39.692  -4.757  29.356 0.0000000000
209300  39.378  -4.342  30.532 0.0000000000
116998  38.144  -4.711  30.170 0.0000000000
194453  37.203  -5.612  29.730 0.0000000000
119359  42.650  -2.743  33.138 0.0000000000
201097  41.457  -3.657  31.675 0.0000000000
87237  19.767  -22.080  38.758 0.0000000000
87222  18.662  -21.616  39.176 0.0000000000
223674  18.080  -21.253  40.191 0.0000000000
90250  24.548  -20.963  41.930 0.0000000000
91744  25.654  -20.205  41.764 0.0000000000
88719  24.155  -21.250  40.916 0.0000000000
90289  23.759  -20.541  39.760 0.0000000000
88760  23.057  -20.921  38.823 0.0000000000
88779  22.808  -21.360  38.324 0.0000000000
87233  22.435  -21.829  38.397 0.0000000000
87247  21.482  -22.346  37.991 0.0000000000
118350  45.197  -3.643  20.242 0.0000000000
90135  22.991  -20.123  47.520 0.0000000000
119439  44.314  -3.065  26.586 0.0000000000
119469  44.573  -2.885  25.412 0.0000000000
119482  44.797  -3.088  24.711 0.0000000000
118298  45.720  -3.186  23.978 0.0000000000
118313  44.628  -3.611  23.655 0.0000000000
117067  44.270  -3.926  23.192 0.0000000000
93052  19.530  -18.559  47.503 0.0000000000
91671  18.563  -19.007  45.786 0.0000000000
93068  18.170  -18.850  47.234 0.0000000000
91660  17.108  -19.343  46.934 0.0000000000
88590  16.006  -20.942  46.424 0.0000000000
84324  13.689  -24.171  48.779 0.0000000000
81624  12.739  -25.213  48.593 0.0000000000
80257  12.435  -25.970  47.461 0.0000000000
78806  12.058  -27.016  46.030 0.0000000000
76090  11.515  -28.041  46.063 0.0000000000
105142  34.845  -11.657  38.760 0.0000000000
103867  34.470  -12.248  37.384 0.0000000000
102649  33.669  -12.822  36.174 0.0000000000
102633  34.595  -12.935  36.896 0.0000000000
101448  34.733  -14.308  36.146 0.0000000000
98767  34.499  -15.636  36.288 0.0000000000
98681  27.923  -16.014  42.107 0.0000000000
98660  29.891  -15.420  43.019 0.0000000000
100109  29.384  -14.866  41.443 0.0000000000
100118  30.130  -14.748  40.522 0.0000000000
98718  31.096  -15.278  39.777 0.0000000000
98729  30.952  -15.428  38.625 0.0000000000
100156  29.554  -14.811  38.249 0.0000000000
98771  28.425  -15.530  35.838 0.0000000000
113083  32.937  -6.398  33.011 0.0000000000
113094  32.974  -6.366  31.480 0.0000000000
111743  32.217  -6.832  31.528 0.0000000000
111783  31.549  -7.507  30.042 0.0000000000
132630  51.957  6.085  19.010 0.0000000000
131486  51.978  4.714  18.306 0.0000000000
118277  41.369  -3.720  26.223 0.0000000000
117051  40.955  -3.877  25.126 0.0000000000
117040  40.242  -3.962  26.015 0.0000000000
232873  39.012  -5.181  28.075 0.0000000000
114466  38.555  -5.804  26.653 0.0000000000
118184  43.930  -3.258  31.938 0.0000000000
118215  44.468  -3.816  31.133 0.0000000000
118245  44.180  -3.432  28.643 0.0000000000
118246  43.174  -3.322  28.186 0.0000000000
199392  42.115  -3.151  27.022 0.0000000000
94415  31.165  -17.848  47.162 0.0000000000
97181  31.756  -16.913  46.580 0.0000000000
201187  30.089  -17.773  46.012 0.0000000000
95795  29.758  -17.095  44.897 0.0000000000
97205  28.107  -16.625  43.857 0.0000000000
91757  25.942  -19.193  41.606 0.0000000000
94499  26.621  -17.433  42.034 0.0000000000
97226  27.272  -16.624  42.510 0.0000000000
231950  26.419  -16.673  40.324 0.0000000000
95855  25.280  -16.609  38.699 0.0000000000
94532  24.516  -17.422  37.347 0.0000000000
207384  45.901  1.631  20.865 0.0000000000
200714  44.973  -0.335  19.626 0.0000000000
125654  45.239  1.528  19.981 0.0000000000
196280  46.318  3.048  19.814 0.0000000000
129240  46.482  3.985  19.294 0.0000000000
129247  47.309  3.965  18.597 0.0000000000
129256  48.463  3.947  17.724 0.0000000000
129268  49.526  3.423  17.351 0.0000000000
90252  22.052  -20.324  41.845 0.0000000000
90254  20.705  -20.106  41.982 0.0000000000
205890  21.501  -19.917  43.026 0.0000000000
215303  21.494  -19.154  44.489 0.0000000000
93094  20.661  -18.702  45.582 0.0000000000
91645  22.336  -19.393  47.508 0.0000000000
227989  20.864  -18.578  47.360 0.0000000000
197040  20.375  -18.812  48.581 0.0000000000
94393  31.540  -18.284  48.356 0.0000000000
93046  30.658  -18.695  47.190 0.0000000000
91668  29.033  -19.137  46.442 0.0000000000
90197  27.068  -20.176  44.459 0.0000000000
216268  26.279  -21.298  44.404 0.0000000000
88672  25.544  -21.033  42.968 0.0000000000
88674  23.851  -21.026  42.183 0.0000000000
88675  23.288  -20.609  42.300 0.0000000000
120631  47.890  -2.339  22.590 0.0000000000
214637  46.987  -2.552  22.089 0.0000000000
119512  46.423  -2.837  21.755 0.0000000000
118325  46.491  -3.895  22.933 0.0000000000
118337  46.717  -3.656  22.052 0.0000000000
118343  46.355  -3.841  21.438 0.0000000000
90255  19.977  -20.271  42.171 0.0000000000
88691  18.663  -20.470  41.743 0.0000000000
87170  17.408  -21.315  41.227 0.0000000000
90201  17.674  -19.540  44.000 0.0000000000
88677  17.103  -20.840  42.674 0.0000000000
87171  16.763  -21.755  41.666 0.0000000000
85765  16.032  -22.905  42.086 0.0000000000
84409  15.525  -23.996  42.405 0.0000000000
90115  15.707  -20.547  48.633 0.0000000000
87105  15.259  -22.021  46.772 0.0000000000
84339  14.671  -23.584  46.432 0.0000000000
84367  14.643  -23.520  45.165 0.0000000000
83031  14.409  -24.186  44.352 0.0000000000
71876  8.251  -30.559  50.587 0.0000000000
227221  38.272  -4.072  33.769 0.0000000000
114348  34.401  -5.510  34.932 0.0000000000
113062  33.035  -6.592  34.414 0.0000000000
223205  32.326  -7.605  34.426 0.0000000000
109136  31.428  -9.025  34.063 0.0000000000
110399  32.767  -8.641  36.797 0.0000000000
109102  32.028  -9.207  35.691 0.0000000000
107776  31.259  -10.230  34.102 0.0000000000
105191  31.268  -11.423  34.072 0.0000000000
103905  31.189  -12.534  33.825 0.0000000000
205221  31.551  -14.229  33.286 0.0000000000
231198  32.690  -13.287  34.663 0.0000000000
222786  31.914  -14.416  33.642 0.0000000000
98822  31.452  -15.447  32.885 0.0000000000
97370  31.126  -16.647  32.835 0.0000000000
95938  31.420  -17.218  33.274 0.0000000000
101395  36.724  -13.860  41.509 0.0000000000
97187  32.173  -16.295  46.206 0.0000000000
98620  32.597  -15.538  45.834 0.0000000000
98632  33.580  -14.984  44.604 0.0000000000
100081  32.132  -14.826  42.986 0.0000000000
100079  33.312  -14.838  43.289 0.0000000000
200381  34.486  -14.725  43.663 0.0000000000
227337  34.889  -14.600  43.033 0.0000000000
98673  35.129  -14.529  41.863 0.0000000000
100126  35.668  -14.664  40.030 0.0000000000
98727  35.244  -15.900  38.888 0.0000000000
97286  34.389  -16.864  37.780 0.0000000000
220115  32.606  -16.046  36.846 0.0000000000
226199  31.551  -15.881  37.867 0.0000000000
196081  32.038  -16.029  36.802 0.0000000000
97336  31.857  -16.529  35.462 0.0000000000
95914  30.860  -17.371  34.840 0.0000000000
116941  37.427  -4.404  32.747 0.0000000000
116985  36.488  -5.031  31.098 0.0000000000
114431  35.551  -5.771  29.049 0.0000000000
114423  33.669  -6.194  30.380 0.0000000000
114433  34.452  -6.159  29.455 0.0000000000
113147  35.342  -6.430  28.067 0.0000000000
129266  50.472  3.364  17.145 0.0000000000
194909  39.686  -3.807  33.132 0.0000000000
197258  39.251  -3.766  33.565 0.0000000000
118169  40.786  -3.451  33.596 0.0000000000
88724  20.816  -20.667  40.065 0.0000000000
88723  21.653  -20.882  40.169 0.0000000000
88743  21.276  -20.923  39.466 0.0000000000
118303  42.178  -3.376  24.736 0.0000000000
118317  41.735  -3.710  24.166 0.0000000000
118304  41.562  -3.653  24.958 0.0000000000
118302  42.892  -3.302  24.509 0.0000000000
78746  11.344  -27.219  49.194 0.0000000000
215959  11.743  -26.804  48.771 0.0000000000
204987  10.726  -27.579  48.848 0.0000000000
77395  10.808  -27.710  48.168 0.0000000000
77396  10.223  -27.929  48.586 0.0000000000
76049  10.031  -28.532  48.410 0.0000000000
103811  36.218  -12.746  40.588 0.0000000000
103812  35.967  -12.205  40.059 0.0000000000
102596  35.797  -13.233  39.561 0.0000000000
101411  35.638  -13.619  39.135 0.0000000000
101410  35.952  -13.775  39.917 0.0000000000
95758  33.120  -17.064  48.384 0.0000000000
97290  25.525  -15.806  37.694 0.0000000000
98744  25.980  -15.571  38.132 0.0000000000
97307  25.588  -15.700  36.899 0.0000000000
98774  26.269  -15.347  36.615 0.0000000000
109147  30.785  -9.074  32.836 0.0000000000
109157  30.571  -9.000  32.068 0.0000000000
132622  48.279  6.307  19.377 0.0000000000
198939  48.553  6.764  19.741 0.0000000000
132621  48.873  6.549  19.231 0.0000000000
132633  49.377  6.334  18.938 0.0000000000
131478  50.242  5.525  18.481 0.0000000000
131489  49.588  4.892  18.275 0.0000000000
197179  40.917  -4.600  28.787 0.0000000000
206549  40.367  -4.659  28.074 0.0000000000
117018  40.484  -4.768  28.630 0.0000000000
114439  37.079  -5.951  28.539 0.0000000000
114449  37.308  -5.980  27.939 0.0000000000
114450  36.735  -6.320  27.984 0.0000000000
113160  36.298  -6.667  27.399 0.0000000000
114451  36.004  -6.283  27.962 0.0000000000
197221  41.273  -4.423  30.291 0.0000000000
116995  41.905  -4.386  29.971 0.0000000000
117008  41.236  -4.526  29.409 0.0000000000
194754  41.390  -4.379  28.581 0.0000000000
85787  17.403  -22.370  39.944 0.0000000000
85801  17.354  -22.981  39.818 0.0000000000
85788  16.983  -22.651  40.391 0.0000000000
84430  16.952  -23.481  40.176 0.0000000000
230298  16.586  -22.560  40.843 0.0000000000
91718  26.883  -19.449  43.874 0.0000000000
93131  27.091  -18.903  43.864 0.0000000000
91733  26.734  -19.349  43.321 0.0000000000
214638  23.857  -20.197  39.129 0.0000000000
91791  24.163  -19.500  39.079 0.0000000000
90310  23.641  -19.965  37.642 0.0000000000
90311  23.523  -20.496  37.906 0.0000000000
101511  30.779  -14.748  31.966 0.0000000000
120649  45.936  -2.166  21.322 0.0000000000
120650  45.344  -2.207  20.850 0.0000000000
235436  46.529  0.852  17.373 0.0000000000
90185  23.250  -20.429  45.162 0.0000000000
90186  22.720  -20.041  45.013 0.0000000000
88628  23.742  -21.104  45.280 0.0000000000
90184  23.588  -20.867  44.599 0.0000000000
119467  45.800  -3.045  25.196 0.0000000000
119479  46.844  -2.601  24.391 0.0000000000
119490  47.193  -2.891  23.760 0.0000000000
119491  46.500  -3.093  23.891 0.0000000000
91685  20.278  -18.721  44.955 0.0000000000
91699  19.756  -18.898  44.288 0.0000000000
91686  19.508  -18.805  44.989 0.0000000000
88631  15.862  -21.687  45.436 0.0000000000
87136  15.920  -21.682  44.822 0.0000000000
85735  15.702  -22.259  44.586 0.0000000000
85736  15.414  -22.819  44.323 0.0000000000
195475  15.235  -22.699  44.955 0.0000000000
87077  14.302  -22.590  49.498 0.0000000000
228099  12.699  -26.030  45.445 0.0000000000
201582  12.788  -25.550  45.622 0.0000000000
78825  13.113  -26.382  44.785 0.0000000000
106397  33.833  -11.296  37.520 0.0000000000
106386  33.532  -10.644  37.773 0.0000000000
106398  33.295  -10.878  37.356 0.0000000000
106399  32.602  -10.471  36.978 0.0000000000
106409  32.511  -11.070  36.340 0.0000000000
105170  32.508  -11.774  35.943 0.0000000000
105169  32.962  -11.841  36.597 0.0000000000
98783  33.428  -15.569  35.632 0.0000000000
97351  33.206  -15.840  34.763 0.0000000000
224372  32.395  -16.432  34.328 0.0000000000
97352  32.736  -16.414  34.768 0.0000000000
97203  29.663  -16.457  44.434 0.0000000000
98636  30.341  -15.740  44.471 0.0000000000
98644  29.662  -15.839  43.804 0.0000000000
98704  32.040  -15.490  40.412 0.0000000000
98690  32.626  -15.614  41.049 0.0000000000
97238  32.546  -15.787  40.429 0.0000000000
97237  32.991  -15.838  40.738 0.0000000000
97248  32.867  -15.854  39.957 0.0000000000
230005  32.992  -15.842  39.437 0.0000000000
97261  32.051  -15.812  39.448 0.0000000000
115652  34.715  -5.200  33.408 0.0000000000
196861  34.777  -5.134  32.847 0.0000000000
230522  34.193  -5.447  32.521 0.0000000000
116980  40.221  -4.430  31.224 0.0000000000
196202  40.093  -4.617  30.476 0.0000000000
116981  39.790  -4.524  31.230 0.0000000000
225842  38.568  -3.534  31.112 0.0000000000
118226  38.347  -4.049  30.618 0.0000000000
115701  37.925  -5.431  29.722 0.0000000000
223608  37.451  -5.309  30.424 0.0000000000
119337  43.099  -2.308  33.528 0.0000000000
118187  40.795  -3.559  32.884 0.0000000000
118186  41.808  -3.409  32.625 0.0000000000
118203  41.159  -3.593  32.252 0.0000000000
116957  40.731  -3.930  31.616 0.0000000000
87221  19.464  -21.596  39.246 0.0000000000
88745  19.096  -21.210  39.722 0.0000000000
87201  18.330  -21.300  39.655 0.0000000000
88726  18.755  -20.995  40.357 0.0000000000
88700  24.121  -21.363  41.463 0.0000000000
90269  24.549  -20.809  41.401 0.0000000000
231502  23.494  -20.847  40.090 0.0000000000
88740  23.232  -20.847  39.527 0.0000000000
235469  23.529  -20.606  39.143 0.0000000000
88761  22.342  -21.331  38.854 0.0000000000
88763  20.880  -21.293  38.921 0.0000000000
87235  21.182  -21.870  38.446 0.0000000000
118264  43.756  -3.223  27.112 0.0000000000
119440  43.678  -3.050  26.775 0.0000000000
119470  43.868  -2.828  25.569 0.0000000000
119456  44.392  -2.887  26.032 0.0000000000
119468  45.244  -3.095  25.282 0.0000000000
118299  45.002  -3.189  24.034 0.0000000000
118300  44.345  -3.260  24.184 0.0000000000
118315  43.173  -3.575  23.797 0.0000000000
118314  43.909  -3.579  23.695 0.0000000000
195397  19.284  -18.595  48.042 0.0000000000
93053  18.783  -18.665  47.732 0.0000000000
93036  18.761  -18.497  48.463 0.0000000000
93055  17.335  -19.178  48.207 0.0000000000
91647  16.925  -19.423  47.737 0.0000000000
90158  16.353  -20.369  46.791 0.0000000000
91648  16.252  -20.319  47.470 0.0000000000
81610  12.838  -24.727  49.421 0.0000000000
82969  12.999  -24.427  49.341 0.0000000000
78760  12.050  -26.425  47.770 0.0000000000
78773  11.935  -26.344  47.010 0.0000000000
78785  12.282  -26.513  46.359 0.0000000000
78786  11.760  -26.938  46.690 0.0000000000
77442  11.645  -27.544  46.387 0.0000000000
76061  10.560  -28.405  47.245 0.0000000000
76075  10.874  -28.408  46.771 0.0000000000
74645  9.415  -29.514  48.672 0.0000000000
73236  9.088  -29.937  49.123 0.0000000000
73225  8.964  -29.810  49.809 0.0000000000
103840  35.087  -12.243  39.000 0.0000000000
105122  35.056  -11.587  39.574 0.0000000000
103852  34.859  -12.189  38.222 0.0000000000
105156  34.650  -11.648  38.010 0.0000000000
103866  34.808  -12.520  37.781 0.0000000000
231687  34.432  -12.548  37.066 0.0000000000
199160  34.703  -12.745  37.362 0.0000000000
101437  35.573  -14.170  37.558 0.0000000000
101438  35.181  -13.838  37.106 0.0000000000
100175  35.377  -15.083  36.664 0.0000000000
100176  34.983  -15.014  36.228 0.0000000000
98766  35.221  -15.821  36.489 0.0000000000
98694  28.225  -15.711  41.508 0.0000000000
98680  28.654  -15.419  41.936 0.0000000000
98693  28.916  -15.157  41.189 0.0000000000
100129  29.366  -14.638  39.792 0.0000000000
230688  29.745  -14.790  40.494 0.0000000000
194940  29.857  -14.748  40.139 0.0000000000
100117  30.784  -14.997  40.315 0.0000000000
100128  30.092  -14.698  39.522 0.0000000000
100141  30.260  -14.860  38.686 0.0000000000
98755  27.939  -15.293  36.664 0.0000000000
113077  32.438  -6.990  33.549 0.0000000000
204362  32.619  -6.651  32.200 0.0000000000
113085  31.847  -7.052  32.194 0.0000000000
110483  30.857  -8.474  30.886 0.0000000000
110482  31.171  -7.949  30.460 0.0000000000
110498  30.809  -8.494  30.070 0.0000000000
131487  51.293  4.725  18.276 0.0000000000
131476  51.679  5.166  18.569 0.0000000000
130389  51.614  4.393  17.864 0.0000000000
224820  51.868  4.139  17.415 0.0000000000
129265  51.634  3.727  16.849 0.0000000000
118267  41.156  -3.656  26.765 0.0000000000
117039  40.883  -3.784  25.841 0.0000000000
117032  40.808  -3.757  26.439 0.0000000000
117034  39.644  -4.393  26.955 0.0000000000
117041  39.654  -4.342  26.247 0.0000000000
115742  39.149  -4.780  26.506 0.0000000000
115743  38.797  -5.447  26.073 0.0000000000
115699  39.204  -5.027  29.541 0.0000000000
115721  39.451  -5.045  28.943 0.0000000000
115722  38.835  -5.298  28.633 0.0000000000
199352  37.541  -5.917  27.400 0.0000000000
114458  38.201  -5.887  27.186 0.0000000000
114467  38.078  -5.945  26.451 0.0000000000
211347  38.324  -5.813  26.008 0.0000000000
224751  43.352  -3.210  32.190 0.0000000000
119376  43.643  -2.881  32.341 0.0000000000
232314  43.522  -3.374  31.945 0.0000000000
231836  43.114  -4.223  30.069 0.0000000000
116976  43.825  -3.981  30.843 0.0000000000
116993  43.564  -4.013  30.149 0.0000000000
116975  44.372  -3.703  30.240 0.0000000000
118235  43.805  -3.691  29.348 0.0000000000
213491  43.666  -3.545  28.610 0.0000000000
118236  43.121  -3.610  28.819 0.0000000000
117016  41.366  -3.825  27.893 0.0000000000
196363  41.976  -3.488  27.700 0.0000000000
118257  41.444  -3.412  27.194 0.0000000000
118266  41.670  -3.475  26.555 0.0000000000
94417  30.296  -18.493  46.674 0.0000000000
94426  30.458  -18.056  46.403 0.0000000000
94427  30.013  -18.307  46.107 0.0000000000
94466  27.879  -18.059  44.211 0.0000000000
95789  29.337  -17.715  44.973 0.0000000000
95796  28.722  -17.691  44.521 0.0000000000
97200  29.154  -17.142  44.479 0.0000000000
95800  27.812  -17.667  43.874 0.0000000000
90268  24.993  -20.151  41.286 0.0000000000
91758  25.664  -19.798  41.491 0.0000000000
93166  25.385  -19.386  40.958 0.0000000000
94510  25.277  -18.142  40.183 0.0000000000
94500  26.233  -17.917  41.606 0.0000000000
95830  26.355  -17.281  41.320 0.0000000000
95819  27.001  -17.070  42.409 0.0000000000
95829  26.814  -16.895  41.663 0.0000000000
97227  27.183  -16.546  41.883 0.0000000000
94533  24.452  -18.325  38.232 0.0000000000
95856  24.987  -17.210  38.941 0.0000000000
206030  24.494  -17.817  37.817 0.0000000000
208514  24.786  -17.115  38.061 0.0000000000
229827  24.231  -18.478  36.875 0.0000000000
87245  22.671  -21.967  37.934 0.0000000000
87244  23.083  -21.514  37.718 0.0000000000
87258  22.378  -22.467  37.474 0.0000000000
121873  47.315  -1.018  21.970 0.0000000000
123082  45.690  -0.070  20.876 0.0000000000
123081  46.257  -0.220  21.253 0.0000000000
124375  46.002  0.444  21.027 0.0000000000
125646  45.725  1.039  20.761 0.0000000000
203256  44.952  -1.647  19.788 0.0000000000
125664  45.202  1.146  18.860 0.0000000000
125658  45.012  0.861  19.145 0.0000000000
126874  45.301  1.998  19.614 0.0000000000
128066  45.719  2.470  19.744 0.0000000000
128080  45.944  2.720  19.009 0.0000000000
128090  46.842  2.719  18.088 0.0000000000
129258  47.021  3.384  18.273 0.0000000000
130393  47.914  4.244  18.234 0.0000000000
128088  48.129  3.272  17.438 0.0000000000
90253  21.420  -20.211  41.915 0.0000000000
91683  22.214  -19.494  45.393 0.0000000000
91684  21.594  -19.106  45.479 0.0000000000
93111  21.040  -18.812  45.098 0.0000000000
93093  21.335  -18.766  46.037 0.0000000000
91658  22.630  -19.585  47.305 0.0000000000
93033  21.978  -19.236  48.389 0.0000000000
93050  21.249  -18.813  47.629 0.0000000000
93034  21.194  -18.732  48.234 0.0000000000
206263  20.694  -18.636  47.839 0.0000000000
94406  31.030  -18.270  47.529 0.0000000000
91681  28.117  -19.105  45.512 0.0000000000
87135  24.832  -21.851  44.623 0.0000000000
88643  25.375  -21.461  44.083 0.0000000000
88658  25.907  -21.100  43.578 0.0000000000
88659  25.100  -21.188  43.572 0.0000000000
88673  24.775  -20.933  43.028 0.0000000000
208505  24.153  -20.728  42.963 0.0000000000
90232  22.855  -20.208  42.875 0.0000000000
90251  22.681  -20.346  42.062 0.0000000000
117052  40.324  -4.127  25.286 0.0000000000
119500  47.280  -3.203  22.927 0.0000000000
120632  47.437  -2.703  22.512 0.0000000000
119511  47.047  -3.167  22.328 0.0000000000
118312  45.343  -3.547  23.587 0.0000000000
118311  46.159  -3.570  23.478 0.0000000000
118326  45.752  -3.943  23.108 0.0000000000
117080  46.550  -4.133  22.331 0.0000000000
118342  46.656  -4.211  21.904 0.0000000000
88689  20.208  -20.573  41.542 0.0000000000
90256  18.916  -20.212  42.216 0.0000000000
90257  18.251  -20.409  42.205 0.0000000000
88692  17.978  -20.744  41.572 0.0000000000
203714  17.623  -20.619  42.191 0.0000000000
91672  17.812  -19.014  45.942 0.0000000000
91701  18.195  -19.126  44.485 0.0000000000
91702  17.528  -19.475  44.751 0.0000000000
87150  16.392  -21.633  43.625 0.0000000000
88663  16.863  -20.932  43.484 0.0000000000
87149  16.649  -21.423  43.053 0.0000000000
87158  16.764  -21.631  42.454 0.0000000000
87172  16.335  -22.310  42.236 0.0000000000
84391  15.257  -23.587  43.478 0.0000000000
84402  15.413  -23.774  42.928 0.0000000000
234231  15.251  -24.169  42.828 0.0000000000
83049  14.824  -24.507  42.937 0.0000000000
88553  14.934  -21.626  48.562 0.0000000000
87085  15.006  -21.924  47.737 0.0000000000
88567  15.466  -21.310  47.371 0.0000000000
87093  14.826  -22.563  47.148 0.0000000000
82982  13.531  -24.663  47.788 0.0000000000
82990  13.722  -24.196  47.259 0.0000000000
81647  13.573  -24.689  45.754 0.0000000000
83001  13.947  -24.418  46.466 0.0000000000
215607  13.991  -24.218  45.815 0.0000000000
84352  14.671  -23.418  45.803 0.0000000000
83016  14.285  -23.966  44.954 0.0000000000
83032  14.060  -24.526  44.771 0.0000000000
73214  8.621  -30.090  50.921 0.0000000000
71864  7.389  -30.660  51.514 0.0000000000
71877  7.646  -30.951  50.769 0.0000000000
115619  36.336  -4.699  35.088 0.0000000000
114334  34.134  -5.941  35.267 0.0000000000
114350  33.379  -6.188  34.658 0.0000000000
113043  33.593  -6.254  35.119 0.0000000000
111683  33.055  -7.403  35.936 0.0000000000
111694  32.826  -7.391  35.190 0.0000000000
111695  32.383  -7.853  34.847 0.0000000000
110450  31.681  -8.400  34.050 0.0000000000
110431  32.020  -8.485  34.976 0.0000000000
109063  33.315  -9.262  38.059 0.0000000000
110386  33.105  -8.632  37.378 0.0000000000
214083  31.947  -10.251  35.337 0.0000000000
107760  31.794  -9.685  35.255 0.0000000000
107761  31.678  -9.558  34.707 0.0000000000
233886  31.513  -10.429  34.475 0.0000000000
106437  31.019  -10.803  33.906 0.0000000000
106431  31.417  -10.871  34.308 0.0000000000
103889  31.935  -12.312  34.454 0.0000000000
103898  31.520  -12.064  34.144 0.0000000000
103904  31.661  -12.642  34.108 0.0000000000
101497  31.235  -13.706  33.283 0.0000000000
101496  31.711  -13.756  33.745 0.0000000000
102661  33.914  -13.496  35.964 0.0000000000
102662  33.322  -13.230  35.529 0.0000000000
102671  33.102  -13.502  34.948 0.0000000000
100203  32.542  -15.304  33.970 0.0000000000
100204  32.320  -14.619  33.970 0.0000000000
100213  31.913  -15.121  33.788 0.0000000000
100214  31.600  -14.895  33.148 0.0000000000
98813  31.771  -15.621  33.442 0.0000000000
98814  31.534  -16.073  33.162 0.0000000000
95926  31.726  -17.328  33.775 0.0000000000
94607  31.284  -17.834  33.498 0.0000000000
94595  31.037  -18.263  34.094 0.0000000000
95777  31.161  -17.292  46.381 0.0000000000
97188  31.438  -16.758  45.971 0.0000000000
98629  32.368  -15.335  45.236 0.0000000000
98628  33.069  -15.041  45.302 0.0000000000
98633  32.912  -14.885  44.708 0.0000000000
98659  30.689  -15.213  42.746 0.0000000000
200949  31.242  -14.922  43.330 0.0000000000
98658  31.500  -15.084  42.402 0.0000000000
100096  33.403  -15.148  42.730 0.0000000000
100080  32.822  -14.853  42.774 0.0000000000
98657  33.734  -15.080  43.005 0.0000000000
98640  33.640  -14.890  43.618 0.0000000000
98639  34.067  -14.927  43.329 0.0000000000
98638  34.515  -14.878  43.164 0.0000000000
98656  34.018  -15.071  42.823 0.0000000000
227280  34.012  -15.348  40.985 0.0000000000
98688  34.590  -15.038  41.395 0.0000000000
100116  35.074  -14.715  41.077 0.0000000000
100115  35.531  -14.398  40.809 0.0000000000
98701  35.182  -14.938  40.238 0.0000000000
98714  35.493  -15.289  39.477 0.0000000000
98715  34.812  -15.549  39.589 0.0000000000
97272  33.354  -16.395  38.387 0.0000000000
97271  34.005  -16.507  38.497 0.0000000000
233922  33.403  -16.743  37.823 0.0000000000
97302  33.836  -16.863  37.408 0.0000000000
97303  33.133  -16.449  37.267 0.0000000000
98741  30.513  -15.295  37.998 0.0000000000
98728  31.553  -15.846  38.521 0.0000000000
196351  30.579  -15.513  37.291 0.0000000000
97321  31.057  -16.147  36.267 0.0000000000
97320  31.625  -16.275  36.182 0.0000000000
95897  31.444  -16.942  35.054 0.0000000000
97337  30.699  -16.821  35.120 0.0000000000
116903  37.735  -4.351  33.856 0.0000000000
116923  37.992  -4.337  33.150 0.0000000000
116924  37.456  -4.463  33.363 0.0000000000
194776  35.490  -5.661  31.384 0.0000000000
116964  35.922  -5.035  31.536 0.0000000000
197539  35.539  -5.646  30.561 0.0000000000
115703  36.098  -5.564  30.229 0.0000000000
115704  35.442  -5.492  29.936 0.0000000000
113113  32.402  -6.662  30.827 0.0000000000
114412  33.639  -6.220  31.161 0.0000000000
113112  33.021  -6.404  30.616 0.0000000000
111810  33.339  -7.133  28.006 0.0000000000
113135  33.958  -6.585  29.103 0.0000000000
113149  34.017  -6.807  28.444 0.0000000000
113134  34.557  -6.406  28.835 0.0000000000
113148  34.692  -6.641  28.223 0.0000000000
131482  54.468  5.159  17.582 0.0000000000
131492  54.708  5.253  16.856 0.0000000000
132642  55.096  5.889  16.933 0.0000000000
129267  50.062  3.495  17.331 0.0000000000
128108  50.097  2.542  16.598 0.0000000000
116959  39.459  -4.288  31.813 0.0000000000
221704  39.689  -3.994  32.457 0.0000000000
208998  39.063  -4.128  32.225 0.0000000000
118205  38.133  -3.838  31.553 0.0000000000
87220  20.184  -21.429  39.104 0.0000000000
88702  22.998  -20.879  40.872 0.0000000000
88720  23.640  -21.007  40.617 0.0000000000
235393  22.558  -21.050  40.527 0.0000000000
88742  22.103  -21.111  39.608 0.0000000000
117069  42.669  -3.942  23.302 0.0000000000
119458  42.978  -2.974  26.413 0.0000000000
119471  43.098  -2.939  25.768 0.0000000000
118289  43.348  -3.038  25.037 0.0000000000
196753  18.555  -18.943  49.557 0.0000000000
195847  18.300  -18.763  48.998 0.0000000000
93022  17.772  -19.133  49.742 0.0000000000
78761  11.755  -26.950  48.110 0.0000000000
77409  11.334  -27.427  47.776 0.0000000000
77423  11.303  -27.517  47.027 0.0000000000
77410  10.835  -27.824  47.492 0.0000000000
76062  10.189  -28.729  47.770 0.0000000000
207142  9.676  -29.008  48.862 0.0000000000
74615  9.723  -29.006  49.561 0.0000000000
105098  35.766  -11.568  40.405 0.0000000000
105121  35.423  -11.915  39.799 0.0000000000
103839  35.307  -12.786  38.773 0.0000000000
102615  35.008  -12.972  37.773 0.0000000000
102603  35.312  -13.161  38.286 0.0000000000
101430  35.512  -13.689  38.116 0.0000000000
100154  35.986  -14.859  37.808 0.0000000000
98720  27.178  -15.756  40.102 0.0000000000
98719  27.887  -15.320  40.150 0.0000000000
196750  27.516  -15.270  39.589 0.0000000000
98730  27.541  -15.005  38.954 0.0000000000
198278  28.095  -14.754  38.805 0.0000000000
100157  28.169  -14.793  38.040 0.0000000000
231447  27.105  -14.780  37.745 0.0000000000
97324  26.634  -15.854  36.021 0.0000000000
111723  31.697  -7.986  33.445 0.0000000000
211085  31.349  -7.564  32.163 0.0000000000
219180  31.063  -8.085  32.130 0.0000000000
110475  30.838  -8.487  31.689 0.0000000000
132624  47.134  5.774  19.789 0.0000000000
133750  46.989  6.572  20.757 0.0000000000
133749  47.601  6.919  20.496 0.0000000000
133770  51.292  6.391  19.189 0.0000000000
132631  50.758  5.966  18.793 0.0000000000
131488  50.540  4.990  17.987 0.0000000000
130390  50.905  4.374  17.797 0.0000000000
117025  40.643  -3.874  27.094 0.0000000000
223058  40.600  -4.189  27.671 0.0000000000
219297  39.663  -4.623  27.497 0.0000000000
115711  38.404  -5.598  29.208 0.0000000000
115723  38.200  -5.641  28.557 0.0000000000
114438  37.610  -5.710  28.398 0.0000000000
116956  42.166  -3.937  31.335 0.0000000000
116955  43.003  -4.189  31.294 0.0000000000
116994  42.629  -4.353  29.866 0.0000000000
117006  42.549  -4.099  28.996 0.0000000000
85799  18.321  -22.230  38.922 0.0000000000
83088  16.460  -24.082  40.472 0.0000000000
83068  15.997  -23.994  41.294 0.0000000000
94429  28.958  -18.298  45.699 0.0000000000
94441  29.073  -18.104  45.271 0.0000000000
93109  28.316  -18.568  44.668 0.0000000000
94455  27.948  -18.453  44.409 0.0000000000
94468  27.212  -18.370  43.842 0.0000000000
230232  24.965  -19.173  40.347 0.0000000000
91779  24.542  -19.306  39.852 0.0000000000
93187  24.872  -18.621  40.008 0.0000000000
94519  24.826  -17.963  39.681 0.0000000000
93194  24.331  -18.847  38.643 0.0000000000
93206  24.178  -18.902  37.837 0.0000000000
91815  23.810  -19.422  37.352 0.0000000000
90329  23.477  -20.486  37.128 0.0000000000
215587  30.442  -12.842  32.542 0.0000000000
214719  45.698  -0.676  20.899 0.0000000000
123103  44.972  -0.325  18.886 0.0000000000
203663  45.223  -0.635  18.310 0.0000000000
125663  45.584  1.514  18.412 0.0000000000
126880  45.684  2.154  18.761 0.0000000000
195308  46.182  1.548  18.009 0.0000000000
126887  46.629  1.991  17.919 0.0000000000
126898  47.067  1.726  17.303 0.0000000000
90210  22.775  -20.343  43.729 0.0000000000
90211  22.133  -19.979  43.336 0.0000000000
221879  22.653  -19.186  46.306 0.0000000000
88644  24.208  -21.755  44.323 0.0000000000
88660  24.304  -21.227  43.681 0.0000000000
88645  23.815  -21.293  44.108 0.0000000000
88646  23.373  -20.752  43.954 0.0000000000
90213  20.214  -19.809  43.242 0.0000000000
209152  19.763  -20.066  42.770 0.0000000000
90214  19.508  -19.525  43.176 0.0000000000
201584  18.829  -19.548  43.192 0.0000000000
207319  16.898  -19.884  45.785 0.0000000000
90187  17.003  -19.936  45.085 0.0000000000
88629  16.656  -20.560  44.751 0.0000000000
88664  16.527  -21.252  43.999 0.0000000000
85755  15.909  -22.884  42.723 0.0000000000
85746  15.636  -22.961  43.531 0.0000000000
84392  14.819  -23.891  43.909 0.0000000000
224922  14.703  -22.051  48.890 0.0000000000
87086  14.728  -22.307  48.383 0.0000000000
80284  12.926  -25.630  46.338 0.0000000000
82991  13.483  -24.691  47.005 0.0000000000
81648  13.213  -25.211  45.997 0.0000000000
81662  13.264  -25.274  45.394 0.0000000000
81661  13.666  -24.898  45.126 0.0000000000
81676  13.884  -25.111  44.583 0.0000000000
80296  13.535  -25.520  44.952 0.0000000000
113029  33.869  -6.363  35.771 0.0000000000
113015  33.469  -6.838  36.272 0.0000000000
110414  32.912  -8.044  36.323 0.0000000000
107688  33.882  -9.833  38.825 0.0000000000
209448  33.918  -10.447  38.101 0.0000000000
107702  33.353  -9.903  37.936 0.0000000000
109077  32.661  -9.192  37.265 0.0000000000
107730  32.510  -9.733  37.036 0.0000000000
205450  32.255  -10.380  36.364 0.0000000000
106415  32.172  -10.590  35.723 0.0000000000
106424  31.648  -10.930  34.693 0.0000000000
105177  32.231  -11.670  35.259 0.0000000000
103888  32.273  -12.296  34.872 0.0000000000
100183  33.851  -14.635  35.217 0.0000000000
101474  33.311  -14.144  34.884 0.0000000000
223622  33.382  -14.712  34.808 0.0000000000
98804  32.959  -15.439  34.238 0.0000000000
97369  32.023  -16.252  33.593 0.0000000000
97362  32.269  -16.224  34.014 0.0000000000
95913  31.747  -17.288  34.469 0.0000000000
97195  30.024  -16.714  45.566 0.0000000000
97193  31.331  -16.369  45.492 0.0000000000
97198  30.720  -16.160  45.194 0.0000000000
98635  31.302  -15.519  44.620 0.0000000000
98677  31.730  -14.683  41.468 0.0000000000
100097  32.339  -14.841  42.150 0.0000000000
100107  32.472  -14.884  41.551 0.0000000000
229960  33.104  -15.386  41.639 0.0000000000
98675  33.959  -15.195  42.290 0.0000000000
97223  33.573  -15.567  41.806 0.0000000000
97236  33.499  -15.703  41.082 0.0000000000
98703  33.702  -15.752  40.381 0.0000000000
98716  34.002  -15.716  39.636 0.0000000000
97247  33.382  -15.944  39.588 0.0000000000
202094  33.117  -15.948  38.982 0.0000000000
97288  32.462  -16.027  38.171 0.0000000000
194566  29.482  -15.611  36.586 0.0000000000
98769  30.165  -15.754  36.601 0.0000000000
97323  29.707  -16.008  36.029 0.0000000000
97339  29.747  -16.321  35.462 0.0000000000
97338  30.243  -16.494  35.284 0.0000000000
97354  30.166  -16.977  35.046 0.0000000000
95916  29.669  -17.330  35.123 0.0000000000
116905  36.540  -4.524  33.953 0.0000000000
205010  36.223  -4.416  32.998 0.0000000000
116944  35.426  -4.320  32.874 0.0000000000
115678  35.316  -5.088  31.950 0.0000000000
115693  34.406  -5.717  31.289 0.0000000000
111798  32.049  -7.076  29.615 0.0000000000
113137  32.697  -6.701  29.181 0.0000000000
199644  32.206  -7.267  28.740 0.0000000000
131484  53.252  4.600  17.882 0.0000000000
131473  53.581  4.988  18.254 0.0000000000
197524  40.666  -4.650  29.959 0.0000000000
117010  40.065  -4.757  28.998 0.0000000000
116996  40.104  -4.521  29.583 0.0000000000
223019  39.564  -4.584  29.882 0.0000000000
116997  38.850  -4.487  30.118 0.0000000000
115700  38.615  -5.262  29.668 0.0000000000
114429  36.846  -5.821  29.127 0.0000000000
119358  43.355  -2.584  32.846 0.0000000000
118185  42.982  -3.170  32.384 0.0000000000
118167  42.429  -3.081  32.799 0.0000000000
204904  42.672  -3.333  32.348 0.0000000000
201380  41.335  -3.997  31.042 0.0000000000
87238  19.040  -22.155  38.838 0.0000000000
87223  18.140  -21.804  39.333 0.0000000000
87202  17.778  -21.792  39.900 0.0000000000
87185  17.588  -21.535  40.539 0.0000000000
90231  25.711  -20.800  42.510 0.0000000000
90248  25.866  -20.201  42.420 0.0000000000
90249  25.289  -20.662  41.914 0.0000000000
90279  24.426  -20.744  40.740 0.0000000000
88739  24.012  -20.940  40.375 0.0000000000
202402  24.135  -20.446  40.259 0.0000000000
90301  23.561  -20.526  38.583 0.0000000000
88778  23.255  -20.935  38.134 0.0000000000
87234  21.858  -21.850  38.456 0.0000000000
119518  45.216  -2.927  20.628 0.0000000000
119524  44.959  -2.958  20.112 0.0000000000
90172  23.462  -20.213  46.579 0.0000000000
90155  23.655  -19.965  47.159 0.0000000000
118253  44.816  -3.424  27.284 0.0000000000
118262  44.835  -3.309  26.753 0.0000000000
195463  44.808  -3.158  26.363 0.0000000000
119481  45.431  -3.189  24.609 0.0000000000
117083  44.623  -4.309  22.812 0.0000000000
93066  19.795  -18.353  46.925 0.0000000000
93096  19.327  -18.831  45.710 0.0000000000
93067  18.990  -18.829  47.033 0.0000000000
93081  18.341  -18.903  46.483 0.0000000000
91659  17.638  -18.954  46.672 0.0000000000
93054  18.062  -18.812  48.158 0.0000000000
91646  17.487  -19.003  47.453 0.0000000000
91673  17.262  -19.342  46.193 0.0000000000
90157  16.786  -19.839  46.485 0.0000000000
88612  16.057  -21.028  45.734 0.0000000000
88613  15.628  -21.669  46.102 0.0000000000
84319  13.296  -23.997  49.217 0.0000000000
214205  13.363  -24.461  49.019 0.0000000000
81623  13.249  -25.033  48.264 0.0000000000
81632  12.893  -25.503  47.900 0.0000000000
80256  12.949  -25.640  47.120 0.0000000000
80268  12.561  -26.043  46.719 0.0000000000
78805  12.476  -26.507  45.687 0.0000000000
77465  12.380  -27.085  45.365 0.0000000000
76089  11.839  -28.051  45.664 0.0000000000
76074  11.146  -27.993  46.555 0.0000000000
198726  35.084  -11.138  39.924 0.0000000000
106365  34.820  -11.076  39.312 0.0000000000
106384  34.537  -10.931  38.435 0.0000000000
105157  34.366  -11.696  37.546 0.0000000000
105162  34.021  -11.813  37.273 0.0000000000
103876  33.610  -12.321  36.642 0.0000000000
103868  34.087  -12.238  37.009 0.0000000000
103875  34.197  -12.616  36.683 0.0000000000
102648  34.276  -13.158  36.472 0.0000000000
102632  34.944  -13.213  37.236 0.0000000000
102647  34.753  -13.618  36.680 0.0000000000
101460  34.204  -14.173  35.761 0.0000000000
100177  34.403  -14.864  35.794 0.0000000000
100184  33.931  -15.090  35.394 0.0000000000
98768  33.759  -15.393  36.161 0.0000000000
98661  28.817  -15.551  42.574 0.0000000000
212480  29.379  -15.187  42.617 0.0000000000
100082  29.316  -14.967  42.061 0.0000000000
100099  29.942  -14.724  41.488 0.0000000000
100108  29.925  -14.729  41.028 0.0000000000
98678  30.709  -14.758  41.425 0.0000000000
98692  31.310  -14.890  40.743 0.0000000000
195209  31.479  -15.331  40.102 0.0000000000
98717  31.628  -15.572  39.608 0.0000000000
206055  31.764  -15.780  39.122 0.0000000000
203433  31.348  -15.472  39.180 0.0000000000
203630  30.106  -15.052  37.534 0.0000000000
98742  28.942  -14.963  37.793 0.0000000000
98753  29.210  -15.108  37.097 0.0000000000
98785  28.752  -15.864  35.468 0.0000000000
211521  33.414  -5.773  33.504 0.0000000000
115654  33.957  -5.607  32.971 0.0000000000
114386  33.212  -5.853  32.254 0.0000000000
222646  31.958  -7.047  31.003 0.0000000000
111744  31.642  -7.270  31.501 0.0000000000
111762  31.565  -7.438  30.794 0.0000000000
111782  31.956  -7.006  30.390 0.0000000000
111799  31.664  -7.663  29.304 0.0000000000
210331  52.587  5.700  19.008 0.0000000000
199789  51.457  5.784  18.761 0.0000000000
226637  52.009  5.590  18.790 0.0000000000
131485  52.689  4.856  18.213 0.0000000000
130397  52.416  4.123  17.087 0.0000000000
118292  41.444  -3.667  25.703 0.0000000000
117033  40.158  -3.954  26.727 0.0000000000
117019  40.002  -4.974  28.496 0.0000000000
219733  39.431  -5.054  28.339 0.0000000000
115729  38.923  -5.183  27.535 0.0000000000
114447  38.558  -5.584  27.911 0.0000000000
114457  38.639  -5.641  27.238 0.0000000000
115735  38.874  -5.286  26.869 0.0000000000
116954  43.487  -4.116  31.234 0.0000000000
118216  43.890  -3.780  31.400 0.0000000000
118255  43.468  -3.271  27.549 0.0000000000
118247  42.593  -3.576  28.268 0.0000000000
118256  42.709  -3.352  27.590 0.0000000000
118265  42.275  -3.177  26.493 0.0000000000
118276  41.821  -3.488  26.091 0.0000000000
95760  31.678  -17.528  47.520 0.0000000000
95767  32.086  -17.114  47.201 0.0000000000
95768  31.414  -17.404  46.889 0.0000000000
95778  30.663  -17.612  46.202 0.0000000000
95779  30.220  -17.175  45.977 0.0000000000
94440  29.677  -18.059  45.562 0.0000000000
95788  29.741  -17.370  45.617 0.0000000000
97204  28.857  -16.402  43.950 0.0000000000
91734  26.335  -19.515  42.702 0.0000000000
93154  26.335  -18.872  42.326 0.0000000000
93153  26.678  -18.318  42.702 0.0000000000
93165  25.873  -18.633  41.182 0.0000000000
94490  26.480  -18.093  42.230 0.0000000000
95809  27.177  -17.540  43.027 0.0000000000
95818  27.218  -17.037  42.858 0.0000000000
97214  27.839  -16.410  43.212 0.0000000000
97213  28.467  -16.172  43.171 0.0000000000
98682  27.460  -16.352  42.193 0.0000000000
98695  27.660  -16.169  41.691 0.0000000000
97250  27.245  -16.242  40.751 0.0000000000
95849  25.042  -17.403  39.514 0.0000000000
97263  26.255  -16.575  39.827 0.0000000000
97276  25.843  -16.239  39.186 0.0000000000
95863  25.110  -16.372  37.894 0.0000000000
95876  24.711  -16.774  37.099 0.0000000000
87256  23.204  -21.614  36.981 0.0000000000
107812  30.544  -10.065  33.050 0.0000000000
126861  46.482  2.153  20.746 0.0000000000
214176  45.096  -1.589  20.466 0.0000000000
121888  45.295  -1.005  20.561 0.0000000000
123089  45.273  -0.331  20.389 0.0000000000
123096  44.949  0.325  19.296 0.0000000000
124382  45.172  0.321  19.945 0.0000000000
125647  45.369  0.963  20.246 0.0000000000
234483  45.395  1.543  20.539 0.0000000000
126867  46.129  2.532  20.195 0.0000000000
213911  46.612  2.886  20.516 0.0000000000
129234  46.742  3.619  20.381 0.0000000000
130380  46.741  4.250  20.300 0.0000000000
130382  46.738  4.347  19.712 0.0000000000
128079  46.505  3.039  18.696 0.0000000000
130386  46.884  4.399  19.111 0.0000000000
229301  47.074  5.322  19.537 0.0000000000
131470  47.409  5.542  19.292 0.0000000000
130384  48.039  4.880  18.333 0.0000000000
131490  48.705  4.940  18.235 0.0000000000
130392  48.978  4.433  17.915 0.0000000000
129255  49.195  3.928  17.559 0.0000000000
88687  21.722  -20.584  41.390 0.0000000000
88688  20.980  -20.619  41.450 0.0000000000
90234  21.137  -19.932  42.472 0.0000000000
90212  20.913  -19.851  43.141 0.0000000000
90200  21.503  -19.723  43.632 0.0000000000
91719  20.811  -19.413  43.706 0.0000000000
91698  20.607  -18.945  44.322 0.0000000000
93095  20.067  -18.636  45.630 0.0000000000
90173  22.995  -19.788  46.429 0.0000000000
91670  22.687  -19.317  46.863 0.0000000000
229625  22.448  -18.942  46.723 0.0000000000
94394  22.171  -19.494  48.090 0.0000000000
93063  21.984  -19.154  47.284 0.0000000000
198077  21.928  -18.867  46.792 0.0000000000
200649  21.197  -18.671  46.653 0.0000000000
93065  20.615  -18.428  46.872 0.0000000000
93051  20.279  -18.360  47.405 0.0000000000
202029  19.946  -18.736  47.970 0.0000000000
93035  19.471  -18.674  48.615 0.0000000000
93020  19.735  -18.720  49.206 0.0000000000
93021  19.158  -18.724  49.478 0.0000000000
95750  32.704  -17.575  48.700 0.0000000000
94404  31.955  -17.741  48.228 0.0000000000
94405  31.438  -17.932  47.735 0.0000000000
94416  30.739  -18.198  46.903 0.0000000000
93075  29.903  -18.719  46.347 0.0000000000
91656  29.668  -19.119  46.702 0.0000000000
93076  29.422  -18.737  46.044 0.0000000000
93092  28.178  -19.058  44.975 0.0000000000
91697  27.581  -19.485  44.412 0.0000000000
90208  26.665  -20.028  43.965 0.0000000000
88641  26.512  -20.892  44.035 0.0000000000
90209  26.276  -20.409  43.560 0.0000000000
223954  25.940  -20.672  43.072 0.0000000000
88683  25.128  -20.947  42.402 0.0000000000
88684  24.411  -20.995  42.389 0.0000000000
88685  23.905  -21.361  41.625 0.0000000000
219257  23.290  -20.869  41.638 0.0000000000
88686  22.500  -20.557  41.414 0.0000000000
117059  41.071  -3.887  24.306 0.0000000000
121872  47.882  -1.240  22.338 0.0000000000
120643  47.352  -1.903  22.183 0.0000000000
119499  47.806  -2.725  23.071 0.0000000000
120644  46.564  -2.064  21.787 0.0000000000
231906  46.161  -3.318  21.477 0.0000000000
118344  45.634  -3.447  20.988 0.0000000000
88705  20.529  -20.844  40.897 0.0000000000
88706  19.631  -20.882  40.910 0.0000000000
234843  19.420  -20.156  42.292 0.0000000000
88690  19.376  -20.480  41.713 0.0000000000
88707  18.759  -20.788  41.180 0.0000000000
88708  18.043  -20.986  40.790 0.0000000000
91687  18.745  -18.959  45.074 0.0000000000
90215  18.459  -19.210  43.752 0.0000000000
90216  18.015  -19.956  43.336 0.0000000000
90202  17.091  -20.000  44.368 0.0000000000
88662  17.372  -20.442  43.180 0.0000000000
88676  17.791  -20.362  42.720 0.0000000000
88693  17.220  -21.093  41.930 0.0000000000
87186  16.893  -21.967  40.843 0.0000000000
85764  16.360  -22.536  41.430 0.0000000000
84408  16.000  -23.308  41.663 0.0000000000
84401  15.682  -23.410  42.372 0.0000000000
83056  15.601  -24.308  41.857 0.0000000000
90136  16.200  -20.203  48.225 0.0000000000
90137  15.772  -20.704  47.794 0.0000000000
88591  15.598  -21.338  46.730 0.0000000000
85705  15.229  -22.396  46.024 0.0000000000
85675  14.127  -23.273  48.735 0.0000000000
85682  14.189  -23.348  48.180 0.0000000000
85681  14.516  -23.108  47.552 0.0000000000
84340  14.279  -23.951  46.803 0.0000000000
85691  14.730  -23.113  46.765 0.0000000000
216440  14.847  -23.171  46.199 0.0000000000
85706  14.966  -22.920  45.862 0.0000000000
85721  15.183  -22.606  45.509 0.0000000000
85737  14.988  -23.204  44.759 0.0000000000
84384  14.718  -23.692  44.551 0.0000000000
83041  14.468  -24.470  43.639 0.0000000000
81675  14.186  -24.694  44.267 0.0000000000
81683  14.109  -25.241  43.882 0.0000000000
81691  14.433  -25.055  43.111 0.0000000000
74616  9.248  -29.333  50.027 0.0000000000
73226  8.643  -30.206  50.256 0.0000000000
71886  8.340  -30.692  49.948 0.0000000000
73215  7.996  -30.280  51.139 0.0000000000
116901  39.336  -3.473  34.322 0.0000000000
115637  35.379  -4.913  34.347 0.0000000000
115638  34.744  -5.220  34.043 0.0000000000
114365  34.310  -5.457  34.305 0.0000000000
114366  33.371  -5.936  34.209 0.0000000000
113076  32.952  -6.434  33.853 0.0000000000
113063  32.536  -7.054  34.178 0.0000000000
113044  33.134  -6.745  34.944 0.0000000000
113045  32.645  -7.168  34.668 0.0000000000
111711  32.116  -7.700  33.930 0.0000000000
110458  31.261  -8.547  33.594 0.0000000000
109137  31.018  -9.167  33.573 0.0000000000
111658  33.385  -8.169  36.961 0.0000000000
110400  32.434  -8.681  36.024 0.0000000000
109089  32.349  -9.294  36.501 0.0000000000
205391  32.052  -8.683  35.426 0.0000000000
109115  31.771  -9.077  35.100 0.0000000000
109126  31.353  -9.616  34.034 0.0000000000
107794  30.978  -9.816  33.650 0.0000000000
210929  30.862  -10.293  33.678 0.0000000000
105198  30.794  -11.399  33.570 0.0000000000
105185  31.632  -11.534  34.443 0.0000000000
214673  31.088  -11.932  33.832 0.0000000000
103910  30.732  -12.171  33.179 0.0000000000
102685  30.925  -13.035  33.286 0.0000000000
100215  31.229  -14.359  32.593 0.0000000000
103877  32.959  -12.352  36.152 0.0000000000
102663  32.708  -12.927  35.060 0.0000000000
103897  32.393  -12.878  34.539 0.0000000000
101475  32.838  -13.786  34.597 0.0000000000
102678  32.428  -13.496  34.404 0.0000000000
101489  32.151  -13.912  34.062 0.0000000000
100221  31.287  -15.037  32.392 0.0000000000
98823  31.088  -15.744  32.452 0.0000000000
214193  31.797  -16.779  33.368 0.0000000000
95939  31.112  -17.486  32.815 0.0000000000
101401  36.130  -13.625  40.935 0.0000000000
97180  32.479  -16.554  46.865 0.0000000000
97186  32.822  -15.809  46.524 0.0000000000
97192  31.957  -16.061  45.598 0.0000000000
219952  33.342  -15.118  46.102 0.0000000000
197652  34.117  -14.809  44.494 0.0000000000
98643  30.487  -15.486  43.529 0.0000000000
98642  31.958  -15.066  43.904 0.0000000000
100063  32.716  -14.733  43.451 0.0000000000
98641  32.928  -14.707  44.033 0.0000000000
227523  33.444  -14.913  44.168 0.0000000000
204049  33.944  -14.855  43.940 0.0000000000
98631  34.557  -14.570  44.279 0.0000000000
100055  35.092  -14.470  43.960 0.0000000000
98674  34.469  -14.767  42.120 0.0000000000
100095  34.956  -14.386  42.559 0.0000000000
100094  35.552  -13.929  42.388 0.0000000000
199680  35.990  -13.942  41.896 0.0000000000
100105  35.940  -13.977  41.262 0.0000000000
100114  35.784  -14.063  40.504 0.0000000000
100125  35.833  -14.332  39.771 0.0000000000
98726  35.796  -15.412  38.718 0.0000000000
97269  35.670  -15.990  38.074 0.0000000000
97257  34.449  -16.080  38.991 0.0000000000
97270  34.809  -16.368  38.314 0.0000000000
97285  35.103  -16.398  37.538 0.0000000000
97301  34.675  -16.518  36.909 0.0000000000
97318  33.778  -16.272  36.680 0.0000000000
97319  33.101  -16.088  36.368 0.0000000000
97289  31.990  -15.970  38.058 0.0000000000
97305  31.790  -15.906  37.401 0.0000000000
98751  30.825  -15.874  36.699 0.0000000000
194920  31.421  -16.019  36.786 0.0000000000
97304  32.430  -16.073  37.523 0.0000000000
198385  32.430  -16.341  36.067 0.0000000000
97335  32.506  -16.554  35.251 0.0000000000
197805  38.665  -3.985  33.318 0.0000000000
116940  37.824  -4.168  32.163 0.0000000000
116961  37.518  -4.270  31.403 0.0000000000
116942  36.726  -4.424  32.552 0.0000000000
216703  36.924  -4.742  31.471 0.0000000000
116984  37.086  -4.713  30.930 0.0000000000
115702  36.795  -5.614  30.296 0.0000000000
115713  36.514  -5.594  29.661 0.0000000000
114430  36.173  -5.681  29.041 0.0000000000
114398  33.488  -5.536  31.793 0.0000000000
114397  33.917  -5.698  31.451 0.0000000000
114422  34.351  -5.915  30.157 0.0000000000
113136  33.395  -6.588  29.327 0.0000000000
113122  33.831  -6.347  29.726 0.0000000000
114432  35.010  -5.939  29.193 0.0000000000
114442  35.145  -6.171  28.629 0.0000000000
114441  35.763  -5.977  28.514 0.0000000000
129254  49.853  3.862  17.602 0.0000000000
130399  50.527  3.841  17.507 0.0000000000
218802  50.943  3.657  17.148 0.0000000000
129277  50.912  3.337  16.745 0.0000000000
74656  10.326  -28.928  47.277 0.0000000000
80233  12.140  -25.392  49.450 0.0000000000
80316  13.388  -25.987  44.774 0.0000000000
81616  13.104  -24.795  48.961 0.0000000000
81638  13.237  -25.207  46.704 0.0000000000
82975  13.640  -24.689  48.569 0.0000000000
84318  13.748  -23.647  48.978 0.0000000000
84330  14.492  -23.511  47.019 0.0000000000
84353  14.378  -23.937  46.154 0.0000000000
84368  14.221  -23.822  45.511 0.0000000000
85666  13.913  -23.109  49.170 0.0000000000
85674  14.481  -22.903  48.293 0.0000000000
85722  14.919  -23.065  45.359 0.0000000000
87106  15.005  -22.737  46.403 0.0000000000
87142  16.147  -21.720  44.239 0.0000000000
88552  15.372  -21.209  48.181 0.0000000000
88624  26.726  -20.934  44.774 0.0000000000
88630  16.177  -21.073  45.087 0.0000000000
88642  26.033  -21.355  44.076 0.0000000000
88648  16.363  -21.173  44.499 0.0000000000
88661  23.799  -20.714  43.508 0.0000000000
90156  23.006  -19.872  46.982 0.0000000000
90159  15.849  -20.784  47.080 0.0000000000
90175  16.432  -20.419  46.100 0.0000000000
90217  17.226  -20.186  43.697 0.0000000000
90229  26.485  -19.810  43.601 0.0000000000
90328  23.619  -19.930  36.843 0.0000000000
91661  16.624  -19.800  47.186 0.0000000000
91682  28.009  -19.369  44.775 0.0000000000
91688  18.005  -19.113  45.227 0.0000000000
91717  27.413  -19.163  44.136 0.0000000000
91721  19.227  -19.029  43.640 0.0000000000
91743  25.963  -19.651  42.079 0.0000000000
93048  22.367  -19.657  47.915 0.0000000000
93049  22.038  -19.257  47.738 0.0000000000
93062  22.366  -19.139  47.113 0.0000000000
93064  21.337  -18.895  47.151 0.0000000000
93077  28.585  -18.645  45.792 0.0000000000
93078  20.652  -18.595  46.198 0.0000000000
93080  19.202  -18.945  46.394 0.0000000000
93130  27.556  -18.650  44.183 0.0000000000
93142  26.728  -18.834  42.933 0.0000000000
93177  25.936  -17.966  40.715 0.0000000000
94442  28.555  -18.348  45.223 0.0000000000
94453  29.012  -17.874  44.762 0.0000000000
94454  28.370  -18.172  44.532 0.0000000000
94467  27.627  -18.242  44.112 0.0000000000
94479  27.428  -17.944  43.565 0.0000000000
94480  27.029  -18.184  43.193 0.0000000000
94518  25.595  -17.532  40.031 0.0000000000
94524  24.653  -17.700  38.554 0.0000000000
94525  24.560  -18.187  38.975 0.0000000000
94544  24.511  -17.502  36.615 0.0000000000
94545  24.398  -17.974  37.096 0.0000000000
95769  30.933  -17.767  46.610 0.0000000000
95799  28.116  -17.728  44.275 0.0000000000
95808  27.530  -17.419  43.379 0.0000000000
95848  25.554  -16.896  39.512 0.0000000000
97189  30.840  -17.162  46.058 0.0000000000
97201  28.400  -17.120  44.252 0.0000000000
97206  27.711  -16.997  43.612 0.0000000000
97215  27.521  -16.659  43.124 0.0000000000
97225  27.623  -16.306  42.621 0.0000000000
97239  27.422  -16.274  41.274 0.0000000000
97240  26.992  -16.543  41.185 0.0000000000
97251  26.435  -16.755  40.894 0.0000000000
97258  33.812  -16.036  39.056 0.0000000000
97260  32.601  -15.841  39.282 0.0000000000
97262  26.557  -16.073  39.554 0.0000000000
97273  32.789  -15.985  38.558 0.0000000000
97284  35.634  -16.053  37.360 0.0000000000
97306  31.207  -15.880  37.345 0.0000000000
97308  25.135  -16.145  37.228 0.0000000000
98655  34.425  -14.752  42.700 0.0000000000
98662  28.176  -15.961  42.563 0.0000000000
98679  30.037  -14.847  42.233 0.0000000000
98705  30.422  -15.062  39.960 0.0000000000
98706  28.349  -15.402  40.776 0.0000000000
98713  35.822  -14.802  39.275 0.0000000000
98731  26.956  -15.456  39.117 0.0000000000
98739  36.016  -15.597  37.525 0.0000000000
98740  31.096  -15.711  37.948 0.0000000000
98754  28.432  -15.032  37.261 0.0000000000
98756  26.826  -14.917  37.205 0.0000000000
98757  26.087  -15.335  37.442 0.0000000000
98770  29.125  -15.717  35.950 0.0000000000
100098  30.481  -14.534  40.871 0.0000000000
100106  35.536  -14.263  41.504 0.0000000000
100119  29.223  -14.866  40.487 0.0000000000
100127  30.782  -15.043  39.313 0.0000000000
100140  35.990  -14.682  38.513 0.0000000000
100143  28.720  -14.714  39.332 0.0000000000
100144  28.047  -14.870  39.494 0.0000000000
100155  30.008  -14.918  37.929 0.0000000000
100158  27.465  -14.806  38.238 0.0000000000
100166  35.721  -14.988  37.202 0.0000000000
100167  29.679  -14.812  37.531 0.0000000000
100168  27.573  -14.816  37.444 0.0000000000
100202  32.803  -14.848  34.180 0.0000000000
101422  35.724  -13.945  38.566 0.0000000000
101447  35.112  -14.364  36.565 0.0000000000
101488  32.563  -14.156  34.297 0.0000000000
102597  35.481  -13.145  38.953 0.0000000000
102684  31.447  -13.150  33.799 0.0000000000
102690  30.736  -13.616  32.648 0.0000000000
103853  34.675  -12.110  37.745 0.0000000000
105163  33.539  -11.903  37.038 0.0000000000
106408  33.068  -11.302  36.992 0.0000000000
106423  31.957  -10.910  35.162 0.0000000000
107746  32.065  -9.877  35.921 0.0000000000
109116  31.702  -8.889  34.534 0.0000000000
109125  31.593  -9.435  34.325 0.0000000000
109168  30.465  -8.971  31.290 0.0000000000
110449  31.989  -8.162  34.482 0.0000000000
110465  31.234  -8.106  32.853 0.0000000000
110466  30.876  -8.541  32.483 0.0000000000
111733  31.652  -7.464  32.816 0.0000000000
113084  32.221  -6.990  32.870 0.0000000000
113123  33.173  -6.494  29.880 0.0000000000
114349  33.798  -5.729  34.641 0.0000000000
114378  33.823  -5.573  33.983 0.0000000000
114379  33.412  -5.758  32.799 0.0000000000
114410  34.568  -5.803  30.739 0.0000000000
114411  34.091  -5.925  30.855 0.0000000000
115653  34.444  -5.587  32.999 0.0000000000
115663  35.139  -4.728  32.591 0.0000000000
115664  34.691  -5.230  32.310 0.0000000000
115665  33.585  -5.349  32.317 0.0000000000
115679  34.825  -5.496  31.717 0.0000000000
115690  36.412  -5.373  30.633 0.0000000000
115691  35.969  -5.424  30.908 0.0000000000
115692  35.128  -5.867  31.097 0.0000000000
115714  35.858  -5.515  29.529 0.0000000000
115715  35.342  -5.555  29.447 0.0000000000
116902  38.859  -3.815  34.137 0.0000000000
116906  35.852  -4.585  33.966 0.0000000000
116925  36.877  -4.443  33.295 0.0000000000
116926  35.638  -4.376  33.370 0.0000000000
116927  35.037  -4.551  33.175 0.0000000000
116937  40.376  -3.846  32.357 0.0000000000
116939  38.443  -4.258  32.615 0.0000000000
116960  38.928  -4.108  31.688 0.0000000000
116962  37.138  -4.428  32.042 0.0000000000
116963  36.549  -4.849  31.853 0.0000000000
118170  40.194  -3.668  33.384 0.0000000000
118200  43.407  -3.774  31.621 0.0000000000
118201  42.850  -3.669  31.846 0.0000000000
118202  42.050  -3.511  32.053 0.0000000000
118204  38.570  -3.634  31.638 0.0000000000
119377  43.038  -2.953  32.585 0.0000000000
121899  45.032  -0.989  20.021 0.0000000000
123110  45.315  -0.010  18.361 0.0000000000
125668  46.565  1.368  17.568 0.0000000000
126868  45.550  2.053  20.331 0.0000000000
126886  47.312  2.299  17.642 0.0000000000
126888  46.044  1.931  18.304 0.0000000000
128073  45.908  2.795  19.373 0.0000000000
128081  45.507  2.393  19.241 0.0000000000
128097  50.446  2.986  16.852 0.0000000000
128098  49.938  3.004  17.088 0.0000000000
129241  46.546  3.790  19.717 0.0000000000
129248  46.704  3.689  18.905 0.0000000000
129249  46.241  3.356  19.235 0.0000000000
129257  47.716  3.649  17.979 0.0000000000
130385  47.476  4.615  18.703 0.0000000000
131471  47.152  5.042  19.114 0.0000000000
131475  52.326  5.163  18.628 0.0000000000
131479  49.485  5.725  18.619 0.0000000000
131480  48.347  5.381  18.591 0.0000000000
131481  47.692  5.225  18.812 0.0000000000
132612  47.299  6.351  20.120 0.0000000000
132620  52.434  6.288  19.407 0.0000000000
132632  50.035  6.132  18.844 0.0000000000
132634  48.745  5.962  18.849 0.0000000000
132635  48.017  5.738  19.094 0.0000000000
133764  50.252  7.175  19.394 0.0000000000
133765  49.100  6.898  19.613 0.0000000000
133766  47.923  6.622  19.911 0.0000000000
133771  50.517  6.567  19.114 0.0000000000
195001  28.811  -14.880  38.577 0.0000000000
196822  43.848  -3.220  28.095 0.0000000000
200007  28.818  -15.221  36.454 0.0000000000
200921  29.589  -14.837  40.861 0.0000000000
201038  26.767  -16.409  40.374 0.0000000000
201272  15.449  -22.144  45.642 0.0000000000
201571  33.786  -16.840  37.994 0.0000000000
201983  23.576  -20.527  42.871 0.0000000000
203127  27.831  -15.900  41.222 0.0000000000
203395  26.198  -18.534  41.803 0.0000000000
203540  26.751  -17.792  42.617 0.0000000000
203921  25.553  -15.948  38.462 0.0000000000
204732  32.736  -6.893  28.443 0.0000000000
205032  35.502  -13.470  38.574 0.0000000000
205829  45.143  0.904  19.628 0.0000000000
207029  36.314  -4.509  33.557 0.0000000000
208800  36.033  -15.361  38.100 0.0000000000
211547  26.101  -16.942  40.193 0.0000000000
212059  49.575  4.257  17.915 0.0000000000
216156  38.802  -4.046  30.672 0.0000000000
216477  45.122  1.404  19.332 0.0000000000
217916  35.825  -14.222  38.095 0.0000000000
218104  33.193  -15.092  34.526 0.0000000000
218550  48.436  4.501  18.060 0.0000000000
219271  39.340  -4.883  27.792 0.0000000000
221682  36.806  -5.200  30.674 0.0000000000
221994  32.995  -12.742  35.693 0.0000000000
222482  15.727  -23.789  41.907 0.0000000000
222773  31.909  -15.601  39.899 0.0000000000
223184  35.324  -16.206  36.948 0.0000000000
223577  36.065  -12.792  39.890 0.0000000000
223706  34.150  -10.277  38.476 0.0000000000
224097  35.551  -5.748  31.052 0.0000000000
224629  27.126  -19.695  44.206 0.0000000000
224635  34.070  -5.613  33.411 0.0000000000
224908  27.956  -17.269  44.043 0.0000000000
225092  43.734  -3.537  31.722 0.0000000000
225536  38.063  -4.042  31.107 0.0000000000
226344  31.565  -9.929  34.388 0.0000000000
226804  38.510  -3.961  32.107 0.0000000000
227147  35.394  -14.467  36.993 0.0000000000
227165  35.798  -4.397  32.897 0.0000000000
227926  24.106  -21.279  41.856 0.0000000000
228065  46.923  4.875  19.598 0.0000000000
228702  34.918  -5.658  29.719 0.0000000000
229170  19.298  -18.586  49.113 0.0000000000
229413  37.895  -5.913  25.934 0.0000000000
230222  37.956  -4.366  32.679 0.0000000000
230852  49.358  6.730  19.237 0.0000000000
231773  48.855  7.078  20.021 0.0000000000
232038  35.508  -14.090  41.935 0.0000000000
232269  34.313  -13.771  36.291 0.0000000000
232978  25.918  -20.431  42.780 0.0000000000
233620  20.353  -20.671  39.812 0.0000000000
233636  53.139  4.919  18.222 0.0000000000
234756  27.147  -15.112  38.610 0.0000000000
234806  34.238  -14.692  44.029 0.0000000000
235840  16.528  -19.865  47.807 0.0000000000
