#!ascii label  , from subject sub-v2s11x28699_ses-1 vox2ras=TkReg
657
198290  25.811  -3.280  -33.001 0.0000000000
210804  32.993  -1.158  -24.988 0.0000000000
133160  36.352  6.082  -24.337 0.0000000000
133174  31.817  5.137  -24.904 0.0000000000
110146  28.185  -9.060  -30.456 0.0000000000
113982  31.414  -6.996  -28.545 0.0000000000
122614  28.804  -1.255  -30.019 0.0000000000
128714  30.464  2.640  -28.225 0.0000000000
128658  33.827  2.907  -22.790 0.0000000000
225843  37.710  4.559  -27.193 0.0000000000
138755  36.203  9.820  -26.978 0.0000000000
213984  26.701  -6.609  -32.409 0.0000000000
216432  29.654  -8.006  -29.771 0.0000000000
116631  28.650  -5.308  -32.013 0.0000000000
128740  28.755  3.486  -30.655 0.0000000000
132118  29.783  4.839  -28.489 0.0000000000
132041  34.726  5.215  -23.552 0.0000000000
217748  32.863  4.016  -23.458 0.0000000000
130909  35.712  4.459  -21.808 0.0000000000
129827  37.828  3.880  -24.358 0.0000000000
133181  37.629  5.504  -25.594 0.0000000000
139738  33.716  10.521  -26.490 0.0000000000
137680  35.008  9.485  -25.604 0.0000000000
140716  35.225  11.422  -27.837 0.0000000000
122580  31.386  -0.976  -28.117 0.0000000000
119018  31.885  -3.688  -27.578 0.0000000000
120130  33.229  -2.978  -25.392 0.0000000000
134286  35.297  6.467  -24.073 0.0000000000
196796  36.278  -0.293  -22.297 0.0000000000
122664  25.279  -0.665  -33.080 0.0000000000
121447  28.278  -2.223  -32.996 0.0000000000
125133  28.076  0.234  -32.803 0.0000000000
126339  29.632  0.962  -29.885 0.0000000000
125076  31.559  0.598  -27.333 0.0000000000
206486  31.297  4.035  -25.971 0.0000000000
128678  31.720  2.412  -25.500 0.0000000000
126288  33.205  0.523  -23.829 0.0000000000
126267  36.809  1.961  -22.282 0.0000000000
136569  35.376  8.223  -24.575 0.0000000000
135436  36.662  7.845  -25.791 0.0000000000
141748  36.281  12.056  -30.249 0.0000000000
231235  37.224  9.483  -28.931 0.0000000000
135454  37.154  7.486  -27.440 0.0000000000
134355  36.534  6.728  -29.494 0.0000000000
117884  30.238  -4.501  -30.047 0.0000000000
207051  23.889  -2.854  -32.295 0.0000000000
117908  24.750  -4.210  -32.380 0.0000000000
117920  25.993  -4.753  -33.087 0.0000000000
116640  27.535  -5.675  -32.690 0.0000000000
117918  27.675  -4.483  -33.090 0.0000000000
132040  35.268  5.232  -23.494 0.0000000000
130921  35.382  4.733  -23.013 0.0000000000
132038  36.378  5.531  -23.852 0.0000000000
132037  36.884  5.014  -23.908 0.0000000000
133170  37.273  6.199  -25.392 0.0000000000
140718  32.782  10.957  -27.919 0.0000000000
139744  34.167  10.627  -27.643 0.0000000000
141734  33.042  11.427  -28.576 0.0000000000
122564  32.266  -0.881  -26.435 0.0000000000
121370  32.225  -1.977  -26.389 0.0000000000
121353  32.921  -1.885  -25.309 0.0000000000
133154  34.069  5.910  -23.628 0.0000000000
134287  34.833  6.827  -23.819 0.0000000000
112774  26.665  -8.308  -31.587 0.0000000000
110160  26.888  -9.357  -31.062 0.0000000000
108821  27.892  -10.175  -30.080 0.0000000000
108819  28.965  -9.644  -29.288 0.0000000000
112738  30.773  -7.709  -28.843 0.0000000000
209535  31.293  -8.958  -27.828 0.0000000000
123888  26.924  0.320  -34.120 0.0000000000
126380  27.314  1.876  -33.123 0.0000000000
128727  29.801  3.082  -29.187 0.0000000000
127556  29.302  2.196  -30.336 0.0000000000
127535  29.986  2.235  -29.250 0.0000000000
200881  30.941  0.868  -28.273 0.0000000000
127523  30.851  2.080  -27.955 0.0000000000
132092  30.683  5.024  -25.971 0.0000000000
132080  31.120  5.122  -25.677 0.0000000000
129816  33.095  3.399  -23.210 0.0000000000
129830  31.875  3.021  -24.360 0.0000000000
127491  32.346  2.389  -24.209 0.0000000000
127496  32.547  1.403  -24.309 0.0000000000
127489  33.338  1.427  -23.034 0.0000000000
125035  35.354  0.930  -22.604 0.0000000000
127469  35.505  2.090  -22.357 0.0000000000
222580  37.944  4.105  -25.443 0.0000000000
128671  38.039  2.888  -25.062 0.0000000000
138749  35.152  9.572  -26.304 0.0000000000
137679  35.280  9.060  -25.185 0.0000000000
136581  35.838  8.643  -25.714 0.0000000000
136574  36.146  8.097  -25.486 0.0000000000
137695  36.458  9.266  -26.747 0.0000000000
136594  37.228  8.665  -27.949 0.0000000000
136610  37.327  8.229  -29.171 0.0000000000
135461  37.014  7.396  -28.119 0.0000000000
121431  28.813  -1.569  -31.487 0.0000000000
119071  28.895  -3.353  -31.957 0.0000000000
120211  29.447  -2.730  -30.203 0.0000000000
117822  32.524  -4.234  -26.693 0.0000000000
116572  32.177  -4.905  -27.683 0.0000000000
114048  25.315  -6.723  -32.020 0.0000000000
114033  26.931  -7.779  -31.862 0.0000000000
111431  28.506  -8.434  -30.565 0.0000000000
114031  28.423  -7.124  -31.504 0.0000000000
114044  28.844  -6.404  -31.484 0.0000000000
115307  30.044  -6.256  -29.885 0.0000000000
131021  27.955  4.744  -30.931 0.0000000000
129886  29.542  4.406  -29.564 0.0000000000
129855  30.219  3.964  -28.322 0.0000000000
132052  32.987  4.874  -23.969 0.0000000000
132066  31.843  4.588  -24.736 0.0000000000
130936  33.303  4.618  -23.479 0.0000000000
130923  33.897  4.276  -23.019 0.0000000000
235552  34.972  3.912  -22.428 0.0000000000
226880  36.652  3.213  -21.730 0.0000000000
130918  36.866  4.376  -23.335 0.0000000000
130934  37.751  4.465  -24.837 0.0000000000
132077  37.773  4.960  -26.147 0.0000000000
139723  33.915  10.167  -25.209 0.0000000000
138750  34.657  9.907  -25.845 0.0000000000
209765  34.767  9.985  -26.599 0.0000000000
139742  35.879  11.228  -27.311 0.0000000000
216371  30.081  -1.223  -29.663 0.0000000000
120180  30.629  -2.708  -29.039 0.0000000000
120164  31.074  -2.423  -27.905 0.0000000000
120146  32.198  -3.055  -26.533 0.0000000000
133173  32.066  5.368  -24.532 0.0000000000
133161  33.504  5.554  -23.677 0.0000000000
133153  34.731  5.813  -23.748 0.0000000000
221820  35.839  6.385  -24.324 0.0000000000
110113  30.386  -9.366  -28.362 0.0000000000
122534  34.292  -0.993  -22.822 0.0000000000
121327  34.199  -1.601  -23.415 0.0000000000
121458  25.314  -2.094  -33.187 0.0000000000
120253  27.144  -3.211  -33.481 0.0000000000
122657  26.538  -1.402  -33.658 0.0000000000
122655  27.919  -1.032  -33.250 0.0000000000
123873  27.806  -0.578  -31.610 0.0000000000
127574  28.169  2.295  -32.685 0.0000000000
125118  29.066  0.362  -30.957 0.0000000000
123837  28.905  -0.600  -30.887 0.0000000000
125087  30.679  -0.189  -28.917 0.0000000000
216901  31.500  0.086  -27.794 0.0000000000
123787  32.200  -0.114  -26.535 0.0000000000
130964  30.350  4.581  -27.313 0.0000000000
129849  30.802  3.519  -27.138 0.0000000000
129836  31.555  3.777  -25.491 0.0000000000
129842  31.361  3.436  -26.017 0.0000000000
128684  31.112  2.516  -26.543 0.0000000000
127510  31.776  1.605  -26.237 0.0000000000
126295  32.311  0.803  -25.763 0.0000000000
125049  33.148  0.115  -24.256 0.0000000000
125043  34.215  0.043  -23.120 0.0000000000
125040  36.521  0.436  -22.359 0.0000000000
128657  37.362  2.545  -22.537 0.0000000000
135423  35.440  7.570  -24.455 0.0000000000
135422  36.159  7.320  -24.594 0.0000000000
224281  36.577  6.938  -24.901 0.0000000000
140728  35.763  11.799  -28.979 0.0000000000
205508  36.307  11.425  -27.919 0.0000000000
140726  36.957  11.420  -29.652 0.0000000000
139747  36.459  10.667  -28.063 0.0000000000
137694  36.873  8.978  -26.982 0.0000000000
135435  37.013  7.933  -26.215 0.0000000000
134308  36.967  6.854  -25.322 0.0000000000
221982  37.285  6.816  -26.466 0.0000000000
133196  37.081  6.151  -27.723 0.0000000000
132103  37.238  5.430  -27.971 0.0000000000
119083  28.389  -3.690  -32.568 0.0000000000
117895  29.383  -4.353  -31.315 0.0000000000
115305  30.843  -5.819  -29.080 0.0000000000
208834  31.008  -3.912  -28.555 0.0000000000
116593  30.907  -5.173  -28.810 0.0000000000
120255  24.997  -2.748  -32.905 0.0000000000
119085  24.835  -3.460  -32.589 0.0000000000
119098  25.726  -4.021  -32.890 0.0000000000
117921  25.359  -4.647  -32.603 0.0000000000
200327  26.459  -4.347  -33.505 0.0000000000
117919  26.493  -4.795  -33.304 0.0000000000
119097  26.434  -3.694  -33.602 0.0000000000
133152  35.845  5.948  -24.004 0.0000000000
132039  35.819  5.339  -23.519 0.0000000000
132049  36.853  5.623  -24.390 0.0000000000
133159  36.831  6.298  -24.826 0.0000000000
202046  33.410  11.044  -28.264 0.0000000000
122551  32.476  -0.993  -25.741 0.0000000000
210803  32.388  -1.479  -26.193 0.0000000000
210646  32.654  -1.499  -25.636 0.0000000000
111439  27.180  -8.738  -31.164 0.0000000000
111440  26.461  -8.767  -31.118 0.0000000000
229586  27.522  -9.351  -30.829 0.0000000000
110147  27.459  -9.933  -30.539 0.0000000000
207545  28.026  -9.696  -30.405 0.0000000000
108820  28.410  -9.991  -29.612 0.0000000000
110132  28.503  -9.420  -29.863 0.0000000000
112717  31.314  -7.591  -28.433 0.0000000000
111391  31.262  -8.236  -28.015 0.0000000000
112716  31.751  -7.768  -27.773 0.0000000000
112692  32.324  -7.986  -27.100 0.0000000000
125143  26.018  1.245  -33.536 0.0000000000
127583  26.621  1.550  -32.426 0.0000000000
128715  30.115  2.791  -28.678 0.0000000000
127534  30.424  2.103  -28.626 0.0000000000
132079  31.415  4.922  -25.030 0.0000000000
128659  33.273  2.977  -23.135 0.0000000000
128666  32.783  2.606  -23.650 0.0000000000
127483  33.364  2.215  -23.331 0.0000000000
127490  32.794  1.841  -23.785 0.0000000000
127482  33.993  1.966  -22.707 0.0000000000
127481  34.954  1.524  -22.612 0.0000000000
127470  34.716  2.157  -22.578 0.0000000000
130962  37.861  4.484  -26.643 0.0000000000
217943  38.007  3.809  -25.937 0.0000000000
137696  35.847  9.436  -26.512 0.0000000000
137687  35.541  9.182  -25.948 0.0000000000
137686  36.219  9.003  -26.222 0.0000000000
137712  37.900  8.566  -30.238 0.0000000000
135484  37.688  8.012  -30.074 0.0000000000
135473  37.389  7.844  -29.503 0.0000000000
120226  29.171  -1.989  -30.719 0.0000000000
121416  29.366  -2.055  -30.104 0.0000000000
213859  33.419  -4.765  -26.099 0.0000000000
116535  32.943  -4.749  -26.592 0.0000000000
115340  25.929  -5.799  -32.503 0.0000000000
115334  25.234  -6.065  -32.266 0.0000000000
115333  25.996  -6.366  -32.307 0.0000000000
114047  26.107  -6.987  -32.080 0.0000000000
114046  26.810  -7.248  -32.165 0.0000000000
114032  27.593  -7.347  -31.864 0.0000000000
204770  27.365  -6.722  -32.328 0.0000000000
116639  28.112  -5.466  -32.586 0.0000000000
213131  28.902  -5.717  -31.622 0.0000000000
212473  29.267  -6.417  -30.837 0.0000000000
115321  29.288  -5.730  -31.003 0.0000000000
132119  29.610  5.356  -28.873 0.0000000000
131001  29.208  4.982  -29.603 0.0000000000
130985  29.596  4.928  -29.177 0.0000000000
130984  29.933  4.308  -28.817 0.0000000000
132051  33.607  4.790  -23.519 0.0000000000
132042  34.150  4.906  -23.431 0.0000000000
130922  34.773  4.775  -23.268 0.0000000000
130910  35.392  4.520  -22.799 0.0000000000
217952  34.655  4.297  -22.904 0.0000000000
218354  36.191  3.992  -21.803 0.0000000000
130908  36.305  4.374  -21.991 0.0000000000
132048  37.336  5.069  -24.526 0.0000000000
233220  37.573  5.086  -25.084 0.0000000000
132063  37.804  4.749  -25.526 0.0000000000
132078  37.411  5.555  -26.326 0.0000000000
139732  33.776  10.563  -25.850 0.0000000000
138744  34.089  10.153  -25.631 0.0000000000
138751  34.176  10.192  -26.260 0.0000000000
197586  34.172  10.956  -28.214 0.0000000000
139737  34.232  10.229  -27.052 0.0000000000
139743  35.223  10.987  -27.449 0.0000000000
139736  35.209  10.402  -27.115 0.0000000000
140715  35.940  11.862  -27.675 0.0000000000
122594  31.067  -1.310  -28.602 0.0000000000
230706  30.871  -2.103  -28.619 0.0000000000
121387  31.249  -1.683  -28.041 0.0000000000
120131  32.330  -2.483  -26.184 0.0000000000
120147  31.785  -2.416  -26.765 0.0000000000
120145  32.728  -3.021  -25.998 0.0000000000
118990  33.155  -3.592  -25.799 0.0000000000
134309  32.115  5.861  -24.588 0.0000000000
133172  32.853  5.563  -23.910 0.0000000000
221521  34.910  6.274  -23.825 0.0000000000
206100  35.285  5.827  -23.857 0.0000000000
111430  29.185  -8.123  -30.223 0.0000000000
110131  29.168  -9.067  -29.493 0.0000000000
110130  29.788  -8.782  -29.089 0.0000000000
108781  31.783  -9.854  -27.144 0.0000000000
198428  35.032  -0.949  -22.326 0.0000000000
121448  24.788  -1.346  -32.525 0.0000000000
201051  25.679  -1.446  -33.440 0.0000000000
121457  26.180  -2.086  -33.653 0.0000000000
122663  26.196  -0.667  -33.618 0.0000000000
125141  27.446  0.678  -33.813 0.0000000000
122661  27.375  -0.572  -33.499 0.0000000000
123884  27.682  -0.186  -33.406 0.0000000000
230276  27.893  -0.866  -32.033 0.0000000000
223471  27.509  3.712  -32.744 0.0000000000
127575  27.633  2.745  -32.965 0.0000000000
235800  28.350  2.435  -32.181 0.0000000000
126348  29.609  1.539  -30.226 0.0000000000
126359  29.271  1.545  -31.022 0.0000000000
203185  29.467  0.969  -30.562 0.0000000000
125097  29.601  0.189  -29.885 0.0000000000
123823  29.620  -0.513  -29.469 0.0000000000
125096  30.331  0.116  -29.459 0.0000000000
125077  31.357  0.708  -27.910 0.0000000000
125086  31.128  0.165  -28.365 0.0000000000
123788  31.678  -0.046  -27.150 0.0000000000
125067  31.876  0.530  -26.770 0.0000000000
130957  30.931  4.595  -25.973 0.0000000000
130963  30.590  4.656  -26.652 0.0000000000
130969  30.556  4.241  -27.246 0.0000000000
129843  30.898  3.938  -26.488 0.0000000000
130947  31.928  4.211  -24.391 0.0000000000
130948  31.508  4.204  -24.887 0.0000000000
217675  32.172  3.733  -23.968 0.0000000000
128672  32.068  2.494  -24.947 0.0000000000
129835  31.693  3.042  -25.293 0.0000000000
128679  31.420  2.774  -26.005 0.0000000000
129848  31.148  3.176  -26.560 0.0000000000
127511  31.400  1.937  -26.731 0.0000000000
127504  31.507  2.193  -26.074 0.0000000000
127495  33.053  1.092  -23.780 0.0000000000
127502  32.308  1.230  -25.085 0.0000000000
126289  32.869  0.723  -24.547 0.0000000000
125056  32.838  0.137  -24.999 0.0000000000
125048  33.578  0.074  -23.612 0.0000000000
126275  36.329  1.451  -22.439 0.0000000000
126281  36.130  0.902  -22.480 0.0000000000
126274  36.803  1.200  -22.089 0.0000000000
125034  36.931  0.536  -22.702 0.0000000000
126273  37.077  1.181  -22.717 0.0000000000
128644  37.077  3.151  -21.955 0.0000000000
128645  37.268  2.648  -21.569 0.0000000000
211325  37.294  3.196  -23.257 0.0000000000
235630  34.837  9.508  -25.086 0.0000000000
136575  35.602  8.433  -25.067 0.0000000000
205344  35.055  8.667  -24.784 0.0000000000
134300  35.006  7.166  -24.180 0.0000000000
135430  35.876  7.852  -24.881 0.0000000000
135429  36.527  7.480  -25.235 0.0000000000
141749  35.469  12.067  -30.142 0.0000000000
140733  36.060  11.823  -29.548 0.0000000000
140720  36.076  12.114  -28.411 0.0000000000
138775  37.467  10.150  -30.260 0.0000000000
139751  37.243  10.993  -29.847 0.0000000000
139749  36.755  10.964  -29.283 0.0000000000
138764  36.725  10.354  -28.796 0.0000000000
138760  36.885  9.768  -28.066 0.0000000000
137701  36.653  9.486  -27.349 0.0000000000
137700  37.073  9.102  -27.635 0.0000000000
214605  37.002  8.033  -27.675 0.0000000000
136588  37.053  8.557  -27.271 0.0000000000
135444  37.097  7.882  -26.893 0.0000000000
135428  37.014  7.373  -25.790 0.0000000000
210708  37.244  7.343  -26.323 0.0000000000
134317  37.247  6.717  -25.894 0.0000000000
134326  37.255  7.174  -26.926 0.0000000000
134354  36.622  7.069  -28.775 0.0000000000
134339  36.907  6.629  -28.251 0.0000000000
212479  37.033  5.924  -28.434 0.0000000000
120252  27.871  -2.583  -33.676 0.0000000000
119084  27.979  -3.338  -33.360 0.0000000000
119072  28.427  -3.109  -32.533 0.0000000000
202600  29.711  -3.901  -30.909 0.0000000000
117886  29.426  -3.621  -31.410 0.0000000000
117885  29.853  -4.422  -30.635 0.0000000000
116622  30.107  -5.022  -30.434 0.0000000000
116613  30.460  -5.109  -29.929 0.0000000000
120179  31.015  -2.876  -28.486 0.0000000000
119049  30.462  -3.147  -29.447 0.0000000000
119035  31.523  -3.748  -28.125 0.0000000000
116553  32.549  -5.387  -27.365 0.0000000000
229885  31.707  -4.766  -28.029 0.0000000000
115270  32.408  -5.959  -27.539 0.0000000000
115288  31.168  -5.762  -28.327 0.0000000000
115341  25.445  -5.307  -32.533 0.0000000000
116652  26.318  -5.300  -32.887 0.0000000000
115332  27.184  -6.158  -32.664 0.0000000000
116641  27.006  -5.528  -32.815 0.0000000000
116651  27.478  -5.093  -32.934 0.0000000000
116650  28.034  -4.885  -32.769 0.0000000000
130920  35.733  4.608  -22.717 0.0000000000
130919  36.275  4.866  -23.220 0.0000000000
132064  37.268  5.634  -24.958 0.0000000000
140711  32.794  10.952  -27.413 0.0000000000
140710  33.391  10.741  -27.029 0.0000000000
140717  33.403  10.834  -27.745 0.0000000000
140723  33.992  11.351  -28.871 0.0000000000
122579  31.570  -1.252  -27.514 0.0000000000
121386  31.478  -1.990  -27.397 0.0000000000
121371  32.031  -1.530  -26.883 0.0000000000
121354  32.549  -1.969  -25.890 0.0000000000
198625  32.823  -2.455  -25.637 0.0000000000
112776  25.218  -7.673  -31.433 0.0000000000
200126  24.903  -8.136  -30.879 0.0000000000
112775  25.790  -8.331  -31.339 0.0000000000
111441  25.848  -8.825  -30.932 0.0000000000
107439  28.179  -10.582  -29.512 0.0000000000
107421  29.121  -10.864  -28.456 0.0000000000
215891  29.562  -10.352  -28.489 0.0000000000
112740  29.984  -7.655  -29.520 0.0000000000
111405  30.381  -8.291  -28.816 0.0000000000
111404  30.859  -8.044  -28.436 0.0000000000
123889  25.853  0.124  -33.509 0.0000000000
125150  26.519  0.860  -33.932 0.0000000000
235706  27.013  1.202  -34.205 0.0000000000
126379  27.406  1.193  -33.308 0.0000000000
128739  29.223  3.089  -30.284 0.0000000000
127566  28.654  2.603  -31.235 0.0000000000
128738  29.599  2.686  -29.758 0.0000000000
127555  29.651  2.033  -29.800 0.0000000000
126347  29.729  1.532  -29.496 0.0000000000
126338  30.052  0.821  -29.402 0.0000000000
126327  30.301  1.470  -29.060 0.0000000000
126316  31.089  1.317  -27.916 0.0000000000
126315  31.401  1.107  -27.507 0.0000000000
130956  31.074  4.432  -25.330 0.0000000000
129829  32.500  3.122  -23.848 0.0000000000
234758  32.003  2.176  -25.199 0.0000000000
233804  32.453  1.852  -24.243 0.0000000000
126283  33.749  0.665  -23.331 0.0000000000
127488  34.216  1.109  -22.774 0.0000000000
127480  35.736  1.623  -22.452 0.0000000000
129834  37.985  3.843  -24.930 0.0000000000
221551  38.022  3.339  -24.690 0.0000000000
129841  38.063  3.426  -25.421 0.0000000000
136580  36.592  8.465  -26.046 0.0000000000
137713  37.475  9.364  -29.881 0.0000000000
136618  37.448  8.745  -29.458 0.0000000000
136603  37.030  8.122  -28.433 0.0000000000
200744  36.964  7.819  -28.930 0.0000000000
135474  36.629  7.356  -29.229 0.0000000000
121446  28.409  -1.888  -32.149 0.0000000000
226917  28.684  -2.850  -31.910 0.0000000000
120227  28.769  -2.319  -31.617 0.0000000000
120212  29.264  -2.881  -31.278 0.0000000000
119062  29.696  -3.392  -30.711 0.0000000000
117837  31.848  -4.285  -27.852 0.0000000000
213716  32.494  -4.811  -27.051 0.0000000000
116552  32.811  -5.230  -26.891 0.0000000000
114034  24.709  -7.140  -31.661 0.0000000000
228161  25.534  -7.214  -31.753 0.0000000000
112782  26.141  -7.712  -31.866 0.0000000000
112773  27.504  -8.086  -31.436 0.0000000000
111438  27.888  -8.695  -31.039 0.0000000000
111437  28.218  -8.044  -31.003 0.0000000000
112764  28.801  -7.965  -30.725 0.0000000000
112772  28.647  -7.557  -31.046 0.0000000000
114045  28.073  -6.622  -31.956 0.0000000000
114030  29.049  -7.016  -31.022 0.0000000000
112754  29.614  -7.544  -30.032 0.0000000000
114024  29.579  -6.859  -30.383 0.0000000000
114014  29.999  -6.997  -29.643 0.0000000000
114013  30.620  -6.511  -29.323 0.0000000000
129904  28.094  4.427  -30.948 0.0000000000
131014  28.394  4.892  -30.458 0.0000000000
129895  29.157  3.960  -30.100 0.0000000000
128728  29.553  3.535  -29.695 0.0000000000
129870  29.999  3.532  -28.715 0.0000000000
128697  30.251  3.282  -28.196 0.0000000000
132065  32.191  4.886  -24.358 0.0000000000
130937  32.676  4.350  -24.017 0.0000000000
129815  34.066  3.571  -22.913 0.0000000000
129803  34.119  2.932  -22.846 0.0000000000
128647  35.172  2.716  -22.321 0.0000000000
129802  34.986  3.218  -22.414 0.0000000000
225492  36.710  3.753  -21.911 0.0000000000
129828  37.400  3.836  -23.682 0.0000000000
130935  37.503  4.497  -24.064 0.0000000000
132090  37.588  5.026  -26.824 0.0000000000
138756  35.480  9.890  -26.816 0.0000000000
139735  35.886  10.386  -27.259 0.0000000000
121405  29.674  -1.722  -30.010 0.0000000000
120195  29.588  -2.506  -29.609 0.0000000000
121404  30.237  -1.900  -29.672 0.0000000000
119019  31.532  -3.114  -27.949 0.0000000000
120163  31.464  -2.613  -27.395 0.0000000000
119004  32.168  -3.669  -26.909 0.0000000000
133162  32.886  5.212  -24.047 0.0000000000
132050  34.262  5.439  -23.617 0.0000000000
110115  29.448  -9.312  -29.056 0.0000000000
110097  30.801  -9.323  -27.974 0.0000000000
122540  33.723  -0.970  -23.546 0.0000000000
210644  33.548  -1.370  -24.157 0.0000000000
120254  25.877  -2.675  -33.432 0.0000000000
231613  26.360  -3.109  -33.588 0.0000000000
199005  26.776  -2.612  -33.569 0.0000000000
121456  27.144  -1.972  -33.582 0.0000000000
121455  28.036  -1.765  -33.492 0.0000000000
122662  26.923  -0.559  -33.649 0.0000000000
122656  27.347  -1.263  -33.514 0.0000000000
122644  28.284  -1.375  -32.799 0.0000000000
122643  27.935  -1.015  -31.606 0.0000000000
225417  28.066  -0.716  -30.790 0.0000000000
127576  27.186  2.943  -33.212 0.0000000000
126378  27.937  1.758  -32.764 0.0000000000
125140  27.963  0.995  -32.934 0.0000000000
127567  28.602  1.837  -31.809 0.0000000000
126360  28.893  1.019  -31.650 0.0000000000
125132  28.303  0.865  -32.274 0.0000000000
125119  28.312  0.192  -31.734 0.0000000000
123854  28.239  -0.381  -30.680 0.0000000000
230285  28.420  -0.943  -29.808 0.0000000000
123809  30.651  -0.907  -29.001 0.0000000000
123808  31.120  -0.613  -28.542 0.0000000000
208263  30.597  0.673  -28.858 0.0000000000
123798  31.404  -0.383  -28.133 0.0000000000
211928  31.556  -0.563  -27.625 0.0000000000
122565  31.826  -0.736  -27.016 0.0000000000
123778  32.626  -0.466  -25.339 0.0000000000
132104  30.000  4.548  -27.767 0.0000000000
130970  30.177  4.401  -27.966 0.0000000000
129854  30.509  3.812  -27.798 0.0000000000
128696  30.723  2.968  -27.671 0.0000000000
214738  31.686  3.580  -24.637 0.0000000000
128685  30.960  2.913  -27.024 0.0000000000
128695  31.060  2.353  -27.233 0.0000000000
127522  31.286  1.680  -27.404 0.0000000000
126305  31.629  1.215  -26.907 0.0000000000
127503  31.958  1.859  -25.538 0.0000000000
200352  32.127  1.316  -25.823 0.0000000000
126304  32.074  1.012  -26.335 0.0000000000
125066  32.250  0.488  -26.280 0.0000000000
125057  32.452  0.145  -25.750 0.0000000000
123769  33.062  -0.420  -24.627 0.0000000000
123768  33.411  -0.434  -23.798 0.0000000000
123762  34.678  -0.450  -22.770 0.0000000000
123761  35.404  -0.459  -22.477 0.0000000000
126282  34.452  0.541  -22.813 0.0000000000
125041  35.764  0.232  -22.388 0.0000000000
222629  36.927  0.042  -22.448 0.0000000000
128646  36.078  2.800  -22.285 0.0000000000
127467  36.797  2.522  -22.167 0.0000000000
128665  37.569  2.590  -23.742 0.0000000000
127478  37.324  1.876  -23.304 0.0000000000
134299  35.642  6.934  -24.334 0.0000000000
134298  36.267  6.668  -24.543 0.0000000000
141740  34.074  11.653  -29.544 0.0000000000
227237  35.008  11.700  -29.159 0.0000000000
140722  35.161  11.585  -28.438 0.0000000000
141724  35.995  12.220  -27.766 0.0000000000
212658  36.136  11.666  -27.697 0.0000000000
139741  36.175  10.888  -27.451 0.0000000000
140732  36.755  11.756  -29.853 0.0000000000
224664  36.323  11.218  -28.665 0.0000000000
138761  36.381  10.180  -27.538 0.0000000000
137685  36.736  8.905  -26.453 0.0000000000
136579  36.954  8.498  -26.600 0.0000000000
133182  37.376  6.051  -25.886 0.0000000000
134332  37.126  6.890  -27.582 0.0000000000
133188  37.178  6.476  -27.022 0.0000000000
132091  37.286  5.671  -27.114 0.0000000000
132102  37.453  4.938  -27.537 0.0000000000
234979  36.724  6.173  -29.387 0.0000000000
133221  37.028  5.794  -29.041 0.0000000000
132117  37.253  5.279  -28.660 0.0000000000
130983  37.461  4.774  -28.265 0.0000000000
199223  27.241  -3.980  -33.608 0.0000000000
119096  27.939  -3.968  -33.083 0.0000000000
117907  28.340  -4.366  -32.559 0.0000000000
198782  28.908  -3.988  -31.956 0.0000000000
116630  29.130  -5.119  -31.461 0.0000000000
216925  29.802  -5.478  -30.604 0.0000000000
115315  30.220  -5.610  -30.239 0.0000000000
213606  31.177  -6.489  -28.812 0.0000000000
120194  30.383  -2.579  -29.602 0.0000000000
119050  30.009  -3.221  -29.886 0.0000000000
117871  30.501  -3.842  -29.678 0.0000000000
117854  31.372  -4.361  -28.264 0.0000000000
117855  30.954  -4.544  -28.687 0.0000000000
230444  30.803  -4.730  -29.230 0.0000000000
116612  30.718  -5.167  -29.444 0.0000000000
113999  31.584  -6.496  -28.262 0.0000000000
210421  31.810  -7.139  -28.133 0.0000000000
121337  33.787  -1.874  -24.126 0.0000000000
225696  33.694  -2.253  -24.493 0.0000000000
107422  28.470  -10.979  -28.897 0.0000000000
108782  31.180  -9.700  -27.559 0.0000000000
108799  30.014  -9.873  -28.447 0.0000000000
108800  29.424  -9.775  -28.771 0.0000000000
108801  28.863  -10.307  -28.988 0.0000000000
110098  30.676  -8.679  -28.199 0.0000000000
110114  29.893  -9.327  -28.714 0.0000000000
111406  29.943  -8.178  -29.347 0.0000000000
111419  29.419  -8.472  -29.637 0.0000000000
111420  28.844  -8.771  -30.046 0.0000000000
112739  30.295  -7.830  -29.133 0.0000000000
112763  29.197  -7.536  -30.608 0.0000000000
114000  31.003  -7.106  -28.868 0.0000000000
114001  30.361  -7.260  -29.120 0.0000000000
115271  31.863  -5.936  -27.946 0.0000000000
115306  30.551  -5.726  -29.706 0.0000000000
115316  29.706  -6.060  -30.488 0.0000000000
115330  28.420  -5.953  -32.045 0.0000000000
115331  27.787  -6.118  -32.431 0.0000000000
115339  26.565  -5.977  -32.623 0.0000000000
116573  31.750  -5.308  -28.014 0.0000000000
116592  31.238  -4.982  -28.298 0.0000000000
116623  29.547  -4.995  -30.848 0.0000000000
117795  33.884  -4.817  -25.542 0.0000000000
117836  32.218  -4.260  -27.312 0.0000000000
117856  30.738  -3.422  -28.937 0.0000000000
117870  30.752  -4.179  -29.141 0.0000000000
117872  29.955  -3.882  -30.269 0.0000000000
119003  32.622  -3.627  -26.346 0.0000000000
119005  31.727  -3.104  -27.119 0.0000000000
119036  31.250  -3.370  -28.446 0.0000000000
120112  33.238  -2.390  -25.008 0.0000000000
120241  28.424  -2.571  -32.335 0.0000000000
120242  28.213  -2.812  -33.114 0.0000000000
121338  33.324  -1.830  -24.666 0.0000000000
122541  33.321  -0.863  -24.163 0.0000000000
122595  30.546  -1.602  -29.067 0.0000000000
122606  29.301  -1.172  -30.816 0.0000000000
122626  28.658  -1.162  -30.817 0.0000000000
123763  34.017  -0.461  -23.325 0.0000000000
123779  32.389  -0.458  -25.974 0.0000000000
123822  30.428  -0.531  -29.463 0.0000000000
123853  28.318  -0.659  -30.072 0.0000000000
123874  28.135  -0.638  -32.811 0.0000000000
123887  27.249  0.249  -34.178 0.0000000000
125042  34.918  0.127  -22.604 0.0000000000
125107  29.023  0.424  -29.941 0.0000000000
125142  27.214  1.363  -34.202 0.0000000000
125149  27.143  0.910  -34.433 0.0000000000
126294  32.502  0.597  -25.213 0.0000000000
126326  30.723  1.436  -28.469 0.0000000000
126371  28.310  1.480  -32.334 0.0000000000
127468  36.202  2.178  -22.374 0.0000000000
127497  32.211  1.906  -24.765 0.0000000000
127582  27.248  1.519  -32.817 0.0000000000
128648  34.174  2.821  -22.630 0.0000000000
128748  28.101  3.622  -31.468 0.0000000000
128757  27.867  3.055  -32.670 0.0000000000
129801  35.912  4.098  -22.277 0.0000000000
129814  37.149  3.931  -22.555 0.0000000000
129896  28.538  4.206  -30.520 0.0000000000
130955  37.932  4.343  -26.034 0.0000000000
131013  28.960  4.716  -30.005 0.0000000000
132136  29.167  5.199  -29.350 0.0000000000
136617  37.627  8.196  -29.751 0.0000000000
137705  37.204  9.165  -28.225 0.0000000000
138769  37.037  10.177  -29.558 0.0000000000
140714  36.108  12.134  -27.857 0.0000000000
140721  35.876  12.118  -28.350 0.0000000000
140727  36.401  11.534  -29.276 0.0000000000
141725  35.854  12.254  -27.908 0.0000000000
200351  28.928  -0.300  -30.580 0.0000000000
203660  37.758  3.260  -24.059 0.0000000000
205428  27.126  -9.797  -30.893 0.0000000000
205748  30.675  -4.609  -29.607 0.0000000000
208195  36.759  6.387  -28.899 0.0000000000
213942  28.413  -4.939  -32.393 0.0000000000
215320  30.202  -8.868  -28.593 0.0000000000
216114  37.293  8.755  -28.671 0.0000000000
216137  26.978  -4.604  -33.350 0.0000000000
216274  28.124  5.111  -30.448 0.0000000000
216479  28.860  -4.670  -31.979 0.0000000000
216576  36.732  7.538  -28.668 0.0000000000
217186  32.248  -5.498  -27.787 0.0000000000
217926  36.057  12.202  -27.832 0.0000000000
218473  28.106  -7.656  -31.412 0.0000000000
219102  26.682  1.328  -33.681 0.0000000000
220199  35.800  3.371  -22.004 0.0000000000
222176  26.862  -5.065  -33.095 0.0000000000
224076  35.381  11.870  -29.592 0.0000000000
228447  37.300  6.212  -26.427 0.0000000000
228964  29.827  3.827  -29.227 0.0000000000
230103  30.546  -2.166  -29.213 0.0000000000
230342  29.275  0.970  -31.089 0.0000000000
235699  28.180  -9.822  -29.990 0.0000000000
