#!ascii label  , from subject sub-v2s11x28686_ses-1 vox2ras=TkReg
1415
82078  26.208  -38.913  46.846 0.0000000000
117438  45.761  -17.367  27.509 0.0000000000
117436  56.067  -17.312  27.104 0.0000000000
106070  48.638  -23.942  35.630 0.0000000000
86187  35.093  -37.013  41.596 0.0000000000
238928  31.756  -38.462  45.387 0.0000000000
121191  51.029  -15.143  27.939 0.0000000000
121100  50.353  -15.279  32.238 0.0000000000
101106  45.272  -27.604  39.166 0.0000000000
87451  40.226  -35.210  41.468 0.0000000000
233950  61.219  -12.991  18.822 0.0000000000
122393  57.485  -14.337  25.306 0.0000000000
109692  44.521  -22.432  33.575 0.0000000000
118566  45.718  -16.437  34.580 0.0000000000
223205  30.403  -36.329  44.300 0.0000000000
84767  28.439  -37.159  45.528 0.0000000000
119949  48.590  -16.010  27.894 0.0000000000
121140  50.601  -14.397  29.934 0.0000000000
121143  48.178  -14.704  29.968 0.0000000000
92721  45.839  -32.406  36.108 0.0000000000
83473  36.858  -37.865  43.641 0.0000000000
88701  37.114  -34.619  42.407 0.0000000000
83499  38.481  -38.168  40.892 0.0000000000
126067  60.183  -11.413  21.101 0.0000000000
118781  60.991  -16.250  19.167 0.0000000000
123670  60.009  -13.331  22.467 0.0000000000
121215  53.993  -15.066  25.906 0.0000000000
121234  54.035  -14.670  24.438 0.0000000000
119976  56.427  -15.618  26.117 0.0000000000
116089  57.842  -18.311  23.207 0.0000000000
113417  56.530  -19.219  24.385 0.0000000000
103574  47.075  -25.582  37.497 0.0000000000
106045  44.327  -24.482  37.071 0.0000000000
109624  46.132  -22.138  36.694 0.0000000000
224708  45.055  -19.917  34.038 0.0000000000
113219  47.415  -19.937  37.182 0.0000000000
115876  48.252  -18.128  35.602 0.0000000000
109659  50.480  -22.414  34.625 0.0000000000
86103  33.611  -36.705  44.635 0.0000000000
118700  51.592  -16.792  25.939 0.0000000000
119921  53.842  -15.933  28.128 0.0000000000
118619  53.251  -16.765  29.706 0.0000000000
117351  52.120  -17.348  30.314 0.0000000000
229872  43.073  -31.935  39.926 0.0000000000
233982  45.497  -30.341  38.515 0.0000000000
224265  46.297  -28.657  36.500 0.0000000000
101178  49.006  -27.558  34.202 0.0000000000
103639  50.553  -26.359  32.819 0.0000000000
92628  40.625  -32.320  41.046 0.0000000000
88720  42.359  -34.965  39.640 0.0000000000
121333  60.852  -14.567  16.761 0.0000000000
124843  57.781  -12.764  23.229 0.0000000000
229646  59.678  -16.543  23.122 0.0000000000
113524  57.417  -19.427  20.312 0.0000000000
121129  45.264  -15.979  31.041 0.0000000000
122274  47.708  -14.748  33.795 0.0000000000
117314  48.821  -16.869  33.159 0.0000000000
80822  26.529  -39.152  46.490 0.0000000000
83440  26.945  -38.137  47.002 0.0000000000
82097  27.239  -38.394  45.135 0.0000000000
118674  46.898  -16.934  27.862 0.0000000000
121178  48.103  -15.560  29.052 0.0000000000
119926  47.009  -16.208  28.854 0.0000000000
83492  37.910  -38.314  42.027 0.0000000000
263060  58.810  -11.289  21.322 0.0000000000
124867  60.177  -12.296  21.852 0.0000000000
126045  59.019  -11.763  22.337 0.0000000000
119940  54.533  -16.695  26.552 0.0000000000
121204  54.943  -15.458  26.587 0.0000000000
117447  56.036  -16.583  26.862 0.0000000000
260821  56.743  -18.056  25.470 0.0000000000
104845  47.961  -24.955  36.219 0.0000000000
106016  46.694  -23.909  37.948 0.0000000000
108421  47.486  -22.746  37.433 0.0000000000
110846  46.834  -21.295  37.093 0.0000000000
109648  48.656  -22.113  36.477 0.0000000000
110868  49.008  -21.270  36.245 0.0000000000
107239  49.530  -22.988  34.842 0.0000000000
86128  31.708  -36.522  44.294 0.0000000000
84745  32.401  -37.353  45.544 0.0000000000
82092  34.286  -38.215  45.176 0.0000000000
119967  50.231  -15.941  26.971 0.0000000000
118702  50.188  -16.994  26.186 0.0000000000
119965  51.562  -15.853  26.791 0.0000000000
224862  52.742  -15.603  27.336 0.0000000000
121189  52.538  -15.295  27.991 0.0000000000
119902  53.632  -15.921  28.762 0.0000000000
121155  52.576  -15.153  29.128 0.0000000000
122313  50.862  -14.922  31.029 0.0000000000
121111  51.579  -15.635  30.780 0.0000000000
119854  51.653  -16.398  31.310 0.0000000000
115952  51.529  -17.833  31.253 0.0000000000
118586  51.329  -16.891  32.238 0.0000000000
91311  44.058  -33.084  38.805 0.0000000000
262863  44.043  -31.291  39.401 0.0000000000
92682  45.276  -32.192  38.363 0.0000000000
96825  45.976  -29.978  36.339 0.0000000000
264313  46.294  -27.516  34.827 0.0000000000
88689  38.890  -34.805  42.288 0.0000000000
89966  38.770  -33.906  41.664 0.0000000000
91272  40.502  -33.431  41.826 0.0000000000
89964  41.578  -33.543  40.781 0.0000000000
87462  41.005  -35.459  40.327 0.0000000000
127259  60.960  -10.980  19.591 0.0000000000
121316  61.223  -14.397  17.564 0.0000000000
117540  60.177  -17.800  19.568 0.0000000000
122395  55.966  -13.948  25.063 0.0000000000
121242  54.579  -14.291  23.485 0.0000000000
122403  55.772  -13.801  24.243 0.0000000000
122411  56.142  -13.752  23.133 0.0000000000
123624  57.373  -13.295  24.398 0.0000000000
122401  58.921  -14.311  24.264 0.0000000000
119987  59.128  -15.474  24.836 0.0000000000
113488  57.348  -20.285  21.972 0.0000000000
114776  57.580  -19.287  21.562 0.0000000000
101109  44.320  -27.992  38.951 0.0000000000
102386  43.818  -26.799  37.653 0.0000000000
107264  44.897  -23.376  35.262 0.0000000000
235071  44.564  -24.794  34.416 0.0000000000
115906  45.254  -18.114  34.282 0.0000000000
114577  44.611  -18.764  32.772 0.0000000000
117335  44.832  -17.226  32.835 0.0000000000
236019  44.041  -17.016  30.716 0.0000000000
119857  45.512  -15.810  32.655 0.0000000000
121102  46.051  -15.047  32.287 0.0000000000
231252  46.469  -15.293  34.463 0.0000000000
114555  49.226  -19.401  34.714 0.0000000000
236154  48.541  -17.341  34.492 0.0000000000
114556  48.859  -18.574  34.248 0.0000000000
114575  48.334  -17.595  32.517 0.0000000000
86090  29.217  -36.463  45.220 0.0000000000
83449  29.752  -37.454  45.333 0.0000000000
83463  29.911  -37.928  44.462 0.0000000000
83465  28.365  -37.680  44.731 0.0000000000
119947  49.921  -15.515  27.502 0.0000000000
121174  50.794  -14.897  28.675 0.0000000000
121176  49.315  -14.898  28.554 0.0000000000
122341  49.235  -14.280  29.973 0.0000000000
122316  49.226  -14.332  31.522 0.0000000000
87418  35.661  -35.784  43.313 0.0000000000
87444  35.760  -35.647  42.180 0.0000000000
242808  37.216  -36.034  43.524 0.0000000000
86144  38.498  -36.084  42.826 0.0000000000
84854  39.392  -37.042  41.031 0.0000000000
230960  40.667  -36.699  39.781 0.0000000000
82165  39.823  -38.391  39.685 0.0000000000
124891  60.907  -12.233  20.076 0.0000000000
122494  61.260  -14.172  19.170 0.0000000000
123704  60.894  -13.854  20.151 0.0000000000
121264  60.820  -14.969  21.022 0.0000000000
117514  60.669  -16.860  20.927 0.0000000000
119990  53.287  -15.681  25.120 0.0000000000
121228  54.280  -14.712  25.541 0.0000000000
121213  55.504  -14.805  26.033 0.0000000000
243803  56.934  -15.298  25.826 0.0000000000
118711  58.375  -15.970  25.046 0.0000000000
231373  57.361  -17.320  24.822 0.0000000000
114711  57.048  -18.868  24.020 0.0000000000
228597  46.393  -26.645  38.375 0.0000000000
104794  45.100  -25.868  38.181 0.0000000000
268869  45.983  -24.976  38.115 0.0000000000
107219  45.405  -23.467  37.209 0.0000000000
109663  44.965  -22.031  35.475 0.0000000000
110906  44.754  -21.158  34.002 0.0000000000
110870  45.654  -20.774  36.009 0.0000000000
255880  45.838  -19.538  36.017 0.0000000000
262980  46.737  -18.312  35.916 0.0000000000
118528  46.845  -16.953  35.685 0.0000000000
114527  48.326  -19.349  36.050 0.0000000000
259740  49.809  -20.435  35.496 0.0000000000
256012  49.871  -21.072  34.102 0.0000000000
257406  31.011  -37.184  43.192 0.0000000000
84815  32.461  -37.445  43.199 0.0000000000
86147  34.259  -36.615  43.209 0.0000000000
84781  35.421  -37.155  44.573 0.0000000000
82119  35.754  -39.045  43.940 0.0000000000
119979  52.643  -16.122  26.161 0.0000000000
119942  53.881  -16.001  27.230 0.0000000000
118671  54.334  -17.095  27.338 0.0000000000
118633  54.452  -16.980  28.721 0.0000000000
117391  54.192  -17.374  29.282 0.0000000000
115989  53.716  -18.346  29.769 0.0000000000
121138  52.142  -14.986  30.195 0.0000000000
118605  52.965  -16.699  30.354 0.0000000000
268766  41.507  -30.896  40.062 0.0000000000
245290  42.914  -30.306  39.787 0.0000000000
96783  44.307  -30.037  39.397 0.0000000000
98233  45.787  -29.020  38.613 0.0000000000
95379  45.745  -30.927  37.323 0.0000000000
96802  46.267  -29.691  37.525 0.0000000000
99714  46.451  -28.385  37.831 0.0000000000
101138  46.602  -27.407  37.020 0.0000000000
102402  47.220  -26.100  35.239 0.0000000000
103603  48.586  -26.023  34.569 0.0000000000
104886  50.077  -25.119  34.419 0.0000000000
101176  50.227  -27.229  34.160 0.0000000000
92626  41.520  -32.046  41.146 0.0000000000
91295  42.755  -33.311  39.858 0.0000000000
88728  43.716  -35.090  38.487 0.0000000000
84896  42.226  -37.089  39.045 0.0000000000
84919  43.547  -36.857  38.681 0.0000000000
122552  61.401  -13.491  16.061 0.0000000000
124869  57.949  -12.052  22.318 0.0000000000
124841  58.911  -12.641  23.153 0.0000000000
121247  60.004  -14.974  22.694 0.0000000000
232875  59.090  -16.825  21.342 0.0000000000
114709  58.907  -17.289  23.196 0.0000000000
116099  58.209  -17.812  21.499 0.0000000000
232232  57.831  -18.495  20.280 0.0000000000
103597  44.230  -25.937  36.108 0.0000000000
245152  43.761  -16.663  29.350 0.0000000000
119928  45.605  -16.317  29.087 0.0000000000
242815  46.306  -15.600  30.837 0.0000000000
122318  47.837  -14.265  31.532 0.0000000000
121090  49.107  -14.660  33.385 0.0000000000
119814  48.043  -15.948  35.246 0.0000000000
118557  49.250  -15.805  34.334 0.0000000000
119834  49.836  -15.766  32.918 0.0000000000
115924  49.307  -16.914  32.491 0.0000000000
106123  50.298  -24.035  33.765 0.0000000000
108501  50.037  -22.897  33.158 0.0000000000
80815  26.440  -38.969  46.828 0.0000000000
79620  26.184  -40.526  46.198 0.0000000000
80809  25.875  -39.625  46.656 0.0000000000
82077  26.681  -38.383  47.071 0.0000000000
82085  26.849  -38.558  46.913 0.0000000000
119951  47.299  -16.485  28.265 0.0000000000
118654  46.592  -16.609  28.425 0.0000000000
126055  58.788  -11.505  21.779 0.0000000000
126056  58.216  -11.744  21.851 0.0000000000
117437  55.583  -16.841  27.468 0.0000000000
118683  55.301  -16.283  27.298 0.0000000000
117446  56.426  -17.146  26.424 0.0000000000
116037  56.289  -17.973  26.624 0.0000000000
106042  48.264  -24.214  36.219 0.0000000000
255781  48.058  -23.715  36.738 0.0000000000
108431  48.101  -22.338  36.999 0.0000000000
107241  48.468  -23.244  36.211 0.0000000000
108442  49.314  -22.151  36.229 0.0000000000
268142  48.932  -23.809  35.259 0.0000000000
84747  30.873  -37.124  46.042 0.0000000000
84746  31.658  -37.162  45.932 0.0000000000
82084  32.025  -38.364  45.806 0.0000000000
82095  32.386  -38.712  45.339 0.0000000000
119946  50.609  -15.455  27.405 0.0000000000
119966  50.894  -15.817  26.819 0.0000000000
119945  51.297  -15.474  27.341 0.0000000000
119944  52.017  -15.710  27.430 0.0000000000
121190  51.753  -15.362  28.014 0.0000000000
121171  52.900  -15.182  28.540 0.0000000000
121172  52.201  -15.131  28.760 0.0000000000
121113  50.657  -15.061  31.673 0.0000000000
121112  51.150  -15.460  31.243 0.0000000000
121099  51.032  -15.592  31.965 0.0000000000
118585  51.586  -16.593  31.890 0.0000000000
119856  50.734  -15.717  32.416 0.0000000000
239040  44.369  -33.480  38.275 0.0000000000
91335  44.607  -32.926  38.556 0.0000000000
91334  44.921  -33.422  38.049 0.0000000000
88700  39.665  -34.755  42.312 0.0000000000
89951  39.230  -34.064  42.406 0.0000000000
235884  39.777  -34.074  42.448 0.0000000000
89957  40.126  -33.806  42.242 0.0000000000
87440  40.463  -34.897  41.731 0.0000000000
230818  40.862  -34.707  41.403 0.0000000000
87450  40.572  -35.077  41.142 0.0000000000
126093  61.286  -11.842  18.964 0.0000000000
127258  61.205  -11.221  19.007 0.0000000000
124913  61.346  -12.331  18.500 0.0000000000
123739  61.671  -13.337  17.681 0.0000000000
123728  61.008  -13.467  18.305 0.0000000000
122394  56.567  -13.954  25.106 0.0000000000
122402  56.213  -13.526  24.684 0.0000000000
123612  56.968  -13.463  24.858 0.0000000000
123625  56.746  -13.419  24.202 0.0000000000
123611  57.592  -13.586  24.982 0.0000000000
122391  58.406  -14.398  24.551 0.0000000000
121224  58.246  -14.804  25.019 0.0000000000
112297  57.156  -20.633  21.304 0.0000000000
112296  57.365  -20.617  21.281 0.0000000000
101107  44.897  -27.776  39.336 0.0000000000
266361  44.325  -27.390  38.546 0.0000000000
102354  44.788  -26.953  38.428 0.0000000000
108488  44.903  -23.053  34.029 0.0000000000
223470  44.622  -23.044  33.432 0.0000000000
117272  45.419  -17.580  34.558 0.0000000000
115916  44.989  -18.031  33.607 0.0000000000
117315  45.037  -17.252  33.514 0.0000000000
245524  44.870  -16.816  32.511 0.0000000000
119846  45.361  -16.152  33.175 0.0000000000
121070  45.688  -15.403  33.807 0.0000000000
119828  45.895  -15.642  34.440 0.0000000000
113281  49.288  -20.296  34.162 0.0000000000
113271  48.862  -19.328  34.090 0.0000000000
267632  48.447  -18.835  33.539 0.0000000000
84750  28.140  -36.884  45.935 0.0000000000
86073  28.391  -36.259  45.830 0.0000000000
84749  28.791  -36.967  45.392 0.0000000000
84766  29.290  -37.190  45.296 0.0000000000
83450  28.815  -37.291  45.151 0.0000000000
83451  28.157  -37.504  45.445 0.0000000000
118672  48.214  -16.556  27.536 0.0000000000
118687  48.517  -16.985  27.061 0.0000000000
119969  48.916  -16.438  27.437 0.0000000000
119968  49.595  -16.228  27.247 0.0000000000
119948  49.240  -15.738  27.684 0.0000000000
121193  49.566  -15.030  27.914 0.0000000000
119923  48.943  -15.434  28.201 0.0000000000
121162  47.817  -15.290  29.596 0.0000000000
121161  48.465  -14.981  29.364 0.0000000000
121142  48.775  -14.354  29.587 0.0000000000
122331  49.173  -14.295  30.641 0.0000000000
122332  48.487  -14.272  30.973 0.0000000000
86125  36.396  -36.713  43.949 0.0000000000
246765  36.562  -36.289  43.646 0.0000000000
86124  36.985  -36.655  43.633 0.0000000000
83491  38.391  -37.869  41.683 0.0000000000
84832  38.166  -37.509  42.355 0.0000000000
84831  38.654  -37.132  42.031 0.0000000000
84830  39.226  -36.773  41.755 0.0000000000
83498  39.058  -37.771  40.622 0.0000000000
83497  39.448  -37.331  40.088 0.0000000000
127240  59.287  -10.762  20.755 0.0000000000
259933  60.179  -10.652  20.410 0.0000000000
126081  60.822  -11.399  20.132 0.0000000000
126066  60.509  -11.794  20.645 0.0000000000
228247  60.849  -13.080  20.237 0.0000000000
124879  60.622  -12.495  20.761 0.0000000000
123683  60.317  -12.975  21.938 0.0000000000
122445  60.774  -13.957  21.389 0.0000000000
122446  60.357  -14.362  21.731 0.0000000000
120031  60.469  -15.513  21.246 0.0000000000
121254  60.490  -14.937  21.529 0.0000000000
121216  53.698  -15.055  25.511 0.0000000000
224067  55.781  -15.364  26.546 0.0000000000
121212  56.303  -15.080  25.989 0.0000000000
118697  56.938  -15.852  25.535 0.0000000000
118696  57.486  -15.913  25.290 0.0000000000
259637  57.109  -16.599  25.199 0.0000000000
114697  56.875  -18.745  24.693 0.0000000000
116059  57.096  -18.059  24.932 0.0000000000
113443  56.771  -19.467  23.638 0.0000000000
112247  56.777  -19.729  23.010 0.0000000000
112248  56.354  -19.765  23.443 0.0000000000
103575  46.694  -26.201  37.925 0.0000000000
103553  46.168  -26.032  38.319 0.0000000000
260286  46.571  -25.593  37.996 0.0000000000
108422  46.360  -22.788  37.198 0.0000000000
107218  46.198  -23.383  37.532 0.0000000000
108424  45.783  -22.991  37.050 0.0000000000
233779  44.947  -22.499  36.531 0.0000000000
109637  45.194  -22.016  36.498 0.0000000000
254945  45.033  -21.661  35.940 0.0000000000
109636  45.443  -21.552  36.432 0.0000000000
112010  47.091  -20.260  37.414 0.0000000000
112024  46.550  -20.112  36.492 0.0000000000
113221  46.770  -19.515  36.594 0.0000000000
115858  46.473  -18.673  35.837 0.0000000000
114511  47.171  -19.129  36.815 0.0000000000
115856  47.114  -18.401  36.590 0.0000000000
113218  47.986  -19.734  36.544 0.0000000000
109646  49.696  -22.085  35.005 0.0000000000
112041  49.158  -20.997  35.902 0.0000000000
110889  49.808  -21.098  34.827 0.0000000000
112050  49.675  -20.531  34.951 0.0000000000
110888  50.491  -21.711  34.578 0.0000000000
86129  29.910  -36.753  43.853 0.0000000000
84817  30.585  -37.368  42.802 0.0000000000
86149  30.479  -36.982  43.498 0.0000000000
232974  32.927  -36.628  44.906 0.0000000000
84798  32.517  -36.731  43.868 0.0000000000
259322  33.217  -36.640  43.888 0.0000000000
86148  33.730  -36.716  43.585 0.0000000000
86127  33.688  -36.502  44.188 0.0000000000
87420  34.543  -36.423  43.876 0.0000000000
86083  34.548  -36.724  44.683 0.0000000000
118701  50.905  -16.889  26.083 0.0000000000
118699  52.329  -16.721  25.766 0.0000000000
222136  53.549  -15.651  27.835 0.0000000000
119943  53.332  -15.630  27.183 0.0000000000
119941  54.269  -16.906  26.782 0.0000000000
119920  54.150  -16.579  27.635 0.0000000000
118652  54.498  -16.824  28.075 0.0000000000
118653  54.107  -16.436  28.443 0.0000000000
119886  53.225  -16.146  29.470 0.0000000000
118634  53.696  -16.697  29.140 0.0000000000
227431  53.457  -17.196  29.558 0.0000000000
117392  53.701  -17.654  29.763 0.0000000000
117370  53.420  -17.024  30.340 0.0000000000
121158  50.850  -14.664  29.442 0.0000000000
121157  51.694  -14.751  29.366 0.0000000000
121139  51.394  -14.649  30.079 0.0000000000
118595  51.773  -16.727  30.613 0.0000000000
118606  52.140  -16.479  30.203 0.0000000000
118594  52.213  -16.986  30.266 0.0000000000
117371  52.899  -17.325  30.536 0.0000000000
115950  52.286  -17.701  30.577 0.0000000000
93992  42.552  -31.457  40.316 0.0000000000
96775  42.386  -30.341  40.202 0.0000000000
93991  43.135  -31.246  39.880 0.0000000000
94005  44.660  -31.214  39.276 0.0000000000
95345  44.226  -30.694  39.430 0.0000000000
95344  44.734  -30.379  39.173 0.0000000000
96782  44.706  -29.656  39.036 0.0000000000
96793  45.584  -29.677  38.492 0.0000000000
92708  45.393  -32.422  36.986 0.0000000000
94060  45.563  -31.770  36.570 0.0000000000
98267  46.221  -29.308  36.375 0.0000000000
96812  46.068  -30.021  37.066 0.0000000000
98257  46.329  -29.162  37.064 0.0000000000
98245  46.295  -28.985  37.700 0.0000000000
99721  46.362  -28.532  37.204 0.0000000000
223101  46.492  -28.017  37.343 0.0000000000
101153  46.288  -27.979  36.649 0.0000000000
101168  48.034  -27.298  34.161 0.0000000000
101169  46.922  -27.052  34.697 0.0000000000
102407  47.590  -26.578  34.601 0.0000000000
103604  47.908  -25.949  34.913 0.0000000000
259165  48.331  -26.380  34.353 0.0000000000
103613  49.166  -26.574  34.427 0.0000000000
102414  49.322  -27.223  34.424 0.0000000000
88702  36.637  -34.882  42.139 0.0000000000
87452  36.449  -35.511  41.148 0.0000000000
88708  36.849  -35.078  41.493 0.0000000000
91297  40.242  -32.889  40.446 0.0000000000
91313  40.309  -32.927  39.628 0.0000000000
92668  40.798  -32.530  39.396 0.0000000000
94008  41.012  -31.949  39.944 0.0000000000
93974  41.104  -31.875  41.010 0.0000000000
88711  42.312  -34.324  39.817 0.0000000000
89972  42.232  -33.721  40.124 0.0000000000
88719  42.907  -34.563  39.284 0.0000000000
226147  43.087  -33.991  39.125 0.0000000000
87471  43.256  -35.273  38.812 0.0000000000
86223  41.449  -36.902  39.422 0.0000000000
264883  44.023  -36.734  38.160 0.0000000000
122532  61.629  -13.827  16.592 0.0000000000
122533  61.142  -14.006  16.426 0.0000000000
122535  59.713  -13.986  16.609 0.0000000000
120062  61.113  -15.830  19.494 0.0000000000
120003  53.304  -15.610  23.606 0.0000000000
121243  54.094  -14.669  23.699 0.0000000000
123650  57.099  -13.153  23.535 0.0000000000
123685  56.344  -13.476  22.291 0.0000000000
124857  57.137  -12.734  22.777 0.0000000000
124870  57.406  -12.560  22.050 0.0000000000
263481  57.675  -12.433  22.646 0.0000000000
124856  58.154  -12.168  22.850 0.0000000000
124842  58.388  -12.491  23.340 0.0000000000
121241  59.203  -15.364  23.679 0.0000000000
241526  59.230  -14.825  23.425 0.0000000000
120008  59.923  -15.640  22.866 0.0000000000
118739  59.525  -16.111  22.071 0.0000000000
116098  59.162  -16.861  21.904 0.0000000000
268938  57.907  -17.207  24.013 0.0000000000
117468  58.478  -16.374  24.215 0.0000000000
114722  58.122  -17.835  23.019 0.0000000000
113503  57.591  -20.049  20.955 0.0000000000
114755  58.020  -18.108  21.966 0.0000000000
114797  57.676  -19.033  20.825 0.0000000000
114796  58.177  -18.090  20.565 0.0000000000
104834  44.642  -25.304  37.915 0.0000000000
104835  44.298  -25.552  37.634 0.0000000000
104861  44.175  -25.241  36.430 0.0000000000
112051  44.956  -20.542  34.411 0.0000000000
114593  44.153  -18.686  31.547 0.0000000000
119875  44.850  -16.157  30.755 0.0000000000
118621  43.793  -16.467  29.774 0.0000000000
119909  44.461  -16.397  29.995 0.0000000000
119929  44.975  -16.570  29.355 0.0000000000
119890  45.072  -16.175  30.134 0.0000000000
121146  46.147  -15.775  30.179 0.0000000000
121147  45.597  -15.898  30.659 0.0000000000
122290  46.905  -14.567  32.987 0.0000000000
122304  46.896  -14.463  32.377 0.0000000000
232107  48.011  -14.342  32.878 0.0000000000
122302  48.370  -14.204  32.309 0.0000000000
122272  48.687  -14.674  33.631 0.0000000000
117230  48.117  -17.731  35.441 0.0000000000
118547  47.550  -16.451  35.488 0.0000000000
117253  47.945  -17.001  34.992 0.0000000000
117292  48.685  -17.112  33.943 0.0000000000
118558  48.608  -16.454  34.580 0.0000000000
118565  49.036  -16.357  33.950 0.0000000000
119835  49.510  -15.440  33.927 0.0000000000
117291  49.072  -16.462  33.418 0.0000000000
117313  49.556  -16.510  32.629 0.0000000000
240281  48.733  -17.612  31.862 0.0000000000
103621  50.546  -26.044  33.810 0.0000000000
106111  50.108  -24.505  34.028 0.0000000000
103620  50.745  -25.628  33.575 0.0000000000
84732  27.271  -37.013  46.344 0.0000000000
83439  27.309  -37.709  46.389 0.0000000000
259327  27.708  -37.725  45.791 0.0000000000
83453  27.069  -38.251  46.702 0.0000000000
82098  26.914  -38.647  45.917 0.0000000000
118689  47.149  -17.108  27.215 0.0000000000
119950  47.962  -16.260  28.076 0.0000000000
119924  48.358  -15.784  28.461 0.0000000000
119925  47.732  -16.083  28.711 0.0000000000
119904  47.418  -15.774  29.259 0.0000000000
121163  47.144  -15.542  29.746 0.0000000000
82117  36.770  -38.639  43.372 0.0000000000
84812  37.357  -37.525  43.202 0.0000000000
82132  37.605  -38.862  42.453 0.0000000000
82145  37.675  -39.227  41.743 0.0000000000
126068  59.718  -11.166  21.293 0.0000000000
124880  60.390  -12.038  21.296 0.0000000000
126053  59.942  -11.674  21.627 0.0000000000
124868  59.635  -11.956  22.166 0.0000000000
124853  59.940  -12.553  22.456 0.0000000000
257572  54.377  -16.527  26.304 0.0000000000
121205  54.316  -15.836  26.291 0.0000000000
119960  55.114  -15.872  26.943 0.0000000000
118682  55.929  -15.947  26.694 0.0000000000
118698  56.500  -16.371  26.023 0.0000000000
117456  56.685  -17.050  25.714 0.0000000000
116048  56.591  -17.684  25.906 0.0000000000
116060  56.612  -18.547  25.285 0.0000000000
104846  47.537  -25.217  36.868 0.0000000000
104832  47.293  -24.813  37.393 0.0000000000
106015  47.254  -24.106  37.658 0.0000000000
107216  47.154  -23.306  37.723 0.0000000000
235118  46.632  -22.243  37.425 0.0000000000
233127  46.549  -21.522  36.691 0.0000000000
109635  47.533  -22.018  37.363 0.0000000000
110857  47.581  -21.314  37.275 0.0000000000
110856  48.167  -20.995  36.945 0.0000000000
112032  48.650  -20.745  36.435 0.0000000000
109647  49.193  -22.155  36.412 0.0000000000
108441  49.402  -22.422  35.408 0.0000000000
108456  49.846  -22.865  34.626 0.0000000000
223116  30.995  -36.369  44.774 0.0000000000
86087  31.390  -36.243  45.833 0.0000000000
86086  32.108  -36.485  45.364 0.0000000000
86085  32.779  -37.002  45.190 0.0000000000
83447  34.057  -37.454  45.532 0.0000000000
83433  33.491  -37.566  45.763 0.0000000000
118703  49.492  -17.154  26.387 0.0000000000
118684  50.543  -16.354  26.474 0.0000000000
119981  51.210  -16.244  26.373 0.0000000000
119964  52.300  -15.927  26.797 0.0000000000
121188  53.119  -15.387  27.892 0.0000000000
119922  53.402  -15.512  28.405 0.0000000000
119903  53.045  -15.444  29.111 0.0000000000
122339  50.790  -14.588  30.321 0.0000000000
227941  51.860  -14.670  30.398 0.0000000000
121124  51.419  -15.132  30.633 0.0000000000
119863  51.504  -15.909  31.392 0.0000000000
118584  51.706  -16.799  31.181 0.0000000000
117353  51.690  -17.460  31.109 0.0000000000
117332  51.624  -17.064  31.515 0.0000000000
115934  51.349  -17.405  31.887 0.0000000000
115935  50.612  -17.466  32.211 0.0000000000
92647  43.460  -32.325  39.581 0.0000000000
253637  43.610  -31.656  39.631 0.0000000000
94006  44.026  -31.914  39.207 0.0000000000
92665  44.736  -31.931  39.248 0.0000000000
94020  45.140  -31.525  38.816 0.0000000000
95395  45.828  -30.755  36.085 0.0000000000
99737  46.192  -28.817  35.600 0.0000000000
99726  46.118  -28.061  35.725 0.0000000000
99736  46.230  -28.261  34.538 0.0000000000
99735  47.328  -27.812  33.998 0.0000000000
88690  38.274  -34.930  42.524 0.0000000000
89968  37.574  -34.440  41.617 0.0000000000
89960  37.957  -34.414  42.022 0.0000000000
89973  38.734  -34.094  40.651 0.0000000000
91284  39.297  -33.638  41.155 0.0000000000
91283  39.851  -33.175  41.622 0.0000000000
91282  40.438  -32.836  41.634 0.0000000000
91281  40.917  -32.919  41.635 0.0000000000
89965  41.031  -33.474  41.506 0.0000000000
88712  41.223  -34.801  40.613 0.0000000000
87461  41.736  -35.285  39.993 0.0000000000
124927  61.677  -12.588  17.850 0.0000000000
122519  61.588  -13.908  17.250 0.0000000000
122520  61.250  -14.289  16.945 0.0000000000
117552  60.498  -17.114  19.171 0.0000000000
122396  54.999  -14.116  24.558 0.0000000000
121233  54.467  -14.196  24.134 0.0000000000
243132  55.567  -13.836  24.659 0.0000000000
122413  55.164  -14.052  23.967 0.0000000000
122412  55.719  -14.037  23.561 0.0000000000
123626  56.186  -13.688  23.898 0.0000000000
230161  57.701  -13.165  23.861 0.0000000000
123622  58.371  -13.433  24.116 0.0000000000
259058  58.543  -13.926  24.278 0.0000000000
241117  59.120  -14.768  24.111 0.0000000000
119994  59.119  -15.784  24.160 0.0000000000
113465  57.382  -19.533  22.449 0.0000000000
114756  57.643  -18.930  22.262 0.0000000000
113487  57.521  -19.788  22.045 0.0000000000
99699  43.780  -28.685  38.910 0.0000000000
107243  44.410  -23.964  36.243 0.0000000000
106096  44.355  -24.604  35.951 0.0000000000
106112  44.651  -24.118  34.591 0.0000000000
266199  44.674  -24.309  33.954 0.0000000000
229255  45.249  -19.303  34.335 0.0000000000
235769  44.797  -19.320  33.053 0.0000000000
114566  44.889  -18.714  33.338 0.0000000000
115938  44.524  -18.291  32.513 0.0000000000
115939  44.347  -17.992  31.970 0.0000000000
117372  43.748  -17.381  30.746 0.0000000000
118588  44.678  -16.869  32.159 0.0000000000
118596  44.965  -16.240  31.796 0.0000000000
121104  45.157  -16.023  31.749 0.0000000000
121114  45.919  -15.297  31.853 0.0000000000
226559  45.779  -15.382  32.479 0.0000000000
224440  46.006  -15.082  33.530 0.0000000000
121080  46.875  -15.044  34.172 0.0000000000
114535  48.792  -18.775  35.210 0.0000000000
115892  48.269  -17.859  34.950 0.0000000000
114547  48.973  -18.796  34.838 0.0000000000
115904  48.811  -18.080  34.280 0.0000000000
115915  48.588  -17.657  33.733 0.0000000000
115925  48.624  -17.271  32.871 0.0000000000
114564  48.543  -18.213  33.463 0.0000000000
223361  29.346  -36.660  44.155 0.0000000000
87409  28.944  -36.352  44.917 0.0000000000
86089  29.807  -36.328  45.270 0.0000000000
86088  30.392  -36.263  45.734 0.0000000000
84748  30.176  -37.246  45.804 0.0000000000
242456  30.383  -37.612  45.743 0.0000000000
82107  31.236  -38.229  44.723 0.0000000000
83462  30.559  -37.746  44.994 0.0000000000
83464  29.120  -37.698  44.604 0.0000000000
83466  27.745  -37.988  45.058 0.0000000000
118686  49.215  -16.779  26.877 0.0000000000
121192  50.290  -15.056  27.925 0.0000000000
121173  51.496  -15.031  28.550 0.0000000000
121175  49.961  -14.812  28.449 0.0000000000
244666  50.297  -14.388  29.385 0.0000000000
121177  48.699  -15.216  28.775 0.0000000000
121159  49.745  -14.542  29.066 0.0000000000
121141  49.869  -14.308  29.770 0.0000000000
122340  50.199  -14.386  30.443 0.0000000000
122315  49.743  -14.546  31.441 0.0000000000
122299  49.984  -14.773  31.868 0.0000000000
91355  45.229  -33.772  37.745 0.0000000000
87445  35.243  -35.969  42.523 0.0000000000
86167  35.449  -36.311  41.870 0.0000000000
87432  35.660  -35.594  42.764 0.0000000000
88684  36.830  -35.443  42.993 0.0000000000
88691  37.248  -35.016  42.859 0.0000000000
84811  37.839  -37.141  42.888 0.0000000000
86145  38.012  -36.452  43.119 0.0000000000
87431  37.879  -35.160  43.168 0.0000000000
86143  38.960  -35.730  42.300 0.0000000000
86165  39.395  -36.023  41.930 0.0000000000
86164  39.843  -35.468  41.599 0.0000000000
86203  40.290  -36.253  40.354 0.0000000000
84853  39.827  -36.601  40.672 0.0000000000
83508  39.860  -37.744  39.511 0.0000000000
82164  40.704  -38.390  39.646 0.0000000000
126094  61.084  -11.688  19.522 0.0000000000
124901  61.171  -12.429  19.321 0.0000000000
123716  61.231  -13.635  19.018 0.0000000000
240902  61.084  -13.766  19.543 0.0000000000
122478  61.030  -14.305  19.695 0.0000000000
121274  61.015  -14.852  19.880 0.0000000000
247294  60.708  -13.036  20.966 0.0000000000
122464  60.910  -14.324  20.800 0.0000000000
118761  61.392  -15.941  20.001 0.0000000000
118762  61.011  -16.417  20.427 0.0000000000
116146  60.614  -17.565  20.310 0.0000000000
116125  60.158  -17.627  20.503 0.0000000000
121235  53.643  -15.122  24.784 0.0000000000
248273  54.033  -14.747  25.062 0.0000000000
121214  54.625  -14.917  26.124 0.0000000000
259144  54.868  -14.527  25.646 0.0000000000
238017  54.511  -14.345  24.958 0.0000000000
121227  55.379  -14.275  25.229 0.0000000000
122385  56.230  -14.511  25.529 0.0000000000
121211  57.330  -14.932  25.654 0.0000000000
121225  58.289  -15.350  25.558 0.0000000000
119975  57.654  -15.426  25.691 0.0000000000
118712  57.785  -16.100  25.073 0.0000000000
116071  57.899  -17.655  23.997 0.0000000000
116047  56.933  -17.472  25.308 0.0000000000
116072  57.303  -18.219  24.298 0.0000000000
116081  57.555  -18.267  23.709 0.0000000000
232550  57.017  -19.513  22.913 0.0000000000
225442  57.186  -20.260  22.112 0.0000000000
102367  46.070  -27.099  38.732 0.0000000000
103534  45.165  -26.493  38.472 0.0000000000
240766  45.754  -26.135  38.569 0.0000000000
104815  45.354  -25.577  38.187 0.0000000000
261956  45.117  -24.570  37.817 0.0000000000
105988  46.331  -24.449  38.158 0.0000000000
107211  45.426  -24.064  37.543 0.0000000000
107220  44.930  -23.743  37.338 0.0000000000
107242  44.501  -23.425  36.475 0.0000000000
256676  44.855  -22.962  35.459 0.0000000000
109675  45.050  -22.488  34.298 0.0000000000
110891  44.778  -21.865  34.061 0.0000000000
109674  45.000  -21.864  34.742 0.0000000000
110890  44.936  -21.168  34.689 0.0000000000
112042  45.127  -20.606  35.211 0.0000000000
110858  46.244  -20.670  36.317 0.0000000000
227223  45.764  -20.049  36.059 0.0000000000
114537  45.410  -19.266  35.048 0.0000000000
114548  45.526  -18.617  35.343 0.0000000000
115893  45.697  -18.025  35.500 0.0000000000
117254  45.925  -17.506  35.427 0.0000000000
118549  45.924  -16.645  34.967 0.0000000000
117233  46.709  -17.695  35.953 0.0000000000
117212  47.226  -17.826  36.327 0.0000000000
114526  48.702  -19.053  35.579 0.0000000000
113233  48.463  -20.083  36.211 0.0000000000
113232  48.900  -19.867  35.693 0.0000000000
243317  49.152  -19.621  35.408 0.0000000000
113257  49.487  -19.922  34.958 0.0000000000
112062  49.625  -20.640  34.485 0.0000000000
84857  34.099  -37.681  41.443 0.0000000000
84816  31.707  -37.113  43.375 0.0000000000
84835  33.241  -37.415  42.266 0.0000000000
84813  33.760  -37.094  42.831 0.0000000000
86169  34.355  -36.896  42.526 0.0000000000
87434  34.666  -36.360  43.458 0.0000000000
87407  35.477  -36.502  43.793 0.0000000000
83459  36.049  -37.535  44.425 0.0000000000
83446  34.585  -37.482  45.124 0.0000000000
83460  35.466  -37.853  44.562 0.0000000000
242460  36.499  -38.320  43.848 0.0000000000
119978  53.219  -15.673  25.865 0.0000000000
119977  53.521  -15.263  26.210 0.0000000000
119963  53.046  -15.719  26.650 0.0000000000
264939  53.410  -15.522  26.682 0.0000000000
119962  53.696  -15.397  26.536 0.0000000000
119961  54.420  -16.400  26.365 0.0000000000
118670  54.720  -16.646  27.243 0.0000000000
116029  55.759  -17.559  27.647 0.0000000000
117426  55.264  -17.293  27.927 0.0000000000
247489  55.102  -17.631  28.358 0.0000000000
117411  54.767  -17.664  28.861 0.0000000000
121156  52.254  -14.894  29.463 0.0000000000
121137  52.460  -15.132  29.702 0.0000000000
119887  52.881  -15.748  29.894 0.0000000000
119873  52.670  -16.116  30.177 0.0000000000
118620  53.081  -16.444  30.146 0.0000000000
115967  53.451  -17.788  30.376 0.0000000000
258963  41.922  -30.301  39.152 0.0000000000
96784  42.771  -29.622  39.521 0.0000000000
93990  43.691  -30.974  39.598 0.0000000000
95331  43.791  -30.290  39.595 0.0000000000
246118  43.626  -29.571  39.658 0.0000000000
98222  44.301  -28.848  39.110 0.0000000000
99698  44.642  -28.287  39.284 0.0000000000
99696  45.538  -28.075  39.085 0.0000000000
91333  45.157  -32.915  37.883 0.0000000000
234415  45.368  -32.067  37.721 0.0000000000
95366  45.738  -30.775  38.010 0.0000000000
95378  45.862  -30.525  36.865 0.0000000000
95365  45.935  -30.327  37.457 0.0000000000
96803  45.859  -30.039  38.029 0.0000000000
98246  46.037  -29.369  38.142 0.0000000000
99715  46.245  -28.745  38.297 0.0000000000
101117  46.350  -27.707  38.621 0.0000000000
244094  46.544  -27.225  38.373 0.0000000000
102385  46.734  -26.950  37.726 0.0000000000
102384  46.993  -26.367  37.281 0.0000000000
101152  46.320  -27.260  35.896 0.0000000000
102395  46.578  -26.845  36.469 0.0000000000
103586  47.332  -25.943  36.794 0.0000000000
104860  47.579  -25.551  36.192 0.0000000000
104859  47.996  -25.430  35.569 0.0000000000
104858  48.442  -24.803  35.439 0.0000000000
226701  49.221  -24.656  34.696 0.0000000000
103602  49.238  -25.766  34.645 0.0000000000
103612  49.790  -26.284  34.506 0.0000000000
102420  50.293  -26.659  34.152 0.0000000000
101177  50.116  -27.661  34.347 0.0000000000
101195  50.602  -27.716  33.388 0.0000000000
86186  35.642  -36.739  41.112 0.0000000000
87463  36.997  -35.289  40.156 0.0000000000
95347  41.184  -31.295  39.658 0.0000000000
93973  41.537  -31.549  40.910 0.0000000000
92648  42.549  -32.157  40.247 0.0000000000
91280  41.449  -32.759  41.239 0.0000000000
233286  42.702  -32.801  40.133 0.0000000000
91294  43.174  -32.929  39.536 0.0000000000
91312  43.511  -33.250  39.041 0.0000000000
238207  43.804  -33.628  38.515 0.0000000000
88727  44.183  -34.750  38.138 0.0000000000
86202  40.864  -36.130  40.026 0.0000000000
86201  41.660  -36.043  39.819 0.0000000000
87473  42.417  -35.724  39.474 0.0000000000
84895  42.956  -36.881  38.979 0.0000000000
262028  42.998  -35.678  39.090 0.0000000000
87483  43.806  -35.741  38.688 0.0000000000
80810  25.726  -39.693  46.702 0.0000000000
122554  60.498  -13.503  15.758 0.0000000000
126046  58.442  -11.726  22.429 0.0000000000
124854  59.314  -12.235  22.726 0.0000000000
123671  59.481  -12.970  22.851 0.0000000000
123647  59.077  -13.373  23.331 0.0000000000
123646  59.560  -13.779  22.917 0.0000000000
122427  60.038  -14.217  22.411 0.0000000000
118738  59.995  -15.912  21.572 0.0000000000
116097  60.139  -16.931  21.226 0.0000000000
114795  58.976  -17.549  20.180 0.0000000000
119988  58.536  -15.640  25.053 0.0000000000
118719  59.147  -16.117  23.939 0.0000000000
116079  59.220  -17.118  23.288 0.0000000000
114737  58.009  -18.008  22.728 0.0000000000
114736  58.225  -17.476  22.398 0.0000000000
114735  59.548  -17.455  22.376 0.0000000000
114774  58.575  -17.626  21.000 0.0000000000
114822  57.578  -18.705  19.865 0.0000000000
117439  45.094  -17.558  27.748 0.0000000000
228067  44.108  -26.294  37.999 0.0000000000
103576  43.964  -26.139  37.387 0.0000000000
118608  43.313  -16.845  29.813 0.0000000000
118678  44.177  -17.405  28.569 0.0000000000
118677  44.843  -17.236  28.349 0.0000000000
118655  45.902  -16.673  28.550 0.0000000000
119927  46.290  -16.252  28.972 0.0000000000
121164  46.568  -15.703  29.804 0.0000000000
121125  47.401  -14.910  30.708 0.0000000000
121127  46.307  -15.314  31.474 0.0000000000
122334  47.189  -14.467  31.182 0.0000000000
122333  47.773  -14.356  30.830 0.0000000000
122317  48.638  -14.230  31.747 0.0000000000
122301  49.069  -14.193  32.342 0.0000000000
121101  49.721  -14.767  32.488 0.0000000000
119817  46.563  -15.984  35.057 0.0000000000
121051  47.359  -15.413  35.054 0.0000000000
121068  47.757  -15.160  34.677 0.0000000000
117270  48.209  -17.171  34.781 0.0000000000
119826  48.448  -15.590  34.784 0.0000000000
121079  48.562  -15.006  34.094 0.0000000000
121077  49.392  -15.121  33.781 0.0000000000
119844  49.691  -15.266  33.258 0.0000000000
261298  50.156  -15.527  32.787 0.0000000000
119843  50.413  -15.980  32.624 0.0000000000
117334  50.253  -16.988  32.447 0.0000000000
115936  49.839  -17.242  32.246 0.0000000000
115937  49.045  -17.299  32.290 0.0000000000
106094  49.608  -24.442  34.320 0.0000000000
234848  49.920  -23.849  34.061 0.0000000000
107286  50.904  -23.227  34.173 0.0000000000
106136  50.123  -24.647  32.955 0.0000000000
238860  50.226  -24.006  33.497 0.0000000000
109690  51.093  -22.920  33.951 0.0000000000
110918  50.286  -21.840  33.887 0.0000000000
79609  25.603  -40.163  46.832 0.0000000000
80816  26.125  -39.740  46.550 0.0000000000
82096  31.008  -37.882  45.534 0.0000000000
82106  32.269  -39.027  44.889 0.0000000000
82108  30.542  -38.447  44.277 0.0000000000
82133  37.018  -39.068  42.716 0.0000000000
82144  38.014  -38.698  41.334 0.0000000000
82155  39.056  -38.600  40.594 0.0000000000
83426  26.954  -37.557  46.728 0.0000000000
83434  32.870  -37.782  45.496 0.0000000000
83435  32.164  -37.848  45.754 0.0000000000
83436  31.429  -37.808  45.803 0.0000000000
83437  30.698  -37.532  45.838 0.0000000000
83438  27.867  -37.309  45.939 0.0000000000
83448  33.305  -38.154  45.707 0.0000000000
83452  27.313  -38.106  45.815 0.0000000000
83461  34.913  -38.075  44.838 0.0000000000
83474  36.457  -37.865  44.124 0.0000000000
83475  36.026  -38.345  44.223 0.0000000000
83483  37.696  -37.923  42.675 0.0000000000
83484  37.196  -38.293  43.006 0.0000000000
83490  38.877  -37.446  41.346 0.0000000000
84744  33.093  -37.396  45.426 0.0000000000
84751  27.521  -37.050  46.249 0.0000000000
84764  34.260  -37.011  45.072 0.0000000000
84765  33.650  -37.051  45.378 0.0000000000
84780  35.941  -36.934  44.293 0.0000000000
84782  34.823  -37.079  44.846 0.0000000000
84795  37.482  -36.832  43.322 0.0000000000
84796  37.057  -37.210  43.600 0.0000000000
84797  36.567  -37.247  44.030 0.0000000000
84799  31.045  -36.609  43.830 0.0000000000
84810  38.415  -36.797  42.710 0.0000000000
84814  33.116  -37.325  43.255 0.0000000000
84818  30.130  -37.266  42.406 0.0000000000
84833  34.497  -37.184  41.868 0.0000000000
84834  33.882  -37.326  42.064 0.0000000000
84876  40.081  -36.947  39.886 0.0000000000
86068  31.923  -36.657  45.817 0.0000000000
86071  29.688  -36.800  45.510 0.0000000000
86072  29.054  -36.592  45.361 0.0000000000
86084  33.991  -36.832  44.848 0.0000000000
86100  35.944  -36.448  44.027 0.0000000000
86101  35.195  -36.896  44.274 0.0000000000
86102  34.224  -36.514  44.432 0.0000000000
86104  32.341  -36.502  44.754 0.0000000000
86105  31.583  -36.293  45.211 0.0000000000
86107  29.849  -36.330  44.697 0.0000000000
86123  37.624  -36.218  43.464 0.0000000000
86126  34.190  -36.386  43.861 0.0000000000
86146  34.760  -36.339  42.873 0.0000000000
86150  30.007  -37.144  43.074 0.0000000000
86166  38.848  -36.409  42.261 0.0000000000
86168  34.877  -36.580  42.200 0.0000000000
86183  40.391  -35.524  40.748 0.0000000000
86184  40.014  -35.793  41.080 0.0000000000
86185  39.634  -36.260  41.383 0.0000000000
86220  43.467  -35.966  38.965 0.0000000000
86221  42.952  -36.210  39.130 0.0000000000
86222  42.275  -36.471  39.265 0.0000000000
86238  43.779  -36.300  38.708 0.0000000000
86239  43.405  -36.445  38.960 0.0000000000
86251  44.192  -36.075  38.307 0.0000000000
87395  28.567  -35.994  45.615 0.0000000000
87406  36.085  -35.953  43.617 0.0000000000
87408  34.808  -36.641  44.208 0.0000000000
87415  37.676  -35.714  43.439 0.0000000000
87416  37.334  -35.501  43.323 0.0000000000
87417  36.734  -35.802  43.373 0.0000000000
87419  35.061  -36.374  43.622 0.0000000000
87428  39.121  -35.220  42.236 0.0000000000
87429  38.478  -35.383  42.701 0.0000000000
87430  38.064  -35.809  43.220 0.0000000000
87433  35.131  -35.904  43.140 0.0000000000
87441  40.107  -35.058  41.850 0.0000000000
87442  39.631  -35.406  42.004 0.0000000000
87443  36.273  -35.302  41.855 0.0000000000
87453  36.026  -35.979  41.537 0.0000000000
87465  36.175  -36.192  40.827 0.0000000000
87472  42.816  -35.230  39.240 0.0000000000
88685  36.264  -35.539  43.117 0.0000000000
88692  36.551  -35.066  42.660 0.0000000000
88693  36.015  -35.363  42.884 0.0000000000
88698  40.662  -34.191  41.824 0.0000000000
88699  40.257  -34.533  42.197 0.0000000000
88703  36.096  -35.203  42.432 0.0000000000
88705  41.786  -34.235  40.488 0.0000000000
88706  41.173  -34.149  41.120 0.0000000000
88707  37.152  -34.632  41.867 0.0000000000
88714  36.768  -34.997  40.763 0.0000000000
88717  43.690  -34.302  38.375 0.0000000000
88718  43.384  -34.504  38.847 0.0000000000
88737  45.320  -34.367  37.652 0.0000000000
89952  38.551  -34.457  42.122 0.0000000000
89953  37.748  -34.644  42.479 0.0000000000
89958  39.490  -33.571  42.398 0.0000000000
89959  39.050  -33.798  42.227 0.0000000000
89961  37.488  -34.452  42.169 0.0000000000
89967  38.095  -34.242  41.540 0.0000000000
89971  42.772  -33.860  39.583 0.0000000000
89979  43.409  -33.828  38.870 0.0000000000
89980  43.071  -33.462  39.293 0.0000000000
89981  38.560  -33.997  39.929 0.0000000000
89988  44.212  -34.081  38.116 0.0000000000
91273  39.921  -33.382  41.984 0.0000000000
91274  39.350  -33.468  42.060 0.0000000000
91296  42.134  -33.090  40.472 0.0000000000
91298  39.801  -33.342  40.710 0.0000000000
91314  39.770  -33.342  39.828 0.0000000000
91315  39.127  -33.690  40.071 0.0000000000
91336  40.429  -32.995  38.864 0.0000000000
92625  41.961  -31.717  40.723 0.0000000000
92627  41.004  -32.403  41.360 0.0000000000
92649  42.054  -32.410  40.695 0.0000000000
92650  40.631  -32.384  40.241 0.0000000000
92666  44.360  -32.493  39.019 0.0000000000
92667  43.747  -32.677  39.190 0.0000000000
92683  44.909  -32.324  38.801 0.0000000000
93993  41.256  -31.402  40.509 0.0000000000
93994  40.828  -31.835  40.695 0.0000000000
94019  45.617  -31.503  38.299 0.0000000000
94021  41.164  -31.423  38.864 0.0000000000
94031  45.627  -31.357  37.709 0.0000000000
94046  45.706  -31.159  36.697 0.0000000000
94047  45.517  -31.579  37.158 0.0000000000
94059  45.819  -31.531  36.015 0.0000000000
95332  43.178  -30.575  39.668 0.0000000000
95333  42.613  -30.770  40.179 0.0000000000
95334  41.930  -31.018  40.482 0.0000000000
95346  41.944  -30.497  39.928 0.0000000000
95356  45.086  -30.699  38.846 0.0000000000
95357  41.542  -30.775  39.086 0.0000000000
96772  44.043  -29.959  39.516 0.0000000000
96773  43.357  -29.915  39.729 0.0000000000
96774  42.853  -29.989  39.759 0.0000000000
96794  45.060  -29.991  38.712 0.0000000000
98211  43.938  -29.292  39.336 0.0000000000
98212  43.695  -29.282  39.283 0.0000000000
98221  44.786  -28.869  39.093 0.0000000000
98234  45.201  -29.299  38.781 0.0000000000
99685  44.216  -28.598  39.061 0.0000000000
99697  45.100  -28.190  39.283 0.0000000000
99707  46.471  -28.216  38.381 0.0000000000
99708  45.975  -28.311  38.743 0.0000000000
99709  45.431  -28.642  38.994 0.0000000000
101108  44.597  -27.846  39.177 0.0000000000
101118  45.782  -27.627  38.936 0.0000000000
101119  43.859  -27.707  38.392 0.0000000000
101125  46.584  -27.719  37.918 0.0000000000
101167  48.641  -26.971  34.255 0.0000000000
101187  50.445  -27.231  33.651 0.0000000000
101194  50.677  -27.475  32.965 0.0000000000
102352  45.468  -27.187  38.979 0.0000000000
102353  44.961  -27.243  38.841 0.0000000000
102368  44.401  -26.622  38.269 0.0000000000
102369  43.964  -26.968  38.267 0.0000000000
102396  46.810  -26.846  37.018 0.0000000000
102397  43.839  -26.702  36.954 0.0000000000
102403  46.791  -26.554  35.608 0.0000000000
102412  50.153  -26.627  34.354 0.0000000000
102413  49.821  -27.080  34.460 0.0000000000
102419  50.577  -26.673  33.426 0.0000000000
103533  45.385  -26.384  38.662 0.0000000000
103535  44.879  -26.273  38.245 0.0000000000
103554  45.928  -26.656  38.664 0.0000000000
103555  44.552  -25.939  38.060 0.0000000000
103587  43.989  -26.099  36.726 0.0000000000
103595  47.496  -25.763  35.559 0.0000000000
103596  47.118  -26.018  35.989 0.0000000000
103611  50.276  -25.855  34.297 0.0000000000
103631  50.582  -26.229  33.326 0.0000000000
104793  45.417  -26.011  38.395 0.0000000000
104813  46.124  -25.327  38.208 0.0000000000
104814  45.652  -25.493  38.314 0.0000000000
104816  44.982  -25.555  38.097 0.0000000000
104833  46.745  -24.820  37.853 0.0000000000
104847  44.117  -25.531  37.002 0.0000000000
104870  49.505  -25.134  34.608 0.0000000000
104871  48.919  -25.058  34.810 0.0000000000
104872  48.470  -25.494  34.911 0.0000000000
104884  50.310  -24.498  33.696 0.0000000000
104885  50.437  -25.132  34.085 0.0000000000
104894  50.607  -25.274  33.787 0.0000000000
104901  50.213  -25.119  33.162 0.0000000000
105989  45.983  -24.454  38.016 0.0000000000
105990  45.108  -24.830  37.900 0.0000000000
105991  44.856  -24.847  37.924 0.0000000000
106017  44.537  -24.766  37.577 0.0000000000
106018  44.227  -25.018  37.112 0.0000000000
106043  47.717  -24.375  36.902 0.0000000000
106044  44.581  -24.098  37.315 0.0000000000
106069  48.847  -24.397  35.032 0.0000000000
106071  44.188  -24.597  36.687 0.0000000000
106093  49.820  -23.516  34.318 0.0000000000
106095  49.202  -24.095  34.774 0.0000000000
106130  50.218  -24.412  33.360 0.0000000000
107209  46.201  -23.801  38.122 0.0000000000
107210  45.914  -24.011  37.810 0.0000000000
107217  46.383  -23.125  37.985 0.0000000000
107227  48.061  -23.028  36.914 0.0000000000
107228  47.582  -23.542  37.236 0.0000000000
107229  44.663  -23.452  36.962 0.0000000000
107230  44.383  -23.989  36.837 0.0000000000
107240  48.894  -23.144  35.749 0.0000000000
107261  50.789  -23.025  34.353 0.0000000000
107262  49.868  -23.324  34.346 0.0000000000
107263  49.240  -23.428  35.175 0.0000000000
107311  50.770  -23.421  33.981 0.0000000000
107325  50.532  -23.341  33.303 0.0000000000
107326  50.049  -23.435  32.872 0.0000000000
108413  45.885  -23.474  37.292 0.0000000000
108423  46.215  -22.850  37.004 0.0000000000
108425  45.035  -23.133  37.015 0.0000000000
108432  44.834  -22.893  36.825 0.0000000000
108440  49.661  -22.560  34.871 0.0000000000
108443  48.488  -22.573  36.480 0.0000000000
108444  44.684  -22.851  36.139 0.0000000000
108445  44.547  -23.387  35.859 0.0000000000
108455  50.311  -22.755  34.558 0.0000000000
108457  49.157  -22.675  35.666 0.0000000000
108469  50.521  -22.955  34.371 0.0000000000
108470  45.024  -23.020  34.771 0.0000000000
108487  51.048  -23.129  34.116 0.0000000000
108500  51.118  -23.001  33.943 0.0000000000
109622  46.929  -21.725  37.534 0.0000000000
109623  46.591  -22.154  36.915 0.0000000000
109625  45.511  -22.051  36.653 0.0000000000
109626  45.109  -22.540  36.749 0.0000000000
109634  48.205  -21.637  37.049 0.0000000000
109649  44.928  -22.251  36.067 0.0000000000
109660  49.815  -22.469  34.814 0.0000000000
109661  49.311  -21.988  35.593 0.0000000000
109662  49.501  -22.333  36.693 0.0000000000
109673  50.678  -22.327  34.395 0.0000000000
109691  50.547  -21.927  34.224 0.0000000000
109702  50.247  -22.515  33.843 0.0000000000
110845  47.066  -20.960  37.516 0.0000000000
110847  46.147  -21.173  36.432 0.0000000000
110859  45.720  -21.024  36.263 0.0000000000
110860  45.297  -21.451  36.268 0.0000000000
110869  48.700  -21.454  36.498 0.0000000000
110871  45.255  -21.044  35.819 0.0000000000
110878  50.062  -21.891  34.751 0.0000000000
110879  49.592  -21.372  35.235 0.0000000000
110880  49.115  -21.719  35.982 0.0000000000
110881  45.025  -21.381  35.346 0.0000000000
110905  50.445  -21.423  34.237 0.0000000000
112011  46.990  -20.606  37.291 0.0000000000
112012  46.702  -20.754  36.695 0.0000000000
112022  48.050  -20.335  36.834 0.0000000000
112023  47.537  -20.635  37.238 0.0000000000
112025  46.007  -20.349  36.180 0.0000000000
112031  49.059  -20.603  36.003 0.0000000000
112033  45.462  -20.364  35.759 0.0000000000
112040  49.555  -20.369  35.677 0.0000000000
112049  50.058  -21.094  34.475 0.0000000000
112063  44.862  -20.485  33.705 0.0000000000
112267  57.126  -19.940  22.459 0.0000000000
112283  57.214  -20.392  21.643 0.0000000000
112284  57.467  -20.726  21.750 0.0000000000
112285  56.899  -20.314  21.934 0.0000000000
113210  47.122  -19.688  37.154 0.0000000000
113211  46.985  -20.021  37.129 0.0000000000
113220  46.993  -19.489  36.866 0.0000000000
113222  46.232  -19.630  36.164 0.0000000000
113243  49.397  -19.657  35.297 0.0000000000
113244  49.561  -20.540  35.558 0.0000000000
113245  45.625  -19.221  35.748 0.0000000000
113246  45.420  -19.862  35.427 0.0000000000
113258  45.206  -19.921  34.743 0.0000000000
113270  49.363  -19.998  34.599 0.0000000000
113282  48.715  -19.974  33.854 0.0000000000
113283  48.320  -19.321  33.468 0.0000000000
113427  59.021  -17.895  23.024 0.0000000000
113441  59.268  -18.010  23.138 0.0000000000
113442  58.971  -17.798  22.989 0.0000000000
113462  59.470  -17.715  22.513 0.0000000000
113463  58.804  -17.482  22.827 0.0000000000
113464  58.287  -17.379  22.976 0.0000000000
113486  58.904  -17.279  22.099 0.0000000000
114510  47.281  -19.321  36.948 0.0000000000
114512  46.965  -18.962  36.589 0.0000000000
114513  46.591  -19.040  36.225 0.0000000000
114528  46.064  -19.103  35.973 0.0000000000
114536  45.852  -18.601  35.763 0.0000000000
114549  45.354  -18.677  34.645 0.0000000000
114557  45.132  -18.686  33.970 0.0000000000
114578  44.349  -18.728  32.218 0.0000000000
114710  58.672  -17.290  23.094 0.0000000000
114720  59.634  -17.658  22.834 0.0000000000
114721  59.351  -17.655  23.134 0.0000000000
114723  57.213  -18.907  23.201 0.0000000000
114738  57.610  -18.746  22.784 0.0000000000
114753  59.014  -17.073  21.959 0.0000000000
114754  58.469  -17.346  21.809 0.0000000000
114773  59.326  -17.173  20.665 0.0000000000
114775  57.996  -18.344  21.228 0.0000000000
115854  47.696  -18.865  36.459 0.0000000000
115855  47.400  -18.235  36.518 0.0000000000
115857  46.879  -18.421  36.275 0.0000000000
115877  47.995  -17.843  36.184 0.0000000000
115878  46.912  -17.979  35.962 0.0000000000
115879  46.312  -18.142  35.644 0.0000000000
115905  45.468  -18.074  34.932 0.0000000000
115926  44.736  -18.206  32.994 0.0000000000
116058  57.846  -17.155  24.340 0.0000000000
116070  58.265  -17.131  23.341 0.0000000000
116080  58.056  -17.663  23.380 0.0000000000
116088  59.683  -17.144  22.588 0.0000000000
116109  59.928  -17.210  21.060 0.0000000000
116124  60.485  -17.307  20.762 0.0000000000
116126  59.811  -18.000  20.129 0.0000000000
116147  60.246  -17.940  20.037 0.0000000000
117213  47.136  -17.914  36.269 0.0000000000
117231  47.431  -17.411  35.965 0.0000000000
117232  47.138  -17.623  36.080 0.0000000000
117234  46.534  -17.573  35.646 0.0000000000
117252  48.125  -17.305  34.863 0.0000000000
117271  45.568  -17.493  35.140 0.0000000000
117293  45.203  -17.616  34.024 0.0000000000
117312  50.609  -16.613  32.546 0.0000000000
117333  50.931  -17.099  32.345 0.0000000000
117336  44.594  -17.269  32.246 0.0000000000
117352  51.775  -17.152  30.675 0.0000000000
117354  44.321  -17.250  31.435 0.0000000000
117427  54.824  -17.193  28.285 0.0000000000
117469  58.061  -16.550  24.505 0.0000000000
117470  57.644  -16.783  24.741 0.0000000000
117481  58.655  -16.650  23.591 0.0000000000
117491  59.649  -16.910  23.030 0.0000000000
117492  59.325  -16.591  23.410 0.0000000000
117498  59.490  -16.649  22.600 0.0000000000
117504  60.064  -16.457  21.337 0.0000000000
117505  59.144  -16.458  21.763 0.0000000000
117526  60.948  -17.099  20.359 0.0000000000
117539  60.799  -17.343  19.806 0.0000000000
117551  60.980  -16.803  19.361 0.0000000000
118526  47.611  -16.964  35.593 0.0000000000
118527  47.252  -16.980  35.824 0.0000000000
118529  46.714  -17.087  35.536 0.0000000000
118530  46.078  -17.036  35.285 0.0000000000
118545  48.073  -16.779  34.917 0.0000000000
118546  47.854  -16.500  35.198 0.0000000000
118548  46.370  -16.568  35.095 0.0000000000
118563  49.659  -16.083  32.819 0.0000000000
118564  49.288  -16.124  33.592 0.0000000000
118567  45.304  -16.555  33.752 0.0000000000
118575  51.122  -16.312  32.390 0.0000000000
118576  45.173  -16.734  32.997 0.0000000000
118587  45.148  -16.344  32.433 0.0000000000
118597  44.564  -16.522  31.307 0.0000000000
118607  43.923  -16.537  30.151 0.0000000000
118635  44.263  -16.516  29.490 0.0000000000
118636  43.926  -16.375  29.648 0.0000000000
118651  54.904  -16.897  27.702 0.0000000000
118656  45.260  -16.827  28.751 0.0000000000
118657  44.588  -16.996  29.004 0.0000000000
118658  44.196  -17.068  29.015 0.0000000000
118673  47.564  -16.731  27.673 0.0000000000
118675  46.199  -17.052  28.014 0.0000000000
118676  45.510  -17.103  28.139 0.0000000000
118685  49.878  -16.537  26.649 0.0000000000
118688  47.807  -16.969  27.079 0.0000000000
118710  58.953  -15.913  24.726 0.0000000000
118724  59.736  -16.176  23.237 0.0000000000
118731  59.754  -16.121  22.790 0.0000000000
118749  60.537  -16.183  21.019 0.0000000000
118772  61.268  -16.570  19.828 0.0000000000
119797  47.175  -16.441  35.609 0.0000000000
119798  46.860  -16.486  35.436 0.0000000000
119813  48.405  -16.118  34.958 0.0000000000
119815  47.515  -15.866  35.359 0.0000000000
119816  47.030  -15.872  35.298 0.0000000000
119818  46.068  -16.115  34.854 0.0000000000
119825  48.903  -15.718  34.493 0.0000000000
119827  46.328  -15.679  34.768 0.0000000000
119836  49.451  -15.322  34.372 0.0000000000
119837  45.494  -15.914  33.906 0.0000000000
119845  45.511  -15.672  33.356 0.0000000000
119855  51.408  -16.054  32.043 0.0000000000
119862  51.719  -16.206  30.724 0.0000000000
119864  44.878  -16.149  31.228 0.0000000000
119865  44.486  -16.366  30.639 0.0000000000
119874  52.013  -15.760  30.250 0.0000000000
119876  44.367  -16.408  30.125 0.0000000000
119888  52.451  -15.524  30.050 0.0000000000
119889  45.598  -15.936  30.011 0.0000000000
119891  45.077  -16.114  30.441 0.0000000000
119905  46.719  -15.885  29.385 0.0000000000
119906  46.007  -15.908  29.531 0.0000000000
119907  45.305  -16.134  29.622 0.0000000000
119908  44.787  -16.438  29.802 0.0000000000
119980  51.894  -16.225  26.311 0.0000000000
119989  58.077  -15.713  25.335 0.0000000000
119995  53.690  -15.183  24.033 0.0000000000
120000  59.584  -15.704  23.293 0.0000000000
120001  59.296  -16.022  23.630 0.0000000000
120017  60.127  -15.407  21.815 0.0000000000
120018  59.823  -15.758  22.220 0.0000000000
120047  61.076  -15.358  20.086 0.0000000000
120048  60.909  -15.634  20.579 0.0000000000
120061  61.108  -15.339  19.645 0.0000000000
120072  61.138  -15.184  19.117 0.0000000000
121050  47.920  -15.449  35.016 0.0000000000
121052  46.831  -15.518  34.900 0.0000000000
121066  48.851  -15.300  34.322 0.0000000000
121067  48.280  -15.191  34.563 0.0000000000
121069  47.198  -15.215  34.577 0.0000000000
121078  49.027  -14.911  34.006 0.0000000000
121081  46.434  -14.993  33.896 0.0000000000
121088  50.086  -15.217  32.756 0.0000000000
121089  49.490  -14.867  33.082 0.0000000000
121091  46.046  -15.002  32.854 0.0000000000
121092  45.744  -15.384  33.130 0.0000000000
121103  45.469  -15.677  32.073 0.0000000000
121115  45.470  -15.719  31.651 0.0000000000
121116  45.050  -16.039  31.149 0.0000000000
121123  51.901  -15.049  30.489 0.0000000000
121126  46.904  -15.177  31.139 0.0000000000
121128  45.727  -15.661  31.347 0.0000000000
121144  47.567  -15.117  30.138 0.0000000000
121145  46.913  -15.525  30.388 0.0000000000
121160  49.067  -14.716  29.123 0.0000000000
121223  59.071  -14.813  24.809 0.0000000000
121226  57.855  -14.910  25.493 0.0000000000
121232  59.217  -15.224  24.435 0.0000000000
121240  59.673  -15.190  23.137 0.0000000000
121255  60.139  -14.876  22.060 0.0000000000
121275  60.955  -14.933  20.434 0.0000000000
121284  61.134  -14.742  19.351 0.0000000000
121334  60.219  -14.501  16.949 0.0000000000
122258  48.114  -14.988  34.345 0.0000000000
122259  47.736  -14.976  34.270 0.0000000000
122260  47.317  -14.955  34.114 0.0000000000
122273  48.188  -14.823  33.926 0.0000000000
122275  47.014  -14.730  33.661 0.0000000000
122276  46.435  -14.785  33.245 0.0000000000
122286  49.247  -14.336  32.748 0.0000000000
122287  48.790  -14.190  33.036 0.0000000000
122288  48.236  -14.542  33.454 0.0000000000
122289  47.544  -14.532  33.294 0.0000000000
122300  49.415  -14.422  32.119 0.0000000000
122303  47.581  -14.327  32.253 0.0000000000
122305  46.421  -14.768  31.978 0.0000000000
122314  50.329  -14.610  31.307 0.0000000000
122319  47.056  -14.419  31.766 0.0000000000
122328  51.131  -14.823  30.471 0.0000000000
122329  50.552  -14.594  30.776 0.0000000000
122330  49.706  -14.423  30.933 0.0000000000
122335  46.801  -14.804  31.547 0.0000000000
122342  48.662  -14.300  30.224 0.0000000000
122343  48.145  -14.330  30.437 0.0000000000
122384  56.936  -14.430  25.453 0.0000000000
122392  57.932  -14.275  25.011 0.0000000000
122409  59.662  -14.548  23.010 0.0000000000
122410  59.141  -14.199  23.541 0.0000000000
122479  60.956  -14.451  20.192 0.0000000000
122513  61.296  -13.956  17.913 0.0000000000
122553  61.062  -13.577  15.874 0.0000000000
123610  58.110  -13.803  24.549 0.0000000000
123621  58.790  -13.699  23.895 0.0000000000
123623  57.885  -13.371  24.311 0.0000000000
123648  58.609  -13.075  23.615 0.0000000000
123649  58.150  -13.073  23.739 0.0000000000
123651  56.500  -13.378  23.540 0.0000000000
123672  56.537  -13.187  22.904 0.0000000000
123682  60.794  -13.296  21.505 0.0000000000
123693  60.783  -13.594  20.844 0.0000000000
123703  61.087  -13.161  19.504 0.0000000000
124855  58.678  -12.063  22.870 0.0000000000
124866  60.609  -12.686  21.456 0.0000000000
126054  59.362  -11.499  21.751 0.0000000000
127229  59.203  -11.048  21.293 0.0000000000
127237  60.364  -11.118  20.564 0.0000000000
127238  60.084  -10.952  20.899 0.0000000000
127239  59.611  -10.871  20.945 0.0000000000
127249  60.572  -10.748  20.087 0.0000000000
127251  59.806  -10.546  20.443 0.0000000000
222253  29.291  -36.352  44.860 0.0000000000
222728  44.613  -24.686  35.170 0.0000000000
223448  57.532  -17.718  24.486 0.0000000000
223771  44.734  -23.946  35.418 0.0000000000
223779  49.540  -20.464  35.363 0.0000000000
223784  49.606  -20.225  34.949 0.0000000000
224105  50.030  -21.997  33.470 0.0000000000
224628  31.259  -37.560  42.556 0.0000000000
225138  52.055  -14.707  29.987 0.0000000000
225464  50.487  -25.004  33.648 0.0000000000
225946  40.260  -32.881  41.210 0.0000000000
227026  49.670  -27.665  34.296 0.0000000000
227188  49.526  -23.681  34.458 0.0000000000
227873  37.142  -34.555  41.147 0.0000000000
227979  50.389  -23.933  33.842 0.0000000000
228296  44.665  -27.527  38.791 0.0000000000
228743  47.217  -18.762  36.758 0.0000000000
228881  50.381  -27.853  34.011 0.0000000000
229231  33.072  -36.535  44.425 0.0000000000
229912  43.031  -29.189  38.992 0.0000000000
230146  60.705  -14.502  21.295 0.0000000000
230277  45.478  -30.941  38.591 0.0000000000
230967  38.537  -34.214  41.908 0.0000000000
231278  44.934  -32.744  38.288 0.0000000000
231493  60.018  -15.342  22.348 0.0000000000
231656  58.852  -17.060  21.388 0.0000000000
231857  43.247  -29.537  39.736 0.0000000000
231919  45.067  -19.310  33.660 0.0000000000
232049  41.897  -34.729  40.137 0.0000000000
232230  51.863  -17.507  30.563 0.0000000000
232808  45.586  -24.543  37.828 0.0000000000
234456  48.263  -18.674  35.971 0.0000000000
234593  57.122  -13.927  25.120 0.0000000000
235088  46.220  -29.640  36.924 0.0000000000
237155  44.849  -24.306  37.703 0.0000000000
237180  45.666  -16.934  35.208 0.0000000000
237257  44.295  -29.416  39.264 0.0000000000
237414  50.319  -14.722  29.008 0.0000000000
240241  46.939  -26.430  36.580 0.0000000000
240669  49.851  -25.637  34.615 0.0000000000
240708  50.118  -14.489  31.003 0.0000000000
241046  61.370  -12.945  18.247 0.0000000000
241103  47.796  -14.597  30.393 0.0000000000
241181  35.079  -37.465  44.852 0.0000000000
242068  47.366  -14.411  32.771 0.0000000000
242138  45.431  -17.086  34.186 0.0000000000
243477  50.560  -26.801  33.105 0.0000000000
244694  50.454  -25.763  33.353 0.0000000000
245788  44.808  -17.683  33.124 0.0000000000
246989  49.637  -14.305  30.329 0.0000000000
247092  44.627  -17.767  32.616 0.0000000000
247110  60.305  -13.699  21.856 0.0000000000
247982  43.662  -16.965  30.286 0.0000000000
248074  48.565  -18.188  34.785 0.0000000000
248275  49.332  -14.370  29.473 0.0000000000
253449  46.374  -14.668  32.595 0.0000000000
254217  45.023  -22.509  35.049 0.0000000000
254930  46.021  -15.245  34.088 0.0000000000
255574  58.457  -16.811  23.466 0.0000000000
256520  43.995  -28.004  38.751 0.0000000000
256569  58.198  -16.721  23.912 0.0000000000
259243  56.771  -14.895  25.705 0.0000000000
259338  46.735  -22.640  37.770 0.0000000000
259538  43.016  -32.500  39.855 0.0000000000
259730  50.012  -28.079  34.173 0.0000000000
260042  59.436  -16.768  21.474 0.0000000000
260433  47.892  -18.276  36.178 0.0000000000
261023  58.640  -15.249  25.044 0.0000000000
261186  45.622  -25.023  38.038 0.0000000000
261232  33.477  -36.865  44.979 0.0000000000
261406  45.721  -15.398  32.057 0.0000000000
261708  33.800  -37.992  45.686 0.0000000000
261846  44.702  -23.009  36.639 0.0000000000
262715  46.192  -15.616  31.055 0.0000000000
263849  44.900  -21.516  34.361 0.0000000000
263987  45.588  -19.788  35.895 0.0000000000
264602  59.390  -10.679  20.345 0.0000000000
265008  44.952  -22.045  36.136 0.0000000000
265401  45.584  -17.080  34.753 0.0000000000
265823  49.393  -22.313  36.738 0.0000000000
266025  44.105  -25.701  36.581 0.0000000000
266310  45.255  -15.970  32.098 0.0000000000
266414  60.946  -13.469  19.850 0.0000000000
266622  56.239  -13.563  22.703 0.0000000000
266638  50.516  -25.543  34.018 0.0000000000
266833  60.997  -12.730  19.779 0.0000000000
267013  44.893  -22.534  35.634 0.0000000000
267108  45.271  -32.692  37.537 0.0000000000
267405  44.123  -25.073  36.853 0.0000000000
267679  45.176  -26.721  38.696 0.0000000000
267738  59.792  -17.366  23.138 0.0000000000
