#!ascii label  , from subject sub-v2s11x28684_ses-1 vox2ras=TkReg
1718
101053  34.067  -19.802  22.774 0.0000000000
248264  48.431  -0.615  10.637 0.0000000000
118609  39.767  -8.872  16.688 0.0000000000
99655  16.198  -21.277  34.592 0.0000000000
110803  28.503  -13.578  26.540 0.0000000000
125692  40.623  -4.395  16.322 0.0000000000
253413  22.412  -19.929  30.707 0.0000000000
92573  21.290  -24.598  34.541 0.0000000000
104767  25.313  -17.557  28.817 0.0000000000
227408  52.934  -0.207  10.141 0.0000000000
109720  34.610  -15.164  23.155 0.0000000000
112049  36.075  -12.512  21.006 0.0000000000
104824  39.596  -17.753  24.256 0.0000000000
136921  51.125  3.888  9.474 0.0000000000
135755  54.174  3.162  6.462 0.0000000000
131196  45.004  -0.217  13.575 0.0000000000
125748  48.094  -4.159  13.177 0.0000000000
229422  44.099  -4.311  14.122 0.0000000000
119864  43.558  -8.529  16.241 0.0000000000
215923  32.996  -22.488  28.030 0.0000000000
237900  14.198  -25.139  37.831 0.0000000000
91045  10.252  -25.971  39.442 0.0000000000
90984  7.202  -25.823  42.624 0.0000000000
104829  30.353  -18.065  24.128 0.0000000000
100959  28.277  -20.709  27.928 0.0000000000
120973  34.905  -7.756  19.591 0.0000000000
114597  40.233  -11.689  20.604 0.0000000000
140365  56.935  6.133  5.875 0.0000000000
131261  50.162  -0.129  10.013 0.0000000000
129079  50.282  -2.143  11.453 0.0000000000
104859  35.360  -17.867  22.292 0.0000000000
107449  36.523  -16.544  21.429 0.0000000000
102275  36.939  -18.931  23.243 0.0000000000
134513  47.845  1.654  11.479 0.0000000000
135715  49.642  3.366  11.595 0.0000000000
240423  49.182  1.754  9.988 0.0000000000
134541  51.200  1.713  8.630 0.0000000000
84226  8.530  -30.210  43.723 0.0000000000
127895  44.069  -2.329  13.808 0.0000000000
129029  42.758  -2.428  15.090 0.0000000000
122107  40.038  -6.570  16.234 0.0000000000
122122  41.326  -6.637  15.335 0.0000000000
119867  41.512  -8.623  15.992 0.0000000000
115918  42.341  -11.054  17.622 0.0000000000
96973  18.536  -22.980  33.884 0.0000000000
94005  19.678  -24.353  36.641 0.0000000000
96919  17.622  -22.937  36.200 0.0000000000
95436  16.073  -24.203  37.803 0.0000000000
95491  15.115  -23.376  35.812 0.0000000000
222708  11.097  -23.365  38.331 0.0000000000
91032  8.517  -25.543  40.655 0.0000000000
108579  29.528  -15.647  25.251 0.0000000000
102253  28.609  -19.378  24.832 0.0000000000
251353  27.272  -17.208  25.664 0.0000000000
98433  25.343  -21.287  31.323 0.0000000000
102119  26.690  -18.936  31.242 0.0000000000
109723  40.328  -14.385  22.960 0.0000000000
114572  38.467  -11.778  20.791 0.0000000000
127871  41.932  -2.835  16.368 0.0000000000
125668  39.693  -4.673  18.321 0.0000000000
123213  37.885  -5.977  17.852 0.0000000000
95556  24.766  -23.163  31.600 0.0000000000
92561  24.103  -24.783  35.387 0.0000000000
95560  22.130  -23.559  31.739 0.0000000000
98390  19.921  -22.306  33.112 0.0000000000
102055  18.431  -19.850  34.074 0.0000000000
108559  26.123  -15.722  26.748 0.0000000000
110780  24.104  -14.209  28.391 0.0000000000
104751  23.635  -18.237  29.027 0.0000000000
113275  33.164  -12.815  24.431 0.0000000000
115824  32.796  -10.965  21.807 0.0000000000
110863  34.247  -13.675  21.410 0.0000000000
108607  38.487  -15.828  21.744 0.0000000000
139296  54.145  5.180  7.556 0.0000000000
136936  52.666  3.376  7.562 0.0000000000
133381  52.809  1.391  7.770 0.0000000000
131214  46.688  -0.275  11.712 0.0000000000
127944  48.148  -2.325  11.702 0.0000000000
129066  46.041  -1.920  12.412 0.0000000000
125751  45.864  -4.093  13.391 0.0000000000
123262  45.983  -6.009  14.855 0.0000000000
125716  42.017  -4.150  14.914 0.0000000000
238543  43.853  -6.275  14.877 0.0000000000
98548  33.544  -21.338  24.868 0.0000000000
100997  36.682  -20.729  25.872 0.0000000000
254587  46.855  1.248  13.511 0.0000000000
100819  14.032  -20.500  35.825 0.0000000000
95457  12.429  -23.549  36.996 0.0000000000
92517  11.872  -25.295  38.425 0.0000000000
89592  11.785  -27.134  40.336 0.0000000000
89580  9.951  -27.359  40.741 0.0000000000
86922  8.039  -28.043  41.914 0.0000000000
88265  6.644  -27.573  43.339 0.0000000000
254583  5.345  -27.401  44.515 0.0000000000
102279  32.335  -19.480  23.159 0.0000000000
99822  31.064  -20.943  24.899 0.0000000000
221621  30.244  -22.607  27.811 0.0000000000
103433  26.724  -18.383  27.819 0.0000000000
119842  36.729  -8.549  17.691 0.0000000000
117205  34.684  -9.954  19.947 0.0000000000
117238  36.642  -10.282  18.951 0.0000000000
115922  39.404  -10.999  17.924 0.0000000000
102207  40.043  -19.856  27.206 0.0000000000
140394  58.666  6.002  3.684 0.0000000000
248560  55.672  4.753  6.009 0.0000000000
136969  57.813  3.945  4.510 0.0000000000
131246  49.011  -0.494  10.317 0.0000000000
130176  50.730  -1.294  10.802 0.0000000000
129097  49.338  -1.582  10.852 0.0000000000
103515  34.888  -18.866  22.274 0.0000000000
103528  36.309  -18.981  22.195 0.0000000000
102276  35.981  -19.834  23.333 0.0000000000
132281  47.467  0.661  10.983 0.0000000000
134530  48.576  1.612  10.485 0.0000000000
132296  48.534  0.626  10.146 0.0000000000
132294  49.908  0.450  9.721 0.0000000000
84210  6.901  -30.397  43.992 0.0000000000
130109  43.648  -1.180  15.370 0.0000000000
130102  43.300  -1.558  15.903 0.0000000000
121010  39.215  -7.483  16.495 0.0000000000
119880  40.507  -7.908  15.885 0.0000000000
233518  40.435  -9.021  16.443 0.0000000000
115936  42.445  -10.585  16.903 0.0000000000
117276  40.634  -10.149  16.650 0.0000000000
96975  17.263  -22.267  34.437 0.0000000000
255742  17.870  -22.923  35.081 0.0000000000
221574  16.487  -22.410  35.168 0.0000000000
96922  15.867  -23.182  36.088 0.0000000000
98350  15.035  -22.236  35.151 0.0000000000
109693  29.094  -14.557  25.862 0.0000000000
227262  28.030  -15.839  25.231 0.0000000000
109707  26.913  -15.241  25.702 0.0000000000
96972  26.651  -22.915  33.184 0.0000000000
119782  33.014  -8.119  23.130 0.0000000000
111995  41.498  -13.317  24.038 0.0000000000
124460  38.711  -5.114  18.274 0.0000000000
245538  38.142  -4.933  18.733 0.0000000000
98435  23.563  -21.853  30.573 0.0000000000
95558  23.408  -23.665  31.560 0.0000000000
98436  22.477  -22.338  31.137 0.0000000000
98388  21.338  -22.055  32.856 0.0000000000
99667  20.957  -21.318  33.515 0.0000000000
254773  19.303  -21.181  33.480 0.0000000000
111937  25.215  -13.012  27.805 0.0000000000
107295  22.648  -16.609  30.687 0.0000000000
107330  23.077  -15.810  29.611 0.0000000000
102145  23.047  -19.382  29.659 0.0000000000
99730  24.156  -20.919  30.258 0.0000000000
112020  33.450  -12.982  22.675 0.0000000000
109730  34.312  -14.593  22.347 0.0000000000
104857  38.394  -17.624  22.585 0.0000000000
107460  37.642  -16.287  21.227 0.0000000000
107425  39.432  -16.766  23.224 0.0000000000
107423  40.496  -16.196  23.680 0.0000000000
106166  41.512  -17.211  25.024 0.0000000000
136916  50.474  3.936  10.668 0.0000000000
138141  52.545  4.548  8.314 0.0000000000
136929  51.579  3.806  8.761 0.0000000000
132307  51.831  0.655  9.407 0.0000000000
251964  52.334  1.603  8.090 0.0000000000
132306  53.054  0.408  9.145 0.0000000000
131202  45.687  -0.130  12.752 0.0000000000
130145  46.112  -1.141  12.295 0.0000000000
130146  45.576  -1.306  12.681 0.0000000000
126848  44.149  -3.184  13.740 0.0000000000
126870  44.879  -3.398  13.357 0.0000000000
125729  44.757  -4.509  13.916 0.0000000000
124525  45.880  -5.052  14.150 0.0000000000
124508  44.767  -5.598  14.657 0.0000000000
126811  40.981  -3.764  16.647 0.0000000000
127887  41.462  -3.310  15.189 0.0000000000
125704  41.059  -4.404  15.643 0.0000000000
121022  42.394  -7.502  15.551 0.0000000000
122134  42.868  -6.527  15.086 0.0000000000
247643  43.725  -7.280  15.496 0.0000000000
121019  44.931  -7.430  15.760 0.0000000000
98536  33.380  -22.152  26.036 0.0000000000
220159  35.217  -22.201  26.845 0.0000000000
132230  45.596  0.400  14.351 0.0000000000
132242  46.000  0.794  14.010 0.0000000000
132249  46.498  0.643  12.766 0.0000000000
92571  22.592  -24.981  34.844 0.0000000000
92555  22.230  -24.890  36.064 0.0000000000
94007  15.392  -24.472  37.541 0.0000000000
93952  15.798  -24.689  39.062 0.0000000000
92513  14.766  -25.429  39.247 0.0000000000
92514  14.065  -25.557  39.028 0.0000000000
100797  13.831  -20.245  37.201 0.0000000000
251907  12.970  -22.059  35.997 0.0000000000
98320  12.335  -21.734  37.268 0.0000000000
93956  10.260  -23.917  38.669 0.0000000000
93954  11.284  -24.673  38.275 0.0000000000
230487  11.175  -25.196  38.551 0.0000000000
91043  11.887  -26.421  39.250 0.0000000000
91029  10.694  -26.618  39.809 0.0000000000
89579  10.699  -27.552  40.683 0.0000000000
91030  9.926  -26.289  40.028 0.0000000000
91003  7.773  -25.729  41.693 0.0000000000
89582  8.393  -26.804  41.170 0.0000000000
89565  7.511  -26.885  42.152 0.0000000000
86904  7.420  -28.143  42.407 0.0000000000
89551  7.092  -26.542  42.636 0.0000000000
106186  31.672  -18.106  24.840 0.0000000000
104827  32.258  -18.314  24.401 0.0000000000
103504  31.352  -18.860  23.796 0.0000000000
101024  31.374  -20.396  24.038 0.0000000000
102265  30.396  -19.652  24.087 0.0000000000
102225  28.843  -20.019  26.202 0.0000000000
99790  29.644  -21.193  26.574 0.0000000000
99776  29.285  -21.898  27.541 0.0000000000
107363  25.404  -16.408  27.593 0.0000000000
241404  26.412  -17.219  27.223 0.0000000000
104766  25.846  -17.634  28.604 0.0000000000
261064  28.075  -18.427  31.136 0.0000000000
125761  48.169  -3.525  12.584 0.0000000000
127927  49.436  -3.091  12.000 0.0000000000
254550  49.407  -4.211  12.731 0.0000000000
123197  35.615  -6.180  19.490 0.0000000000
122081  36.119  -6.678  18.550 0.0000000000
120980  35.512  -8.039  18.837 0.0000000000
113342  34.455  -11.949  21.037 0.0000000000
225444  33.600  -10.476  20.780 0.0000000000
115835  35.106  -11.030  20.536 0.0000000000
114599  38.923  -11.558  20.631 0.0000000000
115877  36.847  -10.673  19.813 0.0000000000
115875  38.146  -11.251  19.604 0.0000000000
115924  37.821  -10.734  18.484 0.0000000000
114638  39.541  -11.429  19.368 0.0000000000
114636  40.925  -11.673  19.025 0.0000000000
100984  38.087  -20.285  26.899 0.0000000000
140384  58.038  6.129  4.544 0.0000000000
136934  53.811  3.961  6.900 0.0000000000
139303  54.884  5.240  6.768 0.0000000000
136949  54.976  3.916  6.153 0.0000000000
135776  56.768  2.997  5.271 0.0000000000
135775  57.979  2.967  4.914 0.0000000000
104725  22.052  -17.844  31.177 0.0000000000
227816  22.050  -20.028  31.257 0.0000000000
131259  51.542  -0.268  10.122 0.0000000000
130174  52.895  -1.036  10.913 0.0000000000
245724  51.595  -1.245  10.764 0.0000000000
108592  35.512  -16.333  23.224 0.0000000000
108600  35.516  -16.203  22.069 0.0000000000
235873  36.185  -17.701  21.795 0.0000000000
103526  37.409  -18.376  22.510 0.0000000000
103500  38.415  -18.533  24.106 0.0000000000
135691  49.304  2.708  12.714 0.0000000000
134511  48.769  2.523  11.506 0.0000000000
135723  49.598  2.771  10.651 0.0000000000
135737  50.065  2.536  9.579 0.0000000000
135743  51.153  2.469  8.607 0.0000000000
133354  50.178  1.418  9.172 0.0000000000
132308  50.991  0.756  9.276 0.0000000000
231098  9.072  -29.828  43.518 0.0000000000
131186  44.565  -0.438  14.660 0.0000000000
130124  44.527  -1.180  13.723 0.0000000000
221588  44.217  -0.951  14.300 0.0000000000
129041  43.582  -2.018  14.357 0.0000000000
127897  43.190  -3.066  14.507 0.0000000000
123236  40.024  -5.829  16.288 0.0000000000
123250  40.970  -5.437  15.394 0.0000000000
122123  40.638  -6.697  15.768 0.0000000000
119878  41.925  -8.039  15.778 0.0000000000
119865  42.921  -8.617  16.148 0.0000000000
117273  43.021  -10.192  16.771 0.0000000000
115899  43.824  -11.375  18.176 0.0000000000
97049  33.243  -22.581  30.149 0.0000000000
94078  19.460  -23.820  33.961 0.0000000000
94048  20.370  -24.545  35.598 0.0000000000
95502  18.885  -23.581  35.063 0.0000000000
95470  18.805  -23.750  36.559 0.0000000000
95452  18.048  -23.658  37.309 0.0000000000
95473  15.469  -23.718  36.428 0.0000000000
95455  14.178  -24.184  36.823 0.0000000000
98305  11.988  -21.753  38.427 0.0000000000
95406  10.286  -23.324  39.375 0.0000000000
93930  9.512  -24.437  39.473 0.0000000000
91031  9.151  -25.933  40.245 0.0000000000
93896  8.713  -24.202  40.816 0.0000000000
93897  8.342  -24.539  41.176 0.0000000000
93882  7.690  -24.804  42.259 0.0000000000
107415  29.746  -16.927  24.646 0.0000000000
224112  29.184  -18.410  24.034 0.0000000000
104831  28.893  -17.910  24.322 0.0000000000
104814  27.901  -18.456  25.092 0.0000000000
102227  28.036  -19.102  26.712 0.0000000000
102142  25.423  -19.244  29.991 0.0000000000
250629  25.978  -18.874  29.728 0.0000000000
100897  25.744  -19.625  31.807 0.0000000000
222037  47.950  -5.217  13.916 0.0000000000
120961  34.029  -7.944  20.659 0.0000000000
234509  38.414  -13.302  21.236 0.0000000000
221791  37.030  -11.657  21.091 0.0000000000
112031  39.485  -12.993  22.044 0.0000000000
114552  39.826  -11.528  22.050 0.0000000000
141429  56.699  6.497  6.493 0.0000000000
82933  5.450  -30.445  44.651 0.0000000000
127853  41.682  -3.215  17.728 0.0000000000
245849  40.985  -3.706  17.356 0.0000000000
124473  40.130  -4.651  16.860 0.0000000000
123225  39.281  -5.761  17.050 0.0000000000
123238  38.954  -6.406  16.911 0.0000000000
121011  38.538  -7.476  16.730 0.0000000000
94086  25.973  -24.305  33.282 0.0000000000
94060  25.502  -25.001  35.020 0.0000000000
94088  24.666  -24.667  33.162 0.0000000000
92594  23.384  -24.900  33.268 0.0000000000
94091  21.499  -24.380  33.184 0.0000000000
98417  22.025  -22.164  31.803 0.0000000000
97006  21.335  -23.028  32.484 0.0000000000
95532  20.633  -23.672  33.052 0.0000000000
96990  18.826  -22.755  33.314 0.0000000000
98392  18.243  -21.871  33.412 0.0000000000
100856  17.107  -20.459  34.047 0.0000000000
110819  26.581  -14.414  26.206 0.0000000000
245828  25.880  -13.588  26.963 0.0000000000
245964  24.984  -15.129  27.188 0.0000000000
229216  24.404  -16.221  28.375 0.0000000000
220419  23.362  -14.314  29.665 0.0000000000
107329  23.827  -16.394  28.796 0.0000000000
104750  24.182  -18.149  28.883 0.0000000000
99729  24.735  -20.612  30.546 0.0000000000
97019  25.216  -22.522  31.572 0.0000000000
115797  32.438  -10.851  24.730 0.0000000000
117169  32.382  -10.121  23.348 0.0000000000
113302  32.627  -12.093  22.895 0.0000000000
113318  33.846  -12.336  21.428 0.0000000000
110870  35.335  -13.525  20.676 0.0000000000
109728  35.374  -15.209  21.505 0.0000000000
109739  36.473  -14.752  20.920 0.0000000000
110859  37.141  -13.937  20.759 0.0000000000
233490  39.428  -14.639  22.032 0.0000000000
221150  41.373  -15.429  24.270 0.0000000000
139287  53.378  5.284  8.522 0.0000000000
138151  53.483  4.370  7.469 0.0000000000
241884  53.083  3.148  7.168 0.0000000000
135742  51.719  2.539  8.306 0.0000000000
134548  52.513  2.060  7.737 0.0000000000
131231  47.169  -0.347  11.255 0.0000000000
130160  48.180  -1.642  11.331 0.0000000000
129083  47.074  -1.328  11.731 0.0000000000
231768  46.728  -2.191  12.164 0.0000000000
126883  46.637  -3.243  12.662 0.0000000000
239528  45.200  -2.444  12.955 0.0000000000
126884  45.962  -3.103  12.831 0.0000000000
125750  46.579  -4.117  13.389 0.0000000000
124524  46.602  -4.985  14.168 0.0000000000
123261  46.677  -5.909  14.844 0.0000000000
129022  42.213  -2.681  15.789 0.0000000000
127885  42.649  -3.010  14.874 0.0000000000
249070  43.159  -4.264  14.606 0.0000000000
123266  41.982  -5.630  14.952 0.0000000000
219835  42.708  -5.472  14.779 0.0000000000
124509  43.462  -5.299  14.631 0.0000000000
123264  44.448  -6.196  14.877 0.0000000000
242792  34.310  -20.669  24.003 0.0000000000
99847  35.526  -20.724  24.074 0.0000000000
99818  34.923  -21.173  25.090 0.0000000000
99775  36.500  -21.330  27.535 0.0000000000
231474  47.283  1.516  12.558 0.0000000000
133325  47.107  0.876  11.549 0.0000000000
100836  16.102  -20.076  34.662 0.0000000000
102009  15.059  -18.960  35.907 0.0000000000
100838  15.022  -20.623  35.076 0.0000000000
96943  14.315  -22.401  35.481 0.0000000000
95475  13.746  -23.598  36.347 0.0000000000
95456  13.199  -24.025  36.775 0.0000000000
95438  11.518  -23.201  37.871 0.0000000000
93981  12.131  -24.521  37.598 0.0000000000
92532  13.124  -25.352  38.161 0.0000000000
91054  13.026  -25.934  39.072 0.0000000000
234563  12.978  -26.401  40.060 0.0000000000
88278  9.952  -28.345  41.496 0.0000000000
89581  9.122  -27.141  40.807 0.0000000000
88279  9.215  -28.195  41.550 0.0000000000
86902  8.969  -28.966  42.401 0.0000000000
85580  8.301  -29.133  42.768 0.0000000000
85582  6.979  -28.571  42.873 0.0000000000
85566  6.066  -28.914  43.899 0.0000000000
89541  6.466  -26.523  43.860 0.0000000000
252498  6.253  -27.760  43.794 0.0000000000
230106  5.608  -28.642  44.354 0.0000000000
104861  34.200  -18.469  22.882 0.0000000000
103503  32.727  -18.928  23.145 0.0000000000
102277  33.355  -19.720  22.806 0.0000000000
101022  32.854  -20.554  23.993 0.0000000000
99820  32.845  -21.432  24.955 0.0000000000
98537  32.057  -21.913  25.935 0.0000000000
101011  30.150  -20.487  25.085 0.0000000000
98539  30.817  -21.561  25.897 0.0000000000
97071  32.324  -22.640  28.383 0.0000000000
107390  26.704  -16.255  26.539 0.0000000000
104788  27.076  -17.691  26.608 0.0000000000
102210  27.549  -19.380  27.738 0.0000000000
103382  26.979  -18.738  29.700 0.0000000000
100940  27.696  -19.383  30.013 0.0000000000
99741  28.529  -20.890  29.245 0.0000000000
127943  49.179  -2.571  11.653 0.0000000000
123203  36.978  -5.679  18.489 0.0000000000
122089  37.343  -7.119  17.549 0.0000000000
221181  37.759  -8.673  17.093 0.0000000000
239535  32.886  -9.619  21.644 0.0000000000
118530  33.606  -9.163  20.759 0.0000000000
258607  34.875  -9.276  19.661 0.0000000000
115854  36.363  -10.678  20.262 0.0000000000
117220  35.515  -10.060  19.602 0.0000000000
119833  35.486  -9.001  19.064 0.0000000000
118576  35.951  -9.653  18.406 0.0000000000
117279  37.559  -9.807  17.540 0.0000000000
117277  39.530  -10.100  17.117 0.0000000000
115920  40.849  -11.467  17.496 0.0000000000
101019  36.867  -19.938  24.983 0.0000000000
259341  38.777  -19.429  25.452 0.0000000000
103458  40.471  -18.919  25.953 0.0000000000
103414  42.015  -19.184  27.773 0.0000000000
104779  41.705  -18.524  26.866 0.0000000000
141456  59.105  7.324  4.087 0.0000000000
139302  55.374  5.504  6.543 0.0000000000
139309  56.193  5.428  5.876 0.0000000000
136947  56.222  3.587  5.457 0.0000000000
138165  56.368  4.347  5.356 0.0000000000
139316  57.151  5.205  5.023 0.0000000000
237886  58.025  4.965  4.255 0.0000000000
138198  58.882  4.538  3.496 0.0000000000
130178  49.376  -1.029  10.485 0.0000000000
129098  48.851  -1.067  10.703 0.0000000000
102292  34.422  -19.289  22.520 0.0000000000
231362  35.122  -19.326  22.352 0.0000000000
101052  34.829  -19.805  22.822 0.0000000000
241048  47.753  0.220  10.721 0.0000000000
132280  47.951  0.660  10.426 0.0000000000
131247  48.326  0.015  10.439 0.0000000000
131263  48.900  0.141  10.108 0.0000000000
119869  39.463  -8.211  16.528 0.0000000000
231096  40.120  -8.391  16.232 0.0000000000
118608  40.742  -9.535  16.565 0.0000000000
118590  40.096  -9.594  16.816 0.0000000000
98377  16.790  -21.708  34.528 0.0000000000
98362  16.781  -22.137  34.846 0.0000000000
227773  16.245  -21.973  34.779 0.0000000000
96958  15.796  -22.361  35.082 0.0000000000
98363  15.607  -21.749  34.860 0.0000000000
110816  28.779  -14.118  26.274 0.0000000000
109694  28.248  -14.489  25.747 0.0000000000
110817  28.017  -14.106  26.076 0.0000000000
94072  26.884  -24.118  34.179 0.0000000000
95515  27.051  -23.206  33.888 0.0000000000
119775  32.777  -8.914  24.001 0.0000000000
99731  22.930  -21.074  30.395 0.0000000000
219329  23.054  -22.175  30.680 0.0000000000
99717  22.475  -20.944  30.770 0.0000000000
246996  22.393  -17.748  30.674 0.0000000000
104735  22.794  -18.027  30.076 0.0000000000
102121  22.668  -19.299  30.330 0.0000000000
100929  23.140  -20.545  30.040 0.0000000000
110844  33.999  -14.138  22.744 0.0000000000
109725  34.287  -14.725  22.855 0.0000000000
104844  39.121  -17.627  23.864 0.0000000000
106210  38.942  -17.096  22.891 0.0000000000
106201  39.701  -17.181  23.822 0.0000000000
106182  40.588  -16.946  24.415 0.0000000000
106155  41.191  -17.829  25.269 0.0000000000
228059  50.552  3.655  9.987 0.0000000000
138126  50.971  4.153  10.259 0.0000000000
138134  51.747  4.402  9.249 0.0000000000
132291  52.526  0.223  9.681 0.0000000000
235990  52.486  0.640  9.039 0.0000000000
86884  10.571  -28.641  43.340 0.0000000000
132251  45.375  0.026  13.237 0.0000000000
131216  45.740  -0.709  12.572 0.0000000000
131203  45.268  -0.619  13.035 0.0000000000
249125  43.956  -3.774  13.987 0.0000000000
125753  44.471  -3.902  13.700 0.0000000000
124527  44.264  -5.001  14.412 0.0000000000
126810  41.103  -3.868  16.005 0.0000000000
119876  43.268  -8.119  15.869 0.0000000000
121021  43.079  -7.668  15.580 0.0000000000
119875  43.880  -7.893  15.983 0.0000000000
98522  33.289  -22.415  26.813 0.0000000000
98506  33.866  -22.396  27.249 0.0000000000
216734  33.720  -22.368  27.936 0.0000000000
132243  45.431  0.292  13.767 0.0000000000
132250  45.881  0.460  13.214 0.0000000000
92572  21.955  -24.833  34.668 0.0000000000
92562  22.809  -24.913  35.527 0.0000000000
92564  21.534  -24.812  35.174 0.0000000000
93978  14.973  -24.938  38.016 0.0000000000
92530  14.546  -25.398  38.492 0.0000000000
92531  13.811  -25.416  38.336 0.0000000000
99605  12.717  -21.109  37.138 0.0000000000
92519  10.062  -24.601  38.904 0.0000000000
93955  10.619  -24.679  38.422 0.0000000000
92518  10.579  -25.485  38.806 0.0000000000
91044  11.057  -26.233  39.268 0.0000000000
92475  7.541  -25.459  42.207 0.0000000000
91004  7.469  -26.165  42.132 0.0000000000
106187  30.733  -17.756  24.733 0.0000000000
106170  31.045  -17.874  25.416 0.0000000000
104828  31.222  -18.303  24.234 0.0000000000
103486  30.624  -18.640  23.946 0.0000000000
102281  30.927  -19.143  23.795 0.0000000000
239166  30.359  -19.053  23.997 0.0000000000
100987  28.571  -20.105  26.857 0.0000000000
99777  29.163  -21.266  27.111 0.0000000000
100958  28.741  -21.322  27.722 0.0000000000
99760  29.006  -21.837  28.201 0.0000000000
254636  28.545  -21.182  28.446 0.0000000000
106111  25.487  -17.141  28.400 0.0000000000
106131  25.589  -16.821  27.942 0.0000000000
125760  48.699  -3.969  12.822 0.0000000000
125747  48.830  -4.469  13.147 0.0000000000
122058  34.734  -7.026  20.136 0.0000000000
122057  35.232  -6.472  20.011 0.0000000000
122073  35.175  -6.989  19.536 0.0000000000
122082  35.579  -6.993  18.970 0.0000000000
120972  35.250  -7.629  19.226 0.0000000000
241515  34.951  -12.329  20.901 0.0000000000
229397  35.242  -11.592  20.751 0.0000000000
113341  35.730  -12.066  20.945 0.0000000000
114598  39.491  -11.523  20.502 0.0000000000
114622  38.680  -11.610  20.097 0.0000000000
114621  39.277  -11.406  19.980 0.0000000000
114639  38.817  -11.424  19.482 0.0000000000
114620  39.981  -11.655  20.016 0.0000000000
217203  40.607  -11.670  20.300 0.0000000000
140364  57.415  6.483  5.553 0.0000000000
223621  58.003  6.827  5.369 0.0000000000
140370  57.762  6.296  5.042 0.0000000000
260173  53.989  3.552  6.650 0.0000000000
136940  54.408  3.812  6.492 0.0000000000
135766  54.873  3.175  6.161 0.0000000000
107278  22.810  -16.205  31.898 0.0000000000
104711  22.140  -18.007  31.862 0.0000000000
107262  22.880  -16.433  32.376 0.0000000000
107279  22.539  -16.279  31.480 0.0000000000
131260  50.869  -0.198  10.091 0.0000000000
130188  51.760  -0.740  10.375 0.0000000000
130189  51.173  -0.777  10.383 0.0000000000
129095  50.637  -1.766  11.239 0.0000000000
236716  51.214  -1.756  11.112 0.0000000000
106211  35.575  -17.236  22.590 0.0000000000
107437  35.588  -16.602  22.705 0.0000000000
106227  35.824  -17.453  22.069 0.0000000000
102290  36.748  -19.147  22.562 0.0000000000
227234  36.668  -18.510  21.998 0.0000000000
103513  37.067  -18.840  22.594 0.0000000000
103502  37.460  -18.513  23.220 0.0000000000
103501  37.829  -18.743  23.895 0.0000000000
134512  48.277  2.132  11.824 0.0000000000
135702  48.732  2.534  12.232 0.0000000000
134522  49.020  2.277  10.717 0.0000000000
135730  49.491  2.306  10.231 0.0000000000
135729  49.841  2.697  10.063 0.0000000000
134529  49.701  2.133  9.714 0.0000000000
134536  50.129  2.028  9.310 0.0000000000
133355  49.604  1.617  9.423 0.0000000000
132309  50.321  0.836  9.272 0.0000000000
132293  50.582  0.340  9.712 0.0000000000
132292  51.283  0.250  9.759 0.0000000000
131179  44.520  -0.367  15.383 0.0000000000
130113  44.039  -0.739  15.023 0.0000000000
129028  43.227  -1.868  15.064 0.0000000000
127884  43.146  -2.504  14.670 0.0000000000
127896  43.607  -2.755  14.196 0.0000000000
251199  40.409  -6.161  15.975 0.0000000000
119868  40.805  -8.530  16.070 0.0000000000
119879  41.197  -7.987  15.748 0.0000000000
119866  42.237  -8.639  16.058 0.0000000000
247722  42.942  -9.602  16.633 0.0000000000
118607  41.849  -9.223  16.280 0.0000000000
115935  43.075  -10.682  17.173 0.0000000000
115900  43.076  -11.112  17.922 0.0000000000
246766  43.114  -11.579  18.414 0.0000000000
131178  45.048  -0.099  15.080 0.0000000000
95517  18.880  -23.506  34.255 0.0000000000
94079  19.252  -23.851  34.526 0.0000000000
96938  17.548  -22.712  35.481 0.0000000000
95490  18.198  -23.068  35.629 0.0000000000
95471  18.276  -23.300  36.568 0.0000000000
96904  17.485  -23.354  36.917 0.0000000000
96920  17.101  -23.044  36.471 0.0000000000
95454  15.044  -24.149  36.919 0.0000000000
95474  14.658  -23.773  36.295 0.0000000000
221233  9.707  -23.386  39.878 0.0000000000
230463  9.722  -23.853  39.198 0.0000000000
253129  9.322  -23.886  39.746 0.0000000000
93912  9.002  -24.400  40.129 0.0000000000
95384  9.190  -23.696  40.436 0.0000000000
93881  8.023  -24.468  41.744 0.0000000000
109703  30.071  -15.415  25.578 0.0000000000
108578  30.129  -15.914  25.327 0.0000000000
217556  30.379  -16.417  25.283 0.0000000000
232136  29.781  -16.329  24.968 0.0000000000
106189  29.332  -17.347  24.428 0.0000000000
107416  29.092  -16.708  24.698 0.0000000000
216254  27.521  -16.918  25.319 0.0000000000
106172  27.996  -17.285  24.939 0.0000000000
226751  27.624  -17.719  25.313 0.0000000000
104801  27.538  -18.361  25.718 0.0000000000
104802  27.312  -17.750  25.986 0.0000000000
100910  25.211  -20.150  30.868 0.0000000000
100925  25.692  -19.468  30.545 0.0000000000
99714  25.400  -20.417  31.311 0.0000000000
122030  33.933  -6.863  21.963 0.0000000000
120936  33.750  -7.599  21.635 0.0000000000
110849  39.266  -13.919  21.745 0.0000000000
236985  38.933  -13.209  21.510 0.0000000000
113273  41.919  -13.046  24.236 0.0000000000
255505  40.288  -12.449  22.683 0.0000000000
113285  41.144  -12.573  23.186 0.0000000000
84212  5.287  -29.593  44.702 0.0000000000
255232  41.316  -3.426  17.552 0.0000000000
125681  40.015  -4.605  17.617 0.0000000000
124474  39.664  -5.163  17.141 0.0000000000
124459  39.388  -4.993  17.940 0.0000000000
123212  38.547  -5.693  17.827 0.0000000000
259354  38.859  -5.926  17.389 0.0000000000
123226  38.498  -6.356  17.523 0.0000000000
122109  38.854  -6.997  16.659 0.0000000000
122098  38.458  -6.913  17.039 0.0000000000
95544  25.319  -23.661  32.116 0.0000000000
94087  25.419  -24.495  33.017 0.0000000000
94099  25.071  -24.318  32.479 0.0000000000
95559  22.716  -23.745  31.683 0.0000000000
92607  23.309  -24.537  32.482 0.0000000000
94115  22.763  -24.196  32.121 0.0000000000
92595  22.722  -24.790  33.053 0.0000000000
94101  21.925  -24.263  32.602 0.0000000000
217997  22.224  -20.273  31.828 0.0000000000
226588  22.024  -20.683  31.449 0.0000000000
236582  22.022  -20.973  32.081 0.0000000000
98405  20.808  -22.595  32.861 0.0000000000
98404  21.614  -22.422  32.448 0.0000000000
96988  20.168  -22.904  32.994 0.0000000000
95533  19.669  -23.619  33.447 0.0000000000
96989  19.503  -22.986  33.119 0.0000000000
100854  18.771  -20.600  33.804 0.0000000000
99686  18.832  -21.781  33.291 0.0000000000
99668  18.440  -21.227  33.495 0.0000000000
99669  17.806  -21.390  33.684 0.0000000000
100855  17.892  -20.613  33.811 0.0000000000
111935  27.119  -12.739  27.168 0.0000000000
113224  26.180  -12.478  27.764 0.0000000000
255300  24.434  -13.824  28.129 0.0000000000
110793  24.818  -13.750  27.696 0.0000000000
223131  24.478  -14.534  27.666 0.0000000000
108549  24.644  -15.391  27.714 0.0000000000
108537  24.358  -15.578  28.229 0.0000000000
225331  23.444  -17.679  29.153 0.0000000000
237577  23.311  -16.480  29.249 0.0000000000
106091  23.669  -17.040  28.982 0.0000000000
104769  23.951  -17.616  28.813 0.0000000000
102166  24.250  -19.277  29.366 0.0000000000
230049  24.279  -22.090  30.738 0.0000000000
99716  24.578  -21.335  30.646 0.0000000000
226624  24.811  -22.429  31.150 0.0000000000
97005  25.476  -22.823  32.003 0.0000000000
227233  32.500  -11.566  24.508 0.0000000000
115808  32.314  -11.015  23.784 0.0000000000
113288  32.588  -12.056  23.873 0.0000000000
261201  33.961  -13.396  21.864 0.0000000000
112033  33.718  -12.902  21.991 0.0000000000
252146  34.661  -13.150  20.964 0.0000000000
110862  34.806  -13.941  21.037 0.0000000000
107450  35.916  -16.398  21.664 0.0000000000
108610  35.220  -15.639  21.916 0.0000000000
108608  36.295  -15.874  21.319 0.0000000000
253932  38.002  -15.897  21.319 0.0000000000
108616  36.787  -15.312  21.072 0.0000000000
108615  37.582  -15.490  21.046 0.0000000000
109738  37.236  -14.642  20.859 0.0000000000
108614  38.262  -15.187  21.412 0.0000000000
109736  38.271  -14.473  21.313 0.0000000000
108606  38.895  -15.217  21.911 0.0000000000
107395  41.717  -16.543  24.859 0.0000000000
108586  40.949  -15.824  23.917 0.0000000000
136894  50.176  3.689  11.911 0.0000000000
139279  53.692  5.679  8.819 0.0000000000
136928  52.166  3.760  8.157 0.0000000000
138152  52.836  4.131  7.724 0.0000000000
136935  53.204  3.706  7.215 0.0000000000
134540  51.601  2.071  8.414 0.0000000000
134547  53.179  1.974  7.367 0.0000000000
130162  47.026  -0.782  11.615 0.0000000000
130144  46.615  -0.901  11.942 0.0000000000
129065  46.579  -1.572  12.029 0.0000000000
127930  47.043  -2.789  12.336 0.0000000000
127931  46.353  -2.636  12.515 0.0000000000
129050  44.541  -1.864  13.500 0.0000000000
129049  44.982  -2.079  13.137 0.0000000000
127911  44.696  -2.620  13.292 0.0000000000
125752  45.153  -4.065  13.458 0.0000000000
126869  45.554  -3.568  13.136 0.0000000000
126868  46.245  -3.629  13.055 0.0000000000
125726  46.932  -4.562  13.763 0.0000000000
125727  46.240  -4.535  13.812 0.0000000000
124507  45.545  -5.575  14.544 0.0000000000
124506  46.281  -5.490  14.506 0.0000000000
129014  42.456  -2.456  16.187 0.0000000000
126833  41.655  -3.657  15.052 0.0000000000
127886  41.920  -3.166  15.069 0.0000000000
126832  42.296  -3.633  14.893 0.0000000000
125715  42.596  -4.226  14.771 0.0000000000
122136  41.381  -5.878  15.151 0.0000000000
122135  41.833  -6.208  15.082 0.0000000000
222641  42.470  -6.103  14.994 0.0000000000
123265  43.253  -6.034  14.795 0.0000000000
221278  43.994  -5.740  14.689 0.0000000000
99834  33.887  -20.943  24.556 0.0000000000
225159  34.452  -20.909  24.705 0.0000000000
99804  34.630  -21.572  25.536 0.0000000000
98504  35.552  -22.024  27.364 0.0000000000
248303  35.641  -21.844  26.860 0.0000000000
134490  47.876  1.822  12.902 0.0000000000
133305  47.356  1.547  13.343 0.0000000000
227278  46.520  0.336  12.044 0.0000000000
133315  46.851  0.992  12.176 0.0000000000
132266  46.956  0.301  11.415 0.0000000000
215958  24.685  -24.799  35.540 0.0000000000
94046  25.446  -24.944  35.810 0.0000000000
216746  24.603  -24.807  36.187 0.0000000000
94031  20.376  -24.570  36.411 0.0000000000
236336  16.565  -23.990  38.033 0.0000000000
228007  16.757  -19.220  34.762 0.0000000000
100796  14.279  -19.845  36.852 0.0000000000
102010  14.768  -19.333  36.508 0.0000000000
100808  14.339  -19.928  36.126 0.0000000000
100817  15.115  -19.872  35.180 0.0000000000
99639  14.474  -20.905  35.381 0.0000000000
98351  14.403  -21.655  35.368 0.0000000000
99640  13.979  -21.091  35.647 0.0000000000
96924  12.549  -22.487  36.411 0.0000000000
230187  13.275  -22.903  36.028 0.0000000000
95476  12.784  -23.292  36.448 0.0000000000
96871  11.282  -22.695  38.429 0.0000000000
96888  11.669  -22.338  37.949 0.0000000000
92534  11.764  -24.744  37.976 0.0000000000
93980  12.909  -24.972  37.597 0.0000000000
92533  12.408  -25.095  38.019 0.0000000000
92516  12.703  -25.556  38.527 0.0000000000
89603  11.466  -26.800  39.734 0.0000000000
91028  12.320  -26.705  40.001 0.0000000000
88294  11.019  -27.907  41.272 0.0000000000
88295  10.310  -27.966  41.078 0.0000000000
86919  10.367  -28.536  42.041 0.0000000000
91018  8.753  -26.350  40.681 0.0000000000
88280  8.091  -27.309  41.702 0.0000000000
88297  8.783  -27.588  41.254 0.0000000000
248856  8.577  -27.922  41.655 0.0000000000
86921  8.764  -28.450  41.942 0.0000000000
86903  8.173  -28.601  42.317 0.0000000000
86905  6.875  -28.021  42.873 0.0000000000
85565  6.649  -29.024  43.388 0.0000000000
253005  6.491  -28.293  43.461 0.0000000000
90985  6.869  -26.181  43.192 0.0000000000
90965  6.491  -25.801  43.700 0.0000000000
88256  5.893  -27.575  44.218 0.0000000000
86885  5.952  -28.198  44.081 0.0000000000
86867  5.329  -28.011  44.449 0.0000000000
225297  31.995  -18.925  23.635 0.0000000000
104849  32.546  -18.614  23.803 0.0000000000
102294  32.882  -19.224  22.754 0.0000000000
102278  32.918  -19.723  23.022 0.0000000000
101039  33.139  -20.196  23.374 0.0000000000
101040  32.494  -20.090  23.481 0.0000000000
99837  31.525  -20.890  24.472 0.0000000000
99836  32.138  -21.120  24.733 0.0000000000
99821  31.585  -21.225  25.095 0.0000000000
99805  32.148  -21.543  25.339 0.0000000000
99806  31.527  -21.564  25.631 0.0000000000
103488  29.246  -19.122  24.285 0.0000000000
101027  29.663  -19.800  24.428 0.0000000000
101012  29.489  -20.263  25.017 0.0000000000
254988  30.255  -22.145  26.890 0.0000000000
99789  30.267  -21.548  26.545 0.0000000000
98510  30.675  -22.483  27.095 0.0000000000
98524  31.244  -22.404  26.632 0.0000000000
230098  31.042  -22.598  27.759 0.0000000000
97072  31.657  -22.786  28.722 0.0000000000
98485  30.897  -22.664  28.456 0.0000000000
109697  26.237  -15.198  26.388 0.0000000000
109696  26.705  -15.094  26.037 0.0000000000
108571  26.510  -15.835  26.470 0.0000000000
104781  26.505  -17.815  27.542 0.0000000000
251208  26.794  -17.604  27.042 0.0000000000
104780  27.102  -18.153  27.132 0.0000000000
103432  27.275  -18.779  27.484 0.0000000000
103416  26.997  -18.874  28.127 0.0000000000
102140  27.073  -18.483  30.337 0.0000000000
103383  26.590  -18.762  29.677 0.0000000000
100908  28.430  -19.152  31.045 0.0000000000
100924  27.852  -18.787  30.823 0.0000000000
100923  28.252  -19.730  30.438 0.0000000000
100939  28.083  -20.231  29.640 0.0000000000
129081  48.837  -2.060  11.342 0.0000000000
256975  48.696  -2.483  11.667 0.0000000000
124434  37.202  -4.792  19.304 0.0000000000
124449  36.800  -5.353  19.025 0.0000000000
234767  36.279  -7.230  18.179 0.0000000000
122090  36.842  -7.114  17.818 0.0000000000
120987  37.027  -7.741  17.523 0.0000000000
120997  37.624  -7.552  17.263 0.0000000000
119855  37.374  -8.284  17.245 0.0000000000
115825  32.558  -10.737  22.235 0.0000000000
117174  32.831  -9.543  22.270 0.0000000000
117181  32.736  -10.234  21.820 0.0000000000
115857  34.169  -10.216  20.341 0.0000000000
117191  33.599  -9.829  20.696 0.0000000000
118542  34.021  -9.559  20.189 0.0000000000
119811  33.983  -8.836  20.334 0.0000000000
118541  34.508  -9.242  19.819 0.0000000000
114573  37.707  -11.671  20.950 0.0000000000
114574  36.712  -11.152  21.025 0.0000000000
114601  37.210  -11.218  20.801 0.0000000000
117218  36.377  -10.517  19.412 0.0000000000
115878  36.344  -10.554  19.837 0.0000000000
117219  35.927  -10.328  19.479 0.0000000000
117240  35.642  -9.767  19.229 0.0000000000
117239  36.092  -10.030  18.825 0.0000000000
118562  35.770  -9.399  18.662 0.0000000000
117260  36.385  -9.899  18.526 0.0000000000
115923  38.608  -10.888  18.177 0.0000000000
117258  37.394  -10.234  18.178 0.0000000000
117257  38.183  -10.317  17.747 0.0000000000
229797  38.221  -9.710  17.343 0.0000000000
115940  39.046  -10.538  17.508 0.0000000000
115939  39.758  -10.745  17.282 0.0000000000
115921  40.104  -11.280  17.657 0.0000000000
245903  41.957  -12.024  19.511 0.0000000000
99831  36.092  -21.057  25.030 0.0000000000
101020  36.522  -20.317  24.422 0.0000000000
101008  36.919  -20.084  25.603 0.0000000000
215732  39.411  -19.830  26.915 0.0000000000
102224  38.208  -19.979  26.196 0.0000000000
102222  39.383  -19.608  26.223 0.0000000000
102237  39.213  -19.272  25.681 0.0000000000
103444  40.099  -19.411  26.534 0.0000000000
104778  42.033  -18.534  27.342 0.0000000000
260539  42.616  -17.669  26.932 0.0000000000
230300  58.446  6.486  4.254 0.0000000000
141457  58.713  7.157  4.534 0.0000000000
141473  58.816  6.761  3.882 0.0000000000
139285  54.369  5.603  7.952 0.0000000000
138157  55.298  4.968  6.310 0.0000000000
139310  55.731  5.240  6.126 0.0000000000
139301  55.857  5.736  6.318 0.0000000000
241277  56.061  4.869  5.774 0.0000000000
222204  57.357  3.221  4.951 0.0000000000
136953  56.804  3.728  5.063 0.0000000000
138171  56.933  4.483  5.004 0.0000000000
138184  57.462  4.526  4.675 0.0000000000
139329  57.671  5.075  4.574 0.0000000000
138183  57.900  4.492  4.384 0.0000000000
130191  49.721  -0.646  10.204 0.0000000000
130190  50.438  -0.692  10.376 0.0000000000
130177  49.945  -1.159  10.619 0.0000000000
129096  50.091  -1.664  11.068 0.0000000000
104860  34.795  -18.357  22.420 0.0000000000
104874  35.372  -18.401  22.111 0.0000000000
103529  35.566  -18.893  22.172 0.0000000000
103514  35.687  -19.250  22.344 0.0000000000
225382  36.429  -19.247  23.342 0.0000000000
133324  47.527  1.173  11.318 0.0000000000
134523  48.324  1.990  11.086 0.0000000000
133334  47.959  1.282  10.835 0.0000000000
133333  48.313  1.059  10.320 0.0000000000
133341  48.838  1.173  10.077 0.0000000000
133340  49.306  1.252  9.768 0.0000000000
132295  49.238  0.648  9.880 0.0000000000
131262  49.475  -0.042  9.974 0.0000000000
84227  7.691  -29.979  43.604 0.0000000000
130108  43.989  -0.668  15.805 0.0000000000
258283  43.680  -1.076  15.863 0.0000000000
129021  42.724  -2.241  15.658 0.0000000000
228809  39.740  -7.183  16.232 0.0000000000
121025  40.277  -7.269  15.943 0.0000000000
121009  39.866  -7.758  16.170 0.0000000000
220022  41.126  -9.137  16.304 0.0000000000
117296  41.371  -9.841  16.530 0.0000000000
250580  41.905  -10.927  17.106 0.0000000000
96974  17.890  -22.650  34.135 0.0000000000
95503  18.242  -23.104  34.663 0.0000000000
96956  17.613  -22.710  34.761 0.0000000000
96957  17.084  -22.446  35.115 0.0000000000
96939  16.955  -22.680  35.837 0.0000000000
96921  16.549  -23.042  36.313 0.0000000000
96940  16.206  -22.734  35.675 0.0000000000
96941  15.477  -22.827  35.493 0.0000000000
96942  14.850  -22.845  35.510 0.0000000000
95365  9.270  -23.271  41.064 0.0000000000
109704  29.348  -15.066  25.526 0.0000000000
107403  28.909  -16.046  25.009 0.0000000000
109705  28.523  -14.893  25.479 0.0000000000
108581  27.170  -15.573  25.377 0.0000000000
108582  26.868  -15.880  25.525 0.0000000000
97004  25.920  -22.178  32.389 0.0000000000
98403  25.803  -21.235  32.350 0.0000000000
239698  26.317  -22.314  32.805 0.0000000000
219126  33.194  -8.180  22.441 0.0000000000
109717  41.102  -14.520  23.819 0.0000000000
110843  40.466  -13.698  22.881 0.0000000000
110832  41.514  -14.100  24.176 0.0000000000
125669  39.172  -4.787  18.668 0.0000000000
124461  38.179  -5.399  18.206 0.0000000000
95569  24.189  -22.902  31.049 0.0000000000
95557  24.085  -23.581  31.423 0.0000000000
95570  23.555  -23.185  31.124 0.0000000000
97037  22.946  -22.847  31.000 0.0000000000
260572  22.507  -22.891  31.192 0.0000000000
99682  22.103  -21.170  32.829 0.0000000000
241260  22.407  -20.780  33.186 0.0000000000
99683  21.461  -21.548  33.032 0.0000000000
98389  20.741  -21.903  33.172 0.0000000000
99685  19.420  -21.823  33.247 0.0000000000
110765  24.216  -13.390  28.752 0.0000000000
108492  22.952  -15.994  30.456 0.0000000000
109625  23.193  -15.358  30.363 0.0000000000
107311  22.983  -16.556  29.938 0.0000000000
224116  23.068  -17.681  29.618 0.0000000000
103401  23.329  -18.798  29.321 0.0000000000
102167  23.606  -19.375  29.360 0.0000000000
102144  23.336  -19.960  29.685 0.0000000000
98451  23.483  -21.148  30.259 0.0000000000
113287  32.925  -12.678  23.539 0.0000000000
110845  33.556  -13.691  23.216 0.0000000000
110850  34.518  -14.314  21.700 0.0000000000
260383  37.591  -17.710  21.980 0.0000000000
106237  37.194  -16.727  21.376 0.0000000000
106224  37.951  -17.294  21.939 0.0000000000
106223  38.566  -16.906  22.221 0.0000000000
107435  39.104  -16.393  22.621 0.0000000000
224569  39.432  -15.832  22.601 0.0000000000
107424  39.990  -16.542  23.490 0.0000000000
107396  41.168  -16.809  24.553 0.0000000000
107383  42.074  -16.956  25.319 0.0000000000
136908  50.030  3.706  11.160 0.0000000000
138118  50.953  4.238  10.892 0.0000000000
138132  52.883  5.050  8.571 0.0000000000
138133  52.357  4.896  9.015 0.0000000000
138142  52.034  4.321  8.668 0.0000000000
133352  51.432  1.169  8.900 0.0000000000
133368  51.874  1.538  8.489 0.0000000000
133351  52.025  1.062  8.901 0.0000000000
133367  52.507  1.077  8.401 0.0000000000
133366  53.175  0.874  8.149 0.0000000000
221169  53.441  0.582  8.649 0.0000000000
131215  46.186  -0.369  12.248 0.0000000000
129067  45.424  -1.965  12.828 0.0000000000
125728  45.479  -4.614  13.725 0.0000000000
124526  45.112  -5.078  14.212 0.0000000000
127872  41.351  -3.296  16.152 0.0000000000
126822  41.337  -3.814  15.372 0.0000000000
125717  41.511  -4.423  15.107 0.0000000000
122121  42.201  -6.777  15.247 0.0000000000
121030  42.953  -7.079  15.319 0.0000000000
240705  43.460  -6.660  15.078 0.0000000000
122133  44.124  -6.700  15.109 0.0000000000
121020  44.321  -7.493  15.776 0.0000000000
98549  33.480  -21.746  25.362 0.0000000000
98534  34.775  -22.058  26.194 0.0000000000
98521  33.976  -22.267  26.485 0.0000000000
98505  34.984  -22.211  27.507 0.0000000000
132219  46.280  0.205  15.400 0.0000000000
132229  46.072  0.580  14.711 0.0000000000
132241  46.433  0.955  14.492 0.0000000000
133299  46.389  1.005  13.413 0.0000000000
133306  46.819  1.225  12.951 0.0000000000
132257  46.124  0.192  12.572 0.0000000000
256116  23.748  -24.840  35.265 0.0000000000
94047  24.064  -24.747  35.970 0.0000000000
92553  23.555  -24.793  35.692 0.0000000000
92554  23.041  -24.722  36.200 0.0000000000
95422  16.291  -24.276  38.590 0.0000000000
93977  15.680  -24.689  38.258 0.0000000000
93953  15.254  -25.153  38.740 0.0000000000
92503  13.645  -25.727  39.415 0.0000000000
100809  13.902  -20.366  36.532 0.0000000000
99621  13.496  -20.838  36.052 0.0000000000
99622  12.974  -21.275  36.314 0.0000000000
98338  12.514  -21.774  36.618 0.0000000000
96906  12.287  -22.781  36.914 0.0000000000
95405  10.700  -23.353  38.818 0.0000000000
242208  10.862  -24.002  38.341 0.0000000000
91056  11.475  -25.795  38.826 0.0000000000
91055  12.284  -25.927  38.883 0.0000000000
88310  11.382  -27.560  40.724 0.0000000000
89593  11.088  -27.212  40.185 0.0000000000
89594  10.325  -26.939  40.343 0.0000000000
92484  8.100  -25.164  41.250 0.0000000000
91019  8.165  -25.994  41.156 0.0000000000
89564  7.792  -26.484  41.592 0.0000000000
88281  7.618  -27.550  42.129 0.0000000000
88264  7.115  -27.342  42.688 0.0000000000
89552  6.760  -26.893  43.277 0.0000000000
88245  4.641  -27.587  44.744 0.0000000000
104850  31.860  -18.565  24.084 0.0000000000
102280  31.693  -19.284  23.508 0.0000000000
101041  31.818  -19.935  23.596 0.0000000000
102264  31.141  -19.757  23.808 0.0000000000
99838  31.062  -20.650  24.438 0.0000000000
102240  28.788  -19.961  25.353 0.0000000000
100999  29.249  -20.420  25.781 0.0000000000
100986  29.094  -20.668  26.555 0.0000000000
220316  29.743  -21.748  27.008 0.0000000000
98511  29.872  -22.392  27.315 0.0000000000
226691  29.987  -22.596  28.563 0.0000000000
107376  25.865  -16.133  27.071 0.0000000000
260545  26.147  -16.383  26.974 0.0000000000
107362  25.893  -16.745  27.293 0.0000000000
104782  25.957  -17.347  27.883 0.0000000000
104765  26.264  -17.953  28.168 0.0000000000
100895  27.467  -18.775  32.364 0.0000000000
102118  27.595  -18.522  30.889 0.0000000000
102102  28.255  -18.658  31.675 0.0000000000
127929  47.771  -2.919  12.129 0.0000000000
127928  48.624  -2.953  11.979 0.0000000000
126881  49.019  -3.565  12.402 0.0000000000
123185  35.509  -5.815  20.231 0.0000000000
124436  36.024  -5.336  19.846 0.0000000000
123196  36.244  -5.669  19.245 0.0000000000
246141  35.942  -6.260  18.936 0.0000000000
233372  35.851  -7.385  18.551 0.0000000000
120979  35.879  -8.038  18.327 0.0000000000
236571  33.981  -11.739  21.198 0.0000000000
115837  33.184  -10.651  21.341 0.0000000000
114576  34.498  -11.389  20.887 0.0000000000
115836  34.267  -10.864  20.665 0.0000000000
115856  34.922  -10.539  20.218 0.0000000000
230435  38.384  -11.725  20.311 0.0000000000
115853  37.263  -11.005  20.219 0.0000000000
115852  38.003  -11.416  19.980 0.0000000000
115876  37.463  -10.954  19.748 0.0000000000
115904  36.918  -10.686  19.379 0.0000000000
117237  37.188  -10.460  18.892 0.0000000000
115902  38.316  -11.119  18.934 0.0000000000
115901  39.075  -11.230  18.725 0.0000000000
114648  39.810  -11.355  18.523 0.0000000000
114647  40.505  -11.611  18.297 0.0000000000
114637  40.249  -11.462  19.200 0.0000000000
100973  37.517  -20.678  27.424 0.0000000000
100996  37.193  -20.446  26.167 0.0000000000
100972  38.173  -20.468  27.668 0.0000000000
100971  38.843  -20.359  27.917 0.0000000000
250232  39.975  -20.064  27.784 0.0000000000
141446  58.178  6.763  4.749 0.0000000000
138150  53.975  4.657  7.233 0.0000000000
138149  54.418  4.961  7.014 0.0000000000
138159  54.278  4.420  6.812 0.0000000000
138158  54.795  4.559  6.489 0.0000000000
138167  55.349  4.350  6.057 0.0000000000
246038  57.766  3.453  4.708 0.0000000000
135789  58.278  3.410  4.511 0.0000000000
103374  22.416  -18.503  30.660 0.0000000000
102122  22.216  -19.295  31.019 0.0000000000
103375  22.155  -18.652  31.461 0.0000000000
102104  22.297  -19.484  31.706 0.0000000000
109624  23.332  -14.555  31.168 0.0000000000
230155  22.900  -15.513  30.976 0.0000000000
106060  22.236  -17.204  30.967 0.0000000000
241372  51.896  0.146  9.865 0.0000000000
131245  52.708  -0.547  10.545 0.0000000000
131258  52.231  -0.335  10.185 0.0000000000
130175  52.241  -0.869  10.655 0.0000000000
240732  51.772  -1.718  11.159 0.0000000000
250033  35.070  -15.611  23.036 0.0000000000
109719  34.650  -15.154  22.659 0.0000000000
108601  35.227  -15.769  22.532 0.0000000000
107436  35.823  -16.819  22.193 0.0000000000
227407  36.179  -17.008  21.760 0.0000000000
104873  36.062  -18.378  21.954 0.0000000000
104872  36.645  -17.912  21.760 0.0000000000
222830  37.198  -18.105  22.040 0.0000000000
104871  37.817  -17.928  22.261 0.0000000000
234645  38.349  -17.936  23.190 0.0000000000
104825  39.011  -18.142  24.417 0.0000000000
237666  49.196  2.964  11.951 0.0000000000
233207  49.283  2.915  11.241 0.0000000000
135722  49.676  3.285  11.018 0.0000000000
136917  50.009  3.369  10.454 0.0000000000
135728  50.235  3.089  9.758 0.0000000000
220260  50.676  3.338  9.441 0.0000000000
135735  51.038  3.248  8.882 0.0000000000
135736  50.559  2.663  9.210 0.0000000000
134535  50.650  1.891  8.920 0.0000000000
132310  49.757  1.050  9.526 0.0000000000
133353  50.764  1.271  8.962 0.0000000000
85562  9.751  -29.588  43.759 0.0000000000
131185  45.064  -0.017  14.315 0.0000000000
130123  44.816  -0.758  13.452 0.0000000000
131197  44.651  -0.579  13.975 0.0000000000
129040  44.015  -1.563  13.986 0.0000000000
130114  43.718  -1.340  14.627 0.0000000000
126849  43.568  -3.419  14.204 0.0000000000
125730  43.561  -4.020  14.345 0.0000000000
217278  40.138  -5.125  16.384 0.0000000000
124496  40.684  -4.957  15.782 0.0000000000
123251  40.462  -5.562  15.838 0.0000000000
219728  40.848  -6.070  15.542 0.0000000000
121024  40.930  -7.334  15.665 0.0000000000
121023  41.631  -7.392  15.467 0.0000000000
119877  42.633  -8.095  15.861 0.0000000000
250355  44.011  -9.998  16.970 0.0000000000
117256  44.154  -10.379  17.303 0.0000000000
117295  42.304  -9.882  16.592 0.0000000000
115917  43.698  -10.788  17.521 0.0000000000
115898  44.537  -11.177  18.436 0.0000000000
97070  32.891  -22.628  28.707 0.0000000000
98464  33.987  -22.265  29.228 0.0000000000
97048  33.769  -22.279  29.929 0.0000000000
94077  20.329  -24.284  33.861 0.0000000000
92574  20.691  -24.471  34.694 0.0000000000
94062  20.180  -24.369  34.435 0.0000000000
227275  19.856  -24.339  35.103 0.0000000000
94049  19.349  -23.997  35.515 0.0000000000
95489  18.833  -23.501  35.963 0.0000000000
94033  19.273  -24.009  36.244 0.0000000000
95435  16.519  -23.728  37.405 0.0000000000
95472  16.184  -23.510  36.687 0.0000000000
95453  15.785  -23.925  37.133 0.0000000000
94008  14.609  -24.652  37.369 0.0000000000
96872  10.978  -22.900  38.811 0.0000000000
92504  9.903  -25.211  39.359 0.0000000000
91046  9.559  -25.613  39.795 0.0000000000
93931  9.373  -24.973  39.768 0.0000000000
92494  8.967  -25.189  40.188 0.0000000000
92495  8.506  -24.816  40.656 0.0000000000
92474  7.754  -25.100  41.829 0.0000000000
106171  30.338  -17.074  25.031 0.0000000000
106188  30.048  -17.462  24.457 0.0000000000
103487  29.882  -18.563  23.941 0.0000000000
104830  29.601  -17.971  24.134 0.0000000000
103489  28.541  -18.596  24.463 0.0000000000
106190  28.612  -17.268  24.625 0.0000000000
104813  28.218  -17.878  24.724 0.0000000000
103472  28.131  -19.011  25.019 0.0000000000
102241  28.516  -19.657  25.943 0.0000000000
102226  28.444  -19.561  26.529 0.0000000000
102209  28.084  -19.580  27.154 0.0000000000
103384  25.374  -18.640  29.514 0.0000000000
104748  25.716  -18.011  29.134 0.0000000000
102120  26.345  -19.038  30.690 0.0000000000
98402  26.090  -20.752  32.923 0.0000000000
99704  25.965  -20.022  32.571 0.0000000000
100896  26.508  -19.080  32.178 0.0000000000
124543  48.351  -4.864  13.482 0.0000000000
124542  49.036  -5.015  13.477 0.0000000000
122039  34.456  -6.689  20.872 0.0000000000
120960  34.445  -7.849  20.037 0.0000000000
112048  37.286  -13.224  20.887 0.0000000000
113340  36.480  -11.904  21.061 0.0000000000
112047  37.993  -12.854  21.079 0.0000000000
112046  38.590  -12.562  21.284 0.0000000000
113337  38.840  -11.907  21.237 0.0000000000
112018  39.985  -13.137  22.657 0.0000000000
113317  39.484  -12.084  22.041 0.0000000000
114553  39.357  -11.569  21.644 0.0000000000
114571  39.181  -11.593  21.103 0.0000000000
114570  39.728  -11.273  21.592 0.0000000000
227696  54.546  2.486  6.470 0.0000000000
84211  6.055  -30.041  44.494 0.0000000000
127861  42.626  -2.548  17.455 0.0000000000
127862  42.055  -2.849  17.212 0.0000000000
127863  41.423  -3.239  17.005 0.0000000000
126798  40.516  -4.182  17.066 0.0000000000
124485  39.692  -5.572  16.672 0.0000000000
123237  39.541  -6.133  16.604 0.0000000000
124475  39.071  -5.438  17.599 0.0000000000
122108  39.358  -6.773  16.476 0.0000000000
119870  38.755  -8.073  16.689 0.0000000000
94073  26.056  -24.550  33.979 0.0000000000
231868  25.279  -24.770  34.339 0.0000000000
94075  24.661  -24.846  33.994 0.0000000000
94100  24.243  -24.443  32.446 0.0000000000
92593  24.037  -24.950  33.608 0.0000000000
92580  24.038  -25.015  34.304 0.0000000000
92582  22.873  -24.993  33.709 0.0000000000
219223  22.285  -24.840  33.553 0.0000000000
92584  21.320  -24.552  33.780 0.0000000000
99718  22.110  -21.096  31.154 0.0000000000
236890  22.166  -21.678  31.313 0.0000000000
97020  22.142  -22.948  31.527 0.0000000000
99696  21.755  -21.645  32.395 0.0000000000
98418  21.759  -22.820  31.991 0.0000000000
97021  21.692  -23.335  32.029 0.0000000000
94102  21.484  -24.067  32.749 0.0000000000
95531  20.979  -24.062  33.119 0.0000000000
94076  20.813  -24.331  33.543 0.0000000000
256389  19.808  -23.933  33.686 0.0000000000
95534  19.071  -23.362  33.524 0.0000000000
98391  19.118  -22.345  33.123 0.0000000000
248127  18.607  -22.296  33.259 0.0000000000
96991  18.273  -22.475  33.524 0.0000000000
98375  17.770  -22.065  33.856 0.0000000000
98376  17.307  -21.614  34.110 0.0000000000
99670  16.855  -21.106  34.214 0.0000000000
110804  27.788  -13.570  26.322 0.0000000000
111954  27.482  -13.039  26.690 0.0000000000
225588  26.405  -13.667  26.530 0.0000000000
110820  25.965  -14.417  26.628 0.0000000000
222419  25.799  -12.969  27.489 0.0000000000
110806  25.570  -14.179  27.059 0.0000000000
109683  25.509  -14.804  26.947 0.0000000000
108548  25.178  -15.859  27.294 0.0000000000
107364  24.811  -16.071  27.822 0.0000000000
106112  25.029  -17.102  28.638 0.0000000000
109666  23.833  -14.575  28.677 0.0000000000
108521  23.214  -15.025  29.665 0.0000000000
108520  23.421  -15.392  29.089 0.0000000000
108538  23.877  -15.142  28.652 0.0000000000
106113  24.394  -16.886  28.719 0.0000000000
104749  24.987  -18.050  29.140 0.0000000000
102165  24.845  -19.071  29.654 0.0000000000
100926  25.015  -19.903  30.336 0.0000000000
99715  25.065  -20.993  30.963 0.0000000000
100927  24.392  -20.263  30.061 0.0000000000
98434  25.008  -21.741  30.947 0.0000000000
98416  25.302  -21.955  31.379 0.0000000000
95543  26.056  -23.165  32.492 0.0000000000
95529  26.317  -23.712  32.950 0.0000000000
118506  32.515  -9.421  23.795 0.0000000000
117163  32.358  -10.101  24.211 0.0000000000
115817  32.426  -10.825  22.858 0.0000000000
236539  32.550  -11.449  22.340 0.0000000000
113301  33.018  -12.545  22.781 0.0000000000
113320  32.773  -12.056  22.146 0.0000000000
114578  33.354  -11.817  21.577 0.0000000000
252228  34.362  -12.550  21.128 0.0000000000
112061  35.994  -13.164  20.781 0.0000000000
109729  34.824  -15.064  22.016 0.0000000000
109741  35.055  -14.634  21.312 0.0000000000
107461  37.069  -16.054  21.145 0.0000000000
108617  36.080  -15.226  21.293 0.0000000000
109740  35.795  -14.753  21.091 0.0000000000
110860  36.173  -14.242  20.666 0.0000000000
110869  35.893  -13.755  20.575 0.0000000000
110868  36.560  -13.623  20.643 0.0000000000
226462  37.856  -13.905  21.002 0.0000000000
110858  38.617  -13.909  21.378 0.0000000000
109724  39.952  -14.824  22.561 0.0000000000
108598  40.013  -15.558  22.812 0.0000000000
108597  40.307  -14.994  23.035 0.0000000000
258740  41.265  -14.980  24.017 0.0000000000
139286  53.888  5.308  8.167 0.0000000000
138140  53.241  4.847  8.013 0.0000000000
138139  53.755  4.893  7.684 0.0000000000
136941  53.594  3.276  6.808 0.0000000000
241236  51.607  3.125  8.407 0.0000000000
135749  52.200  2.818  7.966 0.0000000000
134539  52.056  2.110  8.183 0.0000000000
135748  52.788  2.674  7.435 0.0000000000
135757  53.331  2.660  7.039 0.0000000000
135756  53.915  2.608  6.728 0.0000000000
131248  47.794  -0.393  10.865 0.0000000000
130179  48.233  -1.072  10.942 0.0000000000
130161  47.578  -1.058  11.334 0.0000000000
129082  47.564  -1.770  11.634 0.0000000000
255294  47.055  -1.844  11.887 0.0000000000
129064  47.385  -2.317  11.969 0.0000000000
126882  47.337  -3.370  12.535 0.0000000000
126866  47.571  -3.807  12.891 0.0000000000
130132  45.036  -1.405  13.213 0.0000000000
127932  45.714  -2.513  12.748 0.0000000000
127910  45.329  -2.951  13.032 0.0000000000
126867  46.926  -3.754  12.922 0.0000000000
125749  47.279  -4.219  13.244 0.0000000000
124544  47.637  -4.692  13.594 0.0000000000
124523  47.274  -5.077  14.041 0.0000000000
123273  47.612  -5.484  14.399 0.0000000000
124505  46.966  -5.454  14.469 0.0000000000
129013  42.870  -2.023  16.396 0.0000000000
127879  41.676  -3.009  15.528 0.0000000000
127878  42.323  -2.760  15.334 0.0000000000
126831  43.007  -3.659  14.617 0.0000000000
219854  41.141  -4.897  15.383 0.0000000000
124512  41.501  -5.208  15.092 0.0000000000
124511  42.170  -4.851  14.882 0.0000000000
124510  42.951  -4.798  14.681 0.0000000000
124528  43.598  -4.618  14.488 0.0000000000
123263  45.219  -6.198  14.923 0.0000000000
122132  44.716  -6.617  15.117 0.0000000000
122119  45.259  -6.861  15.377 0.0000000000
122131  45.774  -6.472  15.158 0.0000000000
101037  34.580  -20.363  23.242 0.0000000000
99848  34.981  -20.638  23.750 0.0000000000
99833  34.959  -20.853  24.415 0.0000000000
99832  35.622  -21.038  24.734 0.0000000000
99816  36.189  -21.025  25.622 0.0000000000
98520  35.445  -21.816  26.338 0.0000000000
99788  35.903  -21.402  26.609 0.0000000000
99787  36.416  -21.216  26.880 0.0000000000
134500  47.831  1.769  12.191 0.0000000000
133314  47.391  1.331  11.861 0.0000000000
131249  47.354  0.089  10.972 0.0000000000
247180  24.464  -24.945  36.847 0.0000000000
259516  21.299  -24.765  35.616 0.0000000000
102056  17.510  -19.846  34.066 0.0000000000
100857  16.441  -20.552  34.345 0.0000000000
241410  15.966  -20.680  34.650 0.0000000000
102043  15.702  -19.645  35.019 0.0000000000
100837  15.570  -20.322  34.872 0.0000000000
99656  15.552  -21.049  34.811 0.0000000000
98364  14.992  -21.428  35.014 0.0000000000
247300  13.680  -21.683  35.753 0.0000000000
253185  13.698  -22.495  35.709 0.0000000000
96923  14.247  -23.144  35.799 0.0000000000
94009  13.626  -24.745  37.273 0.0000000000
221752  12.110  -21.772  37.805 0.0000000000
96887  12.055  -22.277  37.360 0.0000000000
95437  11.946  -22.974  37.408 0.0000000000
93982  11.449  -24.052  37.901 0.0000000000
252188  11.955  -23.781  37.413 0.0000000000
94010  12.710  -24.313  37.233 0.0000000000
93979  13.545  -25.227  37.785 0.0000000000
92515  13.398  -25.591  38.752 0.0000000000
91041  13.284  -26.032  39.750 0.0000000000
91042  12.662  -26.317  39.456 0.0000000000
86901  10.193  -28.806  42.598 0.0000000000
89595  9.553  -26.651  40.467 0.0000000000
88296  9.574  -27.816  41.122 0.0000000000
86920  9.604  -28.751  42.005 0.0000000000
230660  9.619  -29.070  42.599 0.0000000000
85579  9.208  -29.422  43.014 0.0000000000
85563  8.402  -29.588  43.309 0.0000000000
85581  7.651  -28.743  42.675 0.0000000000
85564  7.443  -29.272  43.066 0.0000000000
84228  6.862  -29.658  43.582 0.0000000000
253169  6.410  -29.315  43.739 0.0000000000
85548  6.281  -29.594  44.136 0.0000000000
88255  6.375  -27.199  43.892 0.0000000000
85549  5.771  -29.259  44.458 0.0000000000
114510  32.845  -12.167  24.816 0.0000000000
103516  34.195  -18.824  22.521 0.0000000000
103517  33.468  -18.915  22.804 0.0000000000
102293  33.633  -19.240  22.528 0.0000000000
101038  33.814  -20.302  23.269 0.0000000000
101021  33.536  -20.588  23.983 0.0000000000
99835  33.227  -20.979  24.479 0.0000000000
101023  32.066  -20.647  23.996 0.0000000000
241904  32.632  -20.961  24.429 0.0000000000
98550  32.747  -21.998  25.586 0.0000000000
249817  32.657  -22.267  26.366 0.0000000000
217521  32.866  -22.526  27.310 0.0000000000
102266  29.913  -19.236  24.141 0.0000000000
101026  30.136  -20.230  24.538 0.0000000000
101010  30.632  -20.555  24.769 0.0000000000
100998  29.868  -20.624  25.606 0.0000000000
99823  30.561  -20.878  25.418 0.0000000000
216717  31.123  -21.202  25.416 0.0000000000
98538  31.359  -22.030  26.123 0.0000000000
98523  32.354  -22.560  26.973 0.0000000000
98508  32.312  -22.569  27.689 0.0000000000
110818  27.300  -14.273  26.040 0.0000000000
108570  26.761  -15.831  26.209 0.0000000000
107389  26.868  -16.250  26.247 0.0000000000
106146  26.472  -16.647  26.821 0.0000000000
106145  26.847  -17.157  26.740 0.0000000000
106159  27.128  -17.170  26.252 0.0000000000
256860  27.285  -18.277  26.391 0.0000000000
231589  27.743  -19.084  27.178 0.0000000000
259781  27.870  -19.829  27.625 0.0000000000
103398  26.139  -18.505  29.352 0.0000000000
103397  26.634  -18.532  29.152 0.0000000000
103417  26.640  -18.362  28.552 0.0000000000
102139  27.354  -18.630  30.352 0.0000000000
102164  27.302  -18.960  29.460 0.0000000000
103396  26.970  -18.730  28.943 0.0000000000
102190  27.383  -19.226  28.558 0.0000000000
102189  27.811  -19.998  28.131 0.0000000000
230717  28.147  -20.492  28.730 0.0000000000
99740  28.996  -21.196  29.672 0.0000000000
247082  48.680  -1.529  10.979 0.0000000000
129080  49.598  -2.168  11.266 0.0000000000
127942  49.866  -2.610  11.714 0.0000000000
240176  49.379  -4.690  13.159 0.0000000000
125637  37.685  -4.410  19.550 0.0000000000
124462  37.614  -5.386  18.455 0.0000000000
123215  36.692  -6.388  18.130 0.0000000000
239282  37.280  -6.503  17.748 0.0000000000
122099  37.875  -6.796  17.405 0.0000000000
237165  38.112  -7.355  17.086 0.0000000000
120996  38.070  -8.021  16.967 0.0000000000
118610  39.078  -8.720  16.848 0.0000000000
118505  32.893  -8.833  23.428 0.0000000000
118512  32.981  -8.861  22.695 0.0000000000
118519  33.026  -8.935  21.877 0.0000000000
117192  33.169  -10.038  21.237 0.0000000000
118531  33.210  -9.400  21.233 0.0000000000
119797  33.651  -8.438  21.067 0.0000000000
119810  34.312  -8.506  20.030 0.0000000000
230564  34.801  -8.645  19.633 0.0000000000
114575  36.085  -11.415  20.847 0.0000000000
250948  35.746  -11.100  20.619 0.0000000000
115855  35.716  -10.735  20.281 0.0000000000
217727  36.765  -10.624  20.188 0.0000000000
117203  35.819  -10.524  19.934 0.0000000000
117204  35.231  -10.364  20.015 0.0000000000
118553  35.049  -9.754  19.757 0.0000000000
118552  35.283  -9.319  19.466 0.0000000000
119825  35.208  -8.435  19.278 0.0000000000
119832  35.702  -8.679  18.638 0.0000000000
119843  36.041  -8.844  18.217 0.0000000000
118575  36.467  -9.349  18.035 0.0000000000
251758  36.917  -10.083  18.601 0.0000000000
117259  36.939  -9.769  18.024 0.0000000000
118593  37.201  -9.123  17.432 0.0000000000
118592  37.932  -9.209  17.196 0.0000000000
118591  38.658  -9.248  17.087 0.0000000000
236173  39.346  -9.390  16.980 0.0000000000
242037  40.089  -10.318  16.921 0.0000000000
115938  40.507  -10.893  16.941 0.0000000000
115919  41.592  -11.408  17.496 0.0000000000
114646  41.241  -11.753  18.146 0.0000000000
114644  42.481  -11.626  18.263 0.0000000000
101035  36.028  -20.343  23.910 0.0000000000
102263  36.456  -19.814  23.863 0.0000000000
102262  36.857  -19.637  24.379 0.0000000000
102239  37.554  -19.970  25.887 0.0000000000
102252  37.415  -19.778  25.271 0.0000000000
102261  37.430  -19.208  24.297 0.0000000000
103485  38.156  -19.027  24.468 0.0000000000
103469  39.490  -18.742  25.352 0.0000000000
104800  40.055  -18.456  25.504 0.0000000000
102187  40.784  -19.739  28.229 0.0000000000
229583  41.071  -19.591  27.473 0.0000000000
103442  41.238  -19.083  26.918 0.0000000000
104787  41.043  -18.705  26.033 0.0000000000
104799  40.813  -18.400  25.557 0.0000000000
248952  41.876  -17.953  26.307 0.0000000000
106140  42.341  -17.471  26.498 0.0000000000
140360  55.565  5.956  6.878 0.0000000000
140366  56.384  5.925  6.120 0.0000000000
139308  56.762  5.579  5.641 0.0000000000
136948  55.562  3.547  5.867 0.0000000000
138166  55.869  4.257  5.752 0.0000000000
139317  56.545  5.015  5.400 0.0000000000
140371  57.250  5.904  5.302 0.0000000000
139315  57.614  5.703  4.787 0.0000000000
139328  57.978  5.529  4.363 0.0000000000
139327  58.380  5.250  3.898 0.0000000000
138182  58.339  4.430  4.011 0.0000000000
139338  58.848  5.295  3.382 0.0000000000
92556  21.501  -24.751  36.094 0.0000000000
92563  22.136  -24.892  35.319 0.0000000000
92565  20.907  -24.677  35.238 0.0000000000
92570  23.308  -25.006  35.014 0.0000000000
92581  23.485  -25.087  33.966 0.0000000000
92583  21.844  -24.743  34.013 0.0000000000
92585  20.767  -24.383  34.146 0.0000000000
92596  21.808  -24.667  33.491 0.0000000000
92608  22.483  -24.467  32.516 0.0000000000
94032  19.821  -24.324  35.906 0.0000000000
94061  24.587  -24.871  34.797 0.0000000000
94063  19.665  -24.150  34.461 0.0000000000
94064  19.414  -24.006  34.920 0.0000000000
94074  25.334  -24.657  33.649 0.0000000000
94089  23.912  -24.744  32.960 0.0000000000
94090  22.116  -24.600  33.043 0.0000000000
94113  23.820  -24.075  31.933 0.0000000000
94114  23.199  -24.042  31.957 0.0000000000
94116  22.241  -24.062  32.081 0.0000000000
95385  8.912  -23.719  41.130 0.0000000000
95516  26.545  -23.829  33.530 0.0000000000
95530  25.799  -24.067  32.619 0.0000000000
95545  24.573  -23.959  31.929 0.0000000000
95546  21.776  -23.835  32.266 0.0000000000
95547  21.234  -23.598  32.657 0.0000000000
95548  20.655  -23.201  32.780 0.0000000000
95571  23.004  -23.349  31.291 0.0000000000
96925  12.298  -22.191  36.902 0.0000000000
97018  25.568  -22.066  31.905 0.0000000000
97036  23.598  -22.571  30.746 0.0000000000
97038  22.515  -23.264  31.303 0.0000000000
97060  33.203  -22.547  29.391 0.0000000000
98450  23.990  -21.456  30.546 0.0000000000
98452  23.129  -21.590  30.482 0.0000000000
98465  33.506  -22.408  28.629 0.0000000000
98483  34.312  -22.263  28.471 0.0000000000
98484  31.649  -22.584  28.060 0.0000000000
98486  29.462  -22.505  27.967 0.0000000000
98487  29.378  -22.154  28.723 0.0000000000
98503  35.983  -21.545  27.211 0.0000000000
98507  33.355  -22.460  27.481 0.0000000000
98509  31.591  -22.613  27.204 0.0000000000
98525  30.783  -22.068  26.515 0.0000000000
98535  34.079  -21.878  25.759 0.0000000000
99604  13.324  -20.714  36.775 0.0000000000
99705  25.528  -20.673  31.883 0.0000000000
99706  21.991  -21.325  31.686 0.0000000000
99786  36.986  -21.021  27.143 0.0000000000
99800  36.868  -20.915  26.499 0.0000000000
99801  36.295  -21.084  26.260 0.0000000000
99802  35.781  -21.311  26.007 0.0000000000
99803  35.264  -21.618  25.708 0.0000000000
99807  30.132  -21.087  26.045 0.0000000000
99808  29.567  -20.808  26.123 0.0000000000
99817  35.606  -21.203  25.394 0.0000000000
99819  34.182  -21.364  25.101 0.0000000000
100818  14.591  -20.191  35.521 0.0000000000
100909  25.796  -19.547  31.090 0.0000000000
100911  22.680  -20.499  30.478 0.0000000000
100912  22.156  -20.527  30.984 0.0000000000
100928  23.739  -20.461  29.957 0.0000000000
100941  24.002  -19.862  29.636 0.0000000000
100974  28.593  -20.769  27.254 0.0000000000
100975  28.149  -20.214  27.484 0.0000000000
100983  38.765  -20.109  27.265 0.0000000000
100985  37.374  -20.579  26.768 0.0000000000
100995  37.666  -20.211  26.395 0.0000000000
101009  36.538  -20.725  25.077 0.0000000000
101025  30.778  -20.237  24.242 0.0000000000
101036  35.382  -20.312  23.344 0.0000000000
101051  35.485  -19.640  22.828 0.0000000000
102026  14.826  -19.553  35.735 0.0000000000
102042  16.269  -19.451  34.862 0.0000000000
102057  16.715  -19.789  34.292 0.0000000000
102103  27.453  -18.688  31.616 0.0000000000
102141  26.252  -19.003  30.155 0.0000000000
102143  24.656  -19.626  29.833 0.0000000000
102163  27.698  -19.746  29.099 0.0000000000
102188  39.511  -20.271  28.159 0.0000000000
102206  40.536  -19.941  27.671 0.0000000000
102208  39.410  -20.071  27.523 0.0000000000
102223  38.809  -19.976  26.555 0.0000000000
102238  38.793  -19.689  25.932 0.0000000000
102242  28.154  -19.241  26.110 0.0000000000
102250  38.208  -19.686  25.497 0.0000000000
102251  37.851  -19.472  24.859 0.0000000000
102254  28.259  -19.422  25.428 0.0000000000
102274  37.279  -18.893  23.717 0.0000000000
102291  36.069  -19.322  22.781 0.0000000000
103385  22.870  -18.724  29.835 0.0000000000
103399  24.553  -18.639  29.310 0.0000000000
103400  23.879  -18.782  29.082 0.0000000000
103415  41.446  -19.635  27.897 0.0000000000
103418  26.307  -18.036  28.894 0.0000000000
103430  41.550  -19.070  27.342 0.0000000000
103431  40.690  -19.582  26.996 0.0000000000
103443  40.842  -19.075  26.487 0.0000000000
103459  39.779  -19.069  25.876 0.0000000000
103460  27.719  -18.767  26.227 0.0000000000
103470  38.976  -18.997  25.206 0.0000000000
103471  38.502  -19.283  25.002 0.0000000000
103473  27.781  -18.971  25.538 0.0000000000
103484  38.708  -18.741  24.719 0.0000000000
103527  36.961  -18.810  22.246 0.0000000000
104752  23.136  -18.219  29.380 0.0000000000
104768  24.654  -17.526  28.813 0.0000000000
104786  41.404  -18.615  26.419 0.0000000000
104798  41.422  -18.224  25.842 0.0000000000
104810  40.515  -17.995  25.018 0.0000000000
104811  39.704  -18.132  24.878 0.0000000000
104812  39.135  -18.484  24.977 0.0000000000
104845  38.635  -18.056  23.724 0.0000000000
104846  38.112  -18.315  23.488 0.0000000000
104858  37.954  -18.119  22.819 0.0000000000
106046  22.075  -17.271  31.526 0.0000000000
106072  22.811  -17.284  30.239 0.0000000000
106092  23.163  -17.125  29.450 0.0000000000
106153  42.237  -17.290  25.891 0.0000000000
106154  41.752  -17.587  25.625 0.0000000000
106167  40.855  -17.369  24.784 0.0000000000
106168  40.193  -17.441  24.456 0.0000000000
106173  26.971  -16.545  25.670 0.0000000000
106202  39.196  -17.249  23.434 0.0000000000
106225  37.264  -17.399  21.700 0.0000000000
106226  36.657  -17.224  21.534 0.0000000000
106236  37.665  -16.847  21.479 0.0000000000
107263  22.427  -16.742  31.859 0.0000000000
107296  22.576  -16.083  31.085 0.0000000000
107345  25.063  -16.635  28.243 0.0000000000
107346  23.883  -15.774  28.646 0.0000000000
107375  26.916  -16.658  26.451 0.0000000000
107404  28.191  -16.592  25.004 0.0000000000
107405  27.207  -16.149  25.355 0.0000000000
107409  41.304  -16.138  24.430 0.0000000000
107410  40.785  -16.439  24.185 0.0000000000
107411  40.257  -16.769  24.075 0.0000000000
107434  39.744  -16.209  22.946 0.0000000000
107447  38.665  -16.295  22.066 0.0000000000
107448  38.144  -16.525  21.574 0.0000000000
108479  22.828  -15.718  31.555 0.0000000000
108560  25.594  -15.497  26.946 0.0000000000
108580  28.751  -15.427  25.272 0.0000000000
108591  40.520  -15.478  23.411 0.0000000000
108599  39.003  -15.800  22.245 0.0000000000
108605  39.383  -15.296  22.447 0.0000000000
108609  35.656  -15.786  21.556 0.0000000000
109651  23.495  -14.721  29.124 0.0000000000
109665  24.241  -14.910  28.234 0.0000000000
109673  25.018  -14.368  27.226 0.0000000000
109682  25.840  -15.116  26.747 0.0000000000
109695  27.455  -14.652  25.855 0.0000000000
109706  27.653  -14.976  25.528 0.0000000000
109713  40.961  -15.150  23.799 0.0000000000
109718  40.606  -14.742  23.442 0.0000000000
109727  38.811  -14.572  21.629 0.0000000000
109737  37.850  -14.760  21.056 0.0000000000
110766  23.696  -14.004  29.086 0.0000000000
110792  25.384  -13.630  27.377 0.0000000000
110805  27.038  -13.675  26.279 0.0000000000
110837  41.136  -13.780  23.665 0.0000000000
110838  40.703  -14.104  23.376 0.0000000000
110851  34.090  -13.939  22.084 0.0000000000
110861  35.480  -14.170  20.766 0.0000000000
111920  24.692  -13.143  28.204 0.0000000000
111936  26.406  -12.928  27.107 0.0000000000
111955  26.871  -13.211  26.713 0.0000000000
112007  41.168  -13.138  23.443 0.0000000000
112008  40.675  -12.974  22.991 0.0000000000
112019  33.740  -13.502  22.455 0.0000000000
112032  39.044  -12.368  21.633 0.0000000000
112050  35.448  -12.782  20.873 0.0000000000
112051  34.080  -13.009  21.403 0.0000000000
113203  25.166  -12.494  28.392 0.0000000000
113286  40.716  -12.259  22.828 0.0000000000
113299  40.300  -11.854  22.444 0.0000000000
113300  39.848  -12.225  22.426 0.0000000000
113319  33.358  -12.428  22.080 0.0000000000
113338  38.220  -12.071  21.080 0.0000000000
113339  37.430  -12.204  21.118 0.0000000000
114539  32.455  -11.514  23.110 0.0000000000
114554  32.895  -11.519  21.842 0.0000000000
114577  33.860  -11.302  21.157 0.0000000000
114600  37.818  -11.496  20.494 0.0000000000
114602  36.816  -10.770  20.659 0.0000000000
114635  43.452  -11.747  18.842 0.0000000000
114645  41.873  -11.667  18.020 0.0000000000
115834  36.310  -10.927  20.652 0.0000000000
115903  37.656  -10.780  19.254 0.0000000000
115916  44.322  -10.838  17.871 0.0000000000
115937  41.295  -11.027  16.970 0.0000000000
117175  32.558  -10.153  22.553 0.0000000000
117272  43.615  -10.347  16.988 0.0000000000
117274  41.763  -10.481  16.762 0.0000000000
117275  41.105  -10.530  16.672 0.0000000000
117278  38.840  -9.907  17.264 0.0000000000
118499  32.689  -9.446  24.414 0.0000000000
118513  32.676  -9.463  23.003 0.0000000000
118589  43.557  -9.698  16.759 0.0000000000
118606  42.588  -9.182  16.382 0.0000000000
119774  33.004  -8.167  23.870 0.0000000000
119798  33.303  -8.828  21.319 0.0000000000
119854  38.391  -8.645  16.963 0.0000000000
120928  33.274  -7.493  22.853 0.0000000000
120945  33.389  -8.250  21.781 0.0000000000
120988  36.442  -7.911  17.925 0.0000000000
122040  34.069  -7.129  21.201 0.0000000000
122059  34.294  -7.313  20.563 0.0000000000
122118  46.016  -6.865  15.509 0.0000000000
122120  44.517  -7.061  15.426 0.0000000000
123186  34.950  -6.238  20.546 0.0000000000
123204  36.437  -5.971  18.684 0.0000000000
123214  37.259  -5.962  18.089 0.0000000000
124447  37.643  -4.721  19.006 0.0000000000
124448  37.261  -5.185  18.873 0.0000000000
124541  49.647  -5.060  13.486 0.0000000000
125655  38.111  -4.393  19.260 0.0000000000
127880  41.352  -3.401  15.578 0.0000000000
132290  53.268  0.107  9.673 0.0000000000
132317  52.930  0.620  8.613 0.0000000000
136970  57.362  3.886  4.782 0.0000000000
138109  51.292  4.377  11.370 0.0000000000
140383  58.283  5.904  4.146 0.0000000000
215876  37.287  -19.621  24.743 0.0000000000
216737  34.523  -22.314  26.990 0.0000000000
217180  34.366  -22.275  27.720 0.0000000000
217252  20.103  -23.427  33.113 0.0000000000
217397  23.263  -24.584  36.765 0.0000000000
217414  35.318  -21.964  27.997 0.0000000000
217754  22.417  -24.959  34.177 0.0000000000
218391  20.227  -24.028  33.439 0.0000000000
218787  40.606  -11.571  19.722 0.0000000000
220972  36.736  -14.246  20.690 0.0000000000
221842  23.036  -25.160  34.369 0.0000000000
223008  17.373  -21.037  33.923 0.0000000000
224434  36.829  -19.201  23.860 0.0000000000
224638  36.683  -12.691  20.974 0.0000000000
224826  22.651  -21.554  30.853 0.0000000000
225040  39.465  -11.427  20.970 0.0000000000
225590  19.916  -24.158  33.947 0.0000000000
225988  40.139  -19.956  28.398 0.0000000000
226856  11.146  -22.405  39.072 0.0000000000
227468  33.288  -11.192  21.456 0.0000000000
227733  26.359  -16.157  26.793 0.0000000000
230294  23.910  -24.905  34.897 0.0000000000
231743  28.045  -15.322  25.397 0.0000000000
232120  36.139  -20.842  24.496 0.0000000000
232633  40.876  -13.552  23.210 0.0000000000
234341  38.764  -17.590  23.297 0.0000000000
234374  33.219  -13.040  23.275 0.0000000000
234500  58.179  3.988  4.276 0.0000000000
234573  20.377  -24.496  35.020 0.0000000000
235627  41.757  -11.909  18.782 0.0000000000
236341  10.532  -28.281  41.518 0.0000000000
241555  22.303  -16.668  31.266 0.0000000000
242274  15.337  -19.247  35.443 0.0000000000
242877  32.331  -19.163  23.161 0.0000000000
246597  23.551  -25.112  34.509 0.0000000000
246712  42.196  -18.042  26.866 0.0000000000
246731  23.455  -15.968  29.033 0.0000000000
247862  35.753  -18.003  22.022 0.0000000000
248968  25.563  -21.497  31.718 0.0000000000
249103  41.763  -15.306  24.668 0.0000000000
249261  33.666  -10.906  21.093 0.0000000000
249972  22.853  -19.958  30.065 0.0000000000
252200  31.916  -22.271  26.509 0.0000000000
253134  40.238  -16.044  23.187 0.0000000000
253203  21.729  -24.835  35.657 0.0000000000
254110  23.147  -15.017  30.883 0.0000000000
257199  29.102  -19.793  24.738 0.0000000000
257218  27.560  -18.677  26.873 0.0000000000
257509  42.280  -14.241  25.011 0.0000000000
257578  39.851  -13.952  22.428 0.0000000000
257780  46.818  0.648  11.767 0.0000000000
258495  43.485  -7.745  15.713 0.0000000000
258647  25.767  -24.746  34.519 0.0000000000
259911  36.908  -12.103  21.094 0.0000000000
261209  32.814  -22.474  26.849 0.0000000000
