#!ascii label  , from subject sub-v2s11x28676_ses-1 vox2ras=TkReg
1544
32252  -15.808  -64.718  -39.327 0.5000000000
30040  -15.804  -66.226  -41.938 0.5000000000
30042  -17.268  -65.998  -41.612 0.5000000000
28890  -16.789  -66.391  -41.402 0.5000000000
32201  -16.189  -64.295  -37.787 0.5000000000
32227  -15.771  -64.691  -38.332 0.5000000000
32229  -16.951  -63.846  -39.392 0.5000000000
32253  -16.293  -64.378  -39.946 0.5000000000
33399  -17.355  -63.090  -40.094 0.6000000238
28870  -17.797  -66.835  -40.460 0.5000000000
31156  -15.583  -65.794  -41.509 0.5000000000
27668  -18.867  -67.181  -40.080 0.5000000000
31172  -16.694  -65.560  -41.683 0.6000000238
28891  -17.949  -66.376  -40.995 0.6000000238
31173  -17.775  -65.229  -41.597 0.6000000238
28871  -18.850  -66.799  -40.465 0.6999999881
31157  -18.449  -65.051  -41.261 0.6999999881
28892  -18.773  -66.328  -40.636 0.6999999881
31158  -19.501  -65.617  -40.295 0.6999999881
30023  -19.592  -66.151  -40.552 0.6999999881
28872  -19.548  -66.624  -40.657 0.6999999881
33376  -16.845  -63.855  -38.309 0.5000000000
33378  -17.788  -62.356  -39.806 0.6000000238
34587  -18.104  -61.934  -40.282 0.6000000238
32275  -16.704  -63.660  -40.917 0.5000000000
27669  -19.453  -67.395  -40.593 0.5000000000
27647  -19.039  -67.850  -39.901 0.5000000000
26416  -19.769  -68.633  -40.671 0.6999999881
27649  -19.780  -67.797  -41.276 0.6999999881
32294  -16.685  -64.489  -41.112 0.6000000238
33433  -17.642  -63.628  -41.038 0.6999999881
28852  -20.122  -66.948  -41.013 0.6999999881
32277  -18.365  -64.217  -40.902 0.6999999881
31138  -19.532  -64.894  -39.902 0.6999999881
196499  -20.485  -66.994  -41.456 0.6999999881
31159  -19.991  -65.644  -39.746 0.6999999881
30024  -20.070  -66.123  -40.500 0.6999999881
28873  -20.105  -66.349  -40.949 0.6999999881
28853  -21.078  -66.629  -41.392 0.6999999881
30002  -20.654  -66.093  -39.965 0.6999999881
196616  -21.408  -66.146  -39.757 0.6999999881
30003  -21.068  -66.250  -40.847 0.6999999881
33357  -17.256  -63.300  -38.025 0.5000000000
34569  -17.913  -62.592  -38.495 0.6000000238
35818  -18.331  -61.072  -38.889 0.6000000238
34570  -18.047  -61.678  -39.357 0.6000000238
34571  -18.403  -61.449  -39.730 0.6000000238
33400  -17.382  -62.282  -40.779 0.6000000238
34572  -18.864  -61.502  -39.393 0.6000000238
33418  -17.331  -62.767  -41.029 0.6000000238
223569  -20.376  -68.884  -41.152 0.6999999881
26417  -19.943  -68.459  -41.223 0.6999999881
207833  -20.879  -68.759  -41.303 0.6999999881
25298  -21.086  -69.136  -41.564 0.6999999881
33419  -18.195  -63.119  -40.535 0.6999999881
26428  -20.835  -68.084  -41.370 0.6999999881
32278  -18.971  -64.060  -40.277 0.6999999881
33420  -18.964  -63.278  -40.049 0.6999999881
27650  -20.616  -67.536  -41.486 0.6999999881
27670  -21.266  -67.190  -41.664 0.6999999881
26429  -21.490  -67.765  -41.806 0.6999999881
205824  -21.436  -68.371  -41.902 0.6999999881
32255  -19.536  -64.036  -39.657 0.6999999881
221486  -20.472  -65.450  -39.308 0.6999999881
28874  -21.480  -66.954  -41.306 0.6999999881
31140  -21.098  -65.453  -39.222 0.6999999881
28854  -21.739  -66.558  -40.523 0.6999999881
28875  -22.105  -67.041  -40.779 0.6999999881
31141  -21.808  -65.429  -39.046 0.6999999881
28855  -22.560  -66.503  -40.076 0.6999999881
30004  -22.211  -65.979  -39.553 0.6999999881
196393  -17.598  -62.190  -37.716 0.5000000000
35817  -18.027  -61.546  -38.566 0.6000000238
37146  -18.826  -60.711  -38.882 0.6000000238
35798  -18.304  -60.890  -38.622 0.5000000000
35800  -19.703  -60.371  -39.367 0.6000000238
34539  -17.199  -62.368  -36.884 0.5000000000
35819  -19.009  -60.992  -38.928 0.6000000238
37132  -20.236  -60.471  -38.289 0.6000000238
35820  -19.501  -61.209  -38.797 0.6000000238
35801  -20.029  -60.821  -38.822 0.6000000238
34588  -18.420  -61.716  -40.218 0.6000000238
34597  -18.653  -62.225  -40.324 0.6999999881
34589  -19.276  -62.532  -38.822 0.6999999881
33401  -19.378  -63.042  -39.523 0.6999999881
217495  -19.028  -62.078  -40.033 0.6999999881
24267  -21.380  -69.245  -42.506 0.6999999881
191074  -20.112  -64.024  -39.075 0.6999999881
33402  -19.874  -63.456  -38.426 0.6999999881
25299  -21.703  -68.535  -42.197 0.6999999881
27651  -22.217  -67.516  -41.792 0.6999999881
26443  -22.574  -67.986  -42.429 0.6999999881
191215  -21.222  -70.568  -42.367 0.6999999881
31112  -21.322  -64.808  -38.652 0.6000000238
27672  -22.368  -67.319  -41.096 0.6999999881
26431  -22.838  -67.565  -41.937 0.6999999881
25311  -23.037  -68.211  -42.517 0.6999999881
24268  -22.253  -69.295  -42.749 0.6999999881
23146  -21.680  -70.153  -42.975 0.6999999881
27673  -23.073  -67.044  -41.324 0.6000000238
26432  -23.617  -67.349  -41.453 0.6999999881
26444  -23.269  -67.736  -42.209 0.6999999881
29989  -22.529  -65.442  -38.733 0.6000000238
28876  -22.875  -66.759  -40.675 0.6999999881
207844  -23.872  -66.870  -41.105 0.6000000238
30005  -23.045  -65.715  -39.419 0.6000000238
28856  -23.344  -66.461  -39.857 0.6000000238
28857  -24.185  -66.484  -39.653 0.5000000000
28877  -23.648  -66.642  -40.571 0.5000000000
30006  -23.807  -65.878  -39.143 0.6000000238
35799  -19.527  -60.156  -39.491 0.6000000238
37129  -18.835  -60.055  -38.918 0.6000000238
38417  -20.126  -59.792  -38.444 0.5000000000
35797  -17.769  -61.546  -37.420 0.5000000000
37128  -18.241  -60.696  -37.703 0.6000000238
38415  -19.023  -59.790  -38.918 0.6000000238
37114  -16.550  -61.174  -36.431 0.6000000238
37115  -17.312  -61.048  -36.918 0.6000000238
35821  -20.130  -61.540  -38.434 0.6000000238
34573  -19.657  -62.043  -38.539 0.6000000238
197678  -20.577  -63.592  -37.872 0.6999999881
32230  -20.627  -64.198  -38.385 0.6000000238
31113  -22.054  -65.001  -38.245 0.6000000238
26445  -23.744  -68.027  -41.550 0.6000000238
25312  -23.524  -68.203  -42.234 0.6000000238
25304  -23.136  -68.654  -42.500 0.6999999881
23147  -22.898  -69.648  -43.046 0.6999999881
22057  -22.461  -70.476  -43.129 0.6999999881
27674  -24.415  -66.888  -41.387 0.6000000238
20950  -22.647  -72.378  -42.941 0.6999999881
29990  -23.370  -65.432  -38.571 0.6000000238
28878  -24.547  -66.639  -40.417 0.4000000060
27675  -24.474  -67.174  -41.701 0.5000000000
26446  -24.268  -68.319  -41.486 0.6000000238
24269  -23.490  -68.896  -42.727 0.6000000238
23153  -23.518  -70.276  -43.580 0.6000000238
29991  -24.212  -65.621  -38.312 0.5000000000
30007  -24.705  -66.188  -38.863 0.5000000000
28858  -24.983  -66.361  -39.421 0.5000000000
223340  -25.132  -67.254  -41.816 0.4000000060
39724  -20.126  -59.241  -38.138 0.6000000238
38416  -19.788  -59.711  -39.156 0.6000000238
38405  -21.132  -59.747  -37.201 0.6000000238
38414  -18.353  -59.874  -38.129 0.6000000238
39722  -19.306  -59.448  -38.153 0.6000000238
41047  -18.905  -58.813  -37.658 0.6000000238
38418  -20.614  -60.070  -37.585 0.6000000238
190685  -16.911  -60.653  -36.493 0.6999999881
38404  -17.896  -59.567  -37.128 0.6000000238
41037  -18.176  -58.829  -37.348 0.6000000238
37133  -20.837  -60.777  -37.242 0.5000000000
213718  -21.117  -60.303  -37.000 0.6000000238
38403  -16.312  -60.599  -36.470 0.6000000238
187032  -17.711  -59.062  -36.703 0.6999999881
35802  -20.526  -61.519  -37.573 0.5000000000
39701  -17.242  -59.490  -36.617 0.6999999881
39700  -16.695  -59.434  -36.489 0.6000000238
33379  -19.978  -62.889  -38.042 0.6000000238
34574  -20.318  -62.317  -37.877 0.6000000238
33358  -21.505  -62.966  -37.459 0.6000000238
33381  -21.493  -63.462  -37.664 0.6000000238
32231  -21.485  -64.251  -37.943 0.6000000238
32232  -22.381  -64.584  -37.643 0.6000000238
31092  -24.111  -65.149  -37.215 0.6000000238
31114  -22.849  -65.207  -37.786 0.6000000238
226303  -24.747  -65.343  -37.327 0.6000000238
31116  -24.386  -65.443  -37.656 0.6000000238
193082  -24.435  -68.738  -41.614 0.6000000238
24270  -24.122  -68.951  -41.913 0.6000000238
24275  -23.981  -69.397  -43.029 0.6000000238
29992  -25.195  -65.711  -38.038 0.5000000000
30008  -25.640  -66.020  -38.831 0.5000000000
23162  -24.508  -70.929  -43.686 0.6000000238
26433  -25.860  -67.177  -41.358 0.4000000060
25306  -25.249  -68.810  -42.325 0.6000000238
24276  -24.921  -69.401  -42.664 0.6000000238
39702  -20.743  -58.632  -38.079 0.6000000238
39703  -21.192  -59.047  -37.483 0.6000000238
39678  -21.644  -58.741  -36.938 0.5000000000
39723  -19.878  -59.375  -38.303 0.6000000238
41040  -20.697  -58.043  -38.093 0.6000000238
39725  -20.642  -59.377  -37.798 0.5000000000
39704  -21.677  -59.499  -36.797 0.5000000000
41048  -19.759  -58.659  -38.062 0.5000000000
41049  -20.311  -58.499  -38.188 0.6000000238
41038  -19.330  -58.162  -37.477 0.5000000000
38406  -21.605  -60.180  -36.688 0.6000000238
41036  -17.207  -58.890  -36.520 0.6999999881
42335  -17.816  -58.422  -36.662 0.6000000238
34540  -21.325  -62.085  -36.821 0.5000000000
39699  -15.947  -59.254  -36.823 0.5000000000
41035  -16.495  -58.698  -36.571 0.6999999881
34551  -21.006  -62.455  -37.340 0.5000000000
33359  -22.035  -63.342  -37.245 0.5000000000
192134  -23.195  -64.307  -36.943 0.6000000238
31090  -22.880  -64.764  -37.307 0.5000000000
193673  -23.929  -64.528  -36.901 0.6000000238
31091  -23.391  -65.012  -37.237 0.6000000238
31117  -25.933  -65.679  -37.831 0.5000000000
26447  -26.003  -68.129  -40.872 0.5000000000
25307  -25.767  -68.293  -41.939 0.5000000000
24277  -25.704  -69.614  -42.274 0.6000000238
193735  -25.331  -70.602  -43.213 0.6000000238
41041  -21.098  -58.306  -37.616 0.6000000238
42338  -20.622  -57.668  -37.651 0.6000000238
39679  -22.055  -59.181  -36.148 0.5000000000
41039  -20.238  -58.085  -37.994 0.6000000238
38380  -22.174  -60.031  -36.105 0.6000000238
186640  -18.434  -58.204  -37.281 0.6000000238
204900  -21.925  -60.621  -36.228 0.6000000238
42334  -17.122  -58.094  -36.444 0.6000000238
224284  -17.682  -57.939  -36.457 0.6000000238
35785  -21.314  -61.469  -36.815 0.5000000000
34552  -21.852  -62.704  -36.970 0.5000000000
39698  -15.151  -59.067  -37.002 0.5000000000
41034  -15.676  -58.519  -36.755 0.6000000238
33360  -22.650  -63.770  -36.884 0.5000000000
32204  -23.736  -63.919  -36.529 0.6000000238
32187  -25.189  -64.270  -36.575 0.5000000000
32205  -24.763  -64.769  -36.953 0.5000000000
26459  -26.405  -68.165  -41.407 0.6000000238
204017  -26.070  -68.933  -42.085 0.6000000238
41021  -20.933  -57.648  -37.581 0.6000000238
41022  -21.423  -57.939  -36.968 0.5000000000
41023  -21.976  -58.376  -36.292 0.5000000000
42318  -20.843  -57.238  -37.088 0.6999999881
42337  -19.836  -57.694  -37.019 0.6999999881
39680  -22.692  -59.559  -35.543 0.5000000000
42336  -18.844  -57.524  -36.912 0.6000000238
37100  -22.452  -60.788  -35.891 0.6000000238
42316  -18.377  -57.076  -36.477 0.6999999881
37117  -22.138  -61.086  -36.217 0.6000000238
42315  -17.608  -57.368  -36.255 0.6000000238
35786  -22.051  -61.557  -36.424 0.6000000238
42332  -15.379  -57.753  -36.638 0.6999999881
42333  -16.200  -57.927  -36.549 0.6999999881
34541  -22.038  -62.168  -36.537 0.5000000000
223560  -21.688  -61.839  -36.611 0.5000000000
41033  -14.936  -58.334  -36.963 0.6000000238
34542  -22.562  -62.697  -36.496 0.5000000000
42331  -14.687  -57.553  -36.997 0.5000000000
33342  -22.980  -63.263  -36.352 0.6000000238
34553  -22.458  -63.160  -36.826 0.5000000000
42342  -13.952  -57.941  -37.408 0.6000000238
33361  -23.221  -63.724  -36.590 0.5000000000
32186  -24.436  -64.131  -36.439 0.6000000238
32188  -25.913  -64.352  -36.826 0.5000000000
42319  -21.203  -57.083  -36.820 0.6999999881
42320  -21.806  -57.527  -36.403 0.5000000000
43570  -20.692  -56.516  -36.552 0.8000000119
41024  -22.535  -58.764  -35.530 0.5000000000
43568  -19.551  -56.375  -36.490 0.6999999881
201106  -20.203  -57.031  -36.540 0.6999999881
43589  -19.422  -57.101  -36.648 0.6999999881
39671  -23.122  -59.091  -35.018 0.5000000000
43567  -18.706  -56.494  -36.268 0.6999999881
42317  -18.947  -56.808  -36.540 0.6999999881
38381  -22.912  -60.312  -35.594 0.6000000238
43565  -17.101  -56.605  -35.919 0.6000000238
37118  -22.725  -61.330  -36.158 0.6000000238
42313  -15.836  -57.124  -36.304 0.6999999881
42314  -16.691  -57.296  -36.218 0.6999999881
35787  -22.819  -62.012  -36.267 0.6000000238
43588  -15.090  -56.892  -36.621 0.6000000238
192128  -23.083  -62.700  -36.144 0.6000000238
33343  -23.505  -63.486  -36.253 0.6000000238
42329  -13.515  -57.494  -37.650 0.6000000238
33344  -24.099  -63.476  -36.166 0.6000000238
33345  -24.859  -63.661  -36.332 0.5000000000
214882  -21.127  -56.244  -36.569 0.6000000238
43571  -21.710  -56.595  -36.479 0.5000000000
41012  -22.985  -58.313  -35.197 0.5000000000
43569  -20.092  -55.734  -36.710 0.8000000119
220666  -19.092  -56.375  -36.368 0.6999999881
38382  -23.651  -60.509  -35.404 0.6000000238
44988  -11.260  -54.450  -38.325 0.6000000238
43566  -17.943  -56.597  -36.125 0.8000000119
43561  -12.140  -54.999  -38.815 0.6000000238
43564  -16.285  -56.446  -36.006 0.6999999881
44994  -17.523  -55.906  -35.752 0.8000000119
37101  -23.199  -60.945  -35.806 0.6000000238
43584  -12.183  -56.424  -38.577 0.6000000238
43563  -15.568  -56.157  -36.444 0.6000000238
35788  -23.620  -62.254  -36.038 0.6000000238
43586  -13.648  -56.513  -37.924 0.6000000238
43587  -14.396  -56.621  -37.177 0.6000000238
34543  -23.541  -63.028  -36.069 0.6000000238
34544  -24.160  -62.715  -36.127 0.6000000238
42330  -14.062  -57.386  -37.396 0.5000000000
33346  -25.678  -63.705  -36.664 0.5000000000
34555  -25.968  -62.913  -36.882 0.5000000000
44999  -22.034  -56.082  -36.136 0.5000000000
43543  -20.652  -55.390  -37.046 0.6000000238
43544  -21.422  -55.647  -36.684 0.5000000000
44998  -20.458  -55.062  -37.108 0.6999999881
44997  -19.993  -55.470  -36.922 0.8000000119
39681  -23.365  -59.842  -35.149 0.6000000238
39672  -23.939  -59.296  -34.999 0.5000000000
46405  -10.980  -53.549  -37.888 0.6000000238
44995  -18.428  -55.970  -35.711 0.8000000119
39682  -24.185  -60.041  -35.081 0.5000000000
44960  -13.003  -53.357  -37.910 0.6999999881
44959  -11.956  -53.640  -38.194 0.6000000238
44993  -16.726  -55.775  -35.738 0.8000000119
37102  -23.874  -61.114  -35.652 0.6000000238
44989  -13.017  -54.486  -38.732 0.6000000238
35789  -24.286  -62.112  -36.140 0.6000000238
35770  -23.395  -61.566  -35.933 0.6000000238
217459  -24.381  -61.167  -35.872 0.6000000238
45011  -13.651  -55.379  -38.321 0.6000000238
45013  -14.365  -55.838  -37.112 0.6000000238
34545  -25.228  -63.017  -36.566 0.6000000238
35790  -24.864  -62.344  -36.423 0.6000000238
34554  -25.544  -62.243  -36.966 0.5000000000
187534  -26.694  -62.854  -36.853 0.5000000000
199830  -26.347  -63.559  -36.899 0.5000000000
189924  -27.396  -62.793  -36.547 0.5000000000
47655  -11.495  -54.436  -36.139 0.6000000238
47663  -10.741  -53.558  -37.091 0.6000000238
44996  -19.297  -55.747  -36.188 0.8000000119
39673  -24.825  -59.532  -34.910 0.5000000000
47656  -11.458  -52.911  -37.154 0.6000000238
44965  -18.721  -55.098  -35.721 0.8000000119
189957  -24.879  -60.072  -35.292 0.5000000000
46382  -12.192  -52.484  -37.338 0.6999999881
44964  -17.968  -55.141  -35.610 0.8000000119
38383  -24.502  -60.621  -35.534 0.6000000238
44961  -14.087  -53.650  -37.346 0.8000000119
44963  -17.177  -55.081  -35.697 0.6999999881
35771  -24.057  -61.661  -35.887 0.6000000238
37103  -24.965  -60.877  -36.149 0.6000000238
44991  -14.488  -55.108  -37.234 0.6999999881
44992  -16.020  -55.439  -36.154 0.6000000238
37119  -24.719  -61.526  -36.358 0.6000000238
38407  -25.546  -60.603  -36.626 0.6000000238
46406  -14.084  -55.397  -37.510 0.6000000238
37120  -25.266  -61.114  -36.727 0.5000000000
222047  -25.784  -61.630  -37.155 0.5000000000
44966  -20.697  -54.523  -37.786 0.6000000238
44967  -21.170  -54.533  -37.626 0.5000000000
47627  -11.715  -54.423  -35.219 0.6000000238
46408  -20.478  -54.674  -37.125 0.6999999881
46407  -19.894  -54.914  -36.595 0.6999999881
47629  -11.790  -52.991  -36.065 0.6000000238
47628  -11.963  -54.018  -35.409 0.6000000238
46387  -19.323  -54.322  -35.779 0.6999999881
46351  -12.333  -51.752  -36.508 0.8000000119
46386  -18.539  -54.242  -35.440 0.6000000238
46383  -13.035  -52.215  -37.329 0.8000000119
44941  -17.623  -54.240  -35.566 0.6999999881
46384  -14.875  -53.212  -36.916 0.6999999881
44938  -15.866  -54.219  -36.578 0.6999999881
44940  -16.917  -54.185  -35.912 0.8000000119
188244  -11.494  -54.036  -34.207 0.6000000238
48860  -12.840  -53.813  -35.128 0.6000000238
191536  -11.851  -51.959  -35.853 0.6999999881
46358  -19.563  -52.882  -36.051 0.6000000238
218688  -11.931  -52.319  -36.618 0.6999999881
46352  -13.244  -51.572  -36.596 0.6999999881
46356  -17.951  -52.966  -35.655 0.6000000238
201010  -14.333  -51.347  -37.094 0.6000000238
46353  -15.441  -52.720  -36.282 0.5000000000
46355  -17.113  -53.121  -35.688 0.6999999881
219568  -13.957  -52.138  -37.348 0.8000000119
46354  -16.496  -53.161  -36.045 0.6000000238
200964  -11.326  -53.716  -33.515 0.6000000238
48839  -11.991  -53.893  -33.492 0.6000000238
48840  -13.458  -53.561  -34.369 0.6999999881
186841  -12.255  -54.081  -34.459 0.6000000238
48861  -12.802  -52.396  -35.389 0.6999999881
47630  -12.376  -51.110  -35.676 0.6999999881
47631  -13.553  -50.794  -35.705 0.6000000238
46357  -18.781  -52.881  -35.775 0.6000000238
47633  -15.907  -51.407  -36.035 0.6000000238
47636  -19.000  -51.473  -35.918 0.5000000000
47635  -18.171  -50.940  -35.669 0.6000000238
47612  -19.159  -51.036  -35.820 0.5000000000
47609  -17.176  -50.106  -35.222 0.6000000238
47611  -18.675  -49.889  -35.433 0.5000000000
50045  -11.860  -53.014  -32.384 0.6000000238
48817  -12.253  -53.753  -32.641 0.6000000238
219101  -12.749  -53.951  -33.524 0.6999999881
193385  -12.720  -53.851  -32.450 0.6999999881
217552  -13.798  -53.204  -33.959 0.6999999881
48841  -13.102  -51.849  -34.959 0.6999999881
47607  -13.062  -50.497  -34.876 0.5000000000
47608  -13.887  -49.891  -34.766 0.6999999881
48843  -14.451  -49.420  -33.891 0.6000000238
48862  -14.836  -49.652  -34.775 0.6000000238
48863  -16.097  -49.782  -34.755 0.6000000238
47634  -16.686  -51.427  -35.694 0.6000000238
47610  -17.691  -49.841  -34.684 0.5000000000
48846  -18.629  -50.362  -34.526 0.5000000000
50007  -12.120  -52.655  -30.352 0.6999999881
50008  -12.456  -53.386  -29.963 0.6999999881
49994  -12.283  -52.848  -29.658 0.6999999881
48800  -12.616  -53.751  -31.897 0.6000000238
48776  -12.691  -53.908  -30.322 0.6999999881
50009  -12.887  -53.832  -29.613 0.6999999881
49997  -13.847  -53.501  -28.853 0.6999999881
209923  -14.556  -53.392  -28.996 0.6000000238
48788  -12.717  -53.763  -31.130 0.6999999881
48789  -13.217  -54.021  -30.866 0.6999999881
48778  -13.901  -54.109  -29.730 0.6999999881
215836  -13.687  -53.821  -32.298 0.6999999881
48801  -13.071  -53.968  -31.781 0.6999999881
188104  -13.966  -52.164  -34.249 0.6999999881
48842  -14.112  -50.287  -34.266 0.6000000238
48822  -15.111  -49.606  -33.143 0.6000000238
48823  -16.209  -49.598  -33.241 0.6000000238
48844  -15.410  -49.006  -33.660 0.6000000238
48845  -16.689  -49.414  -33.853 0.5000000000
48824  -17.234  -49.515  -33.614 0.6000000238
50050  -17.570  -50.459  -32.701 0.6000000238
199720  -11.838  -52.458  -29.696 0.6999999881
49996  -13.190  -53.468  -29.041 0.6999999881
51232  -14.146  -52.691  -28.597 0.6000000238
205651  -14.809  -52.769  -28.863 0.6000000238
201676  -16.086  -53.080  -29.252 0.4000000060
48779  -14.543  -54.079  -29.887 0.6000000238
48765  -14.232  -53.874  -29.301 0.5000000000
49998  -15.258  -53.252  -29.166 0.5000000000
209338  -16.702  -52.828  -29.225 0.4000000060
48818  -13.349  -53.709  -32.909 0.6999999881
48790  -13.993  -54.173  -30.606 0.6999999881
48780  -15.783  -53.836  -29.782 0.5000000000
50010  -16.497  -53.749  -29.606 0.4000000060
49999  -16.854  -53.460  -29.339 0.4000000060
51235  -17.478  -53.240  -29.231 0.4000000060
48819  -14.108  -53.477  -33.253 0.8000000119
209149  -14.455  -53.994  -32.451 0.8000000119
188026  -14.524  -54.372  -31.676 0.8000000119
48791  -14.841  -54.122  -30.862 0.8000000119
212992  -15.839  -53.926  -30.445 0.6000000238
192336  -16.426  -53.851  -30.321 0.5000000000
50011  -17.304  -53.787  -29.764 0.4000000060
48820  -14.748  -52.708  -33.466 0.8000000119
50030  -15.236  -52.259  -32.962 0.6999999881
50047  -15.414  -51.285  -33.219 0.5000000000
48781  -17.058  -53.861  -30.232 0.5000000000
51254  -17.798  -53.668  -29.984 0.4000000060
52330  -18.055  -53.337  -29.828 0.4000000060
48821  -14.758  -50.444  -33.524 0.6000000238
50048  -16.143  -51.339  -33.006 0.5000000000
50049  -16.987  -51.439  -32.794 0.6000000238
198116  -16.954  -49.677  -33.022 0.6000000238
201626  -17.504  -51.008  -32.213 0.6000000238
51230  -12.283  -52.651  -29.022 0.6000000238
51217  -12.055  -52.222  -28.507 0.5000000000
51219  -14.681  -52.067  -28.624 0.4000000060
51233  -15.341  -52.336  -29.032 0.5000000000
51234  -16.109  -52.130  -29.139 0.5000000000
52320  -16.863  -52.041  -29.190 0.5000000000
205029  -17.709  -52.307  -28.863 0.5000000000
53399  -17.941  -51.523  -28.714 0.5000000000
52307  -18.675  -51.418  -28.571 0.5000000000
48803  -15.092  -53.586  -32.145 0.6999999881
48804  -15.553  -53.845  -31.172 0.6000000238
48792  -16.253  -53.545  -31.207 0.5000000000
52321  -18.457  -52.200  -28.791 0.5000000000
50031  -15.824  -52.767  -32.332 0.6000000238
50017  -17.112  -53.529  -31.014 0.5000000000
50018  -17.739  -53.712  -30.633 0.4000000060
51244  -18.275  -52.897  -29.332 0.4000000060
52322  -19.144  -52.080  -28.760 0.5000000000
50033  -17.586  -52.827  -31.723 0.5000000000
51255  -18.174  -53.340  -30.425 0.5000000000
52343  -18.611  -53.115  -30.149 0.5000000000
50019  -17.868  -53.148  -30.968 0.5000000000
50034  -17.761  -51.600  -31.307 0.6000000238
52303  -12.298  -51.723  -28.069 0.5000000000
52304  -13.022  -51.636  -27.952 0.5000000000
216022  -14.123  -51.910  -28.332 0.5000000000
52306  -14.412  -51.166  -28.487 0.4000000060
52317  -14.983  -51.557  -28.916 0.4000000060
52305  -13.671  -51.364  -28.171 0.4000000060
52318  -15.480  -51.421  -29.218 0.5000000000
189575  -16.768  -51.055  -29.124 0.5000000000
215715  -17.345  -51.551  -28.953 0.5000000000
53398  -17.396  -50.843  -29.005 0.4000000060
53386  -18.882  -50.630  -28.302 0.4000000060
53382  -13.759  -50.467  -28.367 0.4000000060
53395  -14.883  -50.770  -29.038 0.4000000060
52319  -16.129  -51.249  -29.279 0.5000000000
53396  -15.443  -50.551  -29.278 0.4000000060
53397  -16.096  -50.420  -29.332 0.4000000060
187951  -16.747  -50.303  -29.287 0.5000000000
53384  -17.248  -50.093  -28.946 0.4000000060
53385  -18.036  -50.589  -28.635 0.4000000060
54439  -19.072  -49.908  -28.031 0.4000000060
53383  -14.229  -50.130  -29.023 0.4000000060
54454  -14.053  -49.376  -29.131 0.4000000060
55595  -14.605  -49.148  -29.322 0.4000000060
54466  -15.287  -49.764  -29.625 0.4000000060
54467  -16.066  -49.693  -29.579 0.4000000060
215821  -16.590  -49.732  -29.106 0.5000000000
54455  -18.405  -49.834  -28.418 0.4000000060
55598  -16.810  -49.239  -28.853 0.4000000060
206691  -17.870  -49.226  -28.194 0.4000000060
55557  -13.759  -49.206  -28.529 0.4000000060
55578  -14.166  -48.758  -28.807 0.3000000119
55596  -15.295  -48.985  -29.276 0.3000000119
55597  -16.006  -49.000  -29.124 0.4000000060
56678  -14.952  -47.595  -28.643 0.4000000060
55579  -14.766  -48.380  -28.867 0.3000000119
55580  -15.253  -48.124  -28.984 0.3000000119
189818  -16.004  -48.301  -28.724 0.4000000060
56667  -17.062  -47.796  -28.399 0.5000000000
55560  -17.789  -48.626  -27.992 0.4000000060
55561  -18.524  -49.243  -28.061 0.4000000060
55562  -19.322  -49.130  -27.796 0.3000000119
199544  -17.832  -47.857  -27.869 0.5000000000
56668  -18.473  -48.671  -27.773 0.4000000060
56669  -19.670  -48.502  -27.596 0.3000000119
56664  -14.575  -48.199  -28.457 0.4000000060
56665  -14.773  -47.532  -28.196 0.4000000060
56679  -15.210  -47.467  -28.829 0.5000000000
56680  -15.894  -47.539  -28.334 0.5000000000
57698  -15.021  -46.959  -28.385 0.4000000060
57700  -16.267  -47.019  -27.849 0.5000000000
57701  -17.459  -46.973  -27.762 0.4000000060
57702  -18.513  -47.497  -27.465 0.4000000060
208960  -18.861  -48.311  -27.484 0.3000000119
197162  -16.497  -46.603  -27.615 0.3000000119
57699  -15.097  -46.487  -28.180 0.3000000119
200523  -15.538  -46.278  -27.876 0.4000000060
57681  -18.997  -47.157  -27.066 0.3000000119
56666  -14.868  -46.920  -28.016 0.3000000119
58739  -16.044  -46.088  -27.302 0.3000000119
37130  -19.506  -59.863  -39.503 0.6000000238
195659  -19.550  -59.661  -39.162 0.5000000000
191808  -17.423  -51.828  -35.713 0.6000000238
46385  -16.624  -52.516  -35.808 0.6000000238
30022  -15.936  -66.584  -41.874 0.5000000000
30043  -18.354  -65.798  -41.235 0.6000000238
33417  -16.996  -62.885  -41.011 0.5000000000
31174  -18.990  -65.650  -40.749 0.6999999881
31139  -20.018  -64.873  -39.306 0.6999999881
207788  -20.605  -66.289  -41.147 0.6999999881
32256  -20.596  -64.837  -38.878 0.6999999881
27671  -21.728  -67.282  -41.515 0.6999999881
37131  -19.797  -60.080  -39.488 0.6000000238
38413  -17.522  -60.268  -37.069 0.6999999881
25305  -23.801  -68.784  -41.601 0.6000000238
31115  -23.668  -65.373  -37.685 0.5000000000
218063  -25.408  -67.947  -41.922 0.5000000000
39721  -18.592  -59.417  -37.873 0.6000000238
225738  -17.336  -59.864  -36.822 0.6999999881
37116  -21.559  -60.865  -36.647 0.6000000238
32202  -22.098  -63.999  -37.372 0.5000000000
24281  -24.583  -70.089  -43.116 0.6000000238
187672  -26.547  -68.060  -40.784 0.5000000000
194038  -18.124  -57.743  -36.671 0.6000000238
43560  -11.520  -55.836  -38.294 0.6000000238
204793  -12.913  -56.998  -38.209 0.6000000238
204342  -24.612  -63.062  -36.292 0.6000000238
44990  -13.788  -54.551  -37.835 0.6000000238
193854  -15.169  -54.889  -36.776 0.6000000238
35791  -25.322  -61.634  -36.956 0.6000000238
38384  -25.257  -60.346  -35.840 0.6000000238
44962  -16.526  -54.845  -36.023 0.6000000238
47632  -14.474  -50.622  -35.867 0.6000000238
225187  -15.927  -50.608  -35.357 0.6000000238
47592  -17.829  -50.120  -33.898 0.5000000000
50015  -12.116  -52.658  -31.152 0.6999999881
50029  -12.411  -53.265  -31.453 0.6000000238
48777  -13.316  -54.059  -30.013 0.6999999881
48802  -13.819  -54.152  -31.594 0.8000000119
199822  -15.220  -54.044  -30.148 0.6000000238
49984  -13.423  -52.900  -28.550 0.6000000238
214498  -15.736  -53.631  -29.416 0.5000000000
48766  -15.066  -53.831  -29.410 0.5000000000
215533  -18.845  -53.008  -29.812 0.5000000000
191336  -12.789  -52.378  -28.348 0.5000000000
50032  -16.768  -52.776  -32.108 0.6000000238
51268  -17.917  -52.048  -30.495 0.5000000000
54453  -13.771  -49.695  -28.558 0.4000000060
54465  -14.626  -49.903  -29.510 0.4000000060
186325  -17.560  -49.657  -28.474 0.4000000060
55581  -17.076  -48.600  -28.510 0.4000000060
57708  -15.052  -46.725  -27.857 0.5000000000
58740  -16.187  -46.031  -27.361 0.3000000119
12216  -23.432  -77.694  -43.896 0.5000000000
12198  -22.465  -78.435  -42.597 0.5000000000
10204  -22.056  -79.801  -42.952 0.5000000000
12199  -22.403  -78.251  -41.962 0.5000000000
225863  -21.541  -80.053  -42.026 0.5000000000
11160  -21.896  -79.074  -41.749 0.5000000000
11144  -22.117  -79.641  -40.921 0.6000000238
14261  -22.218  -76.895  -42.568 0.5000000000
13223  -22.442  -77.192  -42.275 0.5000000000
13224  -22.751  -77.450  -41.366 0.5000000000
10172  -22.641  -80.265  -40.444 0.6000000238
14246  -23.223  -77.317  -40.923 0.6000000238
12181  -22.782  -78.660  -40.612 0.6000000238
207106  -21.760  -76.542  -42.940 0.4000000060
19730  -21.230  -72.684  -40.571 0.4000000060
19756  -21.001  -73.491  -41.779 0.4000000060
18530  -20.834  -74.035  -41.743 0.5000000000
18531  -21.283  -74.177  -42.307 0.5000000000
198124  -21.114  -76.245  -42.727 0.5000000000
17407  -21.411  -75.366  -42.977 0.5000000000
18532  -22.453  -74.068  -42.288 0.5000000000
14260  -21.479  -76.550  -42.946 0.5000000000
16334  -21.523  -76.118  -44.101 0.5000000000
203573  -23.394  -80.163  -40.116 0.6000000238
203576  -24.143  -80.279  -39.903 0.6000000238
16335  -21.556  -76.372  -44.793 0.5000000000
15289  -22.830  -76.543  -44.018 0.5000000000
16356  -23.382  -75.499  -45.580 0.5000000000
12183  -24.040  -78.203  -40.201 0.6000000238
15283  -23.173  -76.437  -42.273 0.5000000000
16329  -23.582  -75.987  -41.585 0.6000000238
13207  -23.297  -77.816  -40.593 0.6000000238
11147  -24.201  -79.005  -40.136 0.6000000238
16324  -24.253  -75.792  -40.560 0.6000000238
219697  -24.543  -77.327  -40.146 0.6000000238
15263  -25.216  -76.361  -39.870 0.6999999881
15262  -24.565  -76.344  -40.203 0.6000000238
188388  -25.285  -75.185  -39.931 0.6999999881
23142  -21.114  -70.267  -40.338 0.6000000238
225804  -21.130  -70.602  -40.497 0.6000000238
24263  -21.101  -69.506  -41.696 0.6000000238
20918  -21.267  -71.829  -40.404 0.5000000000
20904  -21.299  -72.336  -41.025 0.5000000000
22055  -21.133  -71.493  -42.096 0.6000000238
19757  -22.217  -73.569  -41.968 0.5000000000
19745  -21.239  -72.815  -41.843 0.5000000000
19758  -22.404  -73.155  -41.887 0.5000000000
18541  -22.585  -74.264  -43.667 0.5000000000
18533  -22.785  -73.565  -42.731 0.5000000000
17426  -22.757  -75.108  -44.552 0.5000000000
215107  -24.852  -80.361  -39.946 0.6999999881
11148  -25.041  -79.216  -40.117 0.6000000238
11149  -25.695  -79.360  -40.074 0.8000000119
202698  -24.390  -76.023  -44.855 0.5000000000
189326  -24.242  -75.312  -43.053 0.5000000000
17416  -23.979  -75.335  -41.864 0.6000000238
13210  -25.361  -78.092  -40.005 0.6999999881
14250  -25.837  -77.577  -39.860 0.6999999881
16323  -23.715  -75.931  -40.924 0.6000000238
17391  -25.534  -74.669  -39.650 0.6999999881
193525  -24.456  -74.858  -41.263 0.6000000238
220249  -25.286  -74.130  -40.443 0.6000000238
19746  -26.059  -73.303  -40.963 0.6999999881
18508  -25.620  -74.070  -39.889 0.6999999881
19733  -26.602  -73.283  -39.748 0.6000000238
24259  -20.537  -69.915  -40.524 0.5000000000
24262  -20.731  -70.074  -41.190 0.6000000238
197287  -21.087  -70.030  -41.942 0.6000000238
22063  -21.520  -72.160  -42.774 0.6000000238
19770  -23.442  -73.327  -44.414 0.5000000000
22073  -23.084  -71.943  -43.930 0.6000000238
203578  -25.503  -80.551  -40.003 0.6999999881
18552  -23.905  -74.358  -45.060 0.5000000000
19779  -24.213  -73.076  -44.662 0.5000000000
14251  -26.596  -77.673  -39.609 0.5000000000
12187  -27.268  -78.802  -40.068 0.6000000238
18553  -25.115  -74.622  -45.158 0.6000000238
200448  -25.370  -74.287  -43.106 0.5000000000
14233  -26.238  -77.028  -39.689 0.6000000238
18535  -25.462  -73.694  -42.400 0.5000000000
15264  -25.861  -76.430  -39.655 0.6999999881
16315  -26.118  -75.906  -39.348 0.6000000238
18534  -24.886  -74.244  -41.696 0.5000000000
17392  -26.090  -74.493  -39.284 0.6000000238
220599  -27.585  -72.757  -39.862 0.6000000238
20940  -26.834  -72.651  -42.878 0.5000000000
19760  -26.409  -72.977  -41.803 0.6000000238
20929  -27.133  -72.818  -40.464 0.5000000000
20967  -28.280  -72.329  -43.223 0.5000000000
20945  -29.094  -73.077  -42.342 0.5000000000
25294  -19.855  -69.705  -41.078 0.6000000238
217634  -20.074  -69.820  -41.501 0.6000000238
25293  -19.794  -69.356  -40.863 0.4000000060
23152  -23.521  -71.250  -43.843 0.5000000000
13212  -26.964  -78.270  -39.761 0.6000000238
20965  -25.096  -72.768  -44.609 0.5000000000
15249  -26.784  -76.054  -39.074 0.5000000000
19772  -26.407  -73.273  -43.543 0.5000000000
17381  -26.805  -74.684  -38.878 0.5000000000
17382  -27.381  -74.699  -38.482 0.5000000000
16305  -27.198  -75.411  -38.659 0.5000000000
22065  -26.576  -72.023  -43.349 0.5000000000
18498  -27.030  -73.507  -39.037 0.5000000000
20919  -28.104  -72.477  -39.811 0.5000000000
22076  -27.024  -71.549  -42.698 0.6000000238
208371  -27.144  -71.158  -42.549 0.6000000238
20931  -28.349  -72.626  -40.522 0.5000000000
188730  -29.346  -72.913  -41.373 0.6000000238
22084  -27.956  -71.669  -43.183 0.6000000238
22085  -28.451  -71.621  -42.966 0.5000000000
27648  -19.478  -68.177  -40.376 0.4000000060
22075  -25.677  -71.397  -43.573 0.5000000000
19706  -27.823  -73.496  -38.195 0.5000000000
23154  -26.103  -71.108  -42.879 0.5000000000
23163  -26.410  -70.940  -42.415 0.5000000000
20921  -29.639  -72.479  -40.023 0.5000000000
191927  -30.069  -72.359  -39.349 0.5000000000
19749  -31.446  -73.163  -40.359 0.5000000000
19750  -32.159  -73.360  -40.456 0.5000000000
18546  -33.430  -74.632  -41.898 0.5000000000
214230  -26.919  -70.350  -42.698 0.6000000238
23165  -27.648  -70.314  -42.762 0.6000000238
19761  -29.678  -73.127  -41.620 0.5000000000
23166  -28.295  -70.717  -42.655 0.6000000238
18567  -30.971  -74.008  -44.302 0.5000000000
23156  -29.152  -70.124  -41.311 0.5000000000
22078  -29.786  -70.984  -41.728 0.5000000000
25313  -26.379  -68.943  -42.054 0.5000000000
189987  -30.964  -73.295  -40.983 0.5000000000
19764  -31.542  -73.440  -40.939 0.5000000000
18536  -31.896  -73.857  -41.351 0.5000000000
18537  -32.639  -74.277  -41.571 0.5000000000
25319  -26.659  -69.454  -42.514 0.5000000000
26474  -27.373  -68.604  -42.945 0.6000000238
18544  -30.553  -73.938  -42.503 0.5000000000
18545  -31.214  -74.068  -42.104 0.5000000000
17418  -33.192  -75.026  -43.041 0.5000000000
17419  -33.939  -74.998  -42.682 0.5000000000
17433  -34.900  -75.423  -43.242 0.5000000000
24286  -28.723  -70.188  -41.901 0.5000000000
18555  -30.469  -74.076  -43.325 0.5000000000
18563  -31.863  -74.195  -45.413 0.5000000000
205897  -26.457  -68.325  -41.727 0.5000000000
17450  -34.086  -74.731  -45.206 0.5000000000
193501  -33.066  -75.277  -44.032 0.5000000000
188540  -34.085  -75.588  -44.130 0.5000000000
217472  -35.994  -76.291  -44.576 0.4000000060
17444  -34.409  -75.405  -44.654 0.4000000060
33341  -16.680  -63.040  -36.605 0.4000000060
218217  -10.529  -55.278  -37.393 0.5000000000
47654  -11.210  -54.784  -36.227 0.5000000000
191287  -10.450  -54.602  -37.323 0.5000000000
48837  -10.089  -54.396  -34.270 0.5000000000
48859  -10.820  -54.444  -35.012 0.5000000000
46404  -10.563  -54.353  -37.713 0.5000000000
51243  -11.718  -52.163  -30.880 0.5000000000
51242  -11.123  -51.958  -30.522 0.5000000000
51216  -11.619  -52.098  -29.067 0.5000000000
12182  -23.379  -78.474  -40.338 0.6000000238
16336  -23.507  -76.063  -42.755 0.6000000238
14248  -24.206  -76.892  -40.304 0.6000000238
17390  -25.187  -74.575  -40.144 0.6999999881
22053  -21.106  -70.826  -41.308 0.6000000238
18554  -25.918  -74.461  -44.764 0.5000000000
18519  -25.284  -73.919  -41.186 0.6000000238
19747  -26.482  -73.035  -40.766 0.6000000238
201346  -27.496  -72.889  -42.243 0.6000000238
11150  -26.298  -79.383  -40.049 0.6999999881
20952  -25.675  -72.784  -43.955 0.5000000000
20939  -26.598  -72.792  -43.015 0.5000000000
22068  -27.320  -72.535  -42.756 0.6000000238
20966  -27.771  -72.316  -43.048 0.6000000238
20955  -28.194  -72.804  -42.179 0.5000000000
19774  -29.984  -73.596  -42.912 0.5000000000
19720  -27.506  -73.227  -38.781 0.5000000000
19721  -28.037  -72.914  -38.535 0.5000000000
23164  -26.653  -70.668  -42.465 0.5000000000
23172  -28.974  -71.122  -42.626 0.5000000000
24283  -26.199  -70.218  -42.355 0.5000000000
24285  -27.775  -69.948  -42.763 0.5000000000
25320  -27.097  -69.334  -42.891 0.5000000000
187738  -31.816  -74.300  -42.275 0.5000000000
17428  -31.444  -74.586  -44.118 0.5000000000
17430  -32.490  -74.962  -43.660 0.5000000000
16344  -34.732  -75.877  -44.068 0.5000000000
17449  -33.020  -74.368  -45.394 0.4000000060
16359  -35.555  -75.825  -44.836 0.4000000060
13215  -29.381  -78.129  -40.317 0.5000000000
14237  -29.116  -77.225  -39.462 0.6000000238
15268  -28.495  -76.894  -39.200 0.6000000238
13214  -28.703  -78.268  -40.158 0.6000000238
199279  -27.980  -79.878  -40.518 0.4000000060
17372  -28.573  -74.791  -37.584 0.4000000060
17371  -28.223  -74.504  -37.819 0.4000000060
15251  -28.243  -76.328  -38.875 0.5000000000
14236  -28.329  -77.348  -39.579 0.6000000238
15267  -27.878  -76.825  -39.243 0.5000000000
16294  -27.696  -75.090  -38.291 0.4000000060
217773  -27.892  -78.828  -40.266 0.5000000000
14235  -27.613  -77.332  -39.523 0.5000000000
206942  -27.283  -79.998  -40.112 0.6000000238
9168  -25.637  -81.242  -40.206 0.6000000238
198207  -25.102  -81.657  -40.274 0.6000000238
213025  -23.837  -81.620  -40.113 0.6000000238
198208  -23.783  -80.939  -40.062 0.6000000238
8205  -22.968  -82.117  -40.300 0.6000000238
196349  -23.143  -81.493  -40.199 0.5000000000
9166  -22.436  -80.991  -40.529 0.5000000000
9185  -21.454  -81.361  -41.378 0.4000000060
204309  -21.314  -80.607  -42.222 0.5000000000
16345  -35.403  -75.979  -43.661 0.3000000119
204541  -23.468  -79.152  -43.874 0.4000000060
39683  -25.505  -59.665  -35.584 0.4000000060
38385  -25.895  -60.131  -36.216 0.4000000060
50051  -18.245  -50.256  -33.082 0.5000000000
186429  -17.944  -50.984  -32.015 0.5000000000
50035  -18.278  -50.775  -32.042 0.5000000000
51269  -18.557  -51.699  -31.199 0.4000000060
52357  -19.120  -49.671  -32.080 0.4000000060
51256  -18.830  -52.728  -30.613 0.4000000060
51257  -19.151  -52.008  -31.082 0.4000000060
52345  -18.785  -49.792  -31.739 0.4000000060
51245  -19.211  -52.869  -30.384 0.4000000060
51246  -19.565  -52.326  -30.597 0.4000000060
52333  -19.382  -49.843  -31.151 0.4000000060
52331  -19.897  -51.787  -30.153 0.4000000060
51236  -18.946  -52.682  -29.372 0.4000000060
51237  -19.479  -52.378  -29.610 0.4000000060
52308  -19.493  -51.330  -28.416 0.4000000060
202414  -19.560  -50.604  -27.955 0.3000000119
201812  -20.101  -51.037  -28.081 0.3000000119
51271  -19.047  -50.047  -32.153 0.4000000060
51270  -18.537  -50.751  -31.872 0.4000000060
51258  -18.700  -50.388  -31.793 0.4000000060
52344  -19.368  -51.360  -31.205 0.4000000060
52346  -18.917  -49.424  -31.666 0.4000000060
52332  -19.276  -50.272  -31.122 0.4000000060
14162  -32.556  -76.955  -34.990 0.3000000119
15207  -32.019  -76.590  -35.017 0.3000000119
13175  -33.359  -77.903  -36.497 0.4000000060
14199  -32.852  -77.546  -36.051 0.3000000119
14198  -32.270  -77.330  -36.391 0.4000000060
13198  -33.231  -78.133  -38.794 0.3000000119
13186  -32.797  -77.729  -37.531 0.3000000119
14207  -32.276  -77.405  -37.125 0.4000000060
12195  -33.956  -79.158  -40.518 0.3000000119
13192  -32.747  -77.741  -38.260 0.3000000119
14214  -32.247  -77.446  -37.802 0.3000000119
12194  -33.379  -78.729  -40.159 0.3000000119
13197  -32.536  -77.814  -38.924 0.3000000119
13196  -31.912  -77.513  -39.103 0.3000000119
197076  -32.826  -78.734  -40.406 0.3000000119
12193  -32.255  -78.499  -40.235 0.3000000119
13204  -31.623  -77.717  -39.573 0.3000000119
11165  -32.044  -79.376  -41.680 0.3000000119
12204  -31.562  -78.966  -41.129 0.3000000119
12192  -31.181  -78.469  -40.769 0.3000000119
210116  -31.410  -82.573  -42.784 0.3000000119
9201  -31.878  -80.701  -42.547 0.3000000119
10197  -31.173  -80.441  -42.181 0.3000000119
11164  -31.043  -79.833  -41.844 0.3000000119
217665  -30.456  -78.931  -41.247 0.3000000119
8233  -30.788  -82.267  -42.636 0.4000000060
16262  -31.376  -76.073  -35.047 0.3000000119
13194  -33.973  -78.474  -37.962 0.4000000060
15224  -31.301  -76.740  -36.220 0.4000000060
12172  -33.810  -78.614  -39.057 0.3000000119
15234  -31.134  -76.758  -36.790 0.4000000060
12206  -33.293  -79.172  -40.930 0.3000000119
14222  -31.459  -77.209  -38.606 0.4000000060
14240  -31.262  -77.363  -39.215 0.4000000060
10198  -32.995  -80.420  -42.694 0.3000000119
13217  -30.794  -78.035  -40.361 0.4000000060
7301  -31.967  -82.769  -42.668 0.3000000119
214198  -32.271  -82.321  -42.682 0.4000000060
12191  -30.452  -78.544  -40.875 0.4000000060
11163  -29.976  -79.585  -41.362 0.3000000119
6419  -31.963  -83.501  -41.728 0.3000000119
17321  -31.544  -74.973  -34.470 0.3000000119
18449  -31.790  -73.880  -35.058 0.3000000119
205819  -32.753  -73.169  -35.464 0.3000000119
17320  -31.154  -74.486  -34.917 0.3000000119
19656  -31.699  -73.412  -35.627 0.3000000119
196927  -35.551  -79.697  -39.392 0.4000000060
16261  -30.781  -75.614  -35.449 0.3000000119
18448  -30.673  -74.149  -35.472 0.3000000119
12207  -34.019  -79.556  -41.207 0.3000000119
12177  -34.509  -79.282  -40.157 0.4000000060
16276  -30.493  -75.817  -36.089 0.4000000060
17334  -30.305  -74.625  -35.695 0.3000000119
205312  -30.673  -76.507  -37.209 0.4000000060
16275  -29.953  -75.429  -36.460 0.4000000060
11167  -33.682  -79.729  -41.769 0.3000000119
9203  -34.262  -81.068  -42.456 0.3000000119
15242  -30.335  -76.460  -37.797 0.4000000060
15233  -29.985  -76.083  -37.307 0.4000000060
217110  -33.314  -81.216  -42.688 0.3000000119
9190  -32.483  -81.574  -41.349 0.3000000119
15253  -29.698  -76.514  -38.597 0.4000000060
16286  -29.086  -75.183  -37.308 0.5000000000
218642  -33.102  -81.800  -42.436 0.3000000119
14238  -29.933  -77.249  -39.505 0.4000000060
14219  -29.593  -76.974  -39.018 0.4000000060
15240  -29.177  -76.107  -38.241 0.5000000000
5550  -31.593  -84.190  -40.553 0.3000000119
19693  -33.253  -73.035  -36.773 0.3000000119
19673  -32.925  -73.013  -36.087 0.3000000119
10180  -35.567  -80.472  -41.157 0.4000000060
19670  -30.835  -73.019  -36.182 0.4000000060
19690  -30.649  -72.623  -36.669 0.4000000060
10193  -35.221  -80.768  -41.885 0.4000000060
17362  -29.435  -74.901  -36.715 0.4000000060
18462  -29.508  -73.349  -36.504 0.5000000000
20881  -29.870  -72.281  -37.417 0.4000000060
9176  -33.738  -81.361  -41.638 0.3000000119
17361  -28.924  -74.450  -37.031 0.4000000060
9174  -31.743  -81.578  -40.814 0.3000000119
20880  -29.382  -72.371  -37.686 0.4000000060
20909  -30.341  -72.129  -38.659 0.4000000060
7271  -31.782  -82.840  -40.944 0.3000000119
6418  -31.832  -83.611  -40.986 0.3000000119
5543  -31.346  -84.338  -39.847 0.3000000119
207828  -32.905  -72.747  -37.210 0.3000000119
19671  -31.568  -72.899  -36.112 0.3000000119
19691  -31.358  -72.517  -36.675 0.3000000119
9193  -35.191  -81.190  -41.710 0.4000000060
19722  -31.851  -72.418  -38.303 0.5000000000
215098  -31.516  -72.542  -39.124 0.4000000060
9175  -32.879  -81.153  -41.150 0.4000000060
221423  -29.983  -82.671  -39.054 0.3000000119
9173  -31.223  -81.629  -40.381 0.3000000119
8197  -30.989  -82.068  -40.173 0.3000000119
7243  -30.713  -83.392  -39.557 0.3000000119
4796  -30.879  -84.968  -38.674 0.3000000119
5531  -30.838  -84.594  -38.917 0.3000000119
19710  -32.453  -72.510  -37.687 0.3000000119
19723  -32.641  -72.887  -38.419 0.4000000060
188136  -32.229  -72.841  -39.068 0.4000000060
7241  -29.664  -82.655  -38.739 0.3000000119
7212  -28.692  -82.977  -37.506 0.3000000119
7242  -30.082  -83.251  -39.029 0.3000000119
6361  -29.587  -83.798  -37.990 0.3000000119
6362  -30.068  -83.868  -38.546 0.3000000119
7196  -27.975  -83.021  -36.924 0.3000000119
6328  -28.053  -83.689  -36.645 0.3000000119
6344  -29.095  -83.671  -37.502 0.3000000119
5490  -29.089  -84.732  -36.685 0.3000000119
5515  -29.480  -84.276  -37.550 0.3000000119
18524  -34.555  -74.287  -40.548 0.3000000119
193823  -34.049  -74.352  -41.129 0.4000000060
5488  -27.883  -84.032  -36.145 0.3000000119
4730  -27.940  -85.005  -35.264 0.3000000119
17412  -36.591  -75.184  -41.288 0.3000000119
191597  -35.965  -74.725  -41.083 0.3000000119
17410  -34.938  -74.636  -41.785 0.3000000119
16338  -36.710  -75.773  -42.248 0.3000000119
17422  -36.093  -75.112  -41.997 0.3000000119
16337  -36.112  -75.824  -43.008 0.3000000119
194909  -18.068  -51.546  -31.420 0.5000000000
52323  -19.749  -51.793  -29.029 0.4000000060
10175  -26.664  -80.436  -40.193 0.6000000238
13213  -27.650  -78.304  -39.916 0.5000000000
20891  -29.244  -72.320  -38.259 0.4000000060
18521  -32.694  -73.899  -40.748 0.4000000060
189064  -33.381  -74.129  -40.995 0.4000000060
18547  -34.249  -74.664  -41.823 0.4000000060
17421  -35.341  -75.294  -42.546 0.3000000119
50052  -18.822  -50.353  -33.003 0.5000000000
50036  -18.788  -50.249  -32.624 0.4000000060
13193  -33.377  -78.094  -37.964 0.3000000119
11172  -32.562  -79.891  -42.240 0.3000000119
203906  -32.257  -81.531  -42.861 0.3000000119
12173  -34.959  -79.170  -38.968 0.4000000060
14220  -30.225  -76.811  -39.019 0.4000000060
11154  -35.121  -79.786  -40.663 0.4000000060
11168  -35.087  -80.189  -41.408 0.3000000119
10200  -34.397  -80.740  -42.549 0.3000000119
18463  -29.898  -73.834  -36.157 0.4000000060
7270  -31.302  -82.583  -40.443 0.3000000119
20882  -30.531  -72.249  -37.231 0.4000000060
225559  -31.179  -83.489  -39.987 0.3000000119
19737  -33.181  -73.404  -39.697 0.4000000060
218295  -30.485  -81.561  -39.184 0.3000000119
4779  -30.411  -85.053  -37.713 0.3000000119
202594  -34.458  -74.096  -39.861 0.3000000119
4744  -28.693  -84.930  -36.254 0.3000000119
8220  -21.905  -82.087  -40.973 0.5000000000
7281  -22.120  -82.831  -41.009 0.5000000000
7263  -23.189  -82.685  -40.430 0.5000000000
8208  -25.192  -82.242  -40.382 0.5000000000
9170  -26.793  -81.197  -40.325 0.4000000060
208580  -27.045  -68.094  -42.286 0.4000000060
11152  -28.818  -79.197  -40.898 0.5000000000
11162  -29.334  -79.643  -41.127 0.3000000119
8224  -29.657  -81.704  -41.770 0.3000000119
205762  -29.710  -79.313  -41.176 0.4000000060
9199  -30.686  -80.854  -42.135 0.3000000119
10192  -30.456  -80.161  -41.730 0.3000000119
10178  -32.611  -80.736  -40.316 0.3000000119
10164  -33.932  -80.925  -40.393 0.3000000119
220412  -34.228  -81.243  -41.255 0.3000000119
13188  -34.181  -78.501  -37.420 0.3000000119
10162  -32.413  -80.421  -39.475 0.3000000119
223201  -34.633  -81.276  -40.814 0.3000000119
9194  -35.693  -81.065  -41.311 0.3000000119
10165  -36.157  -80.342  -39.878 0.3000000119
11131  -35.392  -79.437  -38.556 0.3000000119
11132  -36.028  -79.970  -38.901 0.3000000119
9161  -34.514  -81.121  -40.006 0.3000000119
8214  -36.182  -81.641  -40.610 0.3000000119
10182  -36.308  -81.294  -40.610 0.3000000119
10156  -36.642  -80.637  -39.433 0.3000000119
12169  -34.853  -79.014  -38.194 0.3000000119
12146  -34.319  -78.472  -36.792 0.3000000119
8198  -35.618  -81.867  -39.991 0.3000000119
12147  -34.847  -78.736  -36.604 0.3000000119
12162  -35.302  -79.065  -37.083 0.3000000119
9206  -21.688  -80.790  -43.270 0.3000000119
10177  -27.697  -80.556  -40.538 0.5000000000
198206  -25.816  -81.988  -40.361 0.4000000060
212984  -23.807  -82.609  -40.354 0.5000000000
9188  -29.346  -80.970  -41.383 0.3000000119
52347  -19.203  -48.843  -31.940 0.3000000119
52324  -20.267  -51.596  -29.387 0.3000000119
8219  -21.263  -81.991  -41.598 0.4000000060
5556  -21.312  -83.846  -41.628 0.4000000060
2497  -24.016  -88.069  -42.617 0.4000000060
3538  -23.288  -86.815  -42.213 0.4000000060
4842  -23.219  -85.646  -41.542 0.4000000060
5560  -23.965  -84.489  -41.092 0.4000000060
6395  -24.728  -83.368  -40.538 0.4000000060
4822  -22.158  -84.911  -41.483 0.4000000060
6410  -22.822  -83.712  -40.992 0.4000000060
6394  -24.153  -83.426  -40.676 0.4000000060
2048  -23.955  -89.310  -41.796 0.3000000119
3005  -24.995  -87.536  -42.050 0.4000000060
4135  -24.695  -85.829  -41.495 0.4000000060
6409  -22.143  -83.833  -41.182 0.4000000060
3554  -23.673  -87.258  -42.630 0.4000000060
4841  -22.476  -85.574  -41.538 0.4000000060
2487  -24.068  -88.656  -42.375 0.3000000119
3540  -24.624  -86.974  -42.170 0.4000000060
4152  -24.333  -86.329  -41.901 0.4000000060
5559  -23.232  -84.370  -41.178 0.4000000060
4825  -24.318  -85.182  -41.243 0.4000000060
6413  -25.353  -83.807  -40.604 0.4000000060
2479  -25.251  -88.366  -41.389 0.3000000119
2489  -25.095  -88.060  -41.899 0.3000000119
4153  -25.045  -86.422  -41.788 0.3000000119
3006  -25.641  -87.401  -41.770 0.3000000119
5562  -26.297  -84.664  -40.708 0.3000000119
204979  -26.923  -82.910  -40.445 0.3000000119
213544  -25.737  -84.381  -40.727 0.3000000119
7269  -27.807  -82.149  -40.544 0.3000000119
10189  -28.309  -80.438  -40.918 0.3000000119
8210  -27.837  -81.581  -40.507 0.3000000119
208694  -26.095  -83.952  -40.566 0.3000000119
226296  -26.739  -82.485  -40.401 0.3000000119
7267  -26.297  -82.680  -40.387 0.3000000119
4700  -20.929  -85.080  -32.639 0.3000000119
199176  -20.977  -84.098  -32.686 0.3000000119
8163  -27.767  -81.768  -37.277 0.3000000119
8105  -21.121  -81.622  -33.331 0.3000000119
8106  -21.816  -81.742  -33.777 0.3000000119
206616  -23.036  -81.451  -34.357 0.3000000119
9091  -24.402  -81.206  -34.970 0.3000000119
9092  -24.854  -81.233  -35.336 0.3000000119
9105  -25.807  -81.270  -35.786 0.3000000119
9117  -26.563  -81.134  -36.448 0.3000000119
9126  -27.454  -81.176  -37.188 0.3000000119
9081  -22.211  -80.954  -33.883 0.3000000119
9082  -22.831  -80.958  -34.178 0.3000000119
10066  -23.710  -80.533  -34.657 0.3000000119
10067  -24.238  -80.670  -34.914 0.3000000119
205426  -25.125  -80.189  -35.714 0.3000000119
4136  -25.801  -85.646  -41.331 0.3000000119
6263  -21.361  -83.652  -33.100 0.3000000119
8118  -23.009  -81.993  -34.243 0.3000000119
7135  -21.910  -82.607  -33.686 0.3000000119
7121  -21.048  -82.941  -32.982 0.3000000119
8117  -22.491  -82.223  -33.884 0.3000000119
195985  -22.558  -81.553  -34.073 0.3000000119
11031  -22.979  -79.729  -34.185 0.3000000119
2049  -24.380  -89.335  -41.244 0.3000000119
2050  -24.909  -88.979  -41.009 0.3000000119
2059  -24.621  -88.667  -41.763 0.3000000119
2488  -24.544  -88.091  -42.244 0.4000000060
3004  -24.352  -87.544  -42.419 0.4000000060
3018  -23.445  -87.867  -42.856 0.4000000060
3539  -23.967  -86.797  -42.275 0.4000000060
3541  -25.352  -86.950  -41.888 0.3000000119
3542  -25.884  -86.909  -41.705 0.3000000119
3555  -24.149  -87.217  -42.541 0.4000000060
4134  -23.949  -85.766  -41.446 0.4000000060
4150  -22.862  -86.237  -41.789 0.4000000060
4151  -23.614  -86.268  -41.875 0.4000000060
4780  -30.669  -85.202  -38.048 0.3000000119
4781  -30.873  -85.339  -38.675 0.3000000119
4805  -31.281  -84.600  -39.896 0.3000000119
4814  -31.358  -84.538  -40.463 0.3000000119
4823  -22.866  -84.965  -41.388 0.4000000060
4824  -23.587  -85.063  -41.301 0.4000000060
4826  -25.110  -85.246  -41.228 0.3000000119
5432  -20.637  -84.525  -32.478 0.3000000119
5477  -27.621  -84.394  -35.605 0.3000000119
5478  -28.157  -84.722  -35.960 0.3000000119
5489  -28.449  -84.285  -36.575 0.3000000119
5516  -30.123  -84.414  -38.006 0.3000000119
5517  -30.669  -84.757  -38.295 0.3000000119
5530  -30.480  -84.365  -38.595 0.3000000119
5532  -31.090  -84.775  -39.271 0.3000000119
5542  -30.995  -84.338  -39.367 0.3000000119
5549  -26.772  -84.160  -40.598 0.3000000119
5557  -21.764  -84.315  -41.439 0.4000000060
5558  -22.490  -84.358  -41.230 0.4000000060
5561  -25.154  -84.518  -40.869 0.3000000119
5579  -21.132  -84.454  -41.775 0.4000000060
6317  -27.325  -83.823  -35.845 0.3000000119
6343  -28.518  -83.643  -37.057 0.3000000119
6376  -30.629  -84.009  -39.141 0.3000000119
6385  -31.162  -83.953  -39.680 0.3000000119
6396  -25.870  -83.276  -40.501 0.3000000119
6397  -26.519  -83.436  -40.452 0.3000000119
6399  -31.534  -83.862  -40.236 0.3000000119
6408  -21.730  -83.365  -41.315 0.5000000000
6411  -23.648  -83.756  -40.885 0.4000000060
6412  -24.489  -84.017  -40.753 0.4000000060
6428  -31.627  -83.628  -42.089 0.3000000119
6429  -31.844  -83.563  -41.929 0.3000000119
7146  -22.952  -82.573  -34.098 0.3000000119
7147  -23.532  -82.479  -34.388 0.3000000119
7226  -29.146  -82.628  -38.161 0.3000000119
7227  -29.588  -83.258  -38.428 0.3000000119
7254  -30.316  -82.717  -39.403 0.3000000119
7255  -30.915  -82.788  -39.949 0.3000000119
7256  -31.468  -83.221  -40.421 0.3000000119
7264  -23.707  -83.102  -40.604 0.5000000000
7265  -24.273  -82.910  -40.484 0.5000000000
7266  -24.934  -82.750  -40.445 0.5000000000
7268  -27.169  -82.364  -40.454 0.3000000119
7282  -22.716  -83.037  -40.825 0.5000000000
7285  -32.090  -83.090  -41.545 0.3000000119
7296  -31.488  -83.177  -42.540 0.3000000119
7297  -31.915  -83.257  -42.250 0.3000000119
8119  -23.549  -81.686  -34.572 0.3000000119
8130  -24.132  -81.581  -34.765 0.3000000119
8196  -30.554  -82.096  -39.588 0.3000000119
8199  -35.980  -81.927  -40.010 0.3000000119
8204  -22.524  -81.766  -40.566 0.5000000000
8206  -23.530  -82.125  -40.193 0.6000000238
8207  -24.409  -82.157  -40.285 0.5000000000
8209  -27.297  -81.748  -40.413 0.3000000119
8211  -31.514  -82.124  -40.691 0.3000000119
8212  -32.205  -82.308  -41.409 0.3000000119
8213  -35.764  -81.774  -40.539 0.3000000119
8221  -22.560  -82.434  -40.634 0.6000000238
8225  -32.624  -81.929  -41.894 0.3000000119
8226  -33.240  -81.552  -41.987 0.3000000119
8235  -33.147  -81.630  -42.581 0.3000000119
8240  -31.302  -81.923  -42.772 0.3000000119
8241  -31.867  -82.138  -42.873 0.3000000119
8242  -32.501  -81.886  -42.772 0.4000000060
9083  -23.356  -81.032  -34.484 0.3000000119
9090  -23.903  -81.118  -34.712 0.3000000119
9125  -26.925  -81.142  -36.837 0.3000000119
9155  -35.035  -81.490  -39.574 0.3000000119
9159  -30.830  -81.399  -39.789 0.3000000119
9160  -31.481  -81.181  -40.140 0.3000000119
9162  -35.250  -81.641  -40.586 0.3000000119
9163  -36.628  -81.480  -40.154 0.3000000119
9167  -25.021  -81.000  -40.015 0.6000000238
9169  -26.199  -81.450  -40.311 0.4000000060
9171  -27.475  -81.155  -40.463 0.5000000000
9172  -28.055  -81.082  -40.753 0.3000000119
9177  -34.996  -81.376  -41.352 0.3000000119
9178  -35.620  -81.472  -41.040 0.3000000119
9179  -36.058  -81.299  -40.969 0.3000000119
9186  -22.021  -81.404  -40.881 0.5000000000
9189  -30.032  -80.902  -41.808 0.3000000119
9191  -33.912  -81.285  -42.195 0.3000000119
9192  -34.493  -81.193  -41.948 0.4000000060
9198  -21.186  -81.309  -42.192 0.5000000000
9200  -31.329  -81.203  -42.579 0.4000000060
9202  -33.519  -81.347  -42.479 0.3000000119
9204  -34.738  -80.926  -42.164 0.4000000060
9207  -31.790  -81.655  -42.842 0.3000000119
9208  -32.847  -81.237  -42.847 0.3000000119
10057  -22.598  -80.334  -34.025 0.3000000119
10058  -23.164  -80.411  -34.354 0.3000000119
10068  -24.604  -80.821  -35.223 0.3000000119
10082  -24.576  -80.284  -35.335 0.3000000119
10083  -24.981  -80.715  -35.557 0.3000000119
10084  -25.528  -80.650  -35.942 0.3000000119
10163  -33.158  -80.566  -39.912 0.3000000119
10166  -36.518  -81.002  -40.134 0.3000000119
10171  -22.098  -80.335  -40.811 0.6000000238
10173  -25.296  -79.859  -40.020 0.6999999881
10174  -26.020  -80.025  -40.085 0.6999999881
10176  -27.178  -80.692  -40.304 0.5000000000
10179  -33.390  -80.982  -40.795 0.3000000119
10181  -36.122  -80.824  -40.773 0.3000000119
10188  -21.741  -79.870  -41.443 0.5000000000
10190  -28.972  -80.344  -41.195 0.3000000119
10191  -29.724  -80.270  -41.352 0.3000000119
10199  -33.661  -80.567  -42.654 0.3000000119
10205  -32.569  -80.958  -42.820 0.3000000119
10206  -33.253  -80.906  -42.798 0.3000000119
10207  -33.791  -80.947  -42.680 0.3000000119
11138  -35.062  -79.432  -39.801 0.4000000060
11145  -22.816  -79.475  -40.446 0.6000000238
11146  -23.882  -79.646  -40.031 0.6000000238
11151  -26.928  -79.342  -40.100 0.6000000238
11153  -34.580  -79.645  -40.992 0.3000000119
11155  -35.633  -80.065  -40.309 0.4000000060
11159  -21.829  -79.337  -42.355 0.5000000000
11161  -28.592  -79.766  -40.977 0.5000000000
11166  -32.859  -79.503  -41.657 0.3000000119
11170  -22.722  -78.696  -43.277 0.5000000000
11171  -31.764  -79.981  -42.105 0.3000000119
11173  -33.310  -79.998  -42.334 0.3000000119
11174  -33.956  -80.268  -42.323 0.3000000119
12161  -34.757  -78.800  -37.413 0.3000000119
12168  -34.440  -78.698  -37.908 0.3000000119
12175  -32.817  -78.437  -39.839 0.3000000119
12176  -33.346  -78.453  -39.485 0.3000000119
12180  -22.261  -78.851  -41.097 0.6000000238
12184  -24.808  -78.544  -39.968 0.6999999881
12185  -25.513  -78.746  -40.046 0.8000000119
12186  -26.598  -78.850  -39.905 0.6999999881
12188  -28.473  -78.811  -40.444 0.6000000238
12189  -29.103  -78.714  -40.550 0.5000000000
12190  -29.761  -78.612  -40.690 0.4000000060
12200  -22.535  -78.023  -41.387 0.5000000000
12201  -29.459  -79.090  -40.955 0.4000000060
12202  -30.036  -79.025  -41.187 0.3000000119
12203  -30.567  -79.347  -41.523 0.3000000119
12205  -32.351  -78.990  -40.925 0.3000000119
12211  -22.588  -77.625  -43.012 0.5000000000
13174  -32.774  -77.737  -36.773 0.3000000119
13176  -33.895  -78.107  -36.290 0.3000000119
13187  -33.319  -77.999  -37.195 0.3000000119
13199  -33.736  -78.425  -38.465 0.3000000119
13201  -29.633  -77.507  -40.097 0.5000000000
13202  -30.354  -77.578  -39.997 0.4000000060
13203  -31.042  -77.699  -39.773 0.4000000060
13205  -32.232  -78.028  -39.587 0.3000000119
13208  -23.879  -77.459  -40.367 0.6000000238
13209  -24.646  -77.858  -40.101 0.6000000238
13211  -26.123  -78.319  -39.806 0.8000000119
13216  -30.085  -78.054  -40.399 0.4000000060
13218  -31.577  -78.091  -40.176 0.3000000119
14178  -32.274  -77.120  -35.612 0.4000000060
14179  -32.958  -77.361  -35.347 0.3000000119
14197  -31.803  -77.050  -36.093 0.4000000060
14205  -31.304  -76.956  -37.365 0.4000000060
14206  -31.700  -77.055  -36.773 0.4000000060
14212  -30.951  -76.814  -38.046 0.4000000060
14213  -31.647  -77.196  -37.958 0.3000000119
14221  -30.824  -76.982  -38.805 0.4000000060
14223  -32.103  -77.481  -38.451 0.3000000119
14231  -24.806  -76.868  -39.847 0.6000000238
14232  -25.526  -76.942  -39.831 0.6999999881
14234  -26.926  -77.161  -39.539 0.5000000000
14239  -30.623  -77.243  -39.416 0.4000000060
14247  -23.534  -76.885  -40.819 0.6000000238
14249  -25.139  -77.455  -40.049 0.6999999881
14252  -27.364  -77.748  -39.680 0.6000000238
14253  -28.110  -77.844  -39.881 0.6000000238
14254  -28.868  -77.643  -40.024 0.6000000238
14262  -22.789  -76.899  -41.676 0.6000000238
15193  -31.873  -76.193  -34.555 0.3000000119
15206  -31.011  -76.251  -35.768 0.4000000060
15222  -30.301  -75.993  -36.728 0.4000000060
15223  -30.785  -76.376  -36.447 0.4000000060
15241  -29.797  -76.267  -37.995 0.4000000060
15250  -27.512  -76.163  -38.909 0.5000000000
15252  -28.994  -76.574  -38.848 0.5000000000
15254  -30.332  -76.559  -38.449 0.4000000060
15265  -26.527  -76.535  -39.499 0.6000000238
15266  -27.186  -76.697  -39.334 0.5000000000
15274  -23.363  -76.466  -41.272 0.6000000238
15275  -23.880  -76.343  -40.624 0.6000000238
15282  -22.168  -76.739  -43.009 0.5000000000
15287  -21.852  -76.572  -43.738 0.4000000060
15288  -22.005  -76.741  -44.178 0.5000000000
15294  -22.709  -76.008  -45.599 0.5000000000
15295  -22.251  -76.454  -45.053 0.5000000000
15296  -23.440  -76.488  -45.026 0.5000000000
15301  -23.346  -75.985  -45.753 0.5000000000
15304  -22.971  -75.690  -45.646 0.5000000000
16244  -31.070  -75.308  -34.830 0.3000000119
16245  -31.623  -75.658  -34.476 0.3000000119
16260  -30.279  -75.212  -35.809 0.3000000119
16287  -29.619  -75.537  -37.043 0.4000000060
16295  -28.703  -75.510  -37.938 0.4000000060
16296  -29.387  -75.788  -37.635 0.5000000000
16303  -25.772  -75.211  -39.404 0.6999999881
16304  -26.470  -75.311  -39.095 0.6000000238
16306  -28.005  -75.616  -38.444 0.5000000000
16307  -28.616  -76.005  -38.470 0.6000000238
16314  -24.951  -75.766  -40.180 0.6999999881
16328  -21.303  -75.927  -42.865 0.5000000000
16341  -22.832  -75.460  -44.990 0.5000000000
16342  -21.939  -76.109  -45.183 0.5000000000
16343  -24.045  -76.291  -44.206 0.5000000000
16346  -36.166  -76.513  -44.065 0.3000000119
16350  -22.665  -75.874  -45.408 0.5000000000
16351  -23.894  -75.752  -45.181 0.5000000000
16352  -35.453  -76.158  -44.334 0.5000000000
16357  -23.867  -75.234  -45.231 0.5000000000
16358  -35.020  -75.761  -44.623 0.4000000060
16360  -36.276  -75.858  -44.865 0.4000000060
17335  -30.653  -74.912  -35.314 0.3000000119
17347  -29.353  -74.139  -36.491 0.4000000060
17348  -29.879  -74.642  -36.147 0.4000000060
17360  -28.477  -74.043  -37.453 0.4000000060
17370  -27.860  -74.593  -38.113 0.4000000060
17399  -24.039  -75.465  -41.027 0.6000000238
17400  -24.658  -75.114  -40.497 0.6000000238
17401  -24.897  -74.442  -40.781 0.6000000238
17408  -21.762  -74.779  -42.938 0.5000000000
17409  -24.521  -74.640  -42.341 0.6000000238
17411  -35.540  -74.729  -41.665 0.3000000119
17415  -21.491  -75.624  -44.218 0.5000000000
17417  -25.146  -74.702  -43.986 0.5000000000
17420  -34.638  -75.010  -42.521 0.5000000000
17427  -24.713  -75.359  -44.586 0.5000000000
17429  -31.968  -74.794  -44.187 0.5000000000
17431  -33.649  -75.439  -43.695 0.5000000000
17432  -34.349  -75.339  -43.375 0.5000000000
17438  -23.155  -75.299  -45.527 0.5000000000
17439  -23.730  -74.826  -45.247 0.5000000000
17440  -24.521  -75.367  -44.986 0.5000000000
17441  -31.821  -74.439  -45.014 0.5000000000
17442  -32.594  -74.797  -44.796 0.4000000060
17443  -33.544  -75.260  -44.750 0.5000000000
17448  -32.139  -74.374  -45.697 0.5000000000
17451  -34.926  -75.176  -45.060 0.4000000060
18447  -30.205  -74.151  -35.829 0.3000000119
18464  -30.393  -73.571  -35.820 0.4000000060
18474  -28.973  -73.637  -36.944 0.4000000060
18487  -27.588  -74.100  -38.316 0.5000000000
18488  -28.060  -74.074  -37.939 0.4000000060
18499  -27.118  -74.104  -38.742 0.5000000000
18507  -21.324  -72.637  -40.738 0.4000000060
18509  -26.040  -73.490  -40.190 0.6999999881
18510  -26.637  -73.959  -39.208 0.6000000238
18511  -33.833  -73.762  -39.621 0.3000000119
18520  -25.686  -73.743  -40.673 0.6999999881
18522  -33.351  -73.731  -40.288 0.4000000060
18523  -33.986  -74.003  -40.422 0.4000000060
18525  -35.227  -74.418  -40.927 0.3000000119
18542  -23.831  -73.859  -44.779 0.5000000000
18543  -26.165  -73.869  -44.130 0.5000000000
18556  -30.866  -74.484  -43.683 0.5000000000
18557  -31.578  -74.786  -43.317 0.5000000000
18560  -24.379  -74.960  -45.207 0.5000000000
18561  -30.720  -74.039  -44.003 0.5000000000
18562  -31.275  -74.162  -44.468 0.5000000000
18568  -31.441  -73.970  -44.616 0.5000000000
18569  -32.241  -74.122  -45.689 0.5000000000
19655  -31.012  -73.462  -35.677 0.3000000119
19657  -32.264  -73.372  -35.537 0.3000000119
19669  -30.175  -73.181  -36.307 0.4000000060
19672  -32.284  -72.974  -36.065 0.3000000119
19687  -28.670  -73.275  -37.430 0.4000000060
19688  -29.248  -72.811  -37.116 0.4000000060
19689  -29.939  -72.677  -36.769 0.5000000000
19692  -32.187  -72.562  -36.800 0.3000000119
19707  -28.395  -73.080  -37.967 0.4000000060
19708  -28.909  -72.680  -37.760 0.4000000060
19709  -31.707  -72.366  -37.406 0.3000000119
19711  -33.107  -72.883  -37.894 0.3000000119
19718  -21.221  -72.417  -40.465 0.4000000060
19719  -27.210  -73.012  -39.453 0.6000000238
19731  -21.267  -72.777  -40.973 0.4000000060
19732  -21.355  -72.531  -40.769 0.4000000060
19734  -31.167  -72.832  -39.798 0.5000000000
19735  -31.847  -72.982  -39.747 0.4000000060
19736  -32.563  -73.132  -39.738 0.4000000060
19743  -21.064  -73.150  -40.914 0.4000000060
19744  -21.120  -73.045  -41.762 0.4000000060
19748  -30.920  -72.978  -40.407 0.5000000000
19751  -32.841  -73.414  -40.238 0.4000000060
19759  -25.826  -73.260  -41.803 0.5000000000
19762  -30.266  -73.467  -41.856 0.5000000000
19763  -31.048  -73.732  -41.579 0.5000000000
19769  -22.795  -73.035  -42.632 0.5000000000
19771  -26.508  -73.252  -44.739 0.5000000000
19773  -29.310  -73.351  -43.092 0.5000000000
19780  -25.868  -73.661  -45.291 0.5000000000
19791  -30.883  -73.960  -44.172 0.5000000000
20890  -28.671  -72.590  -38.395 0.5000000000
20892  -29.826  -72.153  -38.115 0.4000000060
20893  -30.482  -72.018  -37.943 0.4000000060
20894  -31.134  -72.255  -37.764 0.4000000060
20903  -21.288  -72.242  -40.529 0.5000000000
20905  -27.763  -72.748  -39.211 0.5000000000
20906  -28.419  -72.493  -39.094 0.5000000000
20907  -29.079  -72.350  -38.946 0.5000000000
20908  -29.678  -72.225  -38.779 0.4000000060
20910  -31.039  -72.234  -38.520 0.4000000060
20920  -28.863  -72.359  -39.790 0.5000000000
20922  -30.432  -72.609  -40.081 0.5000000000
20923  -30.781  -72.412  -39.249 0.4000000060
20928  -21.089  -72.438  -42.054 0.5000000000
20930  -27.783  -72.646  -40.533 0.5000000000
20932  -29.026  -72.714  -40.752 0.6000000238
20933  -29.824  -72.614  -40.811 0.5000000000
20938  -22.366  -72.725  -41.975 0.5000000000
20941  -27.054  -72.844  -41.902 0.6000000238
20942  -27.949  -72.586  -41.450 0.5000000000
20943  -28.410  -72.848  -41.222 0.5000000000
20951  -23.090  -72.675  -44.088 0.6000000238
20953  -26.133  -72.362  -43.663 0.5000000000
20954  -27.722  -72.961  -42.500 0.6000000238
20964  -23.718  -72.438  -44.168 0.5000000000
22052  -21.165  -71.128  -40.501 0.5000000000
22056  -21.565  -71.108  -42.913 0.6999999881
22064  -22.605  -71.321  -43.379 0.6999999881
22066  -26.842  -71.883  -42.966 0.5000000000
22067  -27.080  -72.776  -42.827 0.6000000238
22074  -25.057  -71.890  -43.984 0.5000000000
22077  -27.528  -72.087  -42.956 0.6000000238
22083  -24.191  -72.087  -44.016 0.5000000000
22086  -28.884  -71.487  -42.738 0.5000000000
23143  -20.868  -70.290  -41.132 0.6000000238
23155  -28.731  -70.455  -41.549 0.5000000000
23161  -24.106  -71.507  -43.987 0.6000000238
23167  -29.301  -70.691  -41.734 0.5000000000
23168  -29.808  -70.277  -41.640 0.5000000000
23171  -27.648  -71.057  -42.852 0.6000000238
23173  -29.320  -70.947  -42.214 0.5000000000
24278  -28.872  -70.021  -41.222 0.5000000000
24282  -25.562  -70.311  -42.486 0.6000000238
24284  -26.607  -70.027  -42.494 0.5000000000
25292  -19.794  -69.232  -40.184 0.4000000060
25295  -21.825  -67.976  -42.046 0.6999999881
25303  -22.286  -68.635  -42.659 0.6999999881
25318  -26.277  -69.526  -42.322 0.5000000000
26430  -22.239  -67.852  -42.182 0.6999999881
26448  -26.374  -67.988  -40.711 0.5000000000
26473  -26.785  -68.808  -42.445 0.5000000000
30041  -16.296  -66.369  -42.045 0.5000000000
30044  -19.060  -66.129  -40.616 0.6999999881
31111  -15.216  -64.771  -38.939 0.5000000000
31171  -15.982  -65.468  -41.619 0.5000000000
32203  -22.631  -64.328  -37.177 0.5000000000
32228  -16.378  -64.431  -38.762 0.5000000000
32254  -16.884  -63.763  -40.439 0.5000000000
32276  -16.823  -63.308  -41.440 0.5000000000
32295  -17.326  -64.410  -41.224 0.6000000238
32296  -17.973  -64.525  -41.244 0.6000000238
33377  -17.540  -63.258  -38.946 0.5000000000
33380  -20.743  -62.964  -37.638 0.6000000238
34596  -17.846  -62.016  -40.476 0.6999999881
41046  -14.514  -58.851  -37.295 0.5000000000
42343  -14.397  -58.120  -37.369 0.6000000238
43562  -14.814  -55.947  -36.759 0.6000000238
43585  -12.958  -55.773  -38.653 0.6000000238
44939  -16.373  -53.946  -36.340 0.6000000238
44987  -10.992  -55.439  -37.613 0.6000000238
45012  -14.009  -55.964  -37.549 0.6000000238
47662  -10.620  -54.256  -36.848 0.5000000000
48764  -13.532  -53.957  -29.334 0.6999999881
49995  -12.653  -53.240  -29.333 0.6999999881
50016  -12.374  -53.365  -30.698 0.6999999881
50046  -12.319  -53.186  -32.071 0.6000000238
50067  -11.560  -53.480  -32.972 0.6000000238
51218  -13.577  -52.205  -28.118 0.5000000000
51231  -12.860  -52.961  -28.828 0.6000000238
186109  -34.313  -78.768  -38.551 0.4000000060
186411  -30.535  -81.582  -42.329 0.3000000119
188028  -32.919  -73.152  -39.103 0.4000000060
188611  -36.794  -76.542  -43.309 0.3000000119
189068  -24.898  -73.889  -45.460 0.6000000238
189383  -30.892  -74.467  -42.873 0.5000000000
189606  -16.875  -60.077  -36.470 0.6999999881
189749  -31.772  -78.625  -40.622 0.3000000119
191218  -18.962  -64.946  -40.510 0.6999999881
192024  -33.461  -73.444  -39.159 0.4000000060
192935  -21.318  -82.365  -33.412 0.3000000119
194571  -26.110  -80.901  -36.249 0.3000000119
195113  -31.230  -73.875  -35.305 0.3000000119
195128  -33.911  -78.823  -39.784 0.3000000119
195653  -11.546  -52.284  -30.249 0.5000000000
196316  -31.288  -79.361  -41.630 0.3000000119
196637  -24.623  -74.838  -45.103 0.6000000238
196661  -29.406  -73.591  -42.605 0.5000000000
196859  -26.617  -81.991  -40.371 0.3000000119
197110  -32.134  -81.104  -40.608 0.4000000060
197218  -21.267  -71.693  -41.103 0.5000000000
197437  -34.427  -78.995  -39.363 0.4000000060
198558  -25.591  -82.673  -40.460 0.3000000119
199185  -21.821  -76.877  -43.004 0.4000000060
200076  -35.279  -79.231  -37.816 0.3000000119
200744  -22.176  -77.109  -42.952 0.4000000060
200961  -25.519  -75.813  -39.704 0.6999999881
201057  -32.381  -80.382  -42.551 0.3000000119
201501  -31.836  -77.199  -37.416 0.3000000119
201639  -27.077  -69.888  -42.736 0.5000000000
203075  -31.713  -74.404  -34.618 0.3000000119
203405  -22.513  -77.560  -42.257 0.5000000000
203577  -26.134  -80.820  -40.164 0.6000000238
203802  -31.805  -83.948  -41.233 0.3000000119
203841  -29.228  -83.260  -37.893 0.3000000119
203911  -28.803  -69.780  -41.329 0.5000000000
204271  -28.981  -84.197  -37.097 0.3000000119
204593  -28.220  -79.269  -40.656 0.4000000060
206043  -24.596  -79.712  -40.037 0.6000000238
206121  -21.659  -80.676  -41.188 0.4000000060
206139  -29.480  -72.345  -39.368 0.5000000000
206182  -30.361  -73.036  -40.912 0.5000000000
206704  -25.761  -84.973  -41.014 0.3000000119
206985  -32.549  -74.640  -42.581 0.5000000000
207362  -23.093  -80.792  -40.260 0.5000000000
208123  -20.472  -83.950  -32.359 0.3000000119
208584  -22.313  -83.359  -41.045 0.5000000000
209110  -31.618  -76.650  -35.608 0.3000000119
209552  -24.458  -81.366  -40.105 0.6000000238
209637  -21.226  -72.761  -41.431 0.5000000000
209712  -10.226  -54.582  -36.542 0.5000000000
209968  -33.816  -78.187  -36.946 0.3000000119
210092  -30.893  -78.926  -41.211 0.3000000119
212593  -23.427  -79.148  -40.269 0.6000000238
213716  -26.039  -78.934  -39.995 0.5000000000
214216  -27.589  -79.309  -40.310 0.6000000238
214281  -28.195  -75.005  -38.025 0.4000000060
214501  -29.956  -75.764  -36.879 0.4000000060
214550  -27.532  -72.645  -41.332 0.6000000238
214872  -24.590  -84.670  -41.031 0.4000000060
215377  -31.093  -72.343  -37.128 0.4000000060
215660  -23.212  -83.255  -40.728 0.5000000000
216242  -27.696  -82.945  -40.566 0.3000000119
216328  -32.857  -78.142  -39.321 0.3000000119
216630  -35.748  -79.653  -38.159 0.3000000119
216779  -33.738  -78.252  -37.493 0.4000000060
217819  -25.316  -83.164  -40.528 0.4000000060
218172  -26.624  -79.827  -40.115 0.6000000238
218256  -27.394  -73.673  -38.585 0.5000000000
218912  -26.169  -73.804  -39.617 0.6000000238
218984  -23.931  -87.577  -42.645 0.4000000060
219066  -28.270  -73.610  -37.757 0.4000000060
220903  -24.471  -80.797  -39.932 0.6000000238
221148  -34.790  -80.734  -42.225 0.3000000119
221919  -11.158  -53.371  -36.290 0.6000000238
222666  -34.583  -74.440  -41.204 0.4000000060
222741  -34.526  -80.226  -41.866 0.3000000119
223327  -25.327  -85.916  -41.529 0.4000000060
223613  -25.313  -87.703  -41.835 0.3000000119
223645  -22.878  -78.090  -40.759 0.6000000238
223905  -21.460  -83.010  -33.399 0.3000000119
224750  -31.854  -81.189  -42.720 0.3000000119
225085  -21.753  -83.835  -41.370 0.4000000060
225088  -29.415  -84.612  -37.127 0.3000000119
225123  -32.557  -73.128  -35.816 0.3000000119
225254  -21.320  -69.821  -42.667 0.6999999881
225287  -25.304  -81.103  -35.609 0.3000000119
225323  -23.412  -79.607  -40.196 0.6000000238
225799  -28.173  -78.424  -40.106 0.5000000000
225806  -23.570  -71.825  -43.957 0.5000000000
226133  -21.009  -84.592  -32.805 0.3000000119
