#!ascii label  , from subject sub-v2s11x28676_ses-1 vox2ras=TkReg
211
217902  39.958  -20.989  -34.412 0.0000000000
85013  32.135  -29.088  -36.992 0.0000000000
108485  41.398  -14.085  -33.616 0.0000000000
123770  43.980  -2.028  -34.493 0.0000000000
84998  29.092  -29.273  -34.476 0.0000000000
205125  42.622  -12.914  -32.331 0.0000000000
114763  43.888  -9.058  -32.997 0.0000000000
97295  37.655  -21.966  -34.529 0.0000000000
199224  35.893  -25.178  -35.053 0.0000000000
94062  37.505  -24.174  -34.266 0.0000000000
100707  41.151  -20.127  -34.136 0.0000000000
198056  39.748  -22.902  -34.145 0.0000000000
103954  40.876  -17.667  -34.659 0.0000000000
104975  42.090  -16.502  -32.828 0.0000000000
119992  43.752  -4.553  -35.942 0.0000000000
117915  44.751  -6.342  -34.284 0.0000000000
88928  34.449  -27.355  -36.849 0.0000000000
113647  42.872  -9.844  -33.873 0.0000000000
115817  43.517  -8.059  -33.921 0.0000000000
207920  39.273  -21.062  -34.505 0.0000000000
96209  38.023  -22.605  -34.355 0.0000000000
95147  38.696  -23.030  -34.383 0.0000000000
86330  30.628  -28.880  -35.599 0.0000000000
218432  41.183  -16.139  -33.721 0.0000000000
103953  41.113  -17.561  -33.785 0.0000000000
107331  41.669  -15.170  -33.192 0.0000000000
111590  43.633  -11.721  -32.103 0.0000000000
109524  42.841  -13.503  -31.991 0.0000000000
123771  43.343  -1.981  -34.316 0.0000000000
195806  42.688  -3.537  -34.756 0.0000000000
121900  43.810  -3.276  -34.767 0.0000000000
122866  44.877  -2.798  -36.480 0.0000000000
219991  45.097  -4.513  -36.125 0.0000000000
120002  44.985  -5.425  -35.578 0.0000000000
118960  45.261  -6.150  -34.605 0.0000000000
116893  45.067  -7.238  -34.000 0.0000000000
90310  35.835  -26.452  -35.214 0.0000000000
90311  35.245  -26.610  -35.725 0.0000000000
84990  28.296  -29.136  -33.537 0.0000000000
109540  42.064  -13.118  -32.896 0.0000000000
111598  42.497  -11.580  -33.443 0.0000000000
112603  43.506  -10.626  -32.837 0.0000000000
114755  44.294  -9.614  -32.533 0.0000000000
201733  36.199  -23.877  -34.699 0.0000000000
199238  37.434  -23.077  -34.425 0.0000000000
222404  36.876  -24.446  -34.320 0.0000000000
199035  36.719  -25.270  -34.499 0.0000000000
216539  40.832  -20.971  -34.962 0.0000000000
97283  39.928  -21.694  -34.322 0.0000000000
97282  40.503  -21.832  -34.330 0.0000000000
99577  39.572  -20.062  -34.928 0.0000000000
102915  40.410  -18.082  -35.114 0.0000000000
209455  40.301  -19.181  -34.643 0.0000000000
204715  40.900  -19.368  -34.226 0.0000000000
101848  41.640  -18.567  -33.170 0.0000000000
217796  42.237  -17.723  -32.404 0.0000000000
107320  42.109  -14.462  -32.602 0.0000000000
106131  42.463  -15.669  -32.036 0.0000000000
117917  43.554  -6.022  -35.554 0.0000000000
225496  44.199  -3.146  -35.038 0.0000000000
223028  44.375  -4.395  -35.719 0.0000000000
118962  44.130  -5.363  -35.553 0.0000000000
202634  43.799  -6.747  -34.795 0.0000000000
115816  44.194  -7.809  -33.752 0.0000000000
115808  44.798  -8.206  -33.183 0.0000000000
203790  33.573  -27.241  -36.926 0.0000000000
92902  34.910  -24.908  -35.633 0.0000000000
95137  38.684  -23.818  -34.421 0.0000000000
92895  37.374  -25.574  -34.438 0.0000000000
114770  42.946  -8.546  -34.305 0.0000000000
115818  43.041  -7.721  -34.761 0.0000000000
97284  38.992  -21.673  -34.131 0.0000000000
83678  30.201  -30.724  -33.171 0.0000000000
84989  28.577  -29.639  -33.489 0.0000000000
87618  31.680  -28.487  -36.546 0.0000000000
106155  41.283  -15.528  -33.804 0.0000000000
198114  41.752  -14.559  -33.147 0.0000000000
112590  43.992  -11.142  -31.854 0.0000000000
110522  43.738  -12.337  -31.824 0.0000000000
196008  44.270  -1.417  -34.591 0.0000000000
224712  43.321  -2.374  -34.289 0.0000000000
122851  43.327  -2.798  -34.316 0.0000000000
120001  45.531  -5.345  -35.161 0.0000000000
117914  45.497  -6.805  -34.246 0.0000000000
88930  31.616  -27.705  -36.030 0.0000000000
111599  42.029  -12.096  -33.972 0.0000000000
111604  42.640  -10.997  -33.886 0.0000000000
114764  43.296  -9.286  -33.505 0.0000000000
112604  42.855  -10.449  -33.385 0.0000000000
113646  43.292  -9.971  -33.093 0.0000000000
113639  43.842  -10.104  -32.576 0.0000000000
207580  43.678  -9.579  -32.849 0.0000000000
126704  42.735  -0.309  -34.981 0.0000000000
96210  37.146  -22.439  -34.550 0.0000000000
95148  38.012  -23.537  -34.410 0.0000000000
95149  37.101  -23.722  -34.328 0.0000000000
92901  37.612  -24.919  -34.512 0.0000000000
83691  28.288  -29.798  -33.956 0.0000000000
98463  41.052  -20.791  -34.618 0.0000000000
98453  40.881  -21.364  -34.539 0.0000000000
99578  39.001  -20.023  -35.430 0.0000000000
103962  40.963  -17.063  -34.613 0.0000000000
101861  40.790  -18.748  -34.612 0.0000000000
102905  41.066  -18.221  -34.335 0.0000000000
103952  41.678  -17.097  -33.112 0.0000000000
102904  41.255  -18.205  -33.550 0.0000000000
102903  41.738  -17.860  -33.050 0.0000000000
229511  41.978  -17.439  -32.763 0.0000000000
108474  41.915  -13.891  -32.886 0.0000000000
109539  42.281  -13.476  -32.360 0.0000000000
107319  42.357  -14.851  -31.996 0.0000000000
104965  42.543  -16.521  -32.066 0.0000000000
120965  43.317  -3.828  -35.544 0.0000000000
119993  42.705  -4.319  -35.891 0.0000000000
118964  42.344  -4.962  -36.309 0.0000000000
118963  43.477  -5.059  -35.994 0.0000000000
121912  44.874  -3.646  -35.982 0.0000000000
122867  44.686  -2.484  -36.140 0.0000000000
121907  44.282  -3.622  -35.360 0.0000000000
120972  44.566  -4.245  -35.781 0.0000000000
118961  44.768  -5.862  -35.164 0.0000000000
119991  44.381  -5.161  -35.712 0.0000000000
207130  44.181  -5.889  -35.077 0.0000000000
117916  44.212  -6.423  -34.691 0.0000000000
116894  44.353  -7.153  -34.279 0.0000000000
116885  45.317  -7.923  -33.678 0.0000000000
114761  45.258  -8.918  -32.870 0.0000000000
90316  33.098  -26.613  -36.613 0.0000000000
94063  35.507  -24.403  -35.118 0.0000000000
90314  34.568  -26.684  -36.327 0.0000000000
192259  33.981  -27.924  -37.111 0.0000000000
95136  39.230  -23.268  -34.215 0.0000000000
112610  42.633  -10.375  -34.345 0.0000000000
206586  42.754  -9.254  -34.350 0.0000000000
201177  43.567  -8.686  -33.562 0.0000000000
208362  38.477  -21.013  -34.401 0.0000000000
97294  38.253  -21.793  -34.261 0.0000000000
96208  38.686  -22.355  -34.258 0.0000000000
197880  30.375  -29.883  -35.109 0.0000000000
99552  41.578  -20.095  -33.483 0.0000000000
98444  41.363  -20.879  -33.596 0.0000000000
203424  41.043  -16.402  -34.529 0.0000000000
104992  41.143  -16.761  -33.752 0.0000000000
104991  41.458  -16.459  -33.268 0.0000000000
201251  41.700  -15.874  -33.111 0.0000000000
110537  43.146  -12.327  -32.315 0.0000000000
109538  43.340  -12.920  -31.944 0.0000000000
109523  43.649  -13.519  -31.673 0.0000000000
210565  43.354  -3.359  -35.080 0.0000000000
120971  44.687  -4.821  -35.929 0.0000000000
118971  45.380  -5.723  -34.961 0.0000000000
91608  35.336  -25.841  -35.444 0.0000000000
86323  28.903  -28.725  -34.039 0.0000000000
87610  29.974  -28.185  -35.150 0.0000000000
206697  41.612  -13.462  -33.545 0.0000000000
110548  41.899  -12.803  -33.691 0.0000000000
110538  42.293  -12.279  -32.903 0.0000000000
203543  42.996  -11.082  -33.063 0.0000000000
111591  43.015  -11.681  -32.694 0.0000000000
112599  43.556  -11.143  -32.398 0.0000000000
112598  43.979  -10.640  -32.223 0.0000000000
113638  44.315  -10.223  -32.265 0.0000000000
195115  42.562  -1.035  -34.826 0.0000000000
124712  43.299  -1.163  -34.624 0.0000000000
201356  36.325  -24.649  -34.732 0.0000000000
91607  36.213  -25.915  -34.871 0.0000000000
90309  36.432  -26.629  -34.827 0.0000000000
98464  40.685  -21.277  -34.846 0.0000000000
96200  40.126  -22.417  -34.350 0.0000000000
97277  40.835  -21.930  -33.992 0.0000000000
96199  40.525  -22.340  -33.943 0.0000000000
96193  40.185  -22.878  -33.908 0.0000000000
98465  38.791  -20.630  -35.257 0.0000000000
196060  39.488  -20.544  -34.784 0.0000000000
190068  40.380  -20.763  -34.732 0.0000000000
100724  39.767  -19.446  -34.999 0.0000000000
99576  40.284  -20.284  -34.655 0.0000000000
100723  40.618  -19.821  -34.649 0.0000000000
101849  41.165  -18.821  -33.761 0.0000000000
101835  41.386  -19.531  -33.629 0.0000000000
224494  41.538  -19.109  -33.231 0.0000000000
101833  41.864  -19.014  -32.758 0.0000000000
228786  41.997  -14.896  -32.688 0.0000000000
106141  42.053  -15.415  -32.566 0.0000000000
108473  42.386  -14.059  -32.219 0.0000000000
203887  42.265  -16.030  -32.606 0.0000000000
103935  42.207  -17.069  -32.560 0.0000000000
207880  43.306  -6.682  -35.465 0.0000000000
124720  44.368  -1.181  -34.132 0.0000000000
123779  44.245  -2.026  -34.610 0.0000000000
122862  43.996  -2.686  -34.684 0.0000000000
206802  44.091  -3.889  -35.293 0.0000000000
120964  44.150  -4.442  -35.718 0.0000000000
116895  43.626  -7.364  -34.543 0.0000000000
115809  44.102  -8.430  -33.312 0.0000000000
116886  44.744  -7.679  -33.746 0.0000000000
114762  44.552  -8.923  -32.844 0.0000000000
114754  45.052  -9.467  -32.469 0.0000000000
220922  32.780  -27.327  -36.403 0.0000000000
88929  32.959  -27.907  -36.538 0.0000000000
91609  34.416  -25.401  -36.172 0.0000000000
91616  34.751  -26.117  -36.041 0.0000000000
91617  34.082  -25.977  -36.451 0.0000000000
90315  33.789  -26.611  -36.832 0.0000000000
96201  39.404  -22.513  -34.297 0.0000000000
94053  38.119  -24.295  -34.353 0.0000000000
94052  38.602  -24.468  -34.162 0.0000000000
219076  38.140  -24.850  -34.227 0.0000000000
101862  39.958  -18.742  -35.101 0.0000000000
125713  42.220  -0.476  -34.848 0.0000000000
229049  40.904  -20.458  -34.750 0.0000000000
