#!ascii label  , from subject sub-v2s11x28692_ses-1 vox2ras=TkReg
1639
87857  -27.257  -23.118  -9.550 0.4285714328
87873  -27.228  -22.446  -10.448 0.2857142985
87863  -27.003  -22.593  -9.883 0.4285714328
87874  -27.671  -22.720  -10.564 0.4285714328
87881  -28.159  -22.455  -11.407 0.4285714328
89178  -26.910  -21.992  -10.841 0.2857142985
89195  -28.635  -21.829  -12.417 0.4285714328
89192  -27.128  -21.670  -12.075 0.4285714328
89194  -28.319  -22.406  -14.134 0.4285714328
89215  -27.748  -22.393  -13.977 0.4285714328
90428  -28.335  -21.514  -14.188 0.4285714328
91535  -27.482  -20.654  -14.108 0.5714285970
90438  -28.227  -21.047  -14.304 0.5714285970
91536  -28.558  -20.407  -14.192 0.4285714328
92617  -29.124  -19.218  -14.683 0.2857142985
92624  -28.128  -19.566  -14.758 0.7142857313
92616  -28.589  -19.463  -14.772 0.7142857313
94816  -29.978  -17.934  -15.157 0.7142857313
95985  -31.109  -17.574  -15.330 0.4285714328
92626  -28.858  -18.824  -14.917 0.7142857313
93704  -29.508  -18.437  -14.915 0.5714285970
97099  -30.997  -16.422  -15.588 0.5714285970
94827  -29.524  -17.665  -15.492 0.5714285970
97098  -30.313  -16.443  -15.581 0.5714285970
98186  -30.681  -15.899  -15.970 0.5714285970
98187  -31.368  -15.910  -16.037 0.5714285970
96008  -29.257  -16.695  -15.753 0.5714285970
98188  -32.064  -15.845  -15.771 0.4285714328
98206  -31.789  -15.290  -16.221 0.5714285970
99347  -32.992  -14.689  -16.691 0.5714285970
98204  -30.214  -15.369  -16.220 0.7142857313
99326  -32.409  -14.952  -16.418 0.7142857313
99346  -32.355  -14.438  -16.766 0.7142857313
225271  -33.608  -14.213  -16.812 0.5714285970
98205  -31.017  -15.314  -16.158 0.5714285970
235161  -28.912  -15.936  -16.714 0.5714285970
99325  -31.698  -14.254  -16.766 0.8571428657
100529  -32.893  -13.932  -16.811 0.7142857313
100530  -34.194  -13.806  -17.123 0.5714285970
99324  -30.619  -14.686  -16.317 0.7142857313
99323  -29.832  -14.660  -16.478 0.5714285970
101661  -33.469  -13.408  -17.070 0.7142857313
100528  -32.147  -13.805  -16.965 0.7142857313
101670  -34.345  -12.783  -17.441 0.5714285970
101660  -32.651  -13.278  -17.019 0.7142857313
101669  -33.726  -12.818  -17.572 0.7142857313
102803  -34.636  -12.313  -17.668 0.7142857313
102800  -32.663  -12.266  -17.618 0.7142857313
102801  -33.384  -12.308  -17.866 0.7142857313
102802  -33.999  -12.304  -17.992 0.7142857313
105165  -34.881  -11.200  -17.872 0.7142857313
103995  -35.151  -11.784  -17.546 0.5714285970
101659  -31.900  -13.042  -17.161 0.5714285970
105172  -35.499  -10.681  -18.166 0.5714285970
105176  -36.358  -10.026  -18.229 0.5714285970
103992  -33.006  -11.671  -17.910 0.8571428657
106315  -35.232  -10.070  -18.559 0.7142857313
105171  -34.701  -10.576  -18.130 0.7142857313
105163  -33.642  -11.307  -18.368 0.8571428657
105170  -34.048  -10.522  -18.161 0.7142857313
107461  -35.174  -9.030  -19.224 0.8571428657
106324  -35.761  -9.406  -18.783 0.5714285970
106314  -34.480  -9.983  -18.323 0.8571428657
106313  -33.851  -9.982  -18.367 0.8571428657
105169  -33.433  -10.727  -18.490 0.8571428657
108596  -34.804  -8.490  -19.404 0.8571428657
108605  -35.169  -8.080  -19.829 0.8571428657
109692  -35.274  -7.116  -20.534 0.8571428657
106323  -34.927  -9.561  -18.853 0.8571428657
109681  -34.166  -7.470  -20.186 1.0000000000
109682  -34.889  -7.471  -20.079 1.0000000000
107460  -34.441  -9.006  -18.948 0.8571428657
110764  -34.588  -7.035  -20.525 1.0000000000
108604  -34.495  -7.967  -19.756 1.0000000000
110773  -34.346  -6.389  -20.709 1.0000000000
248365  -33.820  -5.513  -21.104 0.7142857313
110763  -33.926  -6.804  -20.320 1.0000000000
111812  -34.949  -5.734  -20.878 1.0000000000
116708  -35.418  -2.693  -22.536 1.0000000000
116707  -34.831  -2.449  -22.395 0.8571428657
119333  -35.386  -1.131  -23.667 0.8571428657
117971  -35.006  -1.573  -23.250 1.0000000000
123307  -35.875  1.558  -25.303 0.8571428657
121972  -35.669  0.653  -24.519 0.8571428657
120730  -35.670  -0.162  -24.383 1.0000000000
125663  -35.504  2.817  -25.782 0.8571428657
124507  -36.068  2.201  -26.360 0.8571428657
125676  -35.262  3.644  -25.946 0.7142857313
125653  -33.318  2.835  -24.802 0.5714285970
126890  -33.527  4.040  -26.065 0.7142857313
126901  -34.796  4.382  -26.447 0.5714285970
129335  -30.537  5.899  -23.316 0.5714285970
126866  -31.973  3.867  -23.971 0.5714285970
130577  -30.422  6.206  -23.008 0.4285714328
129317  -33.451  5.272  -22.529 0.4285714328
200325  -33.418  5.730  -23.765 0.4285714328
131713  -31.507  6.182  -20.665 0.2857142985
132776  -31.125  8.163  -21.245 0.2857142985
130544  -31.426  6.207  -20.587 0.2857142985
133899  -31.323  8.747  -20.350 0.2857142985
105164  -34.310  -10.986  -17.948 0.7142857313
107462  -35.962  -8.732  -19.236 0.8571428657
107479  -35.947  -8.206  -19.788 0.8571428657
109683  -35.629  -7.550  -20.075 0.8571428657
114223  -34.670  -4.704  -21.555 0.8571428657
226113  -33.007  7.340  -19.187 0.1428571492
89169  -26.735  -22.117  -10.229 0.2857142985
90379  -26.388  -21.639  -10.571 0.2857142985
89183  -27.059  -21.863  -11.470 0.2857142985
89193  -27.822  -22.364  -13.498 0.4285714328
90418  -28.674  -21.433  -13.677 0.4285714328
90399  -26.699  -21.505  -11.783 0.2857142985
90426  -27.827  -21.565  -14.260 0.4285714328
91527  -28.916  -20.545  -13.564 0.4285714328
90417  -27.351  -21.787  -13.702 0.5714285970
91548  -27.973  -20.035  -14.321 0.5714285970
92618  -29.830  -18.950  -14.409 0.4285714328
92603  -27.341  -19.194  -14.313 0.2857142985
92625  -28.343  -19.165  -14.941 0.7142857313
93714  -29.038  -17.936  -15.073 0.7142857313
233809  -29.917  -17.086  -15.372 0.4285714328
213577  -29.085  -17.110  -16.856 0.5714285970
98208  -33.241  -15.716  -16.269 0.4285714328
217533  -29.252  -16.671  -17.003 0.7142857313
97112  -29.939  -16.015  -16.146 0.7142857313
243856  -32.942  -15.195  -16.422 0.4285714328
98202  -28.828  -15.228  -16.799 0.5714285970
99322  -29.470  -15.092  -16.418 0.5714285970
102804  -35.497  -12.438  -17.412 0.5714285970
100514  -30.157  -14.177  -16.622 0.5714285970
101662  -34.625  -13.376  -17.274 0.5714285970
101668  -33.042  -12.809  -17.463 0.7142857313
103993  -33.668  -11.797  -18.295 0.7142857313
106322  -34.306  -9.519  -18.541 1.0000000000
110775  -35.734  -6.671  -20.828 1.0000000000
109672  -33.763  -7.952  -19.825 1.0000000000
111811  -34.033  -5.809  -20.928 0.8571428657
114221  -33.415  -4.463  -21.145 0.7142857313
114229  -34.631  -3.892  -21.601 1.0000000000
114241  -35.877  -3.949  -22.381 1.0000000000
115481  -34.999  -3.016  -21.816 0.7142857313
115488  -35.635  -3.248  -22.278 1.0000000000
115469  -33.413  -3.653  -21.368 0.7142857313
116720  -35.229  -2.160  -22.894 0.8571428657
121971  -35.074  1.053  -24.385 0.8571428657
236794  -35.706  -0.714  -24.069 1.0000000000
125654  -33.751  2.820  -25.213 0.7142857313
129316  -32.668  5.026  -22.305 0.7142857313
126872  -32.363  3.728  -24.462 0.5714285970
128124  -32.205  4.444  -24.504 0.7142857313
128125  -32.419  4.914  -24.977 0.7142857313
129314  -30.379  6.107  -23.224 0.4285714328
131714  -32.002  6.932  -20.982 0.2857142985
130563  -33.744  6.070  -21.277 0.4285714328
129377  -33.127  5.460  -26.093 0.4285714328
200324  -33.983  5.662  -23.247 0.4285714328
133900  -31.350  8.569  -21.052 0.2857142985
131729  -33.016  6.893  -20.925 0.4285714328
94826  -27.631  -17.989  -15.487 0.4285714328
94836  -27.898  -17.654  -15.657 0.4285714328
129300  -32.409  5.317  -21.700 0.4285714328
129337  -31.945  5.451  -23.311 0.7142857313
130562  -32.761  5.913  -21.122 0.2857142985
132778  -31.788  7.940  -21.271 0.2857142985
87865  -28.005  -23.100  -10.342 0.4285714328
89158  -26.570  -22.266  -9.715 0.2857142985
87856  -26.664  -22.748  -9.295 0.2857142985
87876  -28.616  -22.896  -11.054 0.4285714328
87880  -27.529  -22.338  -11.056 0.4285714328
89184  -27.621  -22.049  -11.751 0.4285714328
90407  -26.671  -21.268  -12.290 0.2857142985
89205  -27.652  -22.437  -14.011 0.4285714328
89206  -28.063  -22.458  -14.241 0.4285714328
89216  -28.120  -22.430  -14.289 0.4285714328
91526  -27.313  -21.164  -13.763 0.4285714328
92602  -27.467  -19.848  -14.178 0.2857142985
91549  -28.322  -19.908  -14.312 0.4285714328
93713  -28.301  -18.146  -15.021 0.5714285970
93719  -28.615  -17.443  -15.222 0.5714285970
98207  -32.509  -15.480  -16.098 0.4285714328
210129  -31.292  -14.669  -16.276 0.7142857313
99327  -33.724  -15.204  -16.669 0.5714285970
98203  -29.504  -15.778  -16.359 0.7142857313
97125  -29.036  -16.597  -17.295 0.7142857313
100515  -30.953  -14.195  -16.538 0.5714285970
225717  -34.057  -13.241  -17.362 0.5714285970
100527  -31.362  -13.707  -17.023 0.7142857313
233770  -32.455  -12.731  -17.287 0.8571428657
103994  -34.188  -11.798  -18.061 0.7142857313
225381  -32.022  -12.274  -17.254 0.8571428657
108595  -34.126  -8.457  -19.395 1.0000000000
111804  -33.689  -6.204  -20.493 1.0000000000
219235  -33.737  -5.112  -21.181 0.8571428657
123306  -35.379  1.953  -24.953 0.8571428657
124491  -35.216  2.541  -25.256 0.8571428657
126880  -33.212  3.405  -25.126 0.7142857313
126891  -34.453  3.965  -25.851 0.7142857313
126879  -32.553  4.081  -24.989 0.5714285970
129352  -32.371  5.299  -23.790 0.5714285970
128119  -32.038  4.859  -23.956 0.5714285970
130558  -29.803  6.072  -21.694 0.4285714328
130560  -30.852  6.613  -22.065 0.4285714328
129338  -32.850  5.389  -23.309 0.4285714328
131695  -30.637  6.946  -19.179 0.2857142985
205011  -31.014  6.692  -21.743 0.2857142985
135015  -31.369  8.886  -20.010 0.2857142985
230627  -32.634  8.166  -19.521 0.1428571492
90390  -26.527  -21.538  -11.239 0.2857142985
236564  -27.657  -18.490  -15.080 0.2857142985
129364  -32.692  5.300  -24.851 0.5714285970
203779  -35.528  7.196  -28.473 0.2857142985
131783  -35.540  7.253  -24.876 0.1428571492
204594  -34.188  6.937  -24.767 0.2857142985
203553  -35.561  6.610  -28.908 0.2857142985
131773  -35.367  7.314  -24.051 0.1428571492
132823  -35.618  8.003  -24.960 0.1428571492
132785  -34.401  7.866  -21.268 0.1428571492
131746  -34.760  6.676  -22.448 0.2857142985
133917  -34.474  8.376  -22.037 0.1428571492
229714  -36.100  6.428  -30.153 0.2857142985
131823  -34.740  6.608  -27.785 0.2857142985
125760  -34.014  3.707  -31.893 0.2857142985
128208  -35.424  4.812  -30.653 0.2857142985
135066  -35.279  9.355  -24.028 0.1428571492
130618  -33.731  6.176  -24.761 0.2857142985
126929  -37.339  4.008  -28.959 0.2857142985
130679  -36.625  5.883  -27.979 0.2857142985
131799  -34.156  6.541  -25.527 0.2857142985
123375  -35.954  1.191  -30.299 0.1428571492
128184  -36.987  4.117  -29.875 0.2857142985
129423  -36.484  5.128  -28.893 0.2857142985
133932  -34.893  8.501  -23.633 0.1428571492
129404  -35.934  4.787  -28.040 0.2857142985
130647  -33.878  5.966  -27.303 0.2857142985
120810  -37.489  0.789  -30.027 0.1428571492
119454  -35.710  -0.021  -30.822 0.1428571492
244869  -35.942  2.998  -29.851 0.4285714328
128145  -35.207  4.818  -26.938 0.2857142985
120775  -36.959  -0.063  -27.946 0.2857142985
124522  -37.459  1.988  -28.070 0.4285714328
126920  -37.292  3.547  -27.840 0.2857142985
130617  -32.727  5.689  -25.446 0.2857142985
118045  -37.444  -1.684  -28.496 0.1428571492
122029  -37.272  0.671  -29.019 0.2857142985
125690  -37.095  3.142  -27.405 0.4285714328
124510  -37.666  1.577  -26.812 0.5714285970
125678  -36.495  2.679  -26.911 0.7142857313
118032  -37.868  -1.970  -26.749 0.1428571492
119406  -37.457  -0.978  -27.189 0.1428571492
124508  -36.686  2.082  -26.753 0.7142857313
126902  -35.606  3.967  -26.583 0.4285714328
121999  -38.031  0.424  -26.550 0.4285714328
115543  -38.006  -3.060  -26.145 0.2857142985
239305  -38.487  -1.950  -25.914 0.7142857313
124493  -36.701  1.637  -26.314 0.7142857313
117988  -36.223  -1.223  -23.823 0.8571428657
119376  -37.451  -1.164  -25.026 0.8571428657
121988  -37.500  0.556  -25.911 0.5714285970
114286  -37.077  -4.604  -24.847 0.2857142985
115535  -37.540  -3.908  -25.857 0.2857142985
120766  -37.961  -0.016  -26.031 0.7142857313
123284  -33.878  1.113  -24.304 0.5714285970
120747  -36.416  0.170  -24.842 0.8571428657
113037  -37.835  -4.978  -24.967 0.1428571492
116743  -37.815  -2.466  -24.550 0.7142857313
111865  -37.277  -5.679  -24.913 0.1428571492
108580  -31.760  -8.283  -18.684 0.5714285970
109680  -33.496  -7.294  -20.006 0.8571428657
110762  -33.296  -6.605  -20.181 0.8571428657
109679  -32.757  -7.104  -19.985 0.4285714328
110761  -32.561  -6.472  -20.146 0.5714285970
116709  -35.885  -2.937  -22.845 0.8571428657
114232  -35.984  -4.695  -22.433 0.8571428657
116721  -35.834  -2.405  -23.098 0.8571428657
111855  -38.431  -5.848  -23.957 0.2857142985
115500  -37.444  -3.675  -23.873 0.8571428657
116742  -37.299  -2.646  -24.178 0.8571428657
119375  -36.969  -0.524  -24.911 0.8571428657
110830  -38.072  -6.844  -24.028 0.4285714328
114256  -37.690  -4.326  -23.585 0.7142857313
115514  -37.910  -3.454  -24.410 0.7142857313
107441  -31.423  -8.945  -18.470 0.2857142985
238442  -33.018  -7.799  -19.541 0.5714285970
108593  -32.322  -8.069  -19.177 0.5714285970
112977  -35.453  -5.362  -21.177 0.8571428657
112985  -35.319  -4.794  -21.536 0.8571428657
114242  -36.540  -4.163  -22.920 0.8571428657
115489  -36.161  -3.470  -22.921 0.8571428657
111838  -38.058  -6.054  -22.791 0.4285714328
112999  -37.399  -5.143  -22.785 0.8571428657
114255  -37.140  -4.049  -23.381 0.8571428657
110819  -38.446  -6.604  -23.026 0.4285714328
102784  -30.902  -12.327  -17.354 0.7142857313
103989  -30.633  -11.527  -17.736 0.4285714328
102799  -31.437  -12.027  -17.652 0.7142857313
105161  -32.595  -11.118  -18.179 0.8571428657
105160  -31.397  -10.729  -17.966 0.5714285970
106310  -31.760  -9.536  -18.367 0.5714285970
106300  -31.047  -9.529  -17.999 0.4285714328
240467  -32.828  -9.957  -18.619 0.8571428657
106311  -32.432  -9.511  -18.632 0.5714285970
107442  -32.034  -8.993  -18.701 0.5714285970
107444  -33.771  -9.441  -18.775 0.8571428657
107459  -33.298  -9.000  -19.038 0.7142857313
107443  -32.676  -9.007  -18.840 0.5714285970
109684  -36.308  -7.727  -20.260 0.7142857313
109693  -36.005  -7.208  -20.579 0.7142857313
111814  -36.112  -6.397  -21.506 0.7142857313
111824  -35.931  -5.697  -21.637 0.8571428657
108639  -38.677  -8.457  -22.159 0.2857142985
109707  -37.684  -7.267  -21.629 0.4285714328
110790  -37.862  -6.941  -22.142 0.5714285970
100526  -30.541  -13.678  -16.950 0.4285714328
225863  -30.156  -13.212  -17.011 0.4285714328
102783  -29.228  -12.420  -17.045 0.4285714328
105162  -33.288  -11.228  -18.454 0.7142857313
237039  -36.637  -8.237  -20.107 0.7142857313
108622  -37.470  -8.371  -20.930 0.2857142985
108621  -36.969  -8.023  -20.598 0.5714285970
220773  -29.441  -14.081  -16.692 0.4285714328
100525  -28.523  -13.677  -16.926 0.5714285970
101658  -30.977  -13.030  -17.124 0.5714285970
106325  -36.912  -9.513  -18.543 0.4285714328
219185  -37.274  -9.143  -19.883 0.4285714328
107494  -37.820  -8.880  -20.989 0.4285714328
108606  -37.191  -8.554  -20.292 0.4285714328
97124  -28.043  -16.556  -16.984 0.5714285970
101663  -35.282  -13.408  -17.151 0.4285714328
101671  -35.080  -12.872  -17.234 0.4285714328
105174  -37.255  -10.876  -18.360 0.4285714328
104001  -35.704  -11.380  -17.990 0.4285714328
105178  -37.435  -10.398  -19.128 0.4285714328
91538  -29.932  -20.070  -13.859 0.1428571492
103996  -35.945  -12.051  -17.868 0.4285714328
104002  -36.413  -11.607  -18.008 0.4285714328
104003  -37.050  -11.545  -18.162 0.4285714328
93696  -30.519  -18.936  -14.432 0.1428571492
93705  -30.831  -18.483  -14.689 0.1428571492
239552  -32.713  -16.608  -15.495 0.2857142985
99349  -35.580  -14.474  -17.225 0.2857142985
100549  -37.240  -13.456  -17.867 0.2857142985
100541  -35.757  -13.873  -17.265 0.2857142985
101672  -35.889  -13.160  -17.411 0.2857142985
100531  -35.003  -14.006  -17.092 0.2857142985
225113  -37.024  -12.805  -17.933 0.2857142985
102805  -36.286  -12.680  -17.728 0.4285714328
92606  -30.910  -19.497  -14.232 0.1428571492
92604  -29.533  -19.520  -14.175 0.1428571492
95986  -32.074  -17.811  -15.089 0.2857142985
97115  -34.495  -16.111  -15.851 0.2857142985
237189  -35.401  -15.434  -16.938 0.2857142985
98221  -34.613  -15.274  -16.849 0.2857142985
223429  -33.888  -15.808  -16.283 0.2857142985
99348  -35.119  -14.794  -17.013 0.2857142985
93697  -31.378  -18.950  -14.540 0.1428571492
95989  -34.056  -17.541  -14.935 0.2857142985
94810  -32.701  -18.401  -14.142 0.2857142985
96000  -33.669  -16.982  -15.113 0.2857142985
95987  -32.726  -17.515  -14.777 0.2857142985
94818  -31.385  -18.083  -14.820 0.2857142985
97103  -34.058  -16.566  -15.513 0.2857142985
89185  -28.121  -22.030  -12.797 0.2857142985
90419  -29.320  -20.812  -13.096 0.1428571492
90408  -28.663  -21.670  -13.361 0.2857142985
218643  -30.544  -20.381  -13.672 0.1428571492
86590  -27.822  -23.406  -9.803 0.2857142985
86581  -27.490  -23.718  -9.226 0.2857142985
86580  -26.976  -23.370  -9.058 0.2857142985
90409  -29.709  -21.189  -12.853 0.2857142985
86591  -28.471  -23.614  -10.134 0.1428571492
247048  -27.135  -23.747  -8.915 0.2857142985
86569  -27.239  -24.174  -8.759 0.1428571492
94819  -32.032  -18.437  -14.647 0.1428571492
94820  -33.076  -17.970  -14.434 0.2857142985
97104  -34.617  -16.683  -15.403 0.2857142985
99350  -35.811  -15.051  -17.217 0.2857142985
98209  -34.424  -15.643  -16.302 0.2857142985
99371  -36.247  -14.514  -17.331 0.2857142985
101673  -36.557  -13.201  -17.762 0.2857142985
102819  -37.509  -12.352  -18.409 0.2857142985
103990  -31.251  -11.426  -17.901 0.7142857313
105173  -36.559  -10.832  -18.089 0.4285714328
211604  -36.610  -8.981  -18.924 0.4285714328
244469  -37.618  -9.182  -20.516 0.2857142985
109695  -38.100  -7.893  -21.782 0.5714285970
120729  -35.028  -0.496  -23.965 0.7142857313
111826  -37.157  -6.136  -22.115 0.7142857313
117973  -36.298  -2.041  -23.568 0.8571428657
124480  -33.577  2.175  -24.816 0.4285714328
239560  -34.287  1.652  -24.976 0.5714285970
123294  -36.129  0.978  -25.022 0.7142857313
109708  -38.139  -7.240  -22.496 0.2857142985
117990  -37.343  -2.113  -24.338 0.8571428657
234394  -36.804  0.694  -25.465 0.8571428657
115525  -38.633  -3.520  -24.943 0.5714285970
212486  -33.920  5.240  -27.131 0.2857142985
119410  -36.901  -0.734  -27.956 0.4285714328
122001  -37.595  0.904  -27.716 0.4285714328
136254  -35.156  11.137  -23.125 0.1428571492
244184  -35.432  2.228  -29.854 0.2857142985
122050  -35.987  1.155  -30.618 0.1428571492
200332  -36.258  5.925  -29.985 0.2857142985
86599  -28.425  -23.154  -10.607 0.1428571492
87882  -28.882  -22.528  -11.655 0.1428571492
213309  -30.477  -19.816  -13.924 0.1428571492
93698  -32.234  -19.047  -14.079 0.1428571492
93699  -32.953  -18.945  -14.059 0.1428571492
95997  -31.402  -16.972  -15.412 0.2857142985
95999  -33.000  -17.014  -15.114 0.2857142985
98223  -36.114  -15.785  -17.169 0.2857142985
97113  -32.808  -16.156  -15.881 0.2857142985
240624  -28.397  -12.706  -16.920 0.2857142985
101676  -37.627  -13.134  -18.297 0.2857142985
102833  -38.242  -12.253  -19.246 0.2857142985
102798  -30.902  -11.831  -17.708 0.7142857313
103991  -32.147  -11.644  -17.724 0.5714285970
105158  -30.077  -10.687  -17.740 0.4285714328
105159  -30.705  -11.027  -17.845 0.5714285970
108579  -31.119  -8.285  -18.499 0.2857142985
104009  -37.578  -11.657  -18.934 0.2857142985
106302  -32.269  -10.022  -18.388 0.7142857313
105179  -38.230  -10.904  -19.677 0.1428571492
105181  -38.064  -10.255  -19.914 0.4285714328
106326  -37.381  -9.700  -19.520 0.4285714328
106333  -38.470  -10.182  -20.872 0.1428571492
107481  -38.236  -9.448  -20.960 0.1428571492
221524  -37.479  -7.780  -21.172 0.5714285970
108640  -38.465  -7.908  -22.274 0.2857142985
111827  -37.675  -6.392  -22.359 0.5714285970
114257  -38.293  -4.766  -23.751 0.7142857313
239575  -37.306  -1.554  -24.518 0.8571428657
110845  -37.832  -6.059  -25.025 0.2857142985
111872  -38.000  -5.840  -26.021 0.1428571492
132784  -33.416  7.640  -20.845 0.2857142985
113040  -38.617  -4.806  -24.808 0.4285714328
110838  -37.682  -6.157  -24.819 0.4285714328
113050  -37.436  -4.913  -25.983 0.1428571492
119398  -38.429  -1.375  -26.225 0.5714285970
114304  -37.995  -4.509  -26.964 0.1428571492
116784  -37.814  -2.612  -26.439 0.1428571492
116799  -37.552  -1.981  -27.694 0.1428571492
224181  -34.551  9.127  -22.318 0.1428571492
206481  -38.214  -0.118  -26.391 0.5714285970
116792  -37.733  -2.777  -27.042 0.1428571492
119416  -37.363  -1.373  -28.757 0.1428571492
125697  -36.580  2.890  -28.964 0.2857142985
234217  -36.112  1.586  -28.944 0.2857142985
119429  -37.369  0.160  -28.834 0.2857142985
212391  -37.413  -0.250  -29.926 0.1428571492
119449  -37.584  0.495  -30.037 0.1428571492
119456  -36.335  0.549  -31.351 0.1428571492
125731  -35.253  3.039  -31.179 0.2857142985
124589  -33.751  2.638  -31.309 0.2857142985
124580  -35.126  2.207  -30.899 0.1428571492
123384  -34.924  1.897  -30.926 0.1428571492
87883  -29.611  -22.853  -11.597 0.1428571492
205704  -31.031  -20.093  -13.919 0.1428571492
99372  -37.246  -14.707  -17.327 0.2857142985
236559  -39.082  -8.352  -22.868 0.2857142985
124570  -38.073  2.068  -30.033 0.1428571492
215971  -35.070  3.202  -32.041 0.2857142985
87847  -26.452  -23.185  -8.774 0.2857142985
89186  -29.460  -22.316  -12.067 0.1428571492
245313  -29.336  -21.673  -12.333 0.1428571492
91537  -29.143  -19.999  -14.005 0.1428571492
92605  -30.162  -19.412  -14.120 0.1428571492
94817  -30.657  -17.961  -14.929 0.2857142985
95996  -30.672  -17.003  -15.393 0.4285714328
225844  -31.698  -17.594  -15.324 0.2857142985
211144  -30.209  -18.463  -14.821 0.1428571492
97100  -31.720  -16.389  -15.598 0.2857142985
214629  -34.350  -14.582  -16.967 0.4285714328
102785  -31.480  -12.537  -17.266 0.5714285970
105177  -36.974  -10.214  -18.258 0.4285714328
106312  -33.348  -10.051  -18.583 0.7142857313
110776  -36.358  -6.928  -21.145 0.7142857313
238170  -33.843  -8.892  -19.108 0.8571428657
108594  -33.461  -8.430  -19.369 0.8571428657
111813  -35.570  -5.969  -20.914 0.8571428657
112976  -35.018  -5.180  -21.226 0.8571428657
123292  -35.021  1.635  -24.658 0.5714285970
246067  -36.165  1.758  -25.829 0.7142857313
125677  -35.828  3.048  -26.532 0.5714285970
126900  -33.760  4.651  -26.592 0.2857142985
126919  -36.694  3.726  -27.604 0.2857142985
130638  -33.500  5.815  -26.883 0.2857142985
107480  -36.733  -8.563  -19.424 0.4285714328
91528  -29.456  -20.319  -13.486 0.1428571492
96016  -28.581  -17.200  -17.047 0.5714285970
97114  -33.599  -16.352  -16.164 0.2857142985
107458  -32.816  -8.487  -19.208 0.5714285970
116722  -36.445  -2.820  -23.320 0.8571428657
119349  -36.866  -1.060  -24.345 0.8571428657
131745  -34.631  6.196  -21.756 0.2857142985
129386  -33.558  5.626  -27.260 0.2857142985
200327  -34.343  6.317  -23.545 0.2857142985
131731  -34.800  7.053  -21.616 0.2857142985
105168  -32.890  -10.557  -18.479 0.8571428657
130632  -34.570  6.910  -25.159 0.2857142985
131815  -35.297  7.207  -26.488 0.1428571492
200329  -34.603  7.224  -24.649 0.2857142985
238726  -35.005  7.023  -23.594 0.2857142985
200336  -35.778  6.228  -29.588 0.2857142985
132810  -34.763  7.902  -23.120 0.1428571492
132795  -34.743  7.638  -22.246 0.1428571492
130660  -34.854  6.048  -28.181 0.2857142985
126946  -35.387  3.452  -31.002 0.2857142985
129441  -36.296  5.629  -30.094 0.2857142985
128185  -37.048  4.098  -29.788 0.2857142985
212190  -34.812  9.366  -23.306 0.1428571492
128167  -36.638  3.950  -27.912 0.2857142985
126932  -36.884  3.652  -29.886 0.2857142985
126928  -36.922  3.214  -28.977 0.2857142985
129402  -34.718  5.741  -27.895 0.2857142985
129422  -36.469  5.244  -28.760 0.2857142985
124529  -36.319  2.090  -28.995 0.2857142985
123373  -34.887  2.017  -30.791 0.1428571492
120806  -35.100  0.929  -30.972 0.1428571492
128178  -36.508  4.243  -28.194 0.2857142985
122061  -37.063  1.218  -30.700 0.1428571492
120809  -36.193  1.274  -30.639 0.1428571492
223673  -36.837  1.525  -30.718 0.1428571492
124567  -34.960  2.887  -30.686 0.1428571492
240894  -37.321  -0.831  -28.811 0.1428571492
124509  -37.331  1.805  -26.798 0.5714285970
242239  -37.442  1.270  -28.396 0.4285714328
125694  -37.471  2.802  -28.008 0.5714285970
115579  -37.047  -2.072  -30.050 0.1428571492
118042  -37.918  -1.492  -26.875 0.1428571492
122012  -36.997  1.087  -28.983 0.2857142985
119437  -37.080  -0.136  -30.052 0.2857142985
122004  -37.461  0.782  -28.503 0.4285714328
123322  -37.833  1.075  -26.526 0.5714285970
123309  -37.257  1.178  -25.931 0.7142857313
118023  -38.520  -1.760  -25.847 0.4285714328
120767  -38.296  -0.859  -26.350 0.5714285970
219934  -38.592  -2.821  -25.778 0.5714285970
117991  -38.035  -1.780  -24.832 0.7142857313
120748  -37.620  -0.635  -25.559 0.7142857313
114276  -38.640  -4.033  -24.879 0.5714285970
111859  -38.647  -5.050  -24.765 0.4285714328
116723  -37.123  -3.004  -23.699 0.8571428657
108581  -32.312  -8.575  -18.895 0.5714285970
110755  -32.175  -6.833  -19.722 0.4285714328
109665  -31.756  -7.612  -18.883 0.4285714328
112987  -36.251  -5.304  -22.194 0.8571428657
114243  -37.209  -4.572  -23.128 0.8571428657
113000  -37.908  -5.486  -22.995 0.4285714328
110826  -38.440  -6.393  -23.827 0.5714285970
115515  -38.498  -3.798  -24.656 0.8571428657
111837  -37.620  -5.717  -22.486 0.7142857313
213714  -30.242  -12.646  -17.145 0.5714285970
103980  -30.192  -12.000  -17.243 0.4285714328
221420  -31.879  -11.051  -17.966 0.7142857313
215116  -32.099  -10.525  -18.026 0.7142857313
209438  -30.876  -10.318  -17.871 0.4285714328
106301  -31.586  -10.074  -18.001 0.5714285970
212108  -33.080  -9.529  -18.766 0.8571428657
110777  -37.119  -7.095  -21.330 0.5714285970
110789  -37.463  -6.698  -21.779 0.7142857313
101656  -28.405  -13.121  -16.927 0.5714285970
107463  -36.952  -9.066  -19.068 0.4285714328
107495  -38.571  -9.130  -21.702 0.2857142985
102818  -36.760  -12.153  -17.954 0.4285714328
95998  -32.234  -17.038  -15.344 0.2857142985
97102  -33.305  -16.644  -15.675 0.2857142985
100542  -36.628  -13.832  -17.570 0.2857142985
92607  -31.596  -19.652  -14.087 0.1428571492
222099  -32.562  -17.977  -14.466 0.2857142985
98210  -35.018  -15.823  -16.289 0.2857142985
95988  -33.383  -17.488  -14.771 0.2857142985
235959  -34.280  -16.946  -15.150 0.2857142985
234285  -29.389  -23.564  -10.790 0.1428571492
106332  -37.837  -9.653  -20.280 0.2857142985
135040  -34.730  10.147  -22.760 0.1428571492
86600  -28.900  -23.380  -10.666 0.1428571492
87889  -30.083  -22.616  -12.014 0.1428571492
135039  -34.036  9.842  -21.964 0.1428571492
120715  -33.844  -0.200  -23.481 0.5714285970
117955  -33.605  -1.662  -22.544 0.4285714328
119315  -33.173  -1.083  -22.431 0.4285714328
120716  -34.426  -0.485  -23.593 0.5714285970
116706  -33.783  -2.174  -22.254 0.4285714328
119316  -33.822  -1.261  -22.861 0.5714285970
120728  -34.476  0.083  -23.809 0.4285714328
114220  -32.879  -4.008  -20.729 0.4285714328
115480  -34.107  -3.142  -21.681 0.4285714328
115468  -32.808  -3.469  -21.174 0.4285714328
116699  -33.781  -2.619  -21.910 0.5714285970
117957  -34.697  -1.875  -22.688 0.5714285970
117970  -34.393  -1.395  -23.113 0.5714285970
111803  -33.057  -6.013  -20.427 0.5714285970
100551  -38.344  -14.214  -18.478 0.1428571492
245024  -37.784  -13.731  -18.210 0.1428571492
101677  -38.028  -13.697  -18.980 0.1428571492
205523  -27.212  -20.117  -13.751 0.2857142985
97164  -39.035  -15.929  -19.917 0.1428571492
99387  -38.198  -14.874  -18.369 0.1428571492
97183  -39.236  -15.762  -20.944 0.1428571492
99394  -38.716  -14.811  -19.059 0.1428571492
97198  -37.993  -15.946  -22.039 0.1428571492
91525  -27.062  -20.907  -13.575 0.2857142985
224291  -36.757  -15.888  -17.489 0.1428571492
98250  -37.788  -15.715  -18.498 0.1428571492
98234  -36.807  -15.187  -17.163 0.1428571492
98251  -38.688  -15.496  -19.014 0.1428571492
97185  -38.086  -16.760  -21.392 0.1428571492
243251  -39.018  -15.956  -19.433 0.1428571492
96085  -38.983  -17.231  -23.430 0.1428571492
97188  -38.920  -16.852  -22.691 0.1428571492
96079  -39.003  -17.109  -23.188 0.1428571492
90416  -26.258  -20.779  -12.446 0.2857142985
90405  -25.783  -20.532  -12.035 0.2857142985
96010  -35.574  -17.166  -16.228 0.1428571492
96018  -36.025  -17.148  -16.827 0.1428571492
97127  -36.023  -16.506  -17.067 0.1428571492
97116  -35.035  -16.533  -15.921 0.1428571492
97149  -38.697  -16.271  -19.081 0.1428571492
97135  -37.320  -16.398  -17.561 0.1428571492
97150  -39.097  -16.552  -19.728 0.1428571492
97136  -37.606  -16.137  -18.505 0.1428571492
97179  -38.251  -17.084  -21.115 0.1428571492
94905  -38.703  -18.835  -22.683 0.1428571492
218333  -38.957  -17.912  -23.279 0.1428571492
96073  -38.753  -17.693  -22.872 0.1428571492
90398  -25.702  -20.715  -11.478 0.2857142985
91491  -25.565  -20.898  -10.451 0.2857142985
96001  -34.699  -17.467  -15.178 0.1428571492
94839  -35.519  -17.833  -16.012 0.1428571492
96019  -36.656  -16.998  -17.001 0.1428571492
96034  -38.307  -16.859  -18.702 0.1428571492
97128  -36.653  -16.387  -17.280 0.1428571492
96063  -38.841  -18.072  -20.226 0.1428571492
94901  -38.444  -18.613  -22.320 0.1428571492
97174  -37.815  -17.929  -21.011 0.1428571492
94910  -38.904  -17.932  -24.644 0.1428571492
239239  -38.949  -17.969  -23.694 0.1428571492
94821  -33.768  -18.088  -14.632 0.1428571492
94838  -35.185  -17.822  -15.506 0.1428571492
94828  -35.024  -18.230  -15.095 0.1428571492
93727  -36.548  -18.388  -16.893 0.1428571492
93720  -35.964  -18.385  -16.239 0.1428571492
94864  -38.717  -18.252  -18.979 0.1428571492
221322  -38.921  -17.818  -19.220 0.1428571492
94855  -37.696  -17.405  -17.250 0.1428571492
94881  -38.999  -17.766  -19.637 0.1428571492
207227  -38.705  -19.379  -22.742 0.1428571492
94899  -38.148  -18.693  -20.831 0.1428571492
241186  -38.929  -18.683  -23.564 0.1428571492
207213  -38.901  -18.829  -23.098 0.1428571492
218608  -34.770  -18.905  -14.781 0.1428571492
93706  -33.334  -18.482  -14.228 0.1428571492
93721  -36.276  -19.044  -16.458 0.1428571492
94829  -35.530  -18.441  -15.568 0.1428571492
94849  -37.375  -17.589  -16.816 0.1428571492
94895  -38.871  -18.939  -19.707 0.1428571492
93735  -38.448  -18.928  -18.771 0.1428571492
242277  -38.396  -18.715  -20.543 0.1428571492
93787  -38.094  -18.708  -20.766 0.1428571492
94894  -38.949  -18.351  -19.815 0.1428571492
94904  -38.410  -19.169  -22.082 0.1428571492
96062  -37.403  -17.965  -20.935 0.1428571492
92633  -36.562  -19.827  -16.540 0.1428571492
92632  -35.982  -19.538  -16.021 0.1428571492
93715  -35.657  -19.156  -15.475 0.1428571492
92649  -38.319  -19.679  -18.535 0.1428571492
92639  -37.775  -19.602  -17.744 0.1428571492
93765  -38.918  -19.450  -19.130 0.1428571492
93783  -38.308  -19.138  -20.995 0.1428571492
94893  -37.621  -18.848  -20.197 0.1428571492
93728  -37.274  -18.654  -17.447 0.1428571492
94847  -36.117  -17.776  -16.408 0.1428571492
220926  -37.498  -18.145  -17.726 0.1428571492
96027  -37.724  -17.009  -17.786 0.1428571492
98222  -35.602  -15.969  -16.836 0.1428571492
216319  -38.912  -18.576  -24.408 0.1428571492
94907  -38.882  -18.354  -23.066 0.1428571492
97181  -39.157  -16.739  -20.919 0.1428571492
96072  -38.498  -17.665  -22.474 0.1428571492
100550  -37.677  -14.207  -17.793 0.1428571492
100562  -38.716  -14.211  -19.350 0.1428571492
90389  -25.945  -21.102  -10.957 0.2857142985
93788  -38.360  -19.425  -21.569 0.1428571492
207508  -38.679  -19.710  -22.823 0.1428571492
94913  -39.557  -17.874  -25.574 0.1428571492
112973  -32.740  -4.834  -20.927 0.4285714328
96088  -38.943  -17.306  -23.857 0.1428571492
97201  -39.018  -16.786  -23.229 0.1428571492
101681  -38.779  -13.610  -19.722 0.1428571492
101680  -38.215  -12.956  -19.016 0.1428571492
121949  -33.649  0.538  -23.933 0.4285714328
126948  -37.428  3.724  -30.196 0.1428571492
121959  -34.402  0.666  -24.265 0.4285714328
90406  -26.206  -21.082  -11.762 0.2857142985
126983  -35.213  3.914  -32.042 0.1428571492
94822  -34.463  -18.151  -14.792 0.1428571492
93707  -34.057  -18.692  -14.533 0.1428571492
104010  -38.287  -11.564  -19.512 0.1428571492
98262  -38.979  -15.441  -19.624 0.1428571492
99404  -38.985  -15.555  -19.889 0.1428571492
225895  -39.161  -16.131  -21.023 0.1428571492
99386  -37.638  -14.888  -17.686 0.1428571492
96075  -38.707  -16.136  -21.765 0.1428571492
99403  -39.156  -14.979  -20.565 0.1428571492
98280  -37.907  -15.041  -21.876 0.1428571492
96084  -39.205  -16.241  -21.715 0.1428571492
98235  -37.363  -15.410  -17.530 0.1428571492
96077  -38.507  -16.509  -22.184 0.1428571492
96071  -38.304  -17.350  -22.085 0.1428571492
96009  -35.102  -17.219  -15.681 0.1428571492
97117  -35.544  -16.464  -16.435 0.1428571492
96035  -38.949  -17.156  -19.269 0.1428571492
96026  -37.532  -17.076  -17.051 0.1428571492
97176  -39.083  -17.062  -20.728 0.1428571492
96051  -39.078  -17.291  -20.118 0.1428571492
94898  -38.047  -17.874  -21.341 0.1428571492
94854  -37.541  -17.416  -16.775 0.1428571492
94848  -37.194  -17.679  -16.693 0.1428571492
96028  -38.316  -17.504  -18.614 0.1428571492
224467  -37.523  -18.375  -20.767 0.1428571492
94900  -38.274  -18.920  -21.546 0.1428571492
237830  -35.256  -18.828  -15.183 0.1428571492
240817  -35.852  -18.915  -15.956 0.1428571492
93744  -38.921  -18.439  -19.398 0.1428571492
94856  -37.944  -18.115  -18.329 0.1428571492
92638  -36.866  -19.204  -17.108 0.1428571492
93775  -38.508  -19.630  -20.215 0.1428571492
96061  -37.277  -18.456  -20.727 0.1428571492
93782  -38.233  -18.934  -20.961 0.1428571492
93734  -37.932  -18.848  -18.062 0.1428571492
84241  -25.758  -24.449  -7.688 0.1428571492
86567  -26.148  -23.673  -8.323 0.1428571492
86558  -25.190  -23.939  -7.569 0.1428571492
87855  -26.179  -22.650  -8.888 0.1428571492
89157  -26.115  -22.130  -9.291 0.1428571492
89151  -25.684  -22.294  -8.687 0.1428571492
90368  -25.778  -21.517  -9.602 0.1428571492
90369  -26.264  -21.814  -9.931 0.1428571492
89147  -25.121  -22.113  -8.322 0.1428571492
89156  -25.555  -21.738  -9.022 0.1428571492
90378  -25.912  -21.317  -10.231 0.1428571492
91482  -24.979  -20.705  -9.632 0.1428571492
91490  -25.144  -20.584  -10.230 0.1428571492
91512  -25.336  -20.263  -11.636 0.1428571492
91502  -25.324  -20.517  -10.938 0.1428571492
91524  -25.923  -20.217  -12.575 0.1428571492
91518  -25.446  -19.988  -12.187 0.2857142985
92598  -26.949  -18.943  -14.253 0.2857142985
98185  -26.298  -15.501  -16.776 0.4285714328
99345  -28.849  -14.433  -16.836 0.4285714328
100524  -27.716  -13.938  -17.106 0.4285714328
111801  -31.955  -5.495  -19.906 0.2857142985
112968  -32.892  -5.402  -20.652 0.2857142985
117929  -31.244  -2.205  -21.390 0.2857142985
219032  -32.297  -1.413  -22.126 0.2857142985
219124  -33.018  -0.540  -22.719 0.2857142985
120714  -33.222  -0.199  -23.193 0.4285714328
218840  -25.050  -19.809  -11.837 0.1428571492
92596  -25.652  -19.614  -12.643 0.2857142985
240549  -26.932  -19.209  -13.989 0.1428571492
87845  -25.442  -22.669  -8.277 0.1428571492
242776  -25.363  -21.894  -8.659 0.1428571492
90367  -25.269  -21.207  -9.302 0.1428571492
213550  -24.767  -20.118  -10.517 0.1428571492
91501  -24.828  -19.900  -11.259 0.1428571492
92590  -25.245  -18.860  -11.940 0.2857142985
207549  -26.437  -19.275  -13.250 0.2857142985
235839  -25.945  -19.277  -12.951 0.2857142985
93687  -25.852  -18.286  -12.017 0.2857142985
93689  -25.940  -18.462  -13.860 0.2857142985
93703  -26.904  -18.359  -15.030 0.2857142985
94835  -26.905  -17.640  -16.617 0.4285714328
217058  -25.311  -16.583  -16.847 0.4285714328
247790  -25.797  -16.614  -16.385 0.2857142985
109671  -32.322  -7.408  -19.365 0.2857142985
243963  -31.672  -6.547  -19.463 0.2857142985
111802  -32.480  -5.712  -20.155 0.2857142985
111800  -31.102  -5.520  -20.114 0.2857142985
112967  -32.311  -5.143  -20.381 0.2857142985
116689  -31.639  -2.936  -21.194 0.2857142985
115467  -31.043  -3.422  -20.874 0.2857142985
117942  -32.432  -2.046  -21.894 0.2857142985
93690  -26.198  -18.549  -14.177 0.2857142985
110754  -31.678  -7.047  -19.163 0.2857142985
111795  -31.435  -5.984  -19.537 0.2857142985
110753  -31.044  -6.574  -19.104 0.2857142985
114211  -30.839  -4.399  -20.258 0.2857142985
114213  -32.086  -4.449  -20.767 0.2857142985
238498  -32.339  -3.829  -20.958 0.2857142985
237973  -30.631  -3.701  -20.404 0.2857142985
115478  -32.457  -2.791  -21.626 0.2857142985
111793  -30.140  -5.790  -19.228 0.2857142985
112958  -30.563  -5.315  -19.597 0.2857142985
216127  -31.197  -4.811  -20.279 0.2857142985
97111  -26.789  -15.875  -17.003 0.4285714328
98220  -28.059  -15.627  -16.948 0.4285714328
94825  -26.964  -17.744  -16.041 0.4285714328
87846  -25.904  -22.958  -8.482 0.1428571492
116698  -33.140  -2.379  -21.929 0.2857142985
114219  -31.608  -3.805  -20.990 0.2857142985
86566  -25.721  -23.930  -7.945 0.1428571492
90377  -25.456  -21.020  -9.902 0.1428571492
92582  -24.445  -19.245  -11.954 0.2857142985
244871  -24.658  -16.064  -16.467 0.4285714328
116697  -31.857  -2.342  -21.678 0.2857142985
94815  -26.537  -17.314  -15.420 0.4285714328
112964  -30.347  -4.748  -19.769 0.2857142985
100512  -27.259  -13.877  -17.031 0.2857142985
99343  -27.130  -14.315  -17.016 0.2857142985
101657  -29.388  -12.950  -16.949 0.2857142985
131879  -38.532  6.424  -31.725 0.1428571492
130716  -38.307  6.027  -31.361 0.1428571492
130766  -35.468  6.660  -32.999 0.1428571492
129473  -34.901  5.495  -32.183 0.1428571492
247182  -35.120  4.766  -32.190 0.1428571492
131895  -40.132  6.400  -32.549 0.1428571492
130749  -34.847  6.053  -32.253 0.1428571492
202290  -35.665  6.957  -30.628 0.1428571492
223682  -35.512  9.320  -31.787 0.1428571492
101636  -27.413  -13.374  -17.093 0.2857142985
100513  -27.022  -13.158  -17.061 0.2857142985
128223  -35.995  4.993  -31.902 0.1428571492
129455  -38.905  5.598  -31.227 0.1428571492
128204  -34.050  4.594  -31.937 0.1428571492
129476  -36.155  5.448  -32.117 0.1428571492
224427  -36.085  5.139  -31.944 0.1428571492
126965  -35.055  4.127  -30.947 0.1428571492
130702  -35.971  6.376  -30.856 0.1428571492
128206  -34.978  4.941  -31.097 0.1428571492
134064  -34.222  7.941  -32.867 0.1428571492
203794  -34.820  9.297  -32.333 0.1428571492
132913  -35.156  8.113  -31.460 0.1428571492
200339  -35.344  7.573  -30.071 0.1428571492
238117  -35.446  7.619  -28.974 0.1428571492
221586  -35.599  6.923  -29.870 0.1428571492
129465  -34.991  5.286  -31.661 0.1428571492
130733  -35.410  5.978  -31.354 0.1428571492
98201  -26.952  -14.857  -17.016 0.2857142985
130734  -37.036  6.435  -32.012 0.1428571492
131893  -38.306  7.003  -32.214 0.1428571492
129478  -37.022  5.860  -31.700 0.1428571492
130712  -34.839  6.640  -32.040 0.1428571492
131905  -35.482  7.020  -32.555 0.1428571492
235749  -40.322  6.798  -33.062 0.1428571492
132912  -34.911  7.563  -31.835 0.1428571492
129467  -37.365  5.660  -31.135 0.1428571492
110745  -30.453  -6.410  -18.197 0.1428571492
111794  -30.826  -5.861  -19.270 0.1428571492
114210  -30.126  -4.173  -20.064 0.1428571492
114201  -28.233  -3.807  -19.240 0.1428571492
115456  -29.496  -3.231  -19.718 0.1428571492
109670  -31.183  -7.182  -18.697 0.1428571492
116678  -29.026  -2.533  -19.933 0.1428571492
117927  -29.958  -1.723  -20.628 0.1428571492
119282  -30.054  -1.067  -20.893 0.2857142985
103987  -28.864  -11.437  -17.324 0.1428571492
107440  -30.403  -8.451  -18.466 0.1428571492
110746  -30.570  -6.585  -18.245 0.1428571492
110824  -38.029  -7.054  -23.994 0.1428571492
111788  -29.950  -6.139  -18.693 0.1428571492
116688  -31.001  -2.795  -20.938 0.1428571492
119297  -31.159  -1.196  -21.761 0.1428571492
119283  -30.789  -1.110  -21.116 0.1428571492
120687  -30.975  -0.652  -21.216 0.2857142985
121923  -32.193  0.696  -22.006 0.2857142985
126842  -30.105  4.355  -21.295 0.2857142985
125605  -30.740  3.380  -20.854 0.2857142985
129285  -29.080  5.830  -21.619 0.2857142985
133908  -33.513  8.271  -21.065 0.1428571492
217258  -30.817  6.821  -19.170 0.1428571492
121937  -33.057  0.337  -23.131 0.2857142985
217431  -31.891  0.115  -21.821 0.2857142985
123277  -32.713  1.528  -22.859 0.2857142985
125645  -33.156  2.538  -24.235 0.2857142985
124457  -31.257  2.469  -22.624 0.2857142985
125622  -30.873  3.032  -21.396 0.2857142985
126865  -31.388  3.720  -23.516 0.2857142985
126843  -30.773  3.736  -21.782 0.2857142985
128108  -30.621  5.365  -23.281 0.2857142985
131711  -29.279  6.428  -20.532 0.1428571492
128045  -28.380  4.200  -19.921 0.2857142985
213937  -32.581  8.407  -20.404 0.1428571492
232853  -33.083  8.935  -20.296 0.1428571492
125606  -30.937  2.750  -20.634 0.1428571492
124424  -30.899  2.270  -20.452 0.1428571492
120671  -29.316  -0.547  -20.801 0.2857142985
126824  -28.976  3.744  -20.126 0.2857142985
130543  -28.745  5.823  -21.045 0.1428571492
128057  -28.378  4.875  -20.049 0.2857142985
131700  -28.585  6.687  -18.795 0.1428571492
130522  -27.552  6.201  -18.461 0.1428571492
117891  -27.704  -1.609  -19.363 0.2857142985
126799  -28.129  3.512  -18.115 0.1428571492
129265  -30.691  5.314  -18.463 0.1428571492
129250  -26.914  4.949  -17.374 0.1428571492
114156  -27.567  -3.551  -16.501 0.1428571492
109740  -37.661  -7.016  -25.004 0.1428571492
107500  -39.168  -8.937  -22.568 0.1428571492
107432  -30.274  -9.189  -18.037 0.1428571492
237580  -30.068  -7.998  -18.385 0.1428571492
108664  -37.170  -7.881  -24.606 0.1428571492
109663  -30.127  -7.028  -18.159 0.1428571492
111787  -29.094  -6.085  -18.697 0.1428571492
112957  -30.009  -5.273  -19.350 0.1428571492
112955  -28.672  -4.560  -18.802 0.1428571492
115461  -30.035  -3.482  -20.187 0.1428571492
116670  -28.347  -2.442  -19.414 0.1428571492
116687  -30.673  -2.307  -20.813 0.1428571492
119234  -28.343  -1.294  -19.745 0.2857142985
121922  -31.554  0.740  -21.752 0.1428571492
121921  -30.525  1.245  -21.789 0.1428571492
124447  -31.170  1.887  -22.026 0.2857142985
124440  -30.257  2.065  -21.595 0.1428571492
124456  -30.331  2.397  -22.361 0.1428571492
126781  -28.350  3.370  -17.411 0.1428571492
126811  -28.782  3.524  -18.974 0.2857142985
128034  -26.881  4.705  -18.174 0.1428571492
130511  -28.056  6.674  -17.825 0.1428571492
131712  -30.015  6.819  -20.631 0.1428571492
129264  -30.027  5.428  -18.605 0.1428571492
130524  -29.842  6.673  -18.699 0.1428571492
204061  -38.582  -8.179  -23.444 0.1428571492
200226  -38.027  -7.439  -23.831 0.1428571492
230101  -37.797  -8.132  -24.094 0.1428571492
125649  -32.453  3.083  -24.127 0.2857142985
126861  -31.071  4.527  -23.294 0.2857142985
131703  -30.487  6.922  -19.614 0.1428571492
131687  -31.369  6.693  -19.154 0.1428571492
128074  -29.766  5.187  -21.683 0.2857142985
129284  -28.645  5.711  -21.053 0.2857142985
129298  -28.838  5.857  -21.357 0.2857142985
130513  -29.249  6.736  -18.548 0.1428571492
135023  -33.168  9.159  -20.574 0.1428571492
121948  -33.250  0.699  -23.590 0.2857142985
106299  -30.202  -9.952  -17.815 0.1428571492
124471  -33.526  1.729  -24.360 0.2857142985
247646  -31.327  -7.761  -18.597 0.1428571492
106340  -39.200  -9.639  -22.793 0.1428571492
123278  -33.427  1.495  -23.105 0.2857142985
117941  -31.614  -1.704  -21.897 0.1428571492
119314  -32.532  -0.680  -22.311 0.1428571492
120701  -32.228  -0.059  -22.501 0.1428571492
112956  -29.518  -4.785  -18.785 0.1428571492
110744  -29.495  -6.675  -18.549 0.1428571492
114203  -29.783  -4.405  -19.207 0.1428571492
114202  -29.303  -3.751  -19.307 0.1428571492
115455  -28.806  -3.119  -19.414 0.1428571492
116679  -29.809  -2.795  -20.180 0.1428571492
109664  -30.699  -7.587  -18.444 0.1428571492
117909  -29.092  -1.993  -20.084 0.1428571492
219673  -30.143  -2.426  -20.482 0.1428571492
117928  -30.742  -1.683  -20.937 0.1428571492
120688  -31.477  -0.469  -21.641 0.2857142985
120673  -30.623  -0.001  -21.108 0.2857142985
123262  -31.892  1.329  -21.860 0.2857142985
123272  -32.965  0.924  -23.002 0.2857142985
128059  -29.586  5.066  -20.912 0.2857142985
241673  -30.822  4.542  -23.029 0.2857142985
223225  -30.112  3.469  -20.232 0.1428571492
128058  -28.820  4.653  -20.417 0.2857142985
130515  -31.453  5.995  -18.384 0.1428571492
124448  -32.138  1.900  -22.432 0.2857142985
124464  -32.886  2.088  -23.080 0.2857142985
125638  -31.906  2.458  -23.058 0.2857142985
125630  -30.497  2.936  -22.502 0.2857142985
125637  -31.338  3.015  -23.099 0.2857142985
239275  -30.892  3.635  -22.983 0.2857142985
130533  -29.011  6.225  -19.740 0.1428571492
128044  -27.760  4.830  -19.492 0.2857142985
136231  -33.270  10.266  -20.986 0.1428571492
129272  -27.713  5.388  -19.372 0.2857142985
121907  -29.886  0.923  -21.328 0.1428571492
124446  -30.254  1.796  -21.731 0.2857142985
129263  -29.581  5.617  -18.584 0.1428571492
92581  -24.389  -19.444  -11.310 0.1428571492
94787  -25.552  -18.783  -12.101 0.1428571492
244687  -26.174  -18.117  -12.187 0.1428571492
93669  -23.086  -18.730  -11.775 0.1428571492
94785  -23.379  -18.513  -12.475 0.1428571492
94798  -23.830  -17.885  -13.068 0.1428571492
94786  -23.985  -18.582  -12.560 0.1428571492
95962  -23.552  -17.145  -13.849 0.1428571492
95963  -24.591  -17.643  -12.885 0.1428571492
209817  -25.716  -17.842  -13.630 0.1428571492
204414  -25.066  -16.628  -13.145 0.1428571492
95954  -25.340  -16.388  -14.267 0.1428571492
95984  -24.905  -16.339  -15.515 0.1428571492
238276  -25.067  -16.167  -14.837 0.1428571492
97079  -24.886  -16.212  -15.373 0.1428571492
95975  -23.422  -17.199  -14.205 0.1428571492
205030  -24.928  -15.978  -13.889 0.1428571492
98174  -25.824  -15.485  -16.356 0.1428571492
100477  -26.726  -13.101  -15.105 0.1428571492
101618  -27.055  -12.930  -16.975 0.1428571492
102782  -27.596  -12.276  -17.234 0.1428571492
119261  -28.706  -0.835  -20.259 0.1428571492
224322  -26.019  -17.999  -12.285 0.1428571492
94808  -26.233  -17.098  -14.872 0.1428571492
92570  -24.016  -19.138  -11.077 0.1428571492
126812  -29.815  3.217  -19.357 0.1428571492
103979  -29.035  -11.890  -17.173 0.1428571492
224199  -26.240  -15.496  -16.749 0.1428571492
93679  -24.276  -19.119  -12.189 0.1428571492
94801  -26.179  -17.256  -14.647 0.1428571492
99302  -26.822  -14.779  -15.978 0.1428571492
92580  -23.751  -19.060  -11.880 0.1428571492
93678  -23.192  -18.689  -12.052 0.1428571492
93668  -22.525  -18.368  -11.872 0.1428571492
95964  -25.377  -16.640  -13.662 0.1428571492
205148  -25.483  -17.102  -13.201 0.1428571492
213882  -25.616  -17.229  -14.089 0.1428571492
95953  -25.195  -16.287  -14.232 0.1428571492
204282  -24.918  -16.308  -13.391 0.1428571492
95966  -25.338  -16.402  -14.630 0.1428571492
98162  -26.118  -16.006  -14.106 0.1428571492
95961  -22.771  -17.159  -13.863 0.1428571492
92558  -23.929  -19.221  -10.443 0.1428571492
86568  -26.772  -23.745  -8.679 0.2857142985
87864  -27.506  -22.900  -10.097 0.4285714328
87875  -28.072  -22.782  -10.845 0.4285714328
89207  -28.093  -22.401  -14.258 0.4285714328
90427  -28.130  -22.088  -14.310 0.4285714328
91529  -30.016  -20.529  -13.344 0.1428571492
91547  -27.752  -20.475  -14.274 0.5714285970
91550  -28.833  -19.721  -14.463 0.1428571492
92597  -26.166  -19.811  -12.999 0.1428571492
92615  -27.718  -19.641  -14.604 0.2857142985
93688  -26.085  -17.955  -12.403 0.1428571492
93694  -27.380  -19.027  -14.780 0.2857142985
93695  -27.023  -18.844  -14.703 0.2857142985
93712  -27.873  -19.140  -14.926 0.7142857313
93743  -38.671  -18.940  -18.958 0.1428571492
93766  -38.904  -18.967  -19.296 0.1428571492
94799  -25.718  -17.756  -12.627 0.1428571492
94800  -25.877  -18.057  -14.021 0.1428571492
94809  -26.614  -18.344  -14.636 0.2857142985
94837  -28.935  -17.055  -15.384 0.5714285970
94845  -27.616  -17.499  -16.801 0.5714285970
94846  -28.567  -17.320  -15.730 0.4285714328
94892  -37.048  -18.936  -20.378 0.1428571492
94897  -36.893  -18.942  -20.664 0.1428571492
94903  -37.826  -18.397  -20.733 0.1428571492
95965  -25.493  -16.911  -13.499 0.1428571492
95976  -24.992  -16.194  -15.029 0.1428571492
95995  -26.168  -17.349  -16.691 0.4285714328
96007  -26.535  -17.342  -16.879 0.4285714328
96015  -27.661  -17.209  -16.965 0.5714285970
96017  -29.144  -16.898  -17.227 0.7142857313
96064  -38.939  -18.164  -20.070 0.1428571492
96066  -37.920  -17.501  -21.268 0.1428571492
96067  -38.167  -18.238  -21.822 0.1428571492
96069  -38.281  -16.569  -21.809 0.1428571492
96070  -38.171  -16.892  -21.780 0.1428571492
96076  -38.679  -16.420  -21.763 0.1428571492
96078  -38.646  -16.771  -22.358 0.1428571492
96082  -38.960  -16.236  -21.779 0.1428571492
96083  -39.011  -16.242  -21.755 0.1428571492
97065  -25.442  -16.112  -14.224 0.1428571492
97070  -24.872  -15.974  -15.231 0.1428571492
97089  -24.782  -16.199  -16.354 0.1428571492
97097  -29.754  -16.465  -15.838 0.5714285970
97101  -32.276  -16.356  -15.592 0.2857142985
97126  -29.229  -16.655  -17.093 0.7142857313
97175  -38.533  -17.642  -20.709 0.1428571492
97177  -39.188  -16.546  -20.445 0.1428571492
97180  -38.738  -16.998  -20.985 0.1428571492
97182  -39.263  -16.342  -20.915 0.1428571492
97186  -38.144  -16.300  -21.531 0.1428571492
97187  -39.053  -16.119  -21.178 0.1428571492
97192  -38.094  -16.068  -21.605 0.1428571492
97193  -38.115  -15.328  -21.403 0.1428571492
97199  -38.746  -15.574  -21.596 0.1428571492
98165  -25.390  -15.822  -15.080 0.1428571492
98168  -25.843  -15.635  -15.814 0.1428571492
98271  -39.147  -15.791  -20.400 0.1428571492
98276  -38.962  -15.258  -21.091 0.1428571492
98281  -37.825  -14.883  -21.567 0.1428571492
98285  -38.789  -15.139  -21.607 0.1428571492
99308  -26.652  -14.851  -16.848 0.1428571492
99321  -26.739  -14.808  -16.993 0.1428571492
99344  -28.046  -14.541  -16.954 0.2857142985
99395  -38.984  -14.781  -19.998 0.1428571492
99419  -37.945  -14.818  -21.507 0.1428571492
100462  -26.246  -12.999  -14.563 0.1428571492
100490  -26.756  -13.835  -16.161 0.2857142985
100511  -26.898  -14.405  -16.937 0.2857142985
101637  -27.191  -12.919  -17.028 0.1428571492
107504  -39.472  -8.876  -23.155 0.1428571492
107516  -37.362  -7.987  -24.203 0.1428571492
107518  -37.585  -8.042  -24.639 0.1428571492
107523  -37.029  -7.942  -25.032 0.1428571492
108597  -35.384  -8.492  -19.470 0.8571428657
108623  -38.056  -8.418  -21.435 0.2857142985
108665  -37.065  -7.717  -23.880 0.1428571492
108670  -37.931  -7.684  -24.961 0.1428571492
108671  -39.156  -7.779  -24.128 0.1428571492
108680  -37.633  -7.311  -24.958 0.1428571492
109694  -36.670  -7.474  -20.872 0.5714285970
109727  -38.493  -6.877  -23.653 0.4285714328
109730  -37.242  -7.599  -24.095 0.1428571492
109731  -37.548  -6.736  -24.381 0.1428571492
109734  -37.503  -7.285  -24.923 0.1428571492
110752  -30.548  -6.210  -18.376 0.1428571492
110760  -31.956  -6.258  -20.014 0.2857142985
110774  -35.148  -6.418  -20.641 1.0000000000
110788  -36.689  -6.573  -21.718 0.7142857313
110807  -38.107  -6.690  -22.633 0.5714285970
110808  -38.273  -6.897  -22.829 0.4285714328
110823  -37.930  -7.089  -24.000 0.1428571492
110825  -38.366  -6.933  -23.842 0.4285714328
110828  -37.998  -6.936  -24.872 0.1428571492
110829  -37.900  -6.720  -24.839 0.4285714328
110831  -38.273  -6.120  -23.949 0.4285714328
110832  -38.419  -6.118  -23.978 0.2857142985
110836  -37.373  -6.714  -24.917 0.1428571492
110837  -37.278  -6.232  -24.721 0.2857142985
110839  -37.927  -5.913  -24.841 0.4285714328
110840  -38.296  -5.692  -24.695 0.2857142985
111792  -29.606  -5.677  -18.967 0.1428571492
111810  -33.461  -5.639  -20.912 0.7142857313
111825  -36.508  -5.933  -21.942 0.8571428657
111839  -38.185  -6.340  -22.841 0.5714285970
111852  -38.195  -5.825  -23.380 0.4285714328
111853  -38.276  -5.871  -23.674 0.5714285970
111858  -38.209  -5.861  -24.640 0.1428571492
111863  -37.149  -5.899  -25.026 0.1428571492
111864  -37.079  -5.515  -24.932 0.1428571492
111866  -37.992  -5.093  -25.024 0.1428571492
111867  -38.210  -5.273  -24.991 0.4285714328
111868  -38.485  -5.066  -24.974 0.4285714328
111871  -38.010  -5.653  -25.678 0.1428571492
111894  -37.973  -4.957  -25.964 0.1428571492
111895  -37.797  -4.910  -26.161 0.1428571492
112965  -30.813  -4.969  -20.064 0.2857142985
112966  -31.687  -4.961  -20.311 0.2857142985
112974  -33.243  -5.125  -20.979 0.8571428657
112975  -34.292  -5.251  -21.256 0.8571428657
112986  -35.717  -4.988  -21.684 0.8571428657
112988  -36.893  -5.527  -22.418 0.8571428657
112998  -36.662  -4.909  -22.682 0.8571428657
113015  -37.819  -4.928  -23.281 0.7142857313
113016  -38.136  -5.333  -23.502 0.4285714328
113017  -38.316  -5.527  -23.783 0.4285714328
113027  -38.420  -4.989  -23.933 0.4285714328
113030  -38.610  -4.556  -24.408 0.4285714328
113036  -37.171  -4.987  -25.220 0.1428571492
113038  -37.880  -4.876  -24.998 0.1428571492
113039  -38.253  -4.992  -24.917 0.4285714328
113048  -37.141  -4.023  -25.811 0.1428571492
113061  -37.990  -4.577  -26.022 0.1428571492
113062  -38.056  -4.805  -26.538 0.1428571492
114209  -29.792  -3.853  -19.855 0.1428571492
114212  -31.435  -4.418  -20.559 0.2857142985
114222  -34.108  -4.603  -21.450 0.8571428657
114230  -35.237  -4.205  -21.581 1.0000000000
114231  -35.556  -4.334  -21.784 0.8571428657
114269  -37.876  -3.987  -24.041 0.8571428657
114270  -38.170  -4.189  -23.988 0.4285714328
114284  -36.822  -3.909  -25.981 0.1428571492
114285  -37.080  -3.994  -25.583 0.2857142985
114287  -38.421  -3.874  -25.272 0.2857142985
114288  -38.339  -4.009  -25.047 0.5714285970
114294  -36.953  -3.976  -25.965 0.1428571492
114295  -37.893  -4.168  -26.082 0.1428571492
115462  -31.077  -3.997  -20.850 0.2857142985
115470  -33.947  -3.919  -21.427 0.7142857313
115479  -33.230  -3.002  -21.703 0.4285714328
115482  -35.381  -3.668  -21.748 1.0000000000
115499  -36.885  -3.483  -23.278 0.8571428657
115513  -37.558  -3.096  -24.324 0.7142857313
115533  -37.522  -3.897  -26.037 0.1428571492
115534  -37.260  -3.913  -25.956 0.2857142985
115536  -38.288  -3.762  -25.750 0.2857142985
115537  -38.526  -3.573  -25.637 0.5714285970
115538  -38.694  -3.736  -25.108 0.5714285970
115544  -38.487  -2.932  -25.944 0.2857142985
115545  -36.890  -3.840  -26.023 0.1428571492
115555  -37.976  -3.971  -26.678 0.1428571492
116669  -27.571  -2.160  -19.152 0.2857142985
116677  -28.572  -1.942  -19.619 0.1428571492
116680  -30.478  -3.010  -20.581 0.1428571492
116690  -32.158  -3.361  -21.215 0.2857142985
116700  -34.358  -2.535  -21.923 0.8571428657
116741  -36.814  -2.419  -23.914 0.8571428657
116744  -38.180  -2.928  -24.684 0.7142857313
116768  -38.161  -2.352  -24.966 0.7142857313
116769  -38.434  -2.923  -24.932 0.5714285970
116779  -38.508  -2.031  -25.116 0.7142857313
116780  -38.650  -3.240  -25.259 0.5714285970
116785  -38.179  -2.229  -26.079 0.1428571492
116798  -37.616  -2.292  -27.911 0.1428571492
116809  -37.157  -1.873  -28.730 0.1428571492
116819  -37.532  -1.374  -29.306 0.1428571492
116826  -37.342  -2.048  -29.999 0.1428571492
117910  -29.593  -2.134  -20.224 0.1428571492
117926  -29.297  -1.495  -20.292 0.2857142985
117940  -31.003  -1.625  -21.715 0.1428571492
117943  -33.043  -1.729  -22.172 0.2857142985
117956  -34.179  -1.736  -22.552 0.5714285970
117972  -35.703  -1.734  -23.335 0.8571428657
117989  -36.815  -1.674  -24.028 0.8571428657
118016  -38.433  -1.872  -25.321 0.7142857313
118033  -38.412  -1.637  -26.337 0.4285714328
118041  -37.449  -1.592  -27.432 0.1428571492
118051  -37.214  -1.903  -29.002 0.1428571492
118052  -37.150  -1.890  -28.867 0.1428571492
118067  -38.165  -1.274  -29.229 0.1428571492
118080  -36.610  -0.076  -30.975 0.1428571492
118081  -37.048  0.070  -30.030 0.1428571492
119281  -29.351  -1.124  -20.695 0.2857142985
119298  -31.802  -1.027  -22.056 0.1428571492
119330  -33.475  -0.776  -23.140 0.2857142985
119331  -34.061  -0.896  -23.338 0.5714285970
119332  -34.689  -1.011  -23.512 0.8571428657
119348  -36.331  -0.576  -24.369 0.8571428657
119377  -38.235  -1.314  -25.712 0.5714285970
119403  -38.285  -1.112  -26.513 0.5714285970
119409  -37.276  -1.373  -28.238 0.1428571492
119417  -37.302  -0.775  -28.698 0.1428571492
119427  -37.048  -0.937  -29.731 0.1428571492
119428  -36.983  -1.074  -29.840 0.1428571492
119436  -35.823  0.449  -30.499 0.1428571492
119438  -37.224  -0.091  -29.477 0.2857142985
119445  -34.921  0.793  -30.473 0.1428571492
119446  -35.987  0.650  -30.968 0.1428571492
119447  -36.130  0.228  -30.938 0.1428571492
119448  -36.196  -0.001  -30.860 0.1428571492
119455  -36.317  0.423  -31.119 0.1428571492
119457  -36.928  0.992  -30.886 0.1428571492
119458  -37.403  0.801  -30.300 0.1428571492
119464  -34.827  0.457  -30.597 0.1428571492
120670  -29.010  -0.657  -20.500 0.1428571492
120672  -30.077  -0.531  -20.989 0.2857142985
120689  -31.949  -0.457  -22.153 0.1428571492
120702  -32.655  -0.065  -22.832 0.4285714328
120769  -38.126  -0.329  -26.614 0.5714285970
120772  -37.294  -0.342  -27.360 0.4285714328
120774  -37.372  0.038  -28.793 0.2857142985
120791  -37.212  0.281  -29.354 0.2857142985
120798  -36.296  0.208  -30.942 0.1428571492
120799  -36.991  0.330  -29.937 0.1428571492
120800  -37.770  0.511  -30.011 0.1428571492
120807  -35.164  1.115  -30.856 0.1428571492
120808  -35.890  0.924  -30.894 0.1428571492
120816  -34.727  0.931  -30.844 0.1428571492
120817  -36.013  0.771  -31.056 0.1428571492
120818  -36.531  1.176  -30.983 0.1428571492
120819  -37.098  1.214  -31.096 0.1428571492
121908  -31.077  0.450  -21.448 0.1428571492
121936  -32.532  0.369  -22.775 0.2857142985
121960  -35.070  0.291  -24.192 0.4285714328
121973  -37.245  0.052  -25.429 0.7142857313
121989  -37.999  0.505  -26.334 0.4285714328
122002  -37.541  0.310  -27.176 0.4285714328
122013  -37.425  0.529  -28.852 0.2857142985
122028  -36.790  1.036  -29.344 0.2857142985
122040  -36.723  0.788  -29.859 0.1428571492
122041  -37.910  0.779  -29.792 0.1428571492
122047  -34.888  1.268  -30.494 0.1428571492
122048  -34.855  1.058  -30.493 0.1428571492
122049  -35.032  1.029  -30.351 0.1428571492
122051  -35.935  0.930  -30.854 0.1428571492
122052  -37.376  1.089  -29.994 0.1428571492
122057  -34.967  1.110  -30.784 0.1428571492
122058  -35.414  1.741  -30.909 0.1428571492
122059  -36.170  1.823  -30.977 0.1428571492
122060  -36.491  1.486  -31.021 0.1428571492
122062  -37.359  1.055  -30.531 0.1428571492
122069  -35.047  0.960  -31.027 0.1428571492
123271  -32.482  1.136  -22.510 0.2857142985
123283  -33.386  1.222  -23.858 0.2857142985
123291  -34.313  1.241  -24.704 0.5714285970
123293  -35.524  1.395  -24.654 0.8571428657
123308  -36.517  1.321  -25.595 0.7142857313
123310  -37.740  1.022  -26.201 0.5714285970
123321  -37.591  1.421  -26.355 0.5714285970
123323  -37.755  1.361  -26.993 0.5714285970
123325  -37.762  0.946  -27.045 0.5714285970
123328  -37.664  1.440  -27.809 0.4285714328
123329  -37.738  1.401  -27.462 0.5714285970
123332  -37.330  0.956  -28.788 0.2857142985
123343  -38.350  1.333  -29.750 0.1428571492
123361  -36.532  1.257  -29.774 0.2857142985
123372  -34.785  1.815  -31.145 0.1428571492
123374  -34.978  1.938  -29.948 0.1428571492
123376  -36.162  1.725  -29.786 0.1428571492
123377  -37.488  1.368  -29.970 0.1428571492
123383  -35.011  2.203  -31.042 0.1428571492
123385  -36.279  2.064  -30.959 0.1428571492
124465  -33.326  1.969  -23.492 0.2857142985
124472  -33.874  1.585  -24.842 0.5714285970
124481  -34.094  2.113  -25.077 0.4285714328
124482  -34.735  2.078  -25.099 0.5714285970
124490  -34.429  2.610  -25.336 0.7142857313
124492  -35.710  2.154  -25.526 0.8571428657
124519  -37.562  2.030  -27.221 0.5714285970
124523  -37.596  2.006  -27.651 0.4285714328
124525  -36.524  1.847  -28.856 0.2857142985
124526  -36.884  1.561  -28.604 0.2857142985
124546  -35.986  2.476  -29.115 0.2857142985
124565  -35.042  2.490  -30.990 0.1428571492
124566  -34.881  2.275  -30.306 0.1428571492
124568  -35.055  2.471  -29.976 0.1428571492
124569  -35.569  2.531  -29.738 0.4285714328
124579  -34.175  2.272  -30.975 0.1428571492
124590  -34.296  2.339  -32.001 0.2857142985
124591  -34.497  1.919  -32.015 0.2857142985
124599  -33.839  3.570  -31.698 0.2857142985
124600  -34.480  3.885  -32.651 0.2857142985
125592  -30.574  2.951  -20.127 0.1428571492
125636  -30.766  2.931  -22.661 0.2857142985
125644  -32.133  2.950  -23.502 0.2857142985
125661  -33.994  3.331  -25.590 0.7142857313
125662  -34.936  3.259  -25.456 0.7142857313
125679  -36.890  2.355  -27.134 0.7142857313
125691  -37.403  2.797  -27.660 0.5714285970
125698  -36.971  2.639  -28.481 0.2857142985
125699  -37.388  3.514  -28.443 0.2857142985
125702  -36.432  3.063  -29.502 0.4285714328
125711  -36.023  3.258  -29.934 0.2857142985
125729  -34.726  2.863  -31.433 0.1428571492
125730  -34.936  2.960  -31.878 0.2857142985
125732  -35.876  3.110  -30.082 0.2857142985
125747  -34.116  3.015  -31.639 0.2857142985
125748  -34.855  3.065  -31.383 0.2857142985
125749  -34.829  3.021  -31.815 0.2857142985
125751  -37.292  3.314  -30.132 0.1428571492
125761  -34.708  4.231  -32.178 0.1428571492
125762  -35.051  3.960  -32.004 0.2857142985
125763  -35.143  1.965  -31.994 0.2857142985
125764  -36.133  3.508  -31.091 0.2857142985
125765  -36.254  3.749  -31.108 0.1428571492
125771  -34.321  4.229  -32.107 0.2857142985
125772  -35.971  3.921  -31.725 0.2857142985
126780  -27.593  4.201  -17.954 0.1428571492
126800  -28.721  2.948  -17.585 0.1428571492
126810  -28.128  4.115  -19.133 0.2857142985
126825  -29.909  4.145  -20.610 0.2857142985
126873  -32.870  3.292  -24.588 0.5714285970
126881  -33.501  3.456  -25.608 0.7142857313
126889  -33.193  4.073  -25.463 0.5714285970
126903  -36.097  3.336  -27.206 0.2857142985
126918  -35.969  4.303  -27.200 0.2857142985
126921  -37.373  3.540  -28.095 0.4285714328
126925  -37.253  4.033  -27.952 0.2857142985
126933  -37.181  3.948  -29.670 0.2857142985
126934  -37.294  4.043  -29.394 0.2857142985
126937  -36.694  3.842  -30.009 0.2857142985
126945  -34.938  3.127  -31.966 0.2857142985
126947  -35.693  4.198  -30.506 0.2857142985
126961  -33.988  3.254  -31.472 0.2857142985
126962  -34.819  3.641  -31.286 0.1428571492
126963  -34.955  4.221  -31.021 0.1428571492
126964  -35.034  4.070  -31.451 0.1428571492
126982  -34.279  4.168  -31.998 0.1428571492
126985  -36.998  4.766  -30.858 0.1428571492
126998  -34.606  4.084  -31.979 0.1428571492
128009  -28.125  4.792  -17.672 0.1428571492
128024  -26.943  4.792  -17.479 0.1428571492
128025  -27.707  4.249  -17.668 0.1428571492
128035  -27.445  4.360  -18.725 0.2857142985
128043  -27.138  5.118  -18.848 0.1428571492
128075  -30.198  4.652  -22.132 0.2857142985
128093  -29.993  5.592  -22.338 0.4285714328
128094  -30.376  5.157  -22.865 0.2857142985
128109  -31.276  5.489  -23.319 0.5714285970
128110  -31.896  5.325  -23.619 0.5714285970
128118  -31.628  4.652  -23.680 0.5714285970
128129  -32.815  4.752  -25.285 0.7142857313
128134  -33.188  4.803  -25.768 0.7142857313
128135  -33.438  4.870  -26.511 0.2857142985
128144  -33.553  5.091  -27.089 0.2857142985
128164  -34.662  5.572  -27.325 0.2857142985
128165  -35.565  5.202  -27.441 0.2857142985
128166  -36.147  4.431  -27.920 0.2857142985
128179  -37.332  4.005  -28.672 0.2857142985
128182  -37.178  4.277  -28.921 0.2857142985
128186  -36.836  4.479  -29.079 0.2857142985
128188  -35.968  4.126  -30.011 0.2857142985
128196  -35.738  4.195  -30.298 0.1428571492
128205  -34.456  5.022  -31.870 0.1428571492
128207  -35.113  4.656  -30.887 0.2857142985
128220  -33.980  5.001  -32.134 0.1428571492
128221  -34.938  4.352  -32.063 0.1428571492
128222  -35.308  4.723  -32.162 0.1428571492
128224  -36.193  4.890  -31.697 0.1428571492
128241  -34.259  5.040  -32.398 0.1428571492
129238  -27.087  6.455  -17.003 0.1428571492
129239  -27.283  5.934  -17.079 0.1428571492
129249  -27.126  5.497  -17.216 0.1428571492
129262  -26.874  5.199  -17.883 0.1428571492
129273  -28.789  5.416  -19.889 0.1428571492
129274  -30.995  6.212  -20.286 0.2857142985
129299  -31.617  5.831  -22.248 0.4285714328
129313  -30.234  6.341  -22.695 0.4285714328
129315  -31.965  5.624  -22.583 0.7142857313
129318  -34.009  5.355  -22.748 0.4285714328
129336  -31.102  5.783  -23.127 0.4285714328
129339  -33.605  5.158  -23.256 0.4285714328
129353  -32.928  5.396  -23.991 0.5714285970
129363  -32.329  5.090  -24.425 0.5714285970
129371  -32.641  5.571  -25.479 0.4285714328
129378  -33.371  5.490  -26.751 0.2857142985
129387  -34.007  5.759  -27.470 0.2857142985
129403  -35.280  5.603  -28.228 0.2857142985
129405  -36.878  5.562  -27.817 0.2857142985
129419  -36.918  5.515  -27.944 0.2857142985
129420  -36.778  4.621  -28.755 0.2857142985
129424  -36.580  5.150  -28.974 0.2857142985
129428  -36.168  5.004  -30.041 0.2857142985
129429  -36.420  4.843  -29.532 0.2857142985
129430  -36.410  5.099  -29.254 0.2857142985
129439  -36.127  5.725  -30.719 0.2857142985
129440  -36.120  5.105  -30.114 0.2857142985
129452  -35.667  5.380  -30.924 0.1428571492
129454  -38.296  5.650  -30.787 0.1428571492
129463  -34.399  5.145  -32.013 0.1428571492
129464  -34.629  5.262  -31.935 0.1428571492
129466  -35.170  5.065  -31.050 0.1428571492
129474  -35.160  5.197  -32.223 0.1428571492
129475  -35.537  4.986  -32.102 0.1428571492
129477  -36.868  5.708  -31.728 0.1428571492
130503  -26.935  6.780  -16.971 0.1428571492
130504  -27.104  6.517  -16.965 0.1428571492
130505  -28.030  5.981  -17.283 0.1428571492
130508  -26.895  6.879  -17.053 0.1428571492
130509  -26.840  6.815  -16.980 0.1428571492
130510  -27.305  6.436  -17.166 0.1428571492
130512  -28.640  6.061  -17.818 0.1428571492
130514  -31.003  5.984  -18.710 0.1428571492
130521  -26.910  6.815  -17.073 0.1428571492
130523  -27.908  6.819  -18.182 0.1428571492
130525  -30.493  6.141  -18.811 0.1428571492
130532  -28.227  6.269  -19.097 0.1428571492
130559  -30.517  6.655  -22.206 0.4285714328
130561  -31.760  5.850  -21.245 0.2857142985
130578  -33.230  5.430  -21.739 0.4285714328
130579  -34.162  5.438  -22.052 0.4285714328
130580  -34.614  5.823  -22.674 0.2857142985
130606  -33.201  5.737  -24.462 0.2857142985
130630  -33.112  5.724  -26.037 0.2857142985
130631  -33.659  6.087  -25.474 0.2857142985
130639  -34.540  6.664  -27.092 0.2857142985
130648  -34.429  6.113  -27.660 0.2857142985
130661  -35.330  6.115  -28.423 0.2857142985
130662  -36.655  5.734  -27.798 0.2857142985
130663  -36.883  5.655  -27.863 0.2857142985
130677  -35.404  6.543  -28.591 0.2857142985
130678  -35.970  5.967  -28.493 0.2857142985
130713  -34.866  6.526  -31.998 0.1428571492
130714  -35.840  6.019  -30.961 0.1428571492
130715  -37.838  5.858  -31.276 0.1428571492
130717  -38.675  5.947  -31.315 0.1428571492
130730  -34.822  6.191  -32.054 0.1428571492
130731  -34.883  6.077  -31.967 0.1428571492
130732  -35.140  6.062  -31.674 0.1428571492
130735  -37.412  6.100  -31.756 0.1428571492
130750  -35.437  6.120  -32.967 0.1428571492
130751  -35.883  6.666  -32.813 0.1428571492
130752  -36.134  6.129  -32.398 0.1428571492
130753  -36.872  6.120  -32.006 0.1428571492
130765  -35.065  5.985  -32.420 0.1428571492
131680  -26.982  6.814  -17.043 0.1428571492
131681  -27.360  6.803  -17.220 0.1428571492
131684  -27.111  6.867  -17.194 0.1428571492
131685  -27.544  7.060  -17.849 0.1428571492
131686  -28.309  6.753  -18.301 0.1428571492
131688  -31.397  6.418  -18.943 0.1428571492
131692  -27.479  7.046  -17.815 0.1428571492
131693  -29.263  6.735  -18.731 0.1428571492
131694  -29.990  6.835  -18.990 0.1428571492
131701  -29.278  6.677  -19.440 0.1428571492
131702  -29.909  6.835  -19.499 0.1428571492
131704  -31.278  6.325  -20.169 0.2857142985
131726  -29.574  6.451  -21.141 0.2857142985
131727  -30.217  6.659  -21.433 0.2857142985
131728  -31.360  6.225  -21.239 0.2857142985
131730  -34.123  6.945  -21.063 0.4285714328
131800  -35.395  6.853  -25.190 0.1428571492
131813  -33.831  6.091  -25.929 0.2857142985
131814  -34.098  6.279  -26.470 0.2857142985
131824  -35.317  7.031  -27.340 0.2857142985
131834  -35.301  6.888  -27.986 0.2857142985
131874  -34.781  6.874  -31.952 0.1428571492
131875  -35.034  6.258  -31.837 0.1428571492
131876  -35.253  6.985  -31.575 0.1428571492
131877  -35.540  7.307  -31.226 0.1428571492
131878  -37.959  6.459  -31.837 0.1428571492
131880  -38.947  6.202  -31.686 0.1428571492
131887  -34.916  6.556  -32.169 0.1428571492
131888  -35.282  6.198  -31.601 0.1428571492
131889  -35.531  6.507  -31.334 0.1428571492
131892  -37.806  7.074  -32.308 0.1428571492
131894  -39.557  6.718  -32.396 0.1428571492
131896  -40.502  6.170  -32.948 0.1428571492
131903  -35.002  6.311  -32.539 0.1428571492
131904  -35.130  6.769  -32.821 0.1428571492
131906  -36.047  6.872  -32.681 0.1428571492
131907  -36.885  6.747  -32.213 0.1428571492
131909  -40.834  6.310  -33.438 0.1428571492
131918  -35.253  6.635  -33.060 0.1428571492
132764  -31.362  6.498  -19.510 0.2857142985
132765  -31.648  6.647  -20.217 0.2857142985
132777  -31.179  8.373  -21.270 0.2857142985
132783  -31.413  7.769  -21.353 0.2857142985
132822  -35.339  7.404  -23.866 0.1428571492
132910  -34.853  6.806  -32.008 0.1428571492
132911  -34.925  7.030  -31.949 0.1428571492
132916  -38.891  6.808  -32.193 0.1428571492
132922  -34.977  7.211  -32.188 0.1428571492
132933  -35.107  7.020  -32.344 0.1428571492
132934  -35.058  7.343  -32.361 0.1428571492
133885  -31.706  6.982  -19.258 0.1428571492
133901  -32.862  7.986  -20.826 0.2857142985
133918  -34.687  8.476  -22.723 0.1428571492
133946  -35.122  8.726  -24.693 0.1428571492
134040  -34.766  7.628  -32.243 0.1428571492
134041  -34.558  8.120  -31.999 0.1428571492
134043  -34.889  8.973  -31.670 0.1428571492
134052  -34.140  8.038  -32.794 0.1428571492
134053  -35.491  9.538  -32.395 0.1428571492
134063  -34.512  7.694  -32.621 0.1428571492
134065  -35.121  7.921  -32.488 0.1428571492
135022  -32.359  8.980  -20.227 0.1428571492
135051  -35.445  10.410  -23.670 0.1428571492
136358  -34.987  9.559  -33.245 0.1428571492
136372  -35.041  9.451  -33.264 0.1428571492
200006  -24.783  -16.271  -13.322 0.1428571492
200224  -39.198  -8.370  -23.284 0.1428571492
200225  -37.905  -7.929  -23.668 0.1428571492
200326  -34.819  7.211  -23.095 0.2857142985
200328  -33.753  6.120  -23.965 0.2857142985
200330  -36.342  5.274  -29.756 0.2857142985
200331  -35.942  6.116  -29.787 0.2857142985
200334  -36.046  6.001  -29.024 0.2857142985
200344  -26.896  6.934  -17.098 0.1428571492
200383  -35.017  9.219  -32.958 0.1428571492
201585  -33.468  7.766  -19.448 0.1428571492
202538  -34.791  6.596  -23.204 0.2857142985
202636  -35.555  7.084  -30.211 0.1428571492
202937  -37.983  -7.932  -24.360 0.1428571492
203005  -35.861  6.066  -29.032 0.2857142985
203117  -38.499  -7.235  -23.153 0.2857142985
203331  -35.071  9.685  -33.072 0.1428571492
203336  -38.742  -7.931  -23.251 0.1428571492
203491  -37.654  -6.986  -23.974 0.1428571492
204037  -35.053  9.098  -33.285 0.1428571492
204241  -38.393  -7.206  -23.573 0.1428571492
204300  -35.419  9.226  -33.085 0.1428571492
204590  -36.359  5.432  -29.380 0.2857142985
204664  -36.304  5.976  -30.491 0.2857142985
204749  -37.531  -8.051  -23.957 0.1428571492
204839  -31.460  8.742  -20.160 0.2857142985
204852  -35.563  6.802  -29.402 0.2857142985
205269  -34.908  5.877  -31.826 0.1428571492
205549  -34.938  5.691  -31.918 0.1428571492
205786  -34.982  9.610  -33.113 0.1428571492
207398  -35.889  2.019  -29.621 0.1428571492
207470  -35.858  5.886  -32.382 0.1428571492
208262  -34.816  6.757  -25.835 0.2857142985
208541  -34.819  5.053  -31.682 0.1428571492
208636  -38.608  -18.919  -20.312 0.1428571492
208819  -35.433  7.913  -29.631 0.1428571492
208953  -25.095  -16.565  -16.349 0.1428571492
209250  -34.037  8.143  -33.018 0.1428571492
209869  -29.545  -13.554  -16.719 0.5714285970
209946  -37.173  1.517  -30.103 0.1428571492
209983  -35.495  7.501  -27.930 0.1428571492
210830  -30.826  4.114  -22.468 0.2857142985
210887  -30.290  2.226  -22.205 0.1428571492
211156  -37.290  -0.588  -28.787 0.2857142985
211598  -36.095  4.350  -31.939 0.1428571492
212125  -38.423  -17.299  -21.006 0.1428571492
212936  -38.176  -6.059  -24.238 0.4285714328
212952  -35.852  6.895  -25.694 0.1428571492
213058  -37.083  -4.445  -25.404 0.1428571492
213535  -31.494  8.491  -19.774 0.2857142985
214502  -37.653  -11.149  -19.211 0.1428571492
215029  -26.436  -16.649  -16.958 0.4285714328
215068  -34.935  5.663  -32.145 0.1428571492
216882  -34.874  6.880  -31.893 0.1428571492
218020  -29.300  -4.255  -18.918 0.1428571492
218092  -35.620  1.031  -31.070 0.1428571492
219939  -34.962  2.118  -31.164 0.1428571492
219992  -34.035  8.143  -32.967 0.1428571492
220597  -35.748  1.882  -29.919 0.1428571492
221243  -30.543  6.773  -21.432 0.2857142985
221532  -34.987  6.881  -32.256 0.1428571492
221546  -33.386  0.257  -23.501 0.4285714328
222449  -36.188  1.999  -29.323 0.2857142985
222623  -35.931  4.266  -30.105 0.2857142985
224565  -34.482  5.064  -32.168 0.1428571492
225840  -36.144  3.899  -30.042 0.2857142985
226405  -32.825  8.584  -19.827 0.1428571492
227741  -37.600  -8.101  -23.972 0.1428571492
227876  -32.254  9.031  -20.213 0.1428571492
229059  -36.209  6.326  -30.425 0.2857142985
229449  -35.552  7.177  -30.929 0.1428571492
229928  -34.888  6.838  -23.816 0.2857142985
230262  -38.582  -7.705  -22.847 0.2857142985
233866  -30.441  -17.466  -15.123 0.4285714328
233964  -38.822  -7.954  -22.933 0.1428571492
234172  -29.190  -16.996  -16.981 0.7142857313
234477  -34.363  -2.172  -22.322 0.5714285970
234752  -37.008  -7.901  -24.825 0.1428571492
235056  -25.452  -15.995  -17.176 0.4285714328
235467  -37.680  -2.340  -26.951 0.1428571492
235629  -36.971  3.601  -29.437 0.2857142985
235672  -31.570  7.469  -19.544 0.1428571492
235861  -36.966  1.309  -28.766 0.2857142985
236705  -34.763  1.264  -30.946 0.1428571492
237109  -32.879  2.533  -23.606 0.2857142985
237420  -36.953  0.979  -29.773 0.1428571492
237689  -35.763  1.994  -30.544 0.1428571492
238010  -25.191  -16.343  -16.819 0.2857142985
238031  -31.257  8.690  -21.061 0.2857142985
238414  -37.402  3.855  -28.459 0.2857142985
238510  -39.275  -16.025  -20.657 0.1428571492
239300  -38.095  -0.614  -26.105 0.7142857313
239813  -30.800  -8.920  -18.411 0.1428571492
240953  -37.996  -6.060  -23.985 0.4285714328
241019  -35.710  6.775  -30.933 0.1428571492
241051  -38.448  -2.827  -24.724 0.7142857313
241183  -34.081  6.622  -24.266 0.2857142985
241198  -36.999  -4.916  -25.089 0.1428571492
241895  -37.677  1.681  -27.230 0.5714285970
243108  -38.955  -18.320  -23.322 0.1428571492
244119  -38.975  5.904  -31.424 0.1428571492
244867  -36.323  6.072  -30.330 0.2857142985
244883  -32.782  -1.201  -22.211 0.2857142985
244990  -29.787  5.760  -22.032 0.4285714328
245629  -28.600  -17.144  -17.096 0.5714285970
245757  -31.906  -14.735  -16.501 0.7142857313
245907  -35.019  2.004  -29.932 0.1428571492
246370  -33.999  6.427  -25.096 0.2857142985
246630  -39.292  6.329  -32.026 0.1428571492
247895  -25.165  -16.128  -14.310 0.1428571492
247918  -35.030  0.858  -30.399 0.1428571492
248134  -37.999  -7.444  -21.986 0.4285714328
