#!ascii label  , from subject sub-v2s11x28692_ses-1 vox2ras=TkReg
1097
66600  28.480  -25.489  48.705 0.0000000000
91230  48.756  -9.541  30.071 0.0000000000
95935  55.919  -5.849  25.671 0.0000000000
79207  49.967  -17.161  37.074 0.0000000000
67886  35.975  -25.323  45.027 0.0000000000
60996  33.142  -29.564  47.449 0.0000000000
94838  52.501  -6.492  28.849 0.0000000000
90006  53.533  -10.096  32.468 0.0000000000
77947  46.402  -18.429  40.263 0.0000000000
69225  40.525  -23.724  45.726 0.0000000000
207632  58.568  2.107  18.557 0.0000000000
103377  54.844  -1.436  24.407 0.0000000000
86104  45.224  -12.968  38.206 0.0000000000
87456  49.890  -11.549  35.494 0.0000000000
64275  31.956  -27.713  46.800 0.0000000000
62041  30.773  -28.359  48.454 0.0000000000
92498  49.974  -8.053  29.551 0.0000000000
93639  53.118  -7.545  31.447 0.0000000000
93600  50.737  -7.699  32.072 0.0000000000
69346  47.373  -23.680  40.409 0.0000000000
63159  37.201  -27.219  47.302 0.0000000000
69209  37.996  -24.421  45.495 0.0000000000
64291  40.200  -26.749  45.786 0.0000000000
108970  56.926  2.168  19.979 0.0000000000
104915  58.410  -0.156  19.703 0.0000000000
106363  57.168  0.262  21.436 0.0000000000
97051  53.478  -5.024  25.994 0.0000000000
100693  51.846  -3.114  24.278 0.0000000000
99532  55.292  -3.828  25.000 0.0000000000
200745  55.626  -3.525  22.786 0.0000000000
95954  55.439  -5.716  22.855 0.0000000000
76784  47.791  -18.430  38.073 0.0000000000
232669  45.860  -15.957  39.676 0.0000000000
81583  47.585  -15.411  37.368 0.0000000000
86132  47.633  -12.087  37.503 0.0000000000
81601  49.386  -15.315  35.652 0.0000000000
84948  51.355  -13.322  34.264 0.0000000000
80484  51.464  -16.477  35.764 0.0000000000
239648  35.179  -28.244  45.766 0.0000000000
94872  51.593  -6.649  26.226 0.0000000000
95897  54.853  -6.357  27.610 0.0000000000
93682  54.905  -7.778  29.217 0.0000000000
90040  54.855  -9.602  30.205 0.0000000000
74317  43.489  -20.620  43.027 0.0000000000
73215  46.142  -21.083  41.354 0.0000000000
74382  47.199  -20.619  38.984 0.0000000000
74414  49.989  -20.420  37.929 0.0000000000
74465  51.385  -20.190  35.873 0.0000000000
206549  40.953  -21.206  43.844 0.0000000000
67912  42.805  -23.812  44.092 0.0000000000
107765  59.261  1.241  16.975 0.0000000000
231982  54.263  0.299  22.886 0.0000000000
102046  56.872  -1.615  22.430 0.0000000000
98357  55.989  -4.149  20.142 0.0000000000
91174  49.051  -8.795  34.000 0.0000000000
88694  51.839  -10.201  34.129 0.0000000000
84967  52.999  -12.920  33.079 0.0000000000
200437  28.484  -26.892  49.201 0.0000000000
64254  29.494  -27.025  48.631 0.0000000000
60976  29.596  -28.635  49.200 0.0000000000
92499  49.496  -8.502  29.990 0.0000000000
93643  50.369  -7.751  30.606 0.0000000000
92455  49.389  -8.391  31.485 0.0000000000
64281  38.820  -26.803  46.746 0.0000000000
108963  55.533  1.878  19.966 0.0000000000
107728  56.849  1.465  20.854 0.0000000000
107719  55.424  1.226  21.134 0.0000000000
97050  55.016  -5.157  26.220 0.0000000000
99525  54.543  -3.874  25.669 0.0000000000
206915  55.451  -4.580  25.131 0.0000000000
228714  55.804  -4.870  24.093 0.0000000000
79193  49.081  -17.827  37.732 0.0000000000
79195  47.442  -17.138  37.856 0.0000000000
80457  48.474  -16.603  37.093 0.0000000000
81592  48.401  -15.518  36.358 0.0000000000
232795  49.439  -16.214  36.504 0.0000000000
81609  50.862  -15.775  35.798 0.0000000000
79224  50.963  -17.035  36.386 0.0000000000
63163  33.780  -28.328  46.156 0.0000000000
62051  34.200  -28.660  46.241 0.0000000000
227954  35.202  -28.524  46.083 0.0000000000
93729  50.754  -7.399  27.869 0.0000000000
93763  50.801  -7.500  26.386 0.0000000000
95887  51.835  -6.607  27.937 0.0000000000
95914  53.276  -6.082  27.334 0.0000000000
95885  53.767  -6.300  28.430 0.0000000000
94835  54.944  -7.167  28.483 0.0000000000
94814  54.307  -7.065  29.433 0.0000000000
91201  53.450  -8.835  31.978 0.0000000000
92474  54.119  -8.349  30.866 0.0000000000
90019  54.276  -9.778  31.259 0.0000000000
87511  54.548  -10.814  30.722 0.0000000000
87503  53.930  -10.990  31.904 0.0000000000
70673  44.228  -22.387  42.984 0.0000000000
73208  45.273  -20.873  42.130 0.0000000000
72002  45.838  -22.064  41.891 0.0000000000
72025  47.396  -22.389  40.285 0.0000000000
213877  48.556  -20.752  38.743 0.0000000000
69227  39.103  -23.490  46.019 0.0000000000
71949  39.401  -22.348  44.605 0.0000000000
71946  40.985  -22.112  44.604 0.0000000000
71944  41.948  -22.133  44.116 0.0000000000
67899  42.022  -23.975  44.446 0.0000000000
111416  57.257  3.497  18.833 0.0000000000
107766  58.977  1.647  17.529 0.0000000000
233856  58.463  -1.886  19.645 0.0000000000
101991  53.225  -2.131  24.862 0.0000000000
102016  51.681  -1.877  23.743 0.0000000000
103380  52.929  -1.149  24.161 0.0000000000
201247  52.420  -0.203  22.600 0.0000000000
104868  54.278  -0.427  23.804 0.0000000000
104882  55.989  -0.460  23.095 0.0000000000
103393  56.064  -1.482  23.365 0.0000000000
98325  54.650  -4.358  21.422 0.0000000000
98323  55.937  -3.596  21.478 0.0000000000
76743  45.110  -18.397  41.401 0.0000000000
79132  45.257  -17.631  40.807 0.0000000000
83758  45.822  -14.403  39.351 0.0000000000
82696  44.096  -14.941  38.686 0.0000000000
87437  48.974  -11.591  36.304 0.0000000000
88648  47.603  -10.725  36.578 0.0000000000
89950  48.488  -9.967  35.684 0.0000000000
91163  47.905  -9.248  34.152 0.0000000000
89949  49.649  -10.015  35.393 0.0000000000
91159  50.935  -9.364  34.461 0.0000000000
88674  50.916  -10.576  34.889 0.0000000000
82721  52.304  -14.979  34.186 0.0000000000
84958  52.398  -13.091  33.719 0.0000000000
82736  52.931  -14.529  33.212 0.0000000000
200891  53.164  -13.993  32.091 0.0000000000
63152  31.317  -28.061  47.864 0.0000000000
60998  32.132  -29.524  48.016 0.0000000000
204186  32.404  -30.501  48.076 0.0000000000
59936  30.632  -29.747  48.865 0.0000000000
93683  51.276  -7.024  29.513 0.0000000000
94794  52.875  -6.726  30.216 0.0000000000
93661  51.420  -7.137  30.242 0.0000000000
93618  51.905  -7.312  31.724 0.0000000000
92417  52.828  -8.808  32.851 0.0000000000
65431  36.493  -26.656  46.178 0.0000000000
69212  36.663  -24.765  45.126 0.0000000000
66619  37.377  -25.660  46.644 0.0000000000
66637  39.303  -25.435  46.564 0.0000000000
203697  40.432  -25.633  45.811 0.0000000000
65475  41.509  -25.820  44.988 0.0000000000
64306  40.704  -26.813  45.193 0.0000000000
110195  57.769  2.384  19.510 0.0000000000
107747  58.552  1.247  19.034 0.0000000000
108960  57.846  1.476  20.062 0.0000000000
106371  57.907  0.289  20.467 0.0000000000
104899  57.887  -0.884  21.035 0.0000000000
97059  52.195  -5.138  25.117 0.0000000000
99536  52.905  -3.859  25.200 0.0000000000
99535  53.863  -3.236  25.201 0.0000000000
100701  55.165  -2.579  24.724 0.0000000000
229578  55.642  -2.433  23.699 0.0000000000
99551  55.509  -3.631  23.927 0.0000000000
98307  55.377  -4.220  22.810 0.0000000000
76771  46.677  -18.556  38.838 0.0000000000
79151  46.176  -17.312  39.892 0.0000000000
79180  46.599  -17.261  38.369 0.0000000000
81577  46.671  -15.895  38.308 0.0000000000
83769  47.094  -14.193  38.402 0.0000000000
86115  46.704  -12.406  38.002 0.0000000000
83780  47.854  -14.381  37.093 0.0000000000
84920  48.549  -13.512  36.343 0.0000000000
84933  49.187  -13.580  35.406 0.0000000000
206418  50.192  -12.738  34.783 0.0000000000
82714  50.436  -14.365  34.769 0.0000000000
208683  51.643  -15.328  34.981 0.0000000000
80490  52.160  -16.273  34.834 0.0000000000
64294  33.354  -27.454  45.576 0.0000000000
65450  34.894  -27.278  45.411 0.0000000000
66623  35.988  -27.027  45.786 0.0000000000
63161  36.130  -27.540  46.398 0.0000000000
239727  37.019  -28.381  47.372 0.0000000000
95927  52.423  -5.817  26.091 0.0000000000
97037  54.295  -5.495  26.790 0.0000000000
95912  55.470  -6.282  26.793 0.0000000000
94851  55.614  -7.182  27.481 0.0000000000
92546  55.664  -7.984  28.068 0.0000000000
206024  55.824  -9.064  28.107 0.0000000000
239997  54.367  -7.768  30.075 0.0000000000
203121  54.836  -8.583  29.899 0.0000000000
76700  42.533  -19.841  42.744 0.0000000000
75513  43.992  -19.546  42.552 0.0000000000
75535  44.962  -19.478  41.967 0.0000000000
75553  45.961  -19.655  41.094 0.0000000000
72015  46.504  -22.351  41.217 0.0000000000
73221  46.819  -21.212  40.371 0.0000000000
75584  46.631  -19.855  39.641 0.0000000000
74399  47.259  -19.861  38.687 0.0000000000
75612  49.029  -19.515  38.270 0.0000000000
76812  50.003  -19.100  37.650 0.0000000000
77994  50.626  -18.321  37.008 0.0000000000
74431  50.670  -20.157  37.238 0.0000000000
74319  42.106  -20.955  43.191 0.0000000000
216756  43.248  -22.165  43.419 0.0000000000
67929  43.985  -24.128  43.327 0.0000000000
66680  42.437  -25.331  44.212 0.0000000000
65492  43.368  -25.272  43.251 0.0000000000
212770  59.460  2.106  16.343 0.0000000000
107720  53.953  0.983  21.136 0.0000000000
106352  56.157  0.347  22.248 0.0000000000
104891  56.842  -0.498  22.241 0.0000000000
100751  57.739  -2.477  20.980 0.0000000000
233473  56.458  -2.843  22.198 0.0000000000
99598  56.901  -3.503  20.998 0.0000000000
98356  57.367  -3.916  19.725 0.0000000000
81560  44.536  -15.878  39.908 0.0000000000
91190  47.778  -9.376  32.404 0.0000000000
91188  48.830  -8.728  31.883 0.0000000000
205112  49.938  -8.310  33.346 0.0000000000
92410  51.525  -8.727  33.843 0.0000000000
89974  52.426  -9.943  33.629 0.0000000000
208221  51.386  -11.722  34.510 0.0000000000
227094  52.285  -11.452  33.862 0.0000000000
87496  53.359  -11.431  32.593 0.0000000000
86209  53.756  -12.240  31.864 0.0000000000
237527  51.511  -18.406  36.094 0.0000000000
76864  52.108  -18.233  34.581 0.0000000000
65395  28.542  -26.463  49.014 0.0000000000
64247  27.936  -26.748  49.207 0.0000000000
66588  28.305  -25.805  48.993 0.0000000000
65394  28.997  -26.707  48.881 0.0000000000
64246  28.892  -26.981  49.158 0.0000000000
91240  49.153  -9.061  29.690 0.0000000000
92476  49.422  -8.433  30.711 0.0000000000
91229  49.049  -8.961  30.382 0.0000000000
107729  55.946  1.581  20.738 0.0000000000
207578  54.603  1.124  21.027 0.0000000000
97049  55.490  -5.485  25.990 0.0000000000
98262  55.279  -4.796  25.756 0.0000000000
97058  55.634  -5.249  25.438 0.0000000000
97067  55.750  -5.106  24.960 0.0000000000
97057  56.029  -5.604  25.136 0.0000000000
77996  49.804  -17.724  37.465 0.0000000000
79208  49.229  -17.199  37.348 0.0000000000
80456  49.374  -16.635  36.939 0.0000000000
80472  50.086  -16.552  36.615 0.0000000000
79225  50.545  -17.129  36.725 0.0000000000
62038  33.244  -29.270  47.149 0.0000000000
211339  32.923  -28.965  46.998 0.0000000000
61012  33.580  -29.467  47.073 0.0000000000
199942  34.041  -29.840  46.890 0.0000000000
210278  51.796  -6.694  28.511 0.0000000000
94839  51.280  -6.974  28.064 0.0000000000
95886  52.357  -6.372  28.239 0.0000000000
206607  53.067  -6.314  28.533 0.0000000000
95873  54.008  -6.640  28.984 0.0000000000
94837  53.387  -6.412  29.051 0.0000000000
91187  53.491  -9.472  32.319 0.0000000000
91200  53.950  -9.218  31.612 0.0000000000
90005  53.927  -9.896  31.968 0.0000000000
88731  54.104  -10.386  31.654 0.0000000000
88722  53.854  -10.492  32.214 0.0000000000
70689  44.892  -22.842  42.708 0.0000000000
70704  45.323  -22.430  42.301 0.0000000000
234017  45.330  -23.063  42.347 0.0000000000
239800  40.113  -24.056  46.031 0.0000000000
70628  39.389  -22.991  45.616 0.0000000000
70627  40.169  -22.976  45.574 0.0000000000
71948  39.887  -22.264  44.795 0.0000000000
70626  40.889  -23.072  45.264 0.0000000000
207182  41.445  -23.122  44.778 0.0000000000
69248  41.189  -23.715  45.268 0.0000000000
110202  58.100  2.476  19.029 0.0000000000
111415  57.908  3.258  18.716 0.0000000000
110212  58.381  2.875  18.357 0.0000000000
110211  58.720  2.606  17.931 0.0000000000
102000  54.493  -1.777  24.806 0.0000000000
102002  53.085  -1.594  24.445 0.0000000000
103378  54.229  -1.282  24.478 0.0000000000
104851  53.918  -0.783  24.173 0.0000000000
104850  54.628  -0.893  24.188 0.0000000000
103395  55.197  -0.971  24.102 0.0000000000
103376  55.338  -1.575  24.206 0.0000000000
97113  54.016  -4.789  21.203 0.0000000000
98341  54.579  -4.378  20.713 0.0000000000
76757  45.977  -18.473  40.834 0.0000000000
77932  45.439  -18.156  41.094 0.0000000000
77948  45.849  -17.948  40.642 0.0000000000
84893  45.459  -13.393  38.627 0.0000000000
217034  44.398  -13.860  37.470 0.0000000000
87436  49.426  -11.964  35.825 0.0000000000
88646  48.998  -10.952  36.199 0.0000000000
88661  49.443  -10.574  35.761 0.0000000000
228830  49.100  -10.120  35.648 0.0000000000
89948  50.072  -10.456  35.452 0.0000000000
88675  50.556  -10.337  35.212 0.0000000000
88660  50.419  -10.975  35.329 0.0000000000
81624  52.810  -15.151  33.729 0.0000000000
82728  52.658  -14.443  33.735 0.0000000000
81632  52.936  -15.200  33.135 0.0000000000
81639  52.962  -15.355  32.606 0.0000000000
63143  30.429  -27.837  48.506 0.0000000000
64261  31.009  -27.623  47.778 0.0000000000
63142  30.943  -28.087  48.206 0.0000000000
63141  31.533  -28.600  47.935 0.0000000000
62027  31.121  -28.911  48.356 0.0000000000
60983  31.496  -29.405  48.355 0.0000000000
60984  30.913  -29.163  48.615 0.0000000000
92517  49.954  -8.140  28.821 0.0000000000
92532  49.928  -8.296  28.107 0.0000000000
93684  50.388  -7.655  29.035 0.0000000000
93706  50.778  -7.312  28.542 0.0000000000
238795  50.831  -7.281  29.155 0.0000000000
93662  50.621  -7.551  29.869 0.0000000000
93620  50.498  -7.739  31.251 0.0000000000
93619  51.195  -7.501  31.473 0.0000000000
93599  51.538  -7.566  32.304 0.0000000000
92434  52.505  -8.223  32.611 0.0000000000
92435  51.910  -7.872  32.866 0.0000000000
64270  36.856  -26.623  47.252 0.0000000000
66620  37.219  -25.867  46.335 0.0000000000
65429  37.368  -26.121  47.075 0.0000000000
64293  39.385  -27.131  46.470 0.0000000000
65446  39.264  -26.281  46.554 0.0000000000
64292  39.711  -26.691  46.148 0.0000000000
207885  39.960  -25.098  46.172 0.0000000000
65463  39.921  -26.024  46.069 0.0000000000
65462  40.576  -26.200  45.624 0.0000000000
108971  55.482  2.207  19.240 0.0000000000
110197  56.340  2.534  19.449 0.0000000000
110196  57.274  2.501  19.606 0.0000000000
108969  57.585  2.016  19.873 0.0000000000
108961  57.268  1.695  20.323 0.0000000000
107717  57.023  0.878  21.135 0.0000000000
107716  57.482  0.541  20.790 0.0000000000
106362  57.597  -0.056  21.012 0.0000000000
205476  57.882  -0.370  20.864 0.0000000000
236725  57.353  -0.150  21.382 0.0000000000
97052  52.714  -5.144  25.673 0.0000000000
98269  52.601  -4.516  25.208 0.0000000000
98266  53.191  -4.415  25.585 0.0000000000
99534  54.366  -3.298  25.317 0.0000000000
100690  54.220  -2.730  25.107 0.0000000000
100688  55.203  -3.193  24.835 0.0000000000
100700  55.385  -2.947  24.210 0.0000000000
99542  55.376  -3.554  24.500 0.0000000000
97075  55.979  -5.247  23.797 0.0000000000
97076  55.599  -4.608  23.579 0.0000000000
97086  55.593  -5.050  23.227 0.0000000000
97101  55.090  -4.923  22.493 0.0000000000
95965  54.848  -5.664  22.239 0.0000000000
77968  47.097  -18.362  38.360 0.0000000000
77969  46.643  -17.882  38.690 0.0000000000
77981  47.308  -17.800  38.188 0.0000000000
80441  47.741  -16.102  37.413 0.0000000000
80442  47.293  -16.351  37.869 0.0000000000
81584  47.241  -15.640  37.929 0.0000000000
211476  46.797  -15.227  38.504 0.0000000000
82700  47.216  -14.864  38.007 0.0000000000
83781  47.417  -14.101  37.775 0.0000000000
82699  47.563  -14.779  37.389 0.0000000000
82709  48.673  -15.100  35.829 0.0000000000
83788  48.533  -14.312  36.002 0.0000000000
83794  49.096  -14.473  35.437 0.0000000000
83795  48.846  -13.810  35.817 0.0000000000
83801  49.636  -14.043  34.936 0.0000000000
82715  49.874  -14.865  35.215 0.0000000000
81608  51.170  -15.910  35.766 0.0000000000
81617  51.274  -15.478  35.395 0.0000000000
81616  51.705  -15.925  35.313 0.0000000000
81615  52.055  -15.495  34.729 0.0000000000
80491  51.837  -16.545  35.389 0.0000000000
211318  31.779  -27.359  46.407 0.0000000000
64295  32.483  -27.349  45.803 0.0000000000
64285  32.633  -27.616  46.115 0.0000000000
208136  34.560  -28.125  45.895 0.0000000000
207714  33.782  -27.970  45.988 0.0000000000
65433  34.907  -27.525  45.508 0.0000000000
65449  35.455  -26.902  45.425 0.0000000000
64273  35.118  -27.750  45.598 0.0000000000
217087  35.811  -27.306  45.808 0.0000000000
197770  35.574  -27.920  45.859 0.0000000000
94866  51.193  -6.991  26.745 0.0000000000
201080  51.485  -6.463  25.442 0.0000000000
95928  51.933  -6.134  25.837 0.0000000000
95899  53.742  -6.158  27.802 0.0000000000
97026  54.013  -5.952  27.287 0.0000000000
97025  54.568  -5.921  27.244 0.0000000000
97036  54.778  -5.568  26.692 0.0000000000
95913  54.987  -6.044  27.069 0.0000000000
95896  55.387  -6.596  27.291 0.0000000000
93705  55.040  -7.597  28.727 0.0000000000
94834  55.434  -7.483  28.187 0.0000000000
92531  55.325  -7.928  28.762 0.0000000000
91260  55.866  -8.491  27.951 0.0000000000
204924  55.422  -8.442  28.964 0.0000000000
94773  53.006  -6.997  30.871 0.0000000000
94793  53.418  -6.938  30.392 0.0000000000
94772  53.611  -7.390  30.796 0.0000000000
91213  54.634  -9.404  30.711 0.0000000000
92473  54.555  -8.796  30.633 0.0000000000
91239  55.065  -9.140  29.674 0.0000000000
90048  55.377  -9.409  29.268 0.0000000000
90049  55.123  -9.818  29.650 0.0000000000
74318  43.058  -20.040  43.264 0.0000000000
75514  43.368  -19.526  42.922 0.0000000000
74331  43.566  -19.999  43.130 0.0000000000
74343  45.108  -20.184  42.038 0.0000000000
210017  45.691  -20.610  41.736 0.0000000000
75554  45.598  -19.922  41.701 0.0000000000
74356  45.973  -20.381  41.228 0.0000000000
70717  46.283  -22.972  41.411 0.0000000000
70731  47.127  -23.064  40.608 0.0000000000
73227  47.541  -21.297  39.415 0.0000000000
73220  47.319  -21.572  40.046 0.0000000000
73228  46.980  -20.949  39.644 0.0000000000
74369  46.614  -20.458  40.156 0.0000000000
237243  46.776  -20.410  39.414 0.0000000000
74383  46.844  -20.025  39.075 0.0000000000
74397  49.168  -20.826  38.538 0.0000000000
75598  48.768  -20.184  38.584 0.0000000000
235294  49.509  -19.656  38.059 0.0000000000
212497  49.554  -19.258  37.933 0.0000000000
75611  49.924  -19.722  37.872 0.0000000000
75628  50.246  -19.466  37.523 0.0000000000
74413  50.357  -20.670  37.608 0.0000000000
69210  37.574  -24.627  45.332 0.0000000000
70648  37.000  -23.904  44.510 0.0000000000
198829  37.513  -23.772  44.699 0.0000000000
74321  39.794  -21.302  43.466 0.0000000000
74333  39.957  -20.878  42.729 0.0000000000
74320  40.718  -20.412  43.264 0.0000000000
75495  41.325  -20.258  42.814 0.0000000000
74313  41.526  -21.207  43.664 0.0000000000
70660  42.562  -22.737  43.808 0.0000000000
71961  42.651  -22.040  43.554 0.0000000000
70659  43.104  -22.719  43.626 0.0000000000
70674  43.762  -22.647  43.355 0.0000000000
69275  43.613  -23.355  43.550 0.0000000000
66664  41.909  -25.172  44.754 0.0000000000
66710  43.750  -25.143  42.640 0.0000000000
108991  59.253  1.872  16.920 0.0000000000
107773  59.414  1.534  16.349 0.0000000000
104950  59.286  0.550  15.961 0.0000000000
106380  58.481  0.478  19.432 0.0000000000
99543  51.916  -3.853  24.572 0.0000000000
99552  50.948  -3.840  23.533 0.0000000000
100702  51.287  -3.232  23.653 0.0000000000
106345  53.082  0.185  22.625 0.0000000000
106346  52.630  0.202  21.996 0.0000000000
106355  53.237  0.530  21.910 0.0000000000
106364  53.392  0.815  21.273 0.0000000000
106354  53.804  0.815  21.810 0.0000000000
107709  54.480  0.924  21.710 0.0000000000
106343  55.009  0.210  22.886 0.0000000000
103408  56.417  -1.252  22.822 0.0000000000
104881  56.431  -0.719  22.736 0.0000000000
103419  56.937  -1.045  22.390 0.0000000000
103418  57.280  -1.416  21.887 0.0000000000
102045  57.151  -1.998  21.916 0.0000000000
100711  55.622  -2.973  23.504 0.0000000000
100710  56.128  -2.439  23.187 0.0000000000
100726  56.042  -2.963  22.827 0.0000000000
98339  56.221  -3.861  20.773 0.0000000000
99580  56.695  -3.183  21.742 0.0000000000
98338  56.825  -3.921  20.283 0.0000000000
203695  56.646  -4.114  19.601 0.0000000000
80410  46.119  -16.727  39.505 0.0000000000
80394  45.790  -16.748  40.066 0.0000000000
81559  45.122  -15.656  39.947 0.0000000000
87412  47.086  -11.933  37.712 0.0000000000
89952  46.884  -10.078  35.518 0.0000000000
91162  48.483  -9.058  34.081 0.0000000000
91176  47.657  -9.316  33.048 0.0000000000
231355  48.174  -9.100  32.889 0.0000000000
213083  48.300  -9.091  32.173 0.0000000000
91189  48.713  -8.730  32.704 0.0000000000
92438  49.436  -8.373  32.449 0.0000000000
92421  49.195  -8.542  33.346 0.0000000000
89975  51.410  -9.682  34.377 0.0000000000
205432  51.369  -9.180  34.132 0.0000000000
91158  51.917  -9.372  33.907 0.0000000000
84949  50.723  -13.049  34.472 0.0000000000
86173  50.818  -12.215  34.682 0.0000000000
86172  51.331  -12.538  34.360 0.0000000000
84968  52.731  -12.636  33.430 0.0000000000
86182  52.340  -12.310  33.777 0.0000000000
86194  52.711  -11.897  33.453 0.0000000000
87489  52.743  -11.144  33.427 0.0000000000
230314  53.208  -12.026  32.749 0.0000000000
86203  53.434  -12.154  32.367 0.0000000000
209262  53.196  -12.594  32.678 0.0000000000
83845  53.265  -13.959  31.455 0.0000000000
75644  51.290  -19.602  36.373 0.0000000000
225601  51.259  -18.415  36.383 0.0000000000
76833  51.398  -18.919  36.236 0.0000000000
64253  30.112  -27.333  48.440 0.0000000000
64244  29.945  -27.538  48.730 0.0000000000
62028  30.031  -28.441  49.071 0.0000000000
62029  29.671  -27.796  49.090 0.0000000000
63129  29.280  -27.739  49.167 0.0000000000
92518  49.531  -8.553  29.279 0.0000000000
92475  49.931  -8.041  30.280 0.0000000000
92454  49.927  -8.077  31.062 0.0000000000
204405  49.999  -8.036  31.812 0.0000000000
63173  38.029  -27.635  47.078 0.0000000000
200046  38.358  -27.070  46.910 0.0000000000
63172  38.903  -27.629  46.725 0.0000000000
63182  39.468  -27.888  46.212 0.0000000000
108962  56.505  1.882  20.352 0.0000000000
107718  56.342  1.106  21.279 0.0000000000
107707  56.613  0.619  21.709 0.0000000000
98249  54.099  -4.915  26.312 0.0000000000
98265  53.855  -4.355  25.804 0.0000000000
98263  54.746  -4.550  25.914 0.0000000000
98268  55.025  -4.168  25.474 0.0000000000
230141  55.483  -4.132  24.532 0.0000000000
98275  55.668  -4.744  24.545 0.0000000000
97066  56.024  -5.336  24.506 0.0000000000
199433  48.118  -17.834  37.799 0.0000000000
79194  48.376  -17.238  37.524 0.0000000000
81593  48.136  -15.855  36.909 0.0000000000
206059  48.784  -16.137  36.605 0.0000000000
81602  49.034  -15.747  36.101 0.0000000000
207435  49.825  -15.911  36.181 0.0000000000
81600  50.245  -15.521  35.782 0.0000000000
80471  50.523  -16.107  36.242 0.0000000000
79239  51.320  -16.890  36.123 0.0000000000
64274  32.794  -27.949  46.214 0.0000000000
63150  33.086  -28.582  46.629 0.0000000000
63149  33.725  -28.682  46.353 0.0000000000
62061  35.110  -28.353  45.874 0.0000000000
62050  34.630  -28.771  46.240 0.0000000000
93749  50.735  -7.440  27.147 0.0000000000
234420  51.628  -6.724  26.737 0.0000000000
95916  51.999  -6.294  26.664 0.0000000000
95900  52.352  -6.305  27.484 0.0000000000
209035  53.103  -6.192  27.992 0.0000000000
95898  54.329  -6.168  27.928 0.0000000000
95883  54.685  -6.610  28.223 0.0000000000
95884  54.302  -6.437  28.509 0.0000000000
94836  54.526  -6.838  28.811 0.0000000000
94813  54.746  -7.312  29.100 0.0000000000
93616  53.340  -8.171  31.770 0.0000000000
93638  53.739  -7.890  31.209 0.0000000000
92453  53.835  -8.518  31.459 0.0000000000
91214  54.302  -9.210  31.046 0.0000000000
90030  54.643  -10.032  30.727 0.0000000000
88749  54.795  -10.298  30.128 0.0000000000
88738  54.437  -10.381  31.170 0.0000000000
207641  54.159  -10.917  31.334 0.0000000000
87512  54.175  -11.491  30.998 0.0000000000
71990  44.087  -21.633  42.889 0.0000000000
73204  44.101  -20.879  42.833 0.0000000000
73203  44.820  -21.224  42.594 0.0000000000
72003  45.351  -21.628  42.216 0.0000000000
73207  45.800  -21.325  41.816 0.0000000000
70730  47.636  -23.188  40.193 0.0000000000
73226  48.279  -21.685  39.317 0.0000000000
74381  48.038  -21.001  39.027 0.0000000000
73234  48.833  -21.399  38.888 0.0000000000
72049  49.497  -21.547  38.469 0.0000000000
69208  38.379  -24.044  45.854 0.0000000000
71933  38.041  -23.338  44.648 0.0000000000
70629  38.828  -23.249  45.399 0.0000000000
229237  38.795  -22.257  43.644 0.0000000000
73184  39.359  -21.818  44.032 0.0000000000
73183  39.932  -21.610  44.011 0.0000000000
73181  41.066  -21.560  44.111 0.0000000000
234463  41.566  -21.424  43.974 0.0000000000
71945  41.458  -22.094  44.331 0.0000000000
69246  41.822  -23.417  44.122 0.0000000000
200596  42.275  -23.891  44.241 0.0000000000
111423  58.668  3.293  17.807 0.0000000000
108992  58.943  2.270  17.411 0.0000000000
103439  58.553  -1.363  19.526 0.0000000000
100692  52.412  -2.537  24.633 0.0000000000
231201  51.937  -2.561  24.313 0.0000000000
231519  52.628  -1.984  24.449 0.0000000000
103381  52.365  -1.520  24.088 0.0000000000
103397  51.900  -1.252  23.503 0.0000000000
104884  52.930  -0.292  23.334 0.0000000000
104869  53.609  -0.417  23.765 0.0000000000
106330  54.657  -0.072  23.386 0.0000000000
104883  55.365  -0.269  23.272 0.0000000000
103409  56.081  -0.925  23.293 0.0000000000
102031  56.331  -1.844  22.902 0.0000000000
99582  55.497  -3.722  22.127 0.0000000000
99581  56.077  -3.304  22.214 0.0000000000
98324  55.230  -3.939  21.584 0.0000000000
98340  55.344  -4.038  20.918 0.0000000000
77919  44.631  -18.368  41.622 0.0000000000
82684  46.070  -14.911  39.354 0.0000000000
82672  45.294  -15.136  39.785 0.0000000000
83760  44.834  -14.426  39.125 0.0000000000
82701  44.134  -14.793  37.952 0.0000000000
86150  48.670  -12.066  36.652 0.0000000000
88636  47.863  -11.199  36.960 0.0000000000
88647  48.384  -10.873  36.511 0.0000000000
89938  48.038  -10.281  36.180 0.0000000000
89951  47.676  -9.896  35.523 0.0000000000
91150  47.272  -9.519  34.079 0.0000000000
91137  48.245  -9.560  35.193 0.0000000000
91136  48.956  -9.534  35.228 0.0000000000
235922  49.533  -8.935  34.407 0.0000000000
91160  50.311  -9.044  34.405 0.0000000000
91146  50.468  -9.570  34.748 0.0000000000
89962  50.835  -9.955  34.758 0.0000000000
88673  51.477  -10.871  34.523 0.0000000000
83808  51.513  -14.106  34.426 0.0000000000
83818  51.951  -13.582  33.989 0.0000000000
82729  52.166  -14.285  34.111 0.0000000000
83817  52.505  -13.782  33.708 0.0000000000
83826  52.994  -13.443  33.072 0.0000000000
84978  53.149  -13.204  32.666 0.0000000000
208283  53.087  -13.883  32.758 0.0000000000
232478  31.352  -27.513  47.388 0.0000000000
64260  31.696  -27.915  47.412 0.0000000000
63151  31.972  -28.367  47.372 0.0000000000
62040  32.055  -29.148  47.844 0.0000000000
60997  32.735  -29.794  47.771 0.0000000000
59946  32.710  -30.232  47.836 0.0000000000
59947  32.291  -30.053  48.122 0.0000000000
58955  31.918  -30.131  48.320 0.0000000000
60985  30.258  -29.282  49.028 0.0000000000
94817  51.880  -6.725  29.173 0.0000000000
94816  52.809  -6.564  29.507 0.0000000000
94795  52.062  -6.806  29.878 0.0000000000
94774  52.240  -6.925  30.594 0.0000000000
93640  52.468  -7.137  31.315 0.0000000000
93642  50.947  -7.496  30.697 0.0000000000
93641  51.679  -7.224  30.990 0.0000000000
93617  52.527  -7.493  31.811 0.0000000000
93597  52.877  -7.858  32.142 0.0000000000
92433  53.049  -8.453  32.354 0.0000000000
91171  53.077  -9.359  32.864 0.0000000000
69307  45.524  -23.502  42.145 0.0000000000
66622  36.300  -26.235  45.533 0.0000000000
67885  36.236  -25.166  45.118 0.0000000000
67857  36.978  -25.852  45.756 0.0000000000
67856  37.135  -25.533  45.858 0.0000000000
67869  37.978  -24.740  46.035 0.0000000000
64282  38.148  -26.425  46.982 0.0000000000
66638  37.881  -25.084  46.635 0.0000000000
67868  38.370  -24.434  46.608 0.0000000000
67867  39.126  -24.657  46.569 0.0000000000
67884  39.701  -24.313  46.261 0.0000000000
66652  40.645  -25.079  45.669 0.0000000000
66665  41.322  -25.023  45.217 0.0000000000
66666  40.938  -25.667  45.433 0.0000000000
64317  41.303  -26.594  44.162 0.0000000000
110203  57.659  2.954  19.306 0.0000000000
231939  58.151  1.487  19.516 0.0000000000
106381  58.127  0.898  19.835 0.0000000000
229358  58.180  0.276  19.941 0.0000000000
107727  57.397  1.121  20.551 0.0000000000
235035  57.811  0.888  20.360 0.0000000000
104906  58.096  -0.226  20.279 0.0000000000
103440  58.226  -0.830  20.004 0.0000000000
103432  58.057  -1.186  20.623 0.0000000000
102066  58.011  -1.873  20.723 0.0000000000
98270  52.051  -4.523  24.804 0.0000000000
99537  52.359  -4.005  24.929 0.0000000000
210000  52.459  -3.322  24.861 0.0000000000
99527  53.518  -3.781  25.450 0.0000000000
214398  53.235  -3.235  25.100 0.0000000000
233234  52.987  -2.738  24.942 0.0000000000
100691  53.612  -2.645  25.102 0.0000000000
101990  54.035  -2.156  25.000 0.0000000000
101999  55.017  -2.021  24.575 0.0000000000
101998  55.374  -2.224  24.216 0.0000000000
99565  55.596  -3.401  23.299 0.0000000000
98281  55.615  -4.337  24.022 0.0000000000
98292  55.553  -3.954  23.402 0.0000000000
98308  54.993  -4.264  22.033 0.0000000000
97102  54.411  -4.918  21.839 0.0000000000
76772  46.545  -18.678  39.526 0.0000000000
211414  46.168  -17.800  40.181 0.0000000000
77960  46.455  -17.968  39.568 0.0000000000
79167  46.410  -17.310  39.223 0.0000000000
80425  46.310  -16.797  38.824 0.0000000000
80424  46.564  -16.588  38.189 0.0000000000
201580  46.324  -16.129  39.025 0.0000000000
82695  46.479  -14.988  39.042 0.0000000000
83771  46.168  -13.903  38.984 0.0000000000
84891  46.523  -13.420  38.616 0.0000000000
86117  45.511  -12.467  37.920 0.0000000000
84906  46.891  -12.996  38.219 0.0000000000
84905  47.380  -13.261  37.870 0.0000000000
84922  47.789  -12.784  37.509 0.0000000000
82704  48.224  -14.769  36.426 0.0000000000
83789  48.197  -13.953  36.706 0.0000000000
84921  48.193  -13.141  36.945 0.0000000000
86130  48.602  -12.739  36.569 0.0000000000
86148  49.287  -12.762  35.578 0.0000000000
86162  49.806  -12.350  35.315 0.0000000000
87455  50.405  -11.872  35.186 0.0000000000
84942  49.652  -13.182  35.026 0.0000000000
84941  50.145  -13.561  34.564 0.0000000000
83809  50.814  -13.773  34.472 0.0000000000
208225  50.682  -15.155  35.305 0.0000000000
82723  51.231  -14.795  34.872 0.0000000000
237477  50.977  -14.251  34.607 0.0000000000
82722  51.878  -14.830  34.595 0.0000000000
81625  52.409  -15.677  34.214 0.0000000000
67887  35.637  -25.822  45.048 0.0000000000
64284  33.518  -27.695  45.821 0.0000000000
65464  34.677  -26.938  45.220 0.0000000000
66641  35.298  -26.755  45.337 0.0000000000
66640  35.734  -26.515  45.391 0.0000000000
203459  36.331  -26.749  45.870 0.0000000000
64272  36.233  -27.177  46.161 0.0000000000
63160  36.499  -27.244  47.250 0.0000000000
216191  35.631  -28.162  46.174 0.0000000000
213055  36.223  -27.942  47.191 0.0000000000
63174  37.116  -27.815  47.347 0.0000000000
203809  52.147  -5.569  25.578 0.0000000000
95915  52.708  -5.973  26.743 0.0000000000
97038  53.593  -5.631  26.646 0.0000000000
98248  54.529  -4.931  26.405 0.0000000000
97035  55.305  -5.728  26.543 0.0000000000
95926  55.742  -6.218  26.249 0.0000000000
95925  56.159  -6.396  25.864 0.0000000000
94871  56.152  -6.782  26.235 0.0000000000
94864  56.217  -7.184  26.560 0.0000000000
93748  55.974  -7.479  27.094 0.0000000000
94852  55.209  -6.906  27.895 0.0000000000
93728  55.748  -7.659  27.634 0.0000000000
94815  53.657  -6.769  29.726 0.0000000000
94792  54.037  -7.303  30.115 0.0000000000
93660  54.582  -7.491  29.665 0.0000000000
92497  54.469  -8.213  30.303 0.0000000000
92496  54.742  -7.981  29.771 0.0000000000
92516  55.028  -8.253  29.303 0.0000000000
91238  55.432  -8.920  29.123 0.0000000000
76714  42.481  -19.439  42.254 0.0000000000
76728  44.090  -19.026  42.105 0.0000000000
74329  44.743  -20.499  42.509 0.0000000000
75512  44.588  -19.834  42.371 0.0000000000
208076  44.597  -19.053  41.945 0.0000000000
235753  45.530  -19.324  41.678 0.0000000000
76742  45.676  -18.826  41.281 0.0000000000
76756  46.310  -19.037  40.703 0.0000000000
70703  45.848  -22.873  41.913 0.0000000000
208860  46.163  -22.438  41.582 0.0000000000
73214  46.613  -21.621  40.968 0.0000000000
210599  46.988  -21.839  40.499 0.0000000000
74355  46.522  -20.793  40.893 0.0000000000
209173  46.402  -20.173  40.824 0.0000000000
75570  46.466  -19.718  40.420 0.0000000000
211370  46.580  -19.158  39.982 0.0000000000
75583  46.662  -19.337  39.026 0.0000000000
76785  47.314  -19.056  38.388 0.0000000000
74398  47.924  -20.371  38.688 0.0000000000
75599  48.104  -19.667  38.433 0.0000000000
76798  48.357  -18.987  38.178 0.0000000000
203453  48.661  -18.372  37.965 0.0000000000
233838  49.294  -18.371  37.881 0.0000000000
77995  50.084  -18.397  37.395 0.0000000000
79206  50.431  -17.732  37.064 0.0000000000
76811  50.437  -18.956  37.271 0.0000000000
75627  50.613  -19.527  37.230 0.0000000000
74448  51.230  -20.319  36.411 0.0000000000
73257  50.852  -21.192  36.884 0.0000000000
73268  51.149  -21.022  36.414 0.0000000000
69249  36.154  -24.403  44.553 0.0000000000
70676  37.318  -23.339  43.868 0.0000000000
234871  41.414  -19.975  42.730 0.0000000000
75493  42.568  -20.286  43.053 0.0000000000
73193  42.878  -21.109  43.084 0.0000000000
71962  42.255  -21.721  43.781 0.0000000000
73178  42.500  -21.479  43.400 0.0000000000
71976  43.103  -21.698  43.097 0.0000000000
71975  43.563  -21.922  43.078 0.0000000000
69291  44.396  -23.329  43.078 0.0000000000
67943  44.666  -24.101  42.658 0.0000000000
205802  41.847  -24.489  44.891 0.0000000000
67914  42.239  -24.564  44.470 0.0000000000
67913  42.841  -24.502  44.138 0.0000000000
66697  42.985  -25.057  43.816 0.0000000000
67930  43.438  -24.629  43.665 0.0000000000
67835  28.337  -24.869  48.657 0.0000000000
107782  59.582  1.727  15.779 0.0000000000
107708  55.923  0.894  21.835 0.0000000000
106342  55.759  0.053  22.784 0.0000000000
106341  56.338  -0.202  22.543 0.0000000000
106350  57.177  -0.259  21.742 0.0000000000
103426  57.589  -1.143  21.348 0.0000000000
103425  57.887  -1.329  21.098 0.0000000000
100763  57.843  -2.880  20.325 0.0000000000
102015  55.633  -1.827  23.744 0.0000000000
102014  56.027  -2.034  23.397 0.0000000000
205247  56.576  -2.316  22.464 0.0000000000
100738  56.963  -2.624  21.875 0.0000000000
100752  57.188  -2.857  21.286 0.0000000000
100764  57.478  -3.083  20.804 0.0000000000
98365  57.148  -4.089  19.088 0.0000000000
90031  48.428  -10.046  30.414 0.0000000000
79152  45.745  -17.389  40.379 0.0000000000
79153  45.185  -16.972  40.435 0.0000000000
91177  47.182  -9.493  33.313 0.0000000000
90021  47.682  -10.088  31.400 0.0000000000
90020  48.183  -9.761  31.065 0.0000000000
91216  48.631  -9.395  30.754 0.0000000000
91215  48.907  -8.792  31.099 0.0000000000
92437  50.295  -7.982  32.695 0.0000000000
232455  50.409  -8.551  33.942 0.0000000000
92420  50.913  -8.243  33.567 0.0000000000
92419  51.643  -8.307  33.332 0.0000000000
92418  52.269  -8.542  33.120 0.0000000000
91172  52.510  -9.260  33.305 0.0000000000
89990  52.917  -9.837  33.157 0.0000000000
87480  51.770  -11.368  34.186 0.0000000000
84959  51.850  -12.821  33.999 0.0000000000
86183  51.809  -12.021  34.082 0.0000000000
229189  51.946  -10.888  34.086 0.0000000000
88693  52.379  -10.657  33.780 0.0000000000
88709  52.801  -10.440  33.311 0.0000000000
88723  53.451  -10.689  32.585 0.0000000000
234866  53.708  -11.036  32.322 0.0000000000
87495  53.746  -11.593  32.149 0.0000000000
86216  53.942  -12.171  31.223 0.0000000000
83844  53.485  -13.482  31.787 0.0000000000
83852  53.650  -13.433  31.181 0.0000000000
234585  50.737  -17.898  36.845 0.0000000000
79223  51.237  -17.415  36.303 0.0000000000
79238  51.661  -17.143  35.732 0.0000000000
76851  51.636  -18.780  35.618 0.0000000000
76850  52.024  -18.273  35.272 0.0000000000
79237  52.099  -17.311  35.270 0.0000000000
79246  52.307  -17.051  34.628 0.0000000000
58956  31.106  -30.006  48.636 0.0000000000
58965  32.098  -30.782  48.163 0.0000000000
59934  31.827  -29.823  48.312 0.0000000000
59935  31.280  -29.804  48.571 0.0000000000
59937  30.162  -29.642  48.968 0.0000000000
60975  29.952  -28.806  49.143 0.0000000000
61026  35.204  -29.042  46.367 0.0000000000
62019  29.660  -28.252  49.180 0.0000000000
62020  29.274  -28.121  49.178 0.0000000000
62021  28.906  -27.982  49.177 0.0000000000
62039  32.690  -29.301  47.503 0.0000000000
62059  36.459  -28.706  47.368 0.0000000000
63130  28.923  -27.776  49.213 0.0000000000
63135  30.211  -28.103  48.842 0.0000000000
63136  28.518  -27.500  49.242 0.0000000000
63162  34.484  -28.306  46.000 0.0000000000
63164  32.984  -28.213  46.347 0.0000000000
64238  29.187  -27.399  49.157 0.0000000000
64239  28.903  -27.341  49.281 0.0000000000
64245  29.375  -27.197  48.942 0.0000000000
64252  30.689  -27.688  48.176 0.0000000000
64269  37.703  -26.823  47.165 0.0000000000
64271  36.465  -26.922  46.753 0.0000000000
64283  34.269  -27.560  45.545 0.0000000000
65396  28.109  -26.220  49.151 0.0000000000
65407  29.684  -26.853  48.248 0.0000000000
65409  28.702  -26.129  48.764 0.0000000000
65430  36.846  -26.292  46.636 0.0000000000
65432  35.426  -27.304  45.572 0.0000000000
65447  38.606  -26.182  46.813 0.0000000000
65448  38.004  -25.826  46.888 0.0000000000
65476  41.025  -26.214  45.240 0.0000000000
65484  41.928  -25.683  44.544 0.0000000000
66601  28.152  -25.136  48.954 0.0000000000
66621  36.776  -26.173  46.003 0.0000000000
66639  37.529  -25.339  46.092 0.0000000000
66653  35.586  -26.331  45.269 0.0000000000
66654  35.060  -26.261  45.007 0.0000000000
66655  34.524  -26.553  44.939 0.0000000000
67870  37.631  -25.055  45.618 0.0000000000
67871  37.334  -25.318  45.525 0.0000000000
67872  36.369  -25.670  45.471 0.0000000000
67873  35.928  -25.957  45.302 0.0000000000
67882  40.908  -24.447  45.501 0.0000000000
67883  40.344  -24.465  45.938 0.0000000000
67900  35.784  -24.975  44.641 0.0000000000
67901  35.333  -25.492  44.555 0.0000000000
67945  43.796  -24.766  43.167 0.0000000000
69207  38.940  -23.968  46.441 0.0000000000
69211  37.257  -24.645  45.213 0.0000000000
69226  39.667  -23.597  45.952 0.0000000000
69228  37.437  -24.090  44.958 0.0000000000
69229  36.336  -24.502  44.736 0.0000000000
69230  35.972  -24.967  44.786 0.0000000000
69247  41.752  -23.690  44.841 0.0000000000
69261  42.936  -23.306  43.808 0.0000000000
69262  42.354  -23.306  43.994 0.0000000000
69263  35.967  -24.120  44.215 0.0000000000
69306  46.010  -23.527  41.619 0.0000000000
70612  38.405  -23.777  45.329 0.0000000000
70613  37.901  -24.136  45.231 0.0000000000
70630  38.549  -23.134  44.953 0.0000000000
70631  37.939  -23.708  44.973 0.0000000000
70632  36.948  -24.247  44.866 0.0000000000
70643  42.075  -22.775  44.015 0.0000000000
70644  41.600  -22.785  44.298 0.0000000000
70645  41.207  -22.524  44.780 0.0000000000
70646  40.600  -22.489  45.100 0.0000000000
70647  37.493  -23.536  44.388 0.0000000000
70649  36.582  -24.139  44.533 0.0000000000
70661  37.245  -23.399  43.988 0.0000000000
70662  36.878  -23.737  44.252 0.0000000000
70663  36.476  -24.002  44.355 0.0000000000
71931  39.900  -22.508  45.271 0.0000000000
71932  39.251  -22.664  45.145 0.0000000000
71947  40.449  -22.173  44.784 0.0000000000
71963  41.830  -21.595  43.998 0.0000000000
71964  39.007  -22.319  44.373 0.0000000000
71977  38.870  -22.179  44.068 0.0000000000
71989  44.820  -22.041  42.681 0.0000000000
71991  38.893  -22.256  43.153 0.0000000000
72016  46.203  -21.803  41.468 0.0000000000
72026  46.884  -22.373  40.781 0.0000000000
72099  51.202  -21.512  36.069 0.0000000000
73163  40.870  -21.933  44.396 0.0000000000
73164  40.467  -21.968  44.382 0.0000000000
73165  39.954  -21.989  44.343 0.0000000000
73166  39.516  -22.032  44.282 0.0000000000
73179  42.241  -21.269  43.490 0.0000000000
73180  41.309  -21.769  44.219 0.0000000000
73182  40.493  -21.557  44.073 0.0000000000
73192  43.410  -21.245  42.940 0.0000000000
73194  42.516  -20.762  43.135 0.0000000000
73195  39.208  -21.841  43.445 0.0000000000
73256  50.935  -20.497  36.826 0.0000000000
74312  41.838  -21.287  43.775 0.0000000000
74314  40.420  -20.993  43.684 0.0000000000
74330  44.106  -20.225  42.757 0.0000000000
74332  40.450  -20.413  42.696 0.0000000000
74415  49.476  -20.175  38.218 0.0000000000
74432  50.344  -19.982  37.607 0.0000000000
75478  41.635  -20.958  43.095 0.0000000000
75494  41.925  -20.358  42.793 0.0000000000
75515  41.886  -19.862  42.615 0.0000000000
75516  41.371  -19.681  42.298 0.0000000000
75536  44.441  -19.343  42.188 0.0000000000
75626  50.947  -19.812  36.818 0.0000000000
75645  50.948  -18.934  36.754 0.0000000000
75662  51.475  -19.501  35.773 0.0000000000
75676  51.533  -19.431  35.053 0.0000000000
76712  43.585  -19.027  42.413 0.0000000000
76715  41.951  -19.391  42.205 0.0000000000
76727  45.111  -18.923  41.692 0.0000000000
76731  41.645  -19.161  41.782 0.0000000000
76796  49.664  -18.676  37.818 0.0000000000
76797  49.124  -18.859  38.008 0.0000000000
77933  44.882  -18.032  41.109 0.0000000000
77980  49.640  -18.167  37.742 0.0000000000
78013  50.988  -18.046  36.571 0.0000000000
78028  51.896  -17.743  35.568 0.0000000000
78029  51.481  -17.880  36.122 0.0000000000
78042  52.177  -17.714  34.961 0.0000000000
79133  44.782  -17.637  40.715 0.0000000000
79247  52.134  -16.968  35.133 0.0000000000
80395  44.867  -16.382  40.169 0.0000000000
80485  51.041  -16.410  36.122 0.0000000000
81548  44.372  -16.533  40.151 0.0000000000
81558  45.581  -15.457  39.928 0.0000000000
81569  46.208  -15.452  39.326 0.0000000000
81570  45.829  -15.347  39.594 0.0000000000
82671  45.654  -14.970  39.640 0.0000000000
82685  45.065  -14.865  39.476 0.0000000000
82686  44.574  -15.064  39.351 0.0000000000
82694  46.762  -14.619  38.646 0.0000000000
82705  47.940  -15.148  36.887 0.0000000000
82706  44.169  -14.714  37.155 0.0000000000
82737  52.881  -13.895  33.350 0.0000000000
82745  53.033  -14.677  32.521 0.0000000000
83757  46.400  -14.411  39.144 0.0000000000
83759  45.330  -14.322  39.300 0.0000000000
83761  44.429  -14.721  38.853 0.0000000000
83770  46.648  -14.001  38.700 0.0000000000
83827  52.805  -13.306  33.427 0.0000000000
83837  53.217  -13.489  32.277 0.0000000000
84879  45.674  -13.853  39.062 0.0000000000
84890  47.121  -13.635  38.427 0.0000000000
84892  45.973  -13.362  38.687 0.0000000000
84894  44.962  -13.479  38.430 0.0000000000
84895  44.626  -13.694  37.967 0.0000000000
84904  47.832  -13.588  37.368 0.0000000000
84907  44.886  -13.117  38.013 0.0000000000
84908  44.580  -13.140  37.415 0.0000000000
84934  48.911  -13.140  35.984 0.0000000000
84977  53.426  -12.888  32.171 0.0000000000
84985  53.724  -12.858  31.498 0.0000000000
86102  46.343  -12.804  38.453 0.0000000000
86103  45.805  -12.859  38.375 0.0000000000
86114  47.257  -12.555  37.836 0.0000000000
86116  46.121  -12.368  38.013 0.0000000000
86118  44.948  -12.637  37.748 0.0000000000
86131  48.184  -12.272  37.046 0.0000000000
86149  48.956  -12.386  36.153 0.0000000000
86193  53.055  -11.609  33.074 0.0000000000
87413  46.483  -11.894  37.709 0.0000000000
87423  47.912  -11.708  37.151 0.0000000000
87438  48.438  -11.516  36.811 0.0000000000
87457  49.478  -11.234  35.909 0.0000000000
87469  50.901  -11.347  34.856 0.0000000000
87488  53.134  -10.909  33.008 0.0000000000
88637  47.193  -11.097  36.974 0.0000000000
89937  48.782  -10.401  36.072 0.0000000000
89939  47.266  -10.317  36.123 0.0000000000
89961  51.326  -10.215  34.591 0.0000000000
89963  50.275  -9.967  35.116 0.0000000000
89989  53.209  -10.279  32.908 0.0000000000
91147  49.808  -9.463  34.895 0.0000000000
91148  48.395  -9.283  34.697 0.0000000000
91149  47.761  -9.461  34.757 0.0000000000
91161  49.026  -9.137  34.590 0.0000000000
91173  52.011  -8.805  33.569 0.0000000000
91175  48.582  -8.855  33.440 0.0000000000
91202  48.455  -9.197  31.447 0.0000000000
91203  47.941  -9.503  31.729 0.0000000000
91228  54.803  -9.092  30.238 0.0000000000
91249  55.633  -8.707  28.579 0.0000000000
92411  50.966  -8.834  34.108 0.0000000000
92412  49.684  -8.597  33.954 0.0000000000
92436  51.182  -7.788  32.898 0.0000000000
93598  52.222  -7.640  32.312 0.0000000000
93747  56.265  -7.720  26.798 0.0000000000
94771  54.051  -7.804  30.557 0.0000000000
94818  51.246  -6.956  28.827 0.0000000000
94853  51.628  -6.749  27.284 0.0000000000
94854  51.067  -7.059  27.444 0.0000000000
94865  55.792  -6.858  26.793 0.0000000000
95941  56.161  -5.992  24.808 0.0000000000
97039  52.998  -5.486  26.240 0.0000000000
98264  54.329  -4.349  25.990 0.0000000000
99526  54.120  -3.754  25.629 0.0000000000
99533  54.827  -3.531  25.183 0.0000000000
99544  51.439  -3.817  24.027 0.0000000000
99610  57.414  -3.512  20.331 0.0000000000
100689  54.712  -2.940  24.990 0.0000000000
101989  54.662  -2.340  24.935 0.0000000000
102001  53.804  -1.631  24.778 0.0000000000
102003  52.050  -2.146  24.243 0.0000000000
102058  57.637  -1.781  21.361 0.0000000000
102075  58.226  -1.570  20.092 0.0000000000
103379  53.530  -1.189  24.349 0.0000000000
103394  55.594  -1.216  23.697 0.0000000000
103396  52.552  -0.890  23.766 0.0000000000
104852  53.218  -0.714  24.024 0.0000000000
104866  55.543  -0.726  23.546 0.0000000000
104867  54.995  -0.547  23.772 0.0000000000
104890  57.245  -0.826  21.825 0.0000000000
104900  57.538  -0.582  21.260 0.0000000000
104914  58.588  -0.701  19.330 0.0000000000
106331  53.750  0.072  23.238 0.0000000000
106344  53.708  0.463  22.476 0.0000000000
106351  56.736  0.055  22.019 0.0000000000
106353  55.324  0.606  22.291 0.0000000000
107748  58.267  1.845  19.128 0.0000000000
108968  57.972  1.940  19.527 0.0000000000
108981  58.805  2.052  17.953 0.0000000000
197487  54.379  0.630  22.356 0.0000000000
200462  50.839  -17.544  36.653 0.0000000000
200743  45.429  -16.127  40.086 0.0000000000
200870  43.359  -23.993  43.885 0.0000000000
202209  54.154  -8.823  31.120 0.0000000000
202343  30.529  -28.667  48.807 0.0000000000
204642  36.739  -25.266  45.408 0.0000000000
205399  58.708  -0.065  19.126 0.0000000000
206096  53.010  -12.289  33.098 0.0000000000
206399  38.627  -25.608  46.727 0.0000000000
206438  48.052  -9.143  33.545 0.0000000000
208325  43.090  -20.448  43.206 0.0000000000
209649  45.448  -14.738  39.540 0.0000000000
210572  33.697  -29.105  46.711 0.0000000000
212627  41.250  -26.493  44.796 0.0000000000
213511  56.098  2.174  19.769 0.0000000000
214028  57.352  -2.325  21.480 0.0000000000
214943  46.615  -9.996  34.948 0.0000000000
214976  53.936  -11.565  31.583 0.0000000000
215705  59.338  1.021  16.369 0.0000000000
215890  40.225  -20.694  43.232 0.0000000000
216215  49.850  -10.937  35.567 0.0000000000
216844  50.691  -20.722  37.202 0.0000000000
216848  46.717  -23.011  41.050 0.0000000000
217044  58.043  -0.682  20.609 0.0000000000
217429  55.596  -8.295  28.484 0.0000000000
217751  42.335  -22.219  43.919 0.0000000000
226661  44.400  -14.382  38.125 0.0000000000
229034  53.183  -8.999  32.501 0.0000000000
230550  41.123  -20.857  43.468 0.0000000000
231156  47.827  -16.738  37.439 0.0000000000
231839  30.286  -28.915  49.028 0.0000000000
231863  38.612  -24.985  46.709 0.0000000000
232719  55.155  -8.672  29.374 0.0000000000
234101  56.109  -4.266  19.540 0.0000000000
234727  48.758  -11.184  36.540 0.0000000000
235362  53.239  -9.808  32.745 0.0000000000
235677  38.637  -23.684  45.535 0.0000000000
235688  41.581  -23.246  44.363 0.0000000000
235698  42.924  -19.709  43.037 0.0000000000
235866  55.177  0.967  21.657 0.0000000000
235974  57.991  -2.393  20.561 0.0000000000
236003  50.664  -16.670  36.422 0.0000000000
236430  41.438  -24.267  45.188 0.0000000000
236559  51.683  -18.196  35.769 0.0000000000
238149  47.600  -9.326  33.622 0.0000000000
238855  46.463  -15.497  38.868 0.0000000000
239995  31.758  -29.001  48.017 0.0000000000
