#!ascii label  , from subject sub-v2s11x28692_ses-1 vox2ras=TkReg
1315
52221  33.419  -37.290  -19.724 0.8999999762
216803  33.300  -38.824  -20.148 0.8000000119
51432  33.502  -37.872  -20.481 0.8000000119
50685  33.450  -39.040  -21.230 0.6999999881
50688  32.920  -39.269  -22.256 0.8000000119
51430  33.032  -38.212  -19.457 0.8999999762
53064  33.622  -36.485  -20.527 1.0000000000
52223  33.581  -37.110  -21.006 0.8999999762
212029  33.496  -38.259  -21.277 0.8000000119
213382  33.070  -38.446  -22.123 0.8000000119
51435  33.196  -37.712  -22.104 0.8999999762
49797  32.553  -39.904  -22.775 0.8000000119
50689  32.349  -38.549  -22.979 0.6999999881
217441  32.196  -39.249  -23.302 0.6999999881
53051  33.889  -36.440  -18.583 0.8000000119
52215  33.139  -37.139  -18.777 0.8999999762
53949  34.377  -36.074  -18.544 0.8999999762
53046  32.640  -37.076  -18.034 0.8999999762
53957  34.129  -35.609  -19.585 0.8999999762
210851  33.692  -35.906  -20.124 1.0000000000
205376  33.545  -37.614  -21.394 0.8999999762
53066  33.506  -36.428  -21.632 1.0000000000
52225  33.375  -37.044  -21.973 0.8999999762
51438  32.524  -37.817  -22.871 0.8000000119
50692  31.489  -38.637  -23.737 0.6999999881
54937  34.633  -34.650  -18.568 0.8999999762
54938  34.107  -35.136  -18.258 0.8999999762
53946  34.263  -36.033  -18.027 0.8999999762
54933  34.328  -35.288  -17.613 0.8999999762
53943  33.937  -36.068  -17.938 0.8999999762
217219  33.757  -36.073  -19.271 0.8999999762
208978  34.014  -35.369  -20.776 1.0000000000
52226  32.660  -37.055  -22.746 0.8000000119
51441  31.590  -37.926  -23.677 0.8000000119
50693  30.824  -38.744  -24.334 0.8000000119
50696  30.754  -38.620  -24.616 0.8000000119
201710  34.411  -34.540  -17.717 0.8999999762
54923  34.115  -34.837  -17.575 0.8999999762
54934  33.883  -35.533  -17.551 0.8999999762
55892  34.854  -33.910  -18.132 0.8999999762
228460  33.673  -34.285  -17.733 0.8999999762
54924  33.777  -35.351  -17.484 0.8000000119
237960  33.569  -35.733  -17.679 0.8000000119
54941  34.376  -35.212  -19.014 0.8999999762
55881  32.732  -34.307  -17.086 0.6999999881
54925  32.314  -34.966  -16.879 0.6999999881
54940  34.664  -34.608  -19.607 0.8999999762
55882  32.131  -34.317  -16.014 0.6999999881
54926  31.456  -34.853  -16.301 0.6999999881
56839  30.781  -33.001  -16.055 0.6000000238
209152  34.462  -35.239  -19.911 1.0000000000
54946  34.485  -34.823  -20.654 1.0000000000
53969  33.612  -35.845  -21.255 1.0000000000
216618  33.555  -35.245  -22.005 1.0000000000
53970  33.051  -35.766  -22.268 0.8999999762
54954  33.975  -34.703  -21.719 1.0000000000
53067  32.699  -36.341  -22.467 0.8000000119
52227  31.901  -37.117  -23.633 0.8000000119
52229  30.992  -37.280  -24.437 0.8000000119
52230  30.812  -37.418  -24.785 0.8000000119
53071  31.184  -36.252  -24.463 0.8000000119
53072  30.890  -36.794  -24.960 0.8000000119
55893  34.551  -34.505  -17.863 0.8999999762
56843  34.381  -33.160  -17.530 0.8999999762
55880  34.094  -33.855  -17.711 0.8999999762
238698  33.824  -33.621  -17.705 0.8999999762
56836  33.233  -33.114  -15.962 0.8999999762
56837  32.459  -33.244  -16.490 0.6999999881
55897  34.930  -34.045  -18.927 0.8999999762
56844  31.602  -32.281  -16.054 0.6000000238
238386  31.504  -33.050  -15.758 0.6000000238
56849  34.970  -33.442  -19.373 1.0000000000
57808  29.501  -32.440  -15.685 0.5000000000
55901  34.665  -34.256  -20.365 1.0000000000
59758  29.096  -30.138  -16.385 0.5000000000
55906  34.299  -34.173  -21.227 1.0000000000
216727  32.701  -35.004  -22.674 0.8999999762
53069  32.144  -36.316  -23.462 0.8000000119
53974  32.343  -35.495  -23.201 0.8000000119
215723  32.267  -34.713  -23.278 0.8999999762
53078  31.146  -36.060  -24.980 0.8000000119
53986  31.692  -34.858  -24.198 0.8000000119
199380  31.388  -35.493  -24.681 0.8000000119
57816  34.036  -32.821  -16.825 0.8999999762
56842  34.672  -32.946  -17.725 0.8999999762
57823  34.717  -32.449  -17.132 0.8999999762
57817  33.080  -32.864  -15.449 0.6999999881
57825  32.233  -32.066  -16.360 0.8000000119
56846  35.201  -33.364  -18.474 0.8999999762
57822  35.101  -32.255  -17.010 0.8999999762
211572  30.119  -30.663  -16.117 0.6999999881
212242  30.230  -31.159  -16.086 0.6000000238
57807  29.803  -32.090  -15.976 0.6000000238
59767  30.184  -29.999  -16.893 0.6999999881
59768  29.886  -29.955  -16.623 0.6000000238
59769  29.058  -29.840  -16.714 0.5000000000
55900  34.767  -33.941  -19.740 1.0000000000
62965  28.505  -28.384  -16.816 0.5000000000
61847  28.301  -29.660  -15.969 0.5000000000
56852  34.790  -33.616  -20.476 1.0000000000
55914  33.399  -33.905  -22.093 1.0000000000
54960  33.205  -34.523  -22.408 0.8999999762
56853  34.607  -32.825  -20.764 1.0000000000
56854  33.801  -33.358  -21.635 0.8999999762
55915  32.366  -33.681  -22.494 0.8999999762
208568  32.735  -33.416  -22.282 0.8999999762
54961  32.347  -34.208  -22.888 0.8999999762
54966  31.855  -34.013  -23.445 0.8999999762
53978  31.655  -34.820  -23.954 0.8999999762
55922  31.849  -33.513  -22.894 0.8999999762
54970  31.794  -34.028  -23.943 0.8999999762
56869  31.873  -33.195  -22.977 0.8999999762
57815  34.806  -32.287  -16.894 0.8999999762
56835  34.278  -33.017  -17.409 0.8999999762
57824  33.388  -32.602  -16.779 0.8999999762
58821  33.100  -31.389  -16.775 1.0000000000
202991  31.911  -30.998  -16.193 0.8000000119
57814  35.114  -32.034  -16.653 0.8999999762
58822  31.133  -31.193  -16.093 0.6999999881
210283  35.400  -32.910  -18.948 0.8999999762
57827  35.069  -32.416  -18.006 0.8999999762
238163  31.123  -30.155  -16.891 0.6999999881
61875  30.179  -29.204  -17.101 0.6999999881
62973  29.001  -28.986  -17.038 0.5000000000
228166  29.729  -28.996  -15.991 0.5000000000
215930  29.145  -29.831  -15.913 0.5000000000
207419  35.368  -32.950  -19.787 1.0000000000
57832  35.458  -32.316  -20.093 1.0000000000
57836  34.011  -32.609  -21.772 0.8999999762
56861  32.994  -32.880  -22.388 0.8999999762
53074  35.361  -35.828  -24.554 0.6999999881
205625  35.181  -35.283  -24.433 0.8000000119
54975  34.714  -34.951  -24.266 0.8000000119
54976  34.268  -34.467  -24.219 0.8000000119
58819  35.166  -31.945  -16.689 1.0000000000
58826  34.238  -31.117  -16.781 1.0000000000
58827  32.773  -30.666  -16.932 1.0000000000
215124  32.006  -30.112  -16.995 0.6999999881
59766  31.022  -30.192  -16.669 0.6999999881
217728  35.293  -32.081  -16.995 0.8999999762
61864  30.417  -29.100  -17.079 0.6999999881
203116  30.053  -28.529  -16.185 0.6000000238
57829  35.760  -32.251  -18.994 1.0000000000
213427  35.433  -31.778  -17.881 0.8999999762
60754  29.313  -29.980  -15.868 0.4000000060
58835  35.020  -31.566  -20.561 1.0000000000
57835  34.506  -32.195  -20.889 1.0000000000
56881  33.314  -33.145  -24.179 0.8999999762
53081  36.592  -35.966  -25.578 0.6000000238
53983  35.725  -35.297  -24.705 0.6000000238
54974  35.404  -34.684  -24.440 0.8000000119
202196  34.899  -34.424  -24.198 0.8000000119
236439  33.451  -34.376  -24.259 0.8999999762
58825  35.243  -31.867  -16.880 0.8999999762
59763  35.018  -31.431  -17.437 0.8999999762
233044  31.503  -29.898  -17.294 0.8000000119
229002  30.977  -29.962  -16.972 0.6999999881
234417  30.853  -27.926  -17.035 0.6999999881
61856  30.801  -28.955  -15.931 0.6000000238
59739  30.895  -30.392  -15.918 0.4000000060
58830  35.870  -31.548  -18.666 1.0000000000
58833  35.771  -31.634  -19.362 1.0000000000
59780  35.496  -30.843  -19.612 1.0000000000
59783  34.880  -30.585  -20.609 1.0000000000
56875  32.742  -32.677  -23.588 0.8999999762
57870  32.977  -31.688  -23.942 0.8999999762
238011  32.953  -32.887  -24.029 0.8999999762
212375  33.967  -32.665  -24.217 0.8999999762
54985  37.604  -34.905  -26.380 0.6000000238
53994  37.358  -35.273  -26.122 0.6000000238
53990  36.331  -35.301  -25.196 0.6000000238
53982  36.118  -34.693  -24.855 0.8000000119
55932  35.316  -34.000  -24.247 0.8000000119
56880  34.313  -33.308  -24.213 0.8999999762
59773  33.840  -30.185  -17.080 0.8999999762
60797  31.923  -30.038  -17.008 0.6999999881
60810  33.033  -29.726  -16.942 0.8999999762
60796  31.985  -29.957  -17.129 0.8999999762
221648  31.006  -28.450  -17.042 0.6000000238
236240  35.414  -30.735  -17.854 1.0000000000
64029  31.273  -28.395  -16.815 0.6000000238
62953  31.153  -28.425  -16.560 0.6000000238
60771  31.268  -30.034  -15.714 0.5000000000
59772  35.627  -31.118  -17.999 1.0000000000
60795  35.879  -30.399  -18.261 1.0000000000
59776  35.951  -30.931  -18.780 1.0000000000
59775  35.949  -30.344  -18.937 1.0000000000
59779  35.401  -30.121  -19.700 1.0000000000
59786  34.211  -31.156  -21.728 1.0000000000
58837  33.514  -31.707  -22.336 1.0000000000
59787  33.671  -31.265  -22.671 1.0000000000
58843  33.131  -31.638  -22.990 0.8999999762
239160  33.087  -31.962  -22.565 0.8999999762
57861  33.016  -32.176  -23.376 0.8999999762
207544  33.208  -32.491  -24.078 0.8999999762
55948  38.795  -34.020  -27.526 0.6000000238
55944  38.499  -34.331  -27.072 0.6000000238
55940  37.523  -34.339  -26.157 0.6000000238
54981  36.788  -34.714  -25.273 0.6000000238
55931  35.916  -34.088  -24.604 0.8000000119
217827  35.130  -33.355  -24.225 0.8000000119
61873  31.949  -29.260  -17.039 0.6999999881
61874  31.030  -28.977  -17.088 0.6000000238
222209  30.972  -28.039  -17.281 0.6000000238
60809  34.359  -30.094  -16.706 0.8999999762
235875  31.940  -28.937  -15.997 0.6000000238
61844  31.643  -29.123  -15.860 0.5000000000
60818  36.060  -30.457  -18.505 1.0000000000
60822  35.477  -29.823  -19.312 1.0000000000
60826  35.240  -29.573  -20.159 1.0000000000
60827  34.963  -29.967  -20.581 1.0000000000
60833  34.663  -30.284  -21.549 1.0000000000
59790  34.217  -30.753  -22.665 1.0000000000
59791  33.175  -30.766  -23.461 0.8999999762
58854  32.983  -31.125  -23.826 0.8999999762
57869  33.637  -31.923  -24.245 0.8999999762
231830  38.449  -33.794  -27.172 0.6000000238
233252  37.908  -33.899  -26.649 0.6000000238
55938  37.114  -34.199  -25.496 0.6000000238
226749  36.903  -33.649  -25.248 0.6999999881
56879  35.906  -33.069  -24.683 0.6999999881
235477  35.522  -33.174  -24.430 0.6999999881
230513  34.696  -32.867  -24.265 0.8000000119
57868  34.552  -32.248  -24.308 0.8999999762
56893  39.237  -33.489  -28.223 0.6000000238
57867  35.297  -32.699  -24.444 0.6999999881
58858  34.980  -31.881  -24.621 0.8999999762
219990  32.089  -28.963  -16.827 0.6999999881
61854  32.094  -29.064  -16.084 0.6000000238
61871  33.151  -30.148  -17.102 0.8999999762
194730  33.045  -29.184  -17.022 0.6999999881
61870  34.552  -30.082  -17.212 0.8999999762
61880  34.251  -29.531  -16.943 0.8000000119
232344  35.547  -29.820  -18.732 1.0000000000
61879  35.284  -29.339  -19.082 0.8000000119
60817  35.899  -30.103  -18.709 1.0000000000
61878  35.381  -29.465  -19.317 1.0000000000
61883  35.604  -29.156  -20.001 1.0000000000
60832  35.131  -29.562  -21.060 1.0000000000
60840  34.010  -30.366  -23.252 0.8999999762
60853  33.076  -30.115  -23.840 0.8999999762
58861  32.768  -30.808  -24.132 0.8999999762
59808  32.702  -30.355  -24.307 0.8999999762
55941  37.348  -33.744  -25.948 0.6000000238
57874  36.036  -32.570  -25.201 0.6999999881
58859  34.192  -31.440  -24.481 0.8999999762
56898  39.270  -32.805  -28.586 0.6000000238
200091  38.934  -33.639  -27.869 0.6000000238
239916  35.724  -32.664  -24.738 0.6999999881
64028  32.172  -28.971  -16.640 0.6000000238
220495  33.349  -29.280  -17.529 0.8000000119
62963  33.287  -28.956  -17.145 0.6999999881
62951  32.726  -29.206  -16.912 0.6999999881
198005  33.986  -29.373  -17.271 0.6999999881
195845  34.752  -28.946  -18.317 0.6999999881
62980  35.474  -28.828  -19.505 0.8000000119
192471  35.196  -27.552  -19.253 0.8000000119
61877  35.686  -28.660  -20.058 0.8999999762
61885  35.746  -29.039  -20.727 1.0000000000
60838  35.074  -29.574  -22.102 1.0000000000
62983  35.770  -28.535  -21.083 1.0000000000
61887  35.387  -28.900  -21.465 1.0000000000
60839  34.686  -30.151  -22.779 1.0000000000
59802  32.535  -30.410  -24.001 0.8999999762
60865  32.798  -30.171  -24.181 0.8999999762
56895  38.382  -32.739  -27.462 0.6000000238
56890  38.216  -33.261  -27.041 0.6000000238
56887  37.047  -33.121  -25.814 0.6000000238
57873  36.520  -32.728  -25.659 0.6999999881
59807  33.494  -29.958  -24.468 0.8999999762
58871  35.481  -31.057  -25.671 0.6999999881
58865  35.290  -31.405  -25.157 0.6999999881
58866  34.638  -30.980  -24.967 0.8999999762
60872  33.850  -29.528  -25.040 0.8999999762
195445  33.835  -29.068  -17.373 0.6999999881
61862  34.752  -29.340  -17.006 0.6000000238
61853  33.010  -29.964  -16.038 0.6000000238
192469  34.901  -28.901  -17.914 0.6999999881
62961  34.869  -29.101  -17.263 0.6000000238
192467  34.784  -28.951  -18.023 0.6999999881
195424  35.030  -28.281  -18.802 0.6999999881
62979  35.606  -27.860  -20.201 0.8000000119
61882  35.818  -28.623  -20.689 1.0000000000
62987  35.276  -28.075  -21.621 1.0000000000
61890  35.165  -28.706  -22.218 1.0000000000
61891  34.893  -29.334  -22.961 1.0000000000
61900  35.071  -28.758  -22.971 1.0000000000
60852  34.103  -29.714  -23.533 1.0000000000
60864  33.821  -29.674  -24.123 0.8999999762
57877  37.410  -32.714  -26.293 0.6000000238
57890  38.855  -32.230  -28.372 0.6000000238
57882  37.883  -32.606  -26.903 0.6000000238
57878  36.880  -32.453  -26.082 0.6999999881
200297  33.927  -29.330  -24.625 0.8999999762
57879  36.285  -32.094  -25.804 0.6999999881
59810  34.952  -30.692  -25.478 0.6999999881
59811  34.325  -30.035  -25.408 0.8999999762
61851  34.866  -29.575  -16.683 0.5000000000
195971  34.594  -29.216  -17.493 0.6000000238
61850  34.989  -28.880  -17.155 0.5000000000
192468  35.174  -28.241  -18.462 0.6999999881
194756  35.406  -27.142  -18.938 0.6999999881
221050  35.360  -26.646  -19.431 0.8000000119
196483  35.250  -26.120  -19.481 0.8000000119
62978  35.719  -27.964  -20.664 0.8000000119
232332  35.701  -27.265  -20.618 0.8999999762
62982  35.730  -28.044  -21.133 1.0000000000
64055  35.678  -27.360  -21.161 0.8999999762
61901  34.391  -28.868  -23.792 0.8999999762
61910  34.030  -28.903  -24.387 0.8999999762
57886  38.316  -32.019  -27.969 0.6000000238
57883  37.195  -32.231  -26.661 0.6000000238
58884  38.436  -31.462  -28.636 0.6000000238
59814  35.551  -30.813  -26.349 0.6999999881
59815  35.083  -30.410  -25.966 0.6999999881
60878  34.031  -29.086  -25.621 0.8000000119
61917  34.024  -28.760  -24.983 0.8999999762
60877  34.586  -29.695  -25.885 0.6999999881
63017  34.659  -28.226  -24.971 0.8999999762
64037  35.276  -28.418  -17.895 0.6999999881
62950  35.101  -28.409  -16.779 0.5000000000
65186  35.502  -27.176  -18.153 0.6999999881
65187  35.453  -27.212  -18.577 0.6999999881
196903  35.347  -26.395  -18.870 0.6999999881
194752  35.290  -26.371  -19.131 0.8000000119
192472  34.896  -26.203  -19.114 0.8000000119
64056  35.633  -26.666  -20.282 0.8000000119
62986  35.628  -27.613  -21.520 1.0000000000
64063  35.558  -27.489  -22.132 1.0000000000
62991  35.149  -28.109  -22.446 1.0000000000
64059  35.238  -26.160  -19.888 0.8000000119
65204  35.612  -26.638  -20.772 0.8000000119
62990  35.376  -27.754  -22.877 1.0000000000
63000  35.221  -28.384  -23.420 1.0000000000
234818  34.612  -28.511  -23.968 1.0000000000
63009  34.301  -28.540  -24.372 0.8999999762
58869  36.645  -31.807  -26.335 0.6999999881
62999  35.420  -27.885  -23.657 0.8999999762
58873  37.397  -31.957  -27.283 0.6000000238
58874  36.880  -31.583  -27.005 0.6000000238
63008  35.244  -28.240  -24.241 0.8999999762
58875  36.261  -31.174  -26.680 0.6999999881
61924  34.069  -28.320  -25.684 0.6999999881
61923  34.573  -28.875  -25.968 0.6999999881
63007  35.511  -27.760  -24.476 0.8999999762
63026  34.426  -27.857  -25.654 0.6999999881
62960  35.277  -28.503  -17.476 0.6000000238
64036  35.425  -27.774  -17.777 0.5000000000
212639  35.546  -26.449  -18.092 0.6999999881
65196  35.465  -26.243  -18.729 0.6999999881
66332  35.649  -25.387  -18.934 0.6999999881
196458  35.046  -25.656  -19.075 0.6999999881
221864  34.437  -25.974  -19.208 0.8000000119
221204  34.854  -26.096  -19.294 0.8000000119
227821  35.567  -25.800  -19.864 0.8000000119
192470  34.044  -25.727  -19.082 0.8000000119
65210  35.542  -25.444  -19.452 0.8000000119
64062  35.655  -27.167  -21.724 0.8999999762
213495  35.641  -27.034  -22.146 0.8999999762
66347  35.033  -25.038  -19.581 0.8000000119
66346  35.639  -25.308  -19.634 0.8000000119
58879  37.076  -31.260  -27.690 0.6000000238
64072  35.131  -27.327  -23.148 1.0000000000
59821  35.373  -30.377  -26.501 0.6999999881
60876  35.367  -29.635  -26.191 0.6999999881
63025  34.777  -28.241  -25.938 0.6999999881
63016  35.352  -28.085  -24.790 0.8000000119
66324  35.625  -25.543  -18.078 0.6999999881
67564  35.626  -25.406  -17.819 0.6999999881
66323  35.838  -24.898  -18.661 0.6999999881
67589  35.816  -25.064  -18.982 0.6999999881
67590  35.100  -25.051  -19.572 0.6999999881
67591  33.869  -24.870  -19.140 0.8000000119
194031  34.067  -25.708  -19.054 0.8000000119
197409  33.456  -25.331  -18.985 0.8000000119
204854  33.038  -24.850  -18.989 0.8000000119
196469  32.865  -25.192  -18.765 0.8000000119
66344  35.511  -25.960  -20.924 0.8999999762
65218  35.587  -26.689  -21.885 0.8999999762
66345  35.805  -25.061  -19.922 0.8000000119
206850  35.517  -26.256  -21.567 0.8999999762
59819  36.520  -30.868  -27.425 0.6000000238
66356  35.492  -25.569  -21.451 0.8999999762
66366  35.551  -26.086  -22.004 0.8999999762
64067  35.536  -27.210  -22.598 1.0000000000
59825  36.595  -30.785  -28.113 0.6000000238
61928  35.241  -28.746  -26.406 0.6999999881
65231  35.030  -26.856  -23.188 0.8999999762
64092  35.295  -27.715  -25.178 0.8000000119
65240  35.168  -26.783  -23.870 0.8000000119
67581  35.733  -24.997  -18.029 0.6999999881
68900  35.573  -24.816  -19.716 0.6999999881
67588  36.213  -24.783  -19.178 0.6999999881
239161  35.189  -25.233  -19.800 0.8000000119
66357  35.485  -25.095  -20.729 0.8000000119
67606  35.638  -25.012  -20.167 0.8000000119
67605  35.955  -24.500  -19.839 0.8000000119
59820  35.851  -30.439  -27.055 0.6000000238
67619  35.456  -24.775  -20.851 0.8999999762
65225  35.538  -26.564  -22.435 0.8999999762
60886  35.649  -29.841  -27.769 0.6000000238
61927  35.810  -29.235  -26.636 0.6999999881
64082  35.444  -27.330  -23.826 0.8000000119
64091  35.398  -27.153  -25.233 0.6999999881
203283  35.526  -27.002  -24.435 0.8000000119
67580  36.002  -24.739  -18.723 0.6999999881
68886  36.206  -24.521  -19.076 0.6999999881
196847  31.914  -25.077  -19.908 0.8000000119
67608  33.102  -24.923  -19.845 0.8000000119
68924  33.860  -24.507  -19.617 0.8000000119
215822  35.582  -25.502  -22.047 0.8999999762
60887  35.680  -29.599  -27.426 0.6000000238
66374  35.609  -25.688  -22.617 0.8999999762
63031  36.012  -28.674  -26.678 0.6999999881
63024  35.694  -28.103  -26.262 0.6999999881
208067  35.006  -26.419  -23.689 0.8000000119
65246  35.622  -26.567  -24.993 0.6999999881
66396  35.196  -26.267  -24.279 0.8000000119
68887  35.761  -24.378  -18.126 0.6999999881
61932  36.028  -29.075  -27.227 0.6000000238
68937  35.679  -24.207  -20.124 0.8000000119
67618  35.508  -24.968  -21.731 0.8999999762
64099  35.224  -27.254  -26.064 0.8000000119
66383  35.167  -26.232  -23.215 0.8999999762
66384  35.076  -25.963  -23.940 0.8000000119
66413  35.599  -25.936  -25.240 0.6999999881
67644  35.477  -25.522  -23.493 0.8000000119
208021  36.086  -28.120  -26.838 0.6999999881
68936  35.430  -24.281  -21.210 0.8000000119
197833  35.545  -26.677  -26.509 0.5000000000
200238  35.585  -26.460  -25.848 0.6000000238
67638  35.724  -24.922  -23.065 0.8000000119
66397  35.134  -25.609  -24.532 0.6999999881
67645  35.147  -25.422  -24.151 0.8000000119
67651  35.176  -24.953  -24.652 0.6000000238
68952  35.571  -24.351  -22.074 0.8000000119
68959  35.717  -24.309  -22.715 0.8999999762
68963  35.722  -24.245  -23.464 0.8000000119
70368  35.460  -23.737  -21.745 0.8000000119
70374  35.616  -23.714  -22.393 0.8000000119
66426  35.203  -25.561  -26.327 0.6000000238
66414  35.504  -25.215  -25.428 0.6000000238
70380  35.722  -23.646  -23.038 0.8000000119
68969  35.530  -24.149  -24.464 0.6000000238
210186  35.728  -23.662  -23.750 0.6000000238
71671  35.698  -22.957  -23.474 0.6999999881
68979  35.339  -24.494  -25.427 0.6000000238
70356  34.896  -23.110  -21.352 0.8000000119
71653  35.497  -23.264  -22.160 0.8000000119
71646  35.140  -23.005  -21.830 0.8000000119
67683  35.068  -25.073  -26.583 0.5000000000
71663  35.605  -23.072  -22.675 0.8000000119
67674  35.005  -24.831  -26.317 0.6000000238
72934  35.566  -22.383  -22.923 0.6000000238
69012  34.999  -24.571  -26.552 0.5000000000
203359  35.122  -23.708  -25.543 0.6000000238
70385  35.696  -23.356  -24.402 0.6000000238
71679  35.625  -22.694  -24.177 0.6000000238
192480  34.882  -22.892  -21.697 0.8000000119
195360  35.435  -22.794  -22.355 0.8000000119
195250  34.484  -22.006  -21.794 0.8000000119
224349  35.209  -22.686  -22.174 0.6999999881
68999  35.014  -24.198  -26.276 0.6000000238
219888  35.498  -22.279  -22.668 0.6999999881
72935  35.591  -22.144  -23.627 0.6000000238
71691  35.333  -22.967  -24.929 0.6000000238
215552  35.106  -23.206  -25.816 0.5000000000
192479  33.761  -21.018  -21.995 0.6999999881
193761  34.785  -21.230  -22.301 0.6000000238
226395  35.099  -21.468  -22.386 0.6000000238
72936  35.531  -21.754  -23.233 0.6000000238
71692  35.022  -22.475  -25.641 0.5000000000
71680  35.199  -22.095  -24.630 0.6000000238
224680  35.065  -21.084  -22.688 0.6000000238
72948  35.047  -21.680  -25.487 0.5000000000
193534  34.061  -21.047  -22.249 0.6000000238
72938  35.495  -21.416  -23.809 0.6000000238
72939  35.447  -21.033  -23.652 0.6000000238
219246  34.314  -20.395  -23.003 0.6000000238
212374  35.401  -21.282  -24.523 0.6000000238
74135  35.429  -20.735  -24.037 0.6000000238
74143  35.154  -20.812  -25.042 0.5000000000
74152  34.973  -21.216  -26.067 0.4000000060
72937  34.125  -20.006  -23.064 0.5000000000
219245  32.937  -20.012  -22.500 0.5000000000
72940  34.691  -20.442  -23.231 0.5000000000
192486  33.451  -20.169  -22.466 0.4000000060
74136  35.329  -20.348  -24.046 0.6000000238
74137  34.128  -19.786  -23.102 0.5000000000
75343  35.340  -20.069  -24.276 0.4000000060
75344  35.299  -19.610  -24.226 0.6000000238
238903  35.090  -20.170  -25.068 0.4000000060
76505  35.306  -19.524  -24.606 0.4000000060
74130  33.348  -19.054  -22.918 0.4000000060
75339  34.106  -18.436  -23.109 0.4000000060
75338  34.243  -19.017  -23.593 0.4000000060
210383  32.471  -19.399  -22.841 0.4000000060
221530  31.988  -19.189  -23.617 0.4000000060
75340  33.039  -19.052  -22.927 0.4000000060
76506  35.269  -18.927  -24.439 0.4000000060
76507  35.249  -18.481  -24.689 0.4000000060
76502  33.351  -18.874  -23.019 0.4000000060
196954  31.544  -18.973  -22.817 0.4000000060
195370  31.105  -19.896  -23.172 0.4000000060
74138  32.242  -19.640  -23.198 0.4000000060
75345  32.914  -18.904  -22.704 0.4000000060
75346  32.144  -18.850  -24.056 0.4000000060
76499  31.342  -18.875  -21.740 0.4000000060
75347  31.045  -19.039  -23.535 0.4000000060
53076  33.977  -35.964  -24.496 0.8000000119
55935  32.660  -33.772  -24.219 0.8999999762
54977  32.494  -34.530  -24.257 0.8999999762
57842  34.100  -31.899  -21.641 1.0000000000
55927  31.776  -33.493  -23.431 0.8999999762
56862  32.099  -33.247  -22.621 0.8999999762
55936  31.922  -33.590  -23.894 0.8999999762
56868  32.241  -32.971  -22.782 0.8999999762
57852  32.354  -32.901  -23.032 0.8999999762
57843  33.301  -32.190  -22.262 1.0000000000
74129  32.736  -20.125  -22.151 0.4000000060
226806  33.147  -19.807  -22.522 0.4000000060
53060  33.479  -36.526  -19.455 0.8999999762
53045  33.941  -36.461  -18.334 0.8999999762
210787  31.609  -35.535  -23.982 0.8000000119
199001  31.430  -35.481  -24.557 0.8000000119
54978  31.878  -34.067  -24.123 0.8999999762
56876  31.949  -33.162  -23.490 0.8999999762
58813  35.082  -32.011  -16.649 0.8999999762
64041  30.066  -27.848  -16.984 0.6000000238
60773  30.043  -29.877  -15.949 0.4000000060
60786  30.513  -29.564  -15.875 0.4000000060
53984  34.691  -35.590  -24.366 0.6999999881
55933  34.669  -33.914  -24.193 0.8000000119
56882  32.428  -33.147  -23.984 0.8999999762
53991  35.939  -35.916  -25.040 0.6000000238
55934  33.831  -33.846  -24.235 0.8999999762
215906  31.580  -28.831  -17.053 0.6999999881
59751  31.138  -30.726  -15.889 0.4000000060
54982  36.586  -34.117  -24.986 0.6999999881
226876  36.350  -33.572  -24.749 0.6999999881
61872  33.010  -29.678  -16.955 0.8000000119
227178  34.171  -30.139  -17.155 0.8999999762
57851  32.896  -32.417  -22.820 0.8999999762
58860  33.197  -31.033  -24.237 0.8999999762
60785  33.606  -29.609  -15.307 0.5000000000
58864  35.768  -31.779  -25.474 0.6999999881
59806  33.711  -30.365  -24.693 0.8999999762
61852  33.811  -29.834  -16.081 0.6000000238
196409  34.019  -29.339  -17.220 0.8000000119
62962  34.051  -29.413  -17.112 0.6000000238
200268  33.737  -29.478  -15.467 0.5000000000
61841  35.065  -29.277  -16.967 0.5000000000
195576  34.223  -25.269  -19.820 0.8000000119
65205  35.556  -25.853  -20.197 0.8000000119
64027  35.238  -27.809  -17.267 0.5000000000
65179  35.499  -26.922  -17.832 0.6999999881
65209  35.579  -26.718  -21.389 0.8999999762
64100  34.901  -27.706  -25.810 0.8000000119
68904  31.961  -23.790  -18.978 0.8000000119
67631  35.666  -24.975  -22.373 0.8999999762
68964  35.419  -24.876  -23.931 0.6999999881
196584  32.724  -19.494  -22.546 0.4000000060
74131  32.274  -20.059  -22.942 0.4000000060
77626  32.213  -18.764  -22.182 0.4000000060
76508  32.929  -18.498  -22.972 0.4000000060
43846  32.077  -45.168  -23.445 0.4000000060
43842  32.192  -44.996  -22.601 0.4000000060
197019  31.710  -43.926  -23.360 0.4000000060
231016  32.315  -44.262  -22.281 0.4000000060
45411  32.552  -43.778  -21.514 0.4000000060
45419  31.832  -43.288  -23.090 0.3000000119
45418  32.434  -43.538  -22.269 0.4000000060
46222  31.615  -42.602  -23.777 0.4000000060
47055  31.055  -41.894  -24.242 0.4000000060
230936  30.699  -41.293  -24.502 0.4000000060
46216  32.601  -43.091  -21.219 0.5000000000
46221  32.467  -42.728  -22.541 0.4000000060
47053  31.994  -41.897  -23.222 0.5000000000
47993  31.602  -41.124  -23.746 0.4000000060
48895  31.553  -40.402  -23.886 0.5000000000
47994  30.878  -40.687  -24.547 0.5000000000
48896  30.848  -39.903  -24.514 0.6000000238
47997  30.026  -41.224  -25.243 0.5000000000
48905  30.276  -40.530  -25.287 0.6000000238
47044  32.896  -42.624  -20.678 0.5000000000
46210  32.715  -42.940  -20.322 0.5000000000
44586  32.583  -43.874  -20.205 0.5000000000
47986  33.093  -41.786  -21.422 0.6000000238
47050  32.765  -42.385  -21.360 0.6000000238
207124  32.674  -41.929  -22.218 0.5000000000
47989  33.263  -41.140  -21.726 0.6000000238
47990  32.632  -41.246  -22.680 0.5000000000
48893  32.253  -40.509  -23.166 0.4000000060
215800  31.931  -39.853  -23.683 0.6000000238
49800  31.073  -39.218  -24.026 0.6000000238
49801  30.547  -39.144  -24.673 0.6000000238
48898  30.227  -40.472  -25.128 0.6000000238
204930  30.355  -39.779  -25.164 0.6000000238
49805  30.898  -39.051  -25.108 0.6000000238
49810  31.285  -39.305  -25.657 0.6000000238
47049  33.056  -42.091  -20.598 0.5000000000
46202  32.976  -42.460  -20.344 0.5000000000
46203  32.860  -42.955  -20.100 0.5000000000
233130  33.228  -41.402  -20.942 0.6000000238
48892  33.071  -40.576  -22.399 0.6000000238
48890  33.285  -40.504  -21.490 0.6000000238
230490  31.413  -38.380  -25.288 0.6999999881
47981  32.996  -41.537  -20.136 0.6000000238
47034  32.942  -41.909  -20.077 0.5000000000
47035  32.939  -41.948  -20.059 0.5000000000
47985  33.334  -40.931  -20.908 0.6000000238
213279  33.129  -40.910  -20.147 0.6000000238
231137  33.533  -41.282  -19.263 0.5000000000
200697  32.951  -40.916  -19.165 0.5000000000
48888  33.196  -40.526  -20.341 0.6000000238
52237  30.981  -37.187  -25.142 0.6999999881
48883  32.681  -40.953  -19.041 0.6000000238
47972  33.053  -40.796  -19.122 0.6000000238
47973  32.707  -41.421  -19.571 0.6000000238
49789  32.014  -40.480  -19.118 0.6000000238
49783  33.608  -40.225  -18.662 0.6000000238
47965  34.007  -40.922  -18.601 0.6000000238
48876  34.125  -40.640  -18.362 0.6000000238
47966  33.561  -40.951  -18.744 0.6000000238
50681  32.654  -39.822  -19.154 0.6000000238
47961  33.129  -41.106  -19.004 0.5000000000
49791  33.221  -39.778  -20.144 0.6000000238
48869  33.945  -40.700  -18.433 0.6000000238
51450  31.233  -37.780  -25.586 0.6999999881
49784  32.913  -39.914  -18.855 0.6000000238
201929  32.720  -38.983  -19.198 0.6000000238
50676  32.329  -39.493  -18.812 0.6000000238
49773  33.273  -40.481  -18.672 0.6000000238
50669  31.520  -38.962  -17.682 0.6000000238
52235  31.405  -36.429  -25.175 0.6999999881
51416  31.927  -38.088  -18.135 0.6999999881
50668  31.828  -39.014  -18.448 0.6999999881
200660  32.158  -35.184  -24.467 0.6999999881
51424  32.353  -38.530  -18.712 0.6999999881
210833  32.960  -37.925  -19.044 0.6999999881
52207  31.936  -37.706  -17.780 0.6999999881
51417  31.557  -38.268  -17.329 0.6999999881
209261  32.044  -39.873  -18.579 0.6000000238
51412  31.937  -37.808  -17.009 0.6000000238
53985  33.664  -35.138  -24.273 0.8000000119
202192  32.474  -37.636  -18.342 0.6999999881
52206  32.877  -37.146  -18.470 0.6999999881
53043  32.324  -37.226  -17.821 0.6999999881
52204  32.285  -37.765  -16.773 0.5000000000
53939  32.836  -36.271  -18.130 0.6999999881
53041  32.388  -36.842  -17.591 0.6000000238
53033  32.654  -36.429  -17.918 0.6000000238
68922  35.454  -24.450  -20.323 0.6999999881
68901  35.050  -24.699  -19.621 0.6999999881
68903  32.925  -24.313  -19.079 0.6999999881
67599  31.906  -24.383  -19.097 0.6999999881
229065  36.037  -24.775  -19.742 0.6000000238
68910  35.514  -24.512  -19.842 0.6000000238
216571  29.890  -24.243  -19.303 0.6999999881
67609  31.099  -24.297  -19.865 0.6999999881
68939  34.563  -23.848  -20.172 0.6999999881
68938  35.326  -23.885  -20.444 0.6999999881
70324  36.231  -23.972  -19.388 0.6000000238
68911  33.144  -24.531  -18.811 0.6999999881
70335  31.974  -23.816  -19.086 0.6999999881
217167  33.984  -23.581  -20.064 0.6999999881
68954  34.397  -23.418  -20.536 0.6999999881
70355  35.192  -23.402  -21.096 0.6999999881
68899  36.122  -24.463  -19.533 0.6000000238
70332  36.014  -23.813  -19.590 0.6000000238
70334  35.065  -23.861  -19.930 0.6000000238
71607  34.045  -23.899  -19.929 0.6999999881
71628  30.942  -23.187  -19.811 0.6999999881
70357  32.340  -23.896  -20.302 0.6999999881
195608  33.843  -22.937  -21.008 0.6999999881
196069  34.644  -23.114  -21.161 0.6999999881
71605  36.541  -23.296  -19.272 0.6000000238
70346  35.719  -23.099  -19.754 0.5000000000
71621  35.293  -23.495  -20.016 0.6000000238
71623  33.077  -22.944  -19.993 0.5000000000
222338  31.708  -22.723  -20.128 0.6999999881
192484  32.779  -22.137  -20.936 0.6999999881
192478  34.160  -22.728  -21.211 0.6999999881
76524  34.770  -19.987  -26.766 0.3000000119
77653  34.767  -19.461  -26.432 0.3000000119
198038  32.179  -45.662  -22.891 0.4000000060
44616  31.574  -44.544  -23.710 0.3000000119
43836  32.295  -45.459  -22.001 0.4000000060
45423  31.402  -42.951  -23.976 0.4000000060
44603  32.632  -44.837  -21.619 0.4000000060
46225  30.309  -42.661  -24.539 0.4000000060
47058  29.986  -41.826  -24.930 0.4000000060
47996  30.157  -41.059  -24.963 0.5000000000
47999  30.104  -41.293  -25.459 0.4000000060
44593  32.408  -44.332  -20.729 0.4000000060
213711  30.692  -39.794  -25.477 0.5000000000
45397  32.667  -43.319  -20.047 0.5000000000
50702  31.590  -38.830  -25.624 0.6000000238
46197  32.947  -43.361  -20.256 0.5000000000
207114  31.739  -38.351  -25.605 0.6000000238
47025  32.556  -41.674  -19.228 0.5000000000
47026  32.717  -42.751  -19.000 0.4000000060
52244  31.312  -37.182  -25.423 0.6999999881
49774  31.687  -39.739  -18.113 0.5000000000
52234  32.920  -36.427  -24.822 0.6999999881
51413  31.475  -38.220  -17.018 0.5000000000
51409  33.103  -38.311  -15.657 0.5000000000
52201  33.180  -37.874  -16.150 0.6000000238
66311  35.546  -26.125  -17.830 0.6000000238
70307  36.052  -24.121  -18.798 0.6000000238
71620  35.786  -22.937  -19.685 0.5000000000
71635  35.759  -22.481  -20.360 0.5000000000
71637  35.121  -23.011  -20.506 0.5000000000
220706  34.291  -22.121  -20.771 0.5000000000
221838  33.730  -21.871  -20.917 0.5000000000
192483  33.690  -21.255  -21.196 0.5000000000
77672  34.083  -19.908  -27.659 0.3000000119
239447  35.067  -19.197  -24.994 0.3000000119
49794  33.262  -39.810  -21.264 0.6000000238
226531  33.039  -39.998  -22.055 0.6000000238
205499  32.657  -36.541  -17.924 0.8000000119
51451  30.975  -37.942  -24.941 0.6999999881
52236  31.009  -36.674  -25.155 0.6999999881
53077  31.648  -35.825  -24.980 0.6999999881
68902  33.189  -24.489  -19.059 0.6999999881
70354  35.302  -23.781  -20.941 0.6999999881
192485  32.969  -21.967  -21.156 0.6000000238
76515  34.898  -20.024  -25.877 0.3000000119
205336  32.935  -35.738  -24.475 0.8000000119
52233  34.245  -36.625  -24.766 0.6999999881
68912  33.005  -23.947  -18.889 0.6999999881
44611  31.982  -44.617  -23.139 0.4000000060
236493  32.011  -43.753  -22.773 0.4000000060
44602  32.518  -44.172  -21.083 0.5000000000
46226  29.953  -42.618  -25.021 0.3000000119
236643  31.033  -24.080  -20.132 0.6999999881
68953  34.832  -23.470  -20.812 0.6999999881
70325  34.335  -24.093  -19.928 0.6999999881
70333  35.678  -23.857  -19.841 0.6000000238
70326  33.823  -24.138  -19.711 0.6999999881
71608  32.954  -22.966  -19.983 0.6999999881
71622  34.316  -23.753  -19.998 0.6000000238
72883  31.967  -23.015  -19.970 0.6999999881
221499  31.798  -22.508  -21.070 0.6999999881
209970  32.224  -21.853  -21.046 0.6999999881
72899  36.321  -22.624  -20.415 0.5000000000
71636  35.563  -22.913  -20.304 0.5000000000
221839  33.261  -22.725  -20.357 0.5000000000
221837  32.443  -22.595  -20.329 0.5000000000
193744  33.324  -21.846  -21.342 0.5000000000
193582  32.865  -21.873  -21.026 0.6999999881
71606  36.339  -23.012  -19.015 0.5000000000
72910  36.105  -22.419  -20.719 0.5000000000
72911  35.717  -22.500  -20.722 0.5000000000
193807  34.481  -21.752  -21.098 0.5000000000
52243  32.494  -37.206  -25.187 0.6000000238
52242  33.735  -37.194  -25.058 0.6000000238
52240  35.450  -37.135  -25.248 0.5000000000
51447  34.362  -37.802  -25.212 0.6000000238
52241  34.687  -37.219  -25.022 0.6000000238
52247  36.413  -37.100  -26.058 0.5000000000
52239  36.106  -36.643  -25.498 0.5000000000
53083  34.980  -36.709  -24.904 0.6000000238
54915  31.321  -35.606  -16.093 0.5000000000
53075  34.861  -36.208  -24.563 0.6000000238
53090  37.211  -36.639  -26.562 0.5000000000
52251  37.625  -36.866  -27.051 0.5000000000
56840  30.080  -33.356  -15.859 0.4000000060
55884  29.507  -33.645  -15.506 0.4000000060
56823  29.073  -32.920  -15.448 0.4000000060
53086  36.815  -36.576  -25.980 0.5000000000
53094  38.175  -36.427  -27.317 0.5000000000
53993  37.664  -35.478  -26.553 0.5000000000
58809  28.941  -31.949  -15.814 0.4000000060
54992  38.916  -34.701  -27.530 0.5000000000
53998  38.315  -35.641  -27.019 0.5000000000
60776  28.369  -29.928  -15.930 0.4000000060
60769  33.139  -29.940  -15.920 0.4000000060
59749  32.554  -31.300  -15.999 0.4000000060
58805  32.209  -31.178  -15.923 0.4000000060
58799  31.043  -31.930  -15.796 0.3000000119
62943  35.037  -28.816  -16.879 0.4000000060
208182  35.026  -29.369  -16.699 0.4000000060
60783  34.267  -30.131  -16.149 0.4000000060
59747  34.443  -31.074  -15.760 0.4000000060
203657  33.846  -27.949  -15.941 0.4000000060
60768  34.399  -30.524  -15.871 0.4000000060
226462  33.969  -31.729  -15.797 0.4000000060
60737  34.483  -31.234  -15.651 0.4000000060
59737  34.489  -31.537  -15.648 0.4000000060
58804  32.715  -31.444  -15.956 0.4000000060
58798  31.747  -31.245  -15.293 0.4000000060
61842  34.670  -29.837  -15.931 0.4000000060
61833  34.389  -30.023  -15.936 0.4000000060
64014  35.005  -27.910  -16.944 0.4000000060
62929  33.729  -28.667  -15.706 0.4000000060
61822  33.490  -29.291  -15.247 0.4000000060
60738  33.227  -29.897  -14.883 0.4000000060
58783  34.329  -31.507  -15.655 0.4000000060
61823  33.133  -29.254  -14.619 0.4000000060
59717  32.858  -30.252  -14.391 0.4000000060
204424  32.685  -30.933  -14.982 0.4000000060
62930  33.529  -28.100  -15.347 0.4000000060
65163  35.002  -27.177  -16.990 0.4000000060
64015  33.899  -27.300  -16.133 0.4000000060
238019  33.587  -27.410  -14.762 0.4000000060
228637  33.355  -27.818  -14.402 0.4000000060
62921  33.349  -28.673  -14.988 0.4000000060
62917  33.209  -28.367  -13.912 0.4000000060
60733  32.929  -29.731  -14.336 0.4000000060
65180  34.935  -26.404  -16.869 0.5000000000
65151  34.006  -26.677  -15.275 0.4000000060
63996  33.886  -27.031  -15.170 0.4000000060
65164  34.345  -26.526  -16.194 0.4000000060
65152  33.897  -26.298  -14.862 0.4000000060
63997  33.735  -27.017  -14.844 0.4000000060
66295  34.304  -25.994  -16.218 0.4000000060
66296  34.046  -25.455  -15.707 0.4000000060
66283  34.079  -26.173  -15.593 0.4000000060
67552  34.000  -24.829  -15.809 0.4000000060
67541  33.884  -24.912  -15.000 0.4000000060
67542  33.635  -24.804  -14.500 0.4000000060
67565  35.003  -25.086  -16.848 0.5000000000
68862  34.482  -24.625  -16.369 0.4000000060
68853  33.686  -24.286  -15.519 0.4000000060
67551  34.312  -25.352  -16.234 0.5000000000
66284  33.959  -25.614  -14.951 0.4000000060
66276  33.749  -25.833  -14.403 0.4000000060
68870  35.040  -24.401  -16.822 0.5000000000
68863  34.050  -24.275  -15.930 0.4000000060
68854  33.389  -24.180  -15.063 0.3000000119
230573  35.367  -24.209  -17.382 0.5000000000
213106  33.399  -23.829  -15.367 0.4000000060
68847  33.219  -24.130  -14.488 0.3000000119
70294  35.039  -23.658  -16.900 0.5000000000
70308  35.761  -23.792  -17.757 0.4000000060
70295  34.534  -23.855  -16.275 0.3000000119
70286  33.946  -23.598  -15.738 0.4000000060
70277  33.467  -23.272  -15.331 0.3000000119
70278  33.261  -23.589  -14.805 0.3000000119
70269  33.204  -23.332  -13.892 0.3000000119
211262  33.141  -23.724  -13.427 0.3000000119
71588  35.973  -23.282  -18.387 0.4000000060
71587  36.523  -23.541  -19.000 0.4000000060
70285  34.624  -23.165  -15.979 0.3000000119
71556  33.512  -22.615  -14.421 0.3000000119
70264  33.150  -23.210  -13.708 0.3000000119
70265  33.086  -23.800  -13.359 0.3000000119
235744  34.798  -23.326  -16.310 0.3000000119
71549  33.339  -22.754  -14.086 0.3000000119
204408  32.778  -22.961  -13.858 0.3000000119
71574  35.211  -23.018  -17.430 0.3000000119
72865  35.388  -22.466  -17.897 0.3000000119
72881  36.046  -22.528  -19.102 0.4000000060
233242  36.487  -23.042  -19.685 0.4000000060
72912  34.984  -22.554  -20.685 0.4000000060
71541  32.929  -23.265  -13.617 0.3000000119
71575  34.933  -22.888  -16.406 0.3000000119
72854  35.092  -22.294  -16.905 0.3000000119
72882  35.665  -21.823  -18.114 0.3000000119
234125  35.489  -20.975  -18.074 0.3000000119
74113  36.378  -22.285  -21.088 0.4000000060
72920  36.129  -21.971  -20.839 0.4000000060
196827  35.555  -21.941  -21.018 0.4000000060
74091  35.636  -21.543  -18.206 0.3000000119
201292  35.262  -20.761  -19.329 0.3000000119
213443  35.339  -20.868  -19.882 0.4000000060
75319  35.375  -20.530  -20.473 0.4000000060
196091  35.827  -20.990  -21.048 0.4000000060
75332  36.000  -20.252  -21.247 0.4000000060
196644  35.560  -20.834  -21.483 0.4000000060
224353  34.104  -21.013  -21.880 0.4000000060
195122  33.500  -20.806  -22.034 0.5000000000
75302  35.530  -20.943  -17.765 0.3000000119
75314  35.373  -20.278  -19.809 0.4000000060
202933  36.101  -19.909  -21.120 0.4000000060
75325  35.994  -20.203  -20.974 0.4000000060
74128  35.554  -20.515  -21.644 0.4000000060
219269  34.919  -20.718  -21.884 0.3000000119
196773  33.277  -20.745  -21.896 0.3000000119
194802  33.646  -20.778  -21.995 0.4000000060
76491  34.011  -19.964  -22.203 0.3000000119
75301  35.215  -20.094  -19.160 0.3000000119
76474  35.472  -19.753  -20.350 0.3000000119
203637  35.530  -19.098  -20.667 0.3000000119
213213  36.197  -19.425  -21.575 0.3000000119
76489  36.023  -19.668  -21.719 0.3000000119
75335  35.270  -20.072  -22.243 0.3000000119
197229  35.039  -19.712  -22.454 0.3000000119
204517  35.483  -19.597  -22.334 0.3000000119
229784  35.141  -19.316  -18.990 0.3000000119
207088  35.363  -19.598  -19.640 0.3000000119
76463  35.464  -19.086  -20.042 0.3000000119
77613  35.545  -18.513  -21.021 0.3000000119
214493  36.223  -19.299  -21.795 0.3000000119
76494  35.057  -19.081  -22.800 0.3000000119
76496  34.276  -19.434  -22.551 0.3000000119
76493  35.444  -18.912  -22.523 0.3000000119
77624  34.652  -19.225  -22.691 0.3000000119
77634  35.177  -18.065  -23.151 0.3000000119
66312  34.953  -25.752  -16.853 0.5000000000
51448  33.392  -37.894  -25.297 0.5000000000
51456  34.900  -38.184  -25.614 0.5000000000
51458  36.904  -37.743  -27.055 0.5000000000
51460  35.861  -38.244  -26.423 0.5000000000
51455  35.508  -37.790  -25.853 0.5000000000
53940  32.944  -35.740  -17.921 0.6000000238
54914  31.836  -35.671  -16.690 0.6000000238
53931  31.949  -36.438  -16.689 0.5000000000
54927  30.706  -34.815  -16.053 0.5000000000
54916  30.449  -35.518  -16.122 0.5000000000
54928  29.755  -34.676  -15.842 0.4000000060
56831  28.991  -33.123  -15.261 0.4000000060
57811  27.998  -31.950  -16.059 0.4000000060
59744  27.950  -31.560  -15.995 0.4000000060
230370  29.689  -31.109  -14.969 0.3000000119
236904  31.268  -31.446  -14.965 0.3000000119
58785  31.640  -31.480  -14.733 0.4000000060
59718  32.482  -30.619  -13.981 0.4000000060
58784  32.128  -31.274  -14.822 0.4000000060
60734  32.955  -29.403  -12.980 0.4000000060
63988  33.421  -27.371  -14.479 0.4000000060
61820  33.129  -28.966  -13.565 0.4000000060
62915  32.806  -28.577  -12.849 0.4000000060
63985  33.186  -27.871  -13.878 0.4000000060
65143  33.633  -26.635  -14.409 0.4000000060
63986  32.935  -27.382  -13.340 0.4000000060
67535  33.774  -25.196  -14.452 0.4000000060
67536  33.258  -24.806  -14.080 0.4000000060
66277  32.927  -25.580  -13.996 0.4000000060
68844  33.055  -24.160  -13.813 0.3000000119
68845  33.039  -24.112  -13.119 0.3000000119
52257  37.970  -37.077  -27.617 0.5000000000
59740  29.110  -31.010  -15.011 0.4000000060
59714  32.864  -29.880  -12.465 0.4000000060
234403  32.932  -29.496  -12.699 0.4000000060
63989  33.115  -27.092  -13.842 0.4000000060
60755  28.100  -31.388  -15.968 0.4000000060
53082  35.488  -36.420  -24.908 0.5000000000
68869  35.718  -24.900  -17.810 0.5000000000
193749  34.083  -21.582  -21.257 0.4000000060
192481  35.778  -21.410  -21.163 0.4000000060
51446  35.006  -37.636  -25.381 0.6000000238
51454  36.100  -37.636  -26.266 0.5000000000
51459  36.406  -38.009  -26.753 0.5000000000
59723  33.034  -30.489  -14.897 0.4000000060
59724  32.723  -30.712  -14.510 0.4000000060
62918  32.975  -28.132  -13.414 0.4000000060
208273  33.032  -29.069  -12.979 0.4000000060
74106  35.258  -21.366  -19.523 0.4000000060
76482  36.162  -19.747  -21.544 0.3000000119
219307  35.218  -20.676  -22.072 0.4000000060
77623  34.993  -18.825  -22.801 0.3000000119
210378  33.092  -28.631  -13.307 0.4000000060
48870  32.214  -40.148  -18.665 0.4000000060
49769  31.348  -39.744  -17.572 0.4000000060
50662  33.011  -39.134  -15.485 0.3000000119
50666  31.252  -39.181  -17.196 0.4000000060
48903  31.826  -40.001  -25.590 0.5000000000
52192  32.729  -37.760  -16.030 0.5000000000
51403  33.073  -37.978  -15.417 0.3000000119
50701  32.379  -38.697  -25.664 0.5000000000
49809  32.211  -39.314  -25.665 0.5000000000
53034  32.514  -37.342  -16.348 0.5000000000
238392  32.414  -36.906  -16.569 0.4000000060
51449  32.139  -37.991  -25.608 0.5000000000
49808  33.257  -39.266  -25.568 0.5000000000
50700  33.228  -38.538  -25.572 0.4000000060
48907  34.477  -40.119  -25.987 0.3000000119
50708  34.033  -39.022  -25.656 0.3000000119
49814  34.597  -39.420  -25.964 0.3000000119
50707  34.734  -38.814  -25.832 0.3000000119
49813  35.111  -39.147  -26.372 0.3000000119
50699  34.131  -38.407  -25.497 0.4000000060
54917  29.582  -35.364  -15.997 0.3000000119
50711  36.156  -38.572  -26.997 0.4000000060
50712  35.644  -38.868  -26.675 0.4000000060
50706  35.349  -38.540  -26.072 0.4000000060
54930  28.759  -34.119  -15.104 0.3000000119
59742  28.013  -31.007  -14.941 0.3000000119
58773  31.804  -31.500  -14.146 0.3000000119
208747  32.353  -31.074  -14.339 0.3000000119
58772  32.079  -31.148  -13.602 0.3000000119
61818  32.818  -29.249  -12.470 0.3000000119
63982  32.512  -27.975  -12.957 0.3000000119
203369  32.296  -28.163  -12.493 0.3000000119
61815  32.066  -29.183  -11.356 0.3000000119
65144  33.246  -26.284  -14.056 0.3000000119
63983  32.559  -27.286  -12.696 0.3000000119
66274  32.704  -25.807  -13.766 0.3000000119
237971  32.847  -26.756  -12.947 0.3000000119
66271  32.720  -26.212  -12.932 0.3000000119
65140  32.520  -26.577  -12.593 0.3000000119
233048  32.689  -25.359  -13.826 0.3000000119
67529  32.610  -25.380  -13.351 0.3000000119
66272  32.599  -25.783  -12.467 0.3000000119
56824  28.055  -32.973  -15.977 0.3000000119
65139  32.979  -26.603  -13.499 0.3000000119
62913  32.250  -28.751  -11.862 0.3000000119
230061  32.575  -37.590  -16.132 0.3000000119
53932  31.224  -36.320  -16.306 0.3000000119
53933  30.300  -36.295  -16.160 0.3000000119
43828  32.272  -45.294  -21.134 0.4000000060
44587  32.154  -44.073  -19.924 0.4000000060
199099  32.263  -44.038  -19.629 0.4000000060
44583  32.832  -44.074  -19.550 0.3000000119
45398  32.636  -43.912  -19.432 0.4000000060
45394  32.852  -43.957  -19.332 0.4000000060
47059  29.862  -41.984  -25.274 0.3000000119
45393  32.944  -43.535  -19.796 0.4000000060
45389  32.721  -43.331  -18.907 0.3000000119
46193  32.788  -43.160  -18.975 0.3000000119
46198  32.992  -43.106  -19.642 0.4000000060
46189  32.727  -42.770  -19.081 0.3000000119
47958  31.863  -41.100  -18.603 0.3000000119
47020  32.363  -41.730  -18.995 0.3000000119
205686  32.261  -41.261  -18.968 0.3000000119
43824  31.917  -44.391  -20.199 0.4000000060
48866  31.533  -40.278  -18.222 0.3000000119
45404  32.497  -43.512  -20.560 0.5000000000
46192  32.893  -42.712  -19.873 0.4000000060
47021  31.941  -41.909  -18.723 0.3000000119
47028  32.725  -41.914  -19.649 0.5000000000
48904  30.776  -40.563  -25.580 0.5000000000
49820  34.951  -39.749  -26.502 0.3000000119
52191  33.170  -37.743  -16.425 0.6000000238
52200  32.589  -37.402  -16.700 0.6000000238
52203  32.295  -37.434  -17.144 0.6999999881
52246  36.827  -37.007  -26.418 0.5000000000
52248  35.910  -37.254  -25.784 0.5000000000
52252  37.098  -37.200  -26.837 0.5000000000
52253  36.629  -37.464  -26.562 0.5000000000
52258  37.374  -37.397  -27.376 0.5000000000
53035  31.945  -37.155  -16.720 0.3000000119
53085  37.272  -35.987  -26.112 0.5000000000
53089  37.669  -36.165  -26.823 0.5000000000
53947  33.122  -36.690  -18.330 0.8999999762
53989  36.944  -35.321  -25.688 0.6000000238
53997  38.519  -34.956  -27.038 0.6000000238
54002  38.809  -35.308  -27.429 0.5000000000
54929  29.046  -34.086  -15.258 0.4000000060
54986  37.239  -34.775  -25.840 0.6000000238
54989  37.978  -34.569  -26.679 0.6000000238
55871  29.331  -33.017  -15.213 0.4000000060
55875  29.055  -33.235  -15.338 0.4000000060
55876  29.016  -33.772  -15.427 0.4000000060
55883  30.904  -34.023  -16.107 0.6000000238
55885  28.474  -34.106  -15.840 0.3000000119
55888  34.497  -33.846  -17.854 0.8999999762
56829  29.913  -33.071  -15.772 0.4000000060
56830  29.586  -32.954  -15.475 0.5000000000
56832  28.883  -32.859  -16.135 0.3000000119
56833  28.399  -33.416  -15.935 0.3000000119
56838  31.627  -33.234  -15.823 0.6999999881
56884  36.473  -33.164  -25.204 0.6999999881
56886  37.682  -33.203  -26.388 0.6000000238
56889  38.634  -33.412  -27.516 0.6000000238
56894  38.825  -32.938  -28.000 0.6000000238
57804  29.138  -32.240  -15.774 0.4000000060
57809  28.961  -31.901  -15.722 0.4000000060
57810  28.881  -32.720  -15.999 0.4000000060
57818  32.271  -32.887  -15.364 0.6000000238
57819  29.710  -32.228  -15.841 0.6000000238
57875  35.543  -32.203  -24.867 0.6999999881
57887  37.943  -32.208  -27.478 0.6000000238
58797  33.212  -31.544  -15.941 0.4000000060
58800  30.698  -32.042  -15.740 0.3000000119
58806  31.314  -31.349  -15.877 0.3000000119
58807  29.112  -32.031  -15.958 0.5000000000
58808  28.937  -31.867  -15.994 0.4000000060
58810  28.875  -30.938  -16.070 0.4000000060
58811  27.441  -32.184  -16.015 0.4000000060
58814  29.758  -31.086  -16.056 0.6000000238
58815  29.043  -30.976  -15.966 0.5000000000
58816  28.875  -31.044  -15.975 0.4000000060
58817  28.316  -30.759  -16.069 0.4000000060
58820  33.983  -31.937  -16.806 0.8999999762
58870  35.993  -31.428  -26.003 0.6999999881
58878  37.605  -31.522  -27.817 0.6000000238
59722  34.485  -31.668  -15.639 0.4000000060
59738  31.082  -31.492  -15.854 0.4000000060
59741  28.985  -31.194  -14.966 0.3000000119
59743  27.444  -31.497  -16.059 0.4000000060
59748  33.695  -30.286  -15.579 0.4000000060
59750  31.724  -30.840  -15.959 0.4000000060
59752  29.033  -30.979  -16.075 0.5000000000
59753  28.037  -30.785  -16.041 0.4000000060
59756  29.933  -30.919  -16.110 0.6000000238
59757  29.347  -30.436  -16.270 0.5000000000
59759  28.975  -30.073  -16.470 0.5000000000
59760  28.805  -30.051  -16.391 0.5000000000
59761  27.855  -30.066  -16.051 0.4000000060
59764  32.917  -30.164  -17.046 0.8999999762
59765  32.473  -30.796  -16.668 0.6999999881
59770  28.887  -29.947  -16.962 0.5000000000
59816  34.741  -30.184  -25.674 0.6999999881
59826  36.030  -30.283  -28.022 0.6000000238
60753  30.015  -30.055  -15.896 0.4000000060
60756  27.905  -31.264  -15.956 0.4000000060
60757  27.997  -30.990  -16.000 0.4000000060
60770  31.949  -30.014  -15.948 0.5000000000
60772  31.013  -29.955  -15.902 0.4000000060
60774  29.456  -29.166  -15.732 0.5000000000
60775  28.723  -29.839  -15.913 0.5000000000
60777  27.932  -29.907  -15.903 0.4000000060
60784  33.709  -29.616  -15.388 0.4000000060
60787  30.124  -29.219  -15.808 0.4000000060
60788  28.308  -29.787  -15.980 0.5000000000
60798  31.070  -29.998  -16.972 0.6999999881
60799  30.662  -29.554  -16.863 0.6999999881
60800  30.212  -29.836  -16.731 0.6000000238
60801  29.544  -29.384  -17.243 0.6000000238
60802  28.985  -29.921  -16.906 0.5000000000
60803  27.967  -29.757  -16.146 0.5000000000
60811  30.023  -28.907  -16.884 0.6999999881
60812  30.134  -29.146  -17.071 0.6000000238
60813  29.063  -29.171  -17.195 0.5000000000
60882  35.632  -29.846  -26.737 0.6999999881
61843  32.067  -29.804  -16.173 0.6000000238
61845  31.013  -29.173  -15.967 0.6000000238
61846  28.647  -29.213  -16.047 0.5000000000
61848  27.933  -28.942  -16.658 0.5000000000
61855  31.006  -28.975  -15.913 0.6000000238
61857  29.973  -28.939  -15.987 0.5000000000
61858  27.820  -29.083  -16.808 0.5000000000
61863  31.389  -29.737  -17.005 0.8000000119
61865  28.415  -29.203  -16.942 0.5000000000
61866  28.012  -29.115  -16.817 0.5000000000
62944  28.970  -28.938  -16.263 0.5000000000
62945  28.942  -29.069  -15.977 0.5000000000
62946  28.015  -28.773  -16.699 0.5000000000
62952  31.249  -28.663  -16.366 0.6000000238
62954  31.156  -28.004  -16.103 0.6000000238
62955  29.948  -28.717  -15.930 0.6000000238
62956  29.092  -28.936  -16.313 0.5000000000
62957  27.826  -28.197  -16.915 0.5000000000
62964  28.807  -28.458  -16.920 0.5000000000
62966  27.975  -28.943  -16.824 0.5000000000
62970  31.267  -28.520  -17.069 0.6000000238
62971  30.088  -29.129  -17.654 0.6999999881
62972  29.985  -28.910  -17.010 0.6999999881
64016  28.937  -27.879  -15.919 0.5000000000
64017  28.975  -27.930  -16.388 0.5000000000
64030  31.108  -27.874  -16.794 0.6000000238
64031  30.263  -27.793  -16.643 0.6000000238
64032  29.426  -27.812  -16.990 0.6000000238
64038  32.269  -28.368  -16.966 0.6999999881
64039  31.039  -27.830  -16.895 0.6999999881
64040  30.460  -27.855  -16.974 0.6000000238
64042  29.032  -28.297  -17.104 0.5000000000
64048  30.241  -28.231  -18.064 0.6999999881
64049  29.940  -28.923  -17.729 0.6999999881
64050  29.769  -28.975  -17.103 0.5000000000
64060  34.864  -25.456  -20.046 0.8000000119
64093  34.757  -27.742  -25.352 0.8000000119
65165  27.935  -27.697  -16.339 0.5000000000
65166  28.386  -28.012  -16.849 0.5000000000
65181  29.554  -27.835  -17.011 0.6000000238
65182  29.122  -27.852  -16.909 0.5000000000
65188  30.202  -27.834  -17.162 0.6999999881
65189  29.867  -27.965  -16.993 0.6000000238
65190  29.329  -28.144  -17.049 0.5000000000
65191  28.646  -27.989  -16.915 0.5000000000
65211  30.928  -25.236  -19.765 0.8000000119
65212  30.654  -25.051  -19.794 0.6999999881
65213  29.818  -24.203  -21.295 0.6999999881
65219  30.609  -24.941  -20.346 0.6999999881
66337  34.818  -24.663  -19.624 0.8000000119
66338  31.849  -24.858  -18.910 0.8000000119
66348  33.090  -25.127  -19.882 0.8000000119
66349  31.948  -24.518  -20.055 0.8000000119
66350  30.024  -24.465  -18.917 0.6999999881
66351  30.074  -24.990  -19.513 0.6999999881
66358  31.110  -25.162  -20.026 0.8000000119
66359  30.660  -24.790  -20.206 0.6999999881
66360  29.913  -24.388  -19.459 0.6999999881
66367  30.817  -24.867  -20.579 0.6999999881
66368  29.931  -24.243  -20.678 0.6999999881
67592  33.123  -25.012  -18.952 0.8000000119
67593  32.144  -24.852  -18.828 0.6999999881
67594  32.086  -24.824  -18.866 0.8000000119
67600  30.460  -24.390  -20.147 0.6999999881
67601  29.985  -24.219  -19.192 0.6999999881
67607  34.132  -24.772  -19.781 0.8000000119
67620  31.125  -24.361  -19.924 0.6999999881
67621  30.924  -24.773  -21.075 0.6999999881
67622  30.170  -24.120  -20.143 0.6999999881
67623  30.335  -24.083  -19.768 0.6999999881
68913  32.138  -23.951  -19.127 0.6999999881
68914  31.999  -24.087  -19.145 0.6999999881
68915  31.357  -24.014  -18.061 0.6999999881
68916  30.927  -24.018  -19.086 0.6999999881
68923  34.331  -24.396  -20.004 0.6999999881
68925  32.283  -24.193  -19.994 0.6999999881
68926  30.667  -23.825  -19.739 0.6999999881
68940  32.927  -24.128  -19.952 0.6999999881
68941  32.038  -23.824  -20.012 0.6999999881
68942  30.873  -24.254  -20.927 0.6999999881
68943  29.943  -23.983  -19.921 0.6999999881
68944  30.105  -23.895  -20.005 0.6999999881
70327  33.078  -23.760  -19.919 0.6999999881
70336  31.301  -23.896  -18.856 0.6999999881
70337  30.969  -23.687  -19.778 0.6999999881
70347  31.124  -23.878  -20.037 0.6999999881
70358  31.886  -23.780  -20.214 0.6999999881
70359  30.390  -24.228  -20.263 0.6999999881
70360  30.209  -23.382  -20.286 0.6999999881
70361  30.442  -23.283  -19.853 0.6999999881
70369  35.343  -23.316  -21.704 0.8000000119
71609  32.852  -22.899  -19.751 0.6999999881
71624  32.969  -22.852  -19.999 0.6999999881
71625  31.850  -23.006  -19.889 0.6999999881
71626  31.217  -22.874  -19.319 0.6999999881
71627  31.170  -23.017  -19.803 0.6999999881
71638  30.967  -22.823  -19.895 0.6999999881
71647  30.985  -23.273  -20.191 0.6999999881
72900  32.902  -22.897  -20.042 0.6999999881
72901  31.284  -22.930  -19.844 0.6999999881
72902  31.157  -22.876  -19.885 0.6999999881
74132  30.727  -19.374  -22.506 0.4000000060
74139  31.097  -19.394  -24.083 0.4000000060
74140  30.998  -19.414  -22.838 0.4000000060
74144  31.013  -19.684  -23.498 0.4000000060
75334  35.572  -20.144  -21.864 0.3000000119
75336  31.875  -19.862  -23.037 0.4000000060
75341  30.903  -19.339  -22.555 0.4000000060
76490  34.447  -19.922  -22.198 0.3000000119
76495  34.859  -19.264  -22.557 0.3000000119
76497  33.085  -19.633  -22.632 0.4000000060
76498  32.165  -18.887  -22.670 0.4000000060
76500  31.059  -18.955  -22.963 0.4000000060
76510  31.163  -18.857  -22.952 0.4000000060
77625  33.472  -19.450  -22.611 0.4000000060
77627  31.388  -18.541  -22.007 0.4000000060
77633  35.173  -18.564  -22.950 0.3000000119
77635  34.104  -17.878  -22.838 0.3000000119
192473  31.178  -24.946  -19.536 0.8000000119
192474  33.247  -25.061  -19.131 0.8000000119
192475  28.188  -27.986  -17.122 0.5000000000
192476  28.042  -28.006  -17.056 0.5000000000
192477  27.951  -27.976  -16.848 0.5000000000
192482  32.824  -22.961  -20.833 0.6999999881
194427  35.274  -21.131  -21.553 0.5000000000
194566  31.565  -19.733  -22.967 0.4000000060
194762  31.498  -22.631  -20.682 0.6999999881
194766  31.055  -24.957  -19.379 0.6999999881
194849  31.079  -22.870  -20.239 0.6999999881
194998  31.483  -19.029  -22.810 0.4000000060
195143  33.023  -21.931  -21.025 0.5000000000
195317  31.950  -24.808  -19.357 0.6999999881
195323  31.952  -23.052  -20.037 0.6999999881
195837  34.547  -26.257  -19.208 0.8000000119
195856  31.810  -22.752  -20.476 0.5000000000
196167  29.989  -27.720  -17.154 0.6000000238
196251  32.278  -24.877  -19.094 0.6999999881
196316  33.458  -25.265  -18.909 0.8000000119
196432  34.259  -22.937  -20.404 0.5000000000
196548  28.094  -27.912  -16.772 0.5000000000
196550  31.144  -18.986  -22.748 0.4000000060
196877  30.534  -28.155  -17.521 0.6999999881
199320  33.923  -24.961  -19.975 0.8000000119
200503  32.194  -24.891  -19.189 0.8000000119
200793  33.902  -24.804  -19.160 0.6999999881
203356  35.722  -33.527  -24.435 0.8000000119
203601  29.158  -27.799  -16.976 0.6000000238
204895  29.059  -30.145  -16.994 0.5000000000
205985  30.253  -34.186  -15.940 0.4000000060
206814  38.063  -35.131  -26.773 0.5000000000
206951  31.135  -24.099  -20.028 0.6999999881
210287  29.055  -29.191  -17.048 0.5000000000
211996  34.359  -24.749  -19.723 0.8000000119
212197  36.035  -19.679  -21.358 0.3000000119
213082  29.144  -29.096  -16.003 0.5000000000
214337  30.889  -38.075  -24.394 0.8000000119
215006  30.269  -28.385  -18.182 0.6999999881
217840  27.815  -29.974  -15.988 0.5000000000
220395  33.094  -23.057  -19.998 0.5000000000
220955  32.138  -20.122  -22.996 0.4000000060
220956  30.958  -19.301  -22.610 0.4000000060
220991  31.925  -19.138  -22.794 0.4000000060
221277  32.434  -22.020  -20.971 0.6999999881
221278  30.836  -22.967  -20.079 0.6999999881
221285  31.811  -24.874  -19.665 0.6999999881
221808  32.263  -22.327  -20.874 0.6999999881
222021  32.933  -21.922  -21.062 0.5000000000
222292  33.024  -23.670  -20.064 0.6999999881
224329  34.675  -21.023  -21.911 0.4000000060
224354  34.963  -20.023  -22.043 0.3000000119
225603  28.936  -27.823  -17.268 0.5000000000
225717  33.287  -31.511  -15.990 0.4000000060
225791  28.856  -29.101  -16.888 0.5000000000
227216  30.112  -27.946  -16.907 0.6000000238
227278  33.108  -28.932  -17.309 0.6999999881
227376  33.817  -23.975  -19.924 0.6999999881
228121  30.084  -31.076  -16.077 0.6000000238
229566  32.146  -36.629  -16.865 0.5000000000
229595  31.753  -23.903  -20.221 0.6999999881
229625  31.742  -18.876  -22.124 0.4000000060
229906  32.352  -24.941  -18.902 0.8000000119
231123  27.918  -28.922  -16.663 0.5000000000
231293  27.905  -31.294  -15.887 0.3000000119
232451  35.909  -19.126  -22.131 0.3000000119
232657  34.976  -29.137  -17.109 0.6000000238
232965  31.275  -29.070  -15.955 0.6000000238
233803  31.003  -19.822  -23.340 0.4000000060
233987  29.078  -34.703  -15.616 0.3000000119
234478  32.279  -26.981  -12.396 0.3000000119
235983  30.179  -28.975  -17.005 0.5000000000
236564  33.951  -31.375  -15.706 0.4000000060
237483  39.530  -33.359  -28.502 0.6000000238
237797  31.888  -23.940  -20.323 0.6999999881
238682  30.189  -23.235  -20.338 0.6999999881
238812  30.148  -28.651  -17.898 0.6999999881
239639  30.152  -29.884  -15.965 0.4000000060
239750  32.918  -41.532  -22.011 0.5000000000
