#!ascii label  , from subject sub-v2s11x28678_ses-1 vox2ras=TkReg
2191
75046  -29.232  -14.859  41.533 0.0000000000
100470  -42.553  4.499  33.192 0.0000000000
86582  -29.891  -6.038  30.574 0.0000000000
163596  -4.463  -27.863  37.302 0.0000000000
73072  -18.100  -16.228  42.657 0.0000000000
68662  -6.022  -19.431  39.922 0.0000000000
68586  -5.779  -20.040  47.751 0.0000000000
91770  -36.473  -1.864  30.834 0.0000000000
73150  -4.450  -16.511  33.311 0.0000000000
53190  -3.948  -30.426  45.481 0.0000000000
76155  -26.965  -14.646  35.022 0.0000000000
193397  -25.727  -18.103  39.816 0.0000000000
70949  -24.137  -17.768  43.436 0.0000000000
104484  -42.703  6.767  30.361 0.0000000000
90578  -32.786  -3.181  30.880 0.0000000000
66521  -15.226  -20.771  38.917 0.0000000000
76130  -3.917  -13.640  37.437 0.0000000000
63281  -6.918  -23.160  38.465 0.0000000000
65520  -7.319  -22.576  34.248 0.0000000000
58777  -5.375  -27.220  33.733 0.0000000000
63177  -9.131  -23.666  48.588 0.0000000000
59734  -5.629  -25.838  50.982 0.0000000000
83810  -27.966  -8.646  32.539 0.0000000000
73023  -22.812  -17.050  46.643 0.0000000000
175793  -19.663  -16.084  39.314 0.0000000000
68626  -5.989  -19.327  44.204 0.0000000000
63218  -5.646  -23.113  42.729 0.0000000000
186998  -39.291  0.664  32.942 0.0000000000
165487  -11.179  -22.561  45.645 0.0000000000
64336  -13.456  -22.153  42.050 0.0000000000
71061  -4.713  -18.401  36.528 0.0000000000
66589  -3.721  -21.108  31.158 0.0000000000
67498  -4.998  -20.388  52.341 0.0000000000
62018  -4.269  -24.813  47.633 0.0000000000
163269  -3.422  -29.643  41.465 0.0000000000
77153  -29.227  -13.320  40.574 0.0000000000
73105  -28.736  -16.206  39.723 0.0000000000
75069  -28.860  -14.658  37.898 0.0000000000
72055  -27.584  -15.960  40.910 0.0000000000
69885  -27.015  -17.751  37.610 0.0000000000
73065  -26.522  -15.906  42.839 0.0000000000
101490  -43.734  5.240  31.457 0.0000000000
99482  -37.964  3.676  31.518 0.0000000000
101501  -40.272  5.418  30.479 0.0000000000
172304  -40.703  5.753  28.780 0.0000000000
88461  -31.477  -4.929  30.547 0.0000000000
84783  -27.763  -7.720  30.339 0.0000000000
87479  -28.267  -5.469  29.522 0.0000000000
89542  -29.934  -3.793  29.254 0.0000000000
61048  -4.762  -25.214  37.914 0.0000000000
61100  -6.119  -25.633  35.466 0.0000000000
57617  -4.631  -27.680  35.696 0.0000000000
192885  -4.263  -29.576  33.638 0.0000000000
54402  -4.816  -29.935  35.675 0.0000000000
59779  -8.835  -25.728  45.292 0.0000000000
57481  -8.001  -26.923  47.331 0.0000000000
81718  -27.864  -9.859  33.886 0.0000000000
78311  -26.405  -11.822  36.926 0.0000000000
77210  -25.587  -13.563  34.778 0.0000000000
80591  -26.518  -11.061  35.258 0.0000000000
81725  -26.416  -9.961  32.773 0.0000000000
187154  -24.022  -14.935  47.334 0.0000000000
69867  -22.978  -18.984  40.001 0.0000000000
191885  -21.906  -17.007  41.493 0.0000000000
103530  -42.590  7.141  25.814 0.0000000000
103536  -43.834  7.295  24.773 0.0000000000
67527  -5.956  -20.285  45.681 0.0000000000
65436  -7.535  -21.591  44.060 0.0000000000
175038  -6.879  -22.158  45.571 0.0000000000
94175  -38.123  -0.660  31.944 0.0000000000
91805  -34.090  -2.646  28.019 0.0000000000
91809  -36.068  -1.355  28.594 0.0000000000
95396  -37.604  0.072  28.857 0.0000000000
67519  -11.111  -20.480  48.150 0.0000000000
68595  -12.469  -19.832  47.522 0.0000000000
72061  -3.979  -17.176  40.457 0.0000000000
72105  -3.782  -16.935  38.519 0.0000000000
69891  -5.949  -18.936  37.924 0.0000000000
62310  -5.684  -24.336  31.415 0.0000000000
65530  -5.316  -22.160  32.862 0.0000000000
176856  -4.707  -23.137  29.938 0.0000000000
67494  -6.709  -20.616  53.972 0.0000000000
56393  -4.174  -28.289  48.218 0.0000000000
59736  -3.699  -25.457  49.650 0.0000000000
57489  -3.591  -27.536  46.453 0.0000000000
167748  -3.480  -26.154  44.141 0.0000000000
54291  -3.686  -29.782  43.251 0.0000000000
77172  -27.361  -13.417  37.668 0.0000000000
179365  -25.081  -15.825  45.734 0.0000000000
74028  -26.077  -15.360  44.401 0.0000000000
70988  -24.735  -17.400  41.491 0.0000000000
184642  -41.498  7.414  29.296 0.0000000000
175213  -41.901  6.165  27.180 0.0000000000
90580  -34.673  -2.751  31.182 0.0000000000
90596  -32.167  -2.448  29.090 0.0000000000
71011  -16.629  -17.406  39.378 0.0000000000
69850  -16.146  -18.475  40.486 0.0000000000
75096  -3.468  -15.200  35.373 0.0000000000
67584  -8.163  -20.535  39.705 0.0000000000
68731  -8.031  -19.827  36.735 0.0000000000
63317  -7.772  -23.283  36.379 0.0000000000
61131  -6.702  -25.517  33.494 0.0000000000
58805  -4.591  -26.718  31.079 0.0000000000
65399  -9.032  -22.207  50.748 0.0000000000
64277  -7.556  -23.409  51.994 0.0000000000
60901  -7.490  -25.429  49.552 0.0000000000
56396  -6.376  -28.297  48.308 0.0000000000
84773  -29.003  -7.692  31.020 0.0000000000
82865  -27.136  -9.182  31.044 0.0000000000
73039  -20.482  -16.075  44.350 0.0000000000
72005  -23.168  -17.217  45.023 0.0000000000
72028  -21.354  -16.598  43.069 0.0000000000
73084  -19.194  -15.877  40.904 0.0000000000
70967  -4.038  -18.079  42.001 0.0000000000
69807  -4.524  -18.556  43.858 0.0000000000
192141  -6.602  -19.259  41.969 0.0000000000
66492  -8.448  -21.004  42.084 0.0000000000
63251  -6.699  -23.644  40.825 0.0000000000
198029  -5.032  -25.911  39.351 0.0000000000
97388  -41.342  2.458  33.711 0.0000000000
97399  -36.974  1.753  30.593 0.0000000000
66443  -10.042  -21.205  49.152 0.0000000000
64295  -10.073  -23.192  47.088 0.0000000000
59790  -10.244  -25.713  44.317 0.0000000000
68651  -15.765  -19.506  42.028 0.0000000000
68631  -14.720  -19.767  43.669 0.0000000000
68605  -13.488  -19.741  45.816 0.0000000000
64319  -12.089  -22.318  43.878 0.0000000000
166445  -10.678  -24.797  42.362 0.0000000000
76113  -3.734  -14.342  39.172 0.0000000000
73120  -3.811  -16.125  36.880 0.0000000000
72155  -4.135  -17.463  34.922 0.0000000000
67614  -6.266  -20.282  35.450 0.0000000000
68775  -5.064  -19.795  33.846 0.0000000000
69990  -3.912  -18.718  32.124 0.0000000000
67512  -5.538  -20.383  50.234 0.0000000000
63158  -5.131  -23.774  51.965 0.0000000000
174972  -5.015  -23.196  50.015 0.0000000000
64289  -5.783  -23.077  47.948 0.0000000000
62053  -4.057  -23.979  45.019 0.0000000000
59823  -4.193  -25.716  41.766 0.0000000000
163955  -4.445  -28.506  39.063 0.0000000000
166494  -4.176  -32.815  42.968 0.0000000000
50127  -3.814  -32.870  40.878 0.0000000000
52215  -4.768  -31.030  37.100 0.0000000000
76103  -29.665  -13.808  41.391 0.0000000000
77129  -29.693  -13.121  42.184 0.0000000000
74064  -29.011  -15.384  40.953 0.0000000000
75058  -29.498  -14.821  40.206 0.0000000000
169979  -27.994  -15.041  41.555 0.0000000000
176270  -27.993  -15.672  40.621 0.0000000000
76093  -28.662  -14.152  42.300 0.0000000000
74049  -27.953  -15.125  42.075 0.0000000000
100485  -42.991  4.887  32.221 0.0000000000
100481  -40.155  4.334  32.255 0.0000000000
100511  -38.786  4.905  31.004 0.0000000000
101477  -41.588  4.825  31.781 0.0000000000
101502  -42.136  5.198  30.715 0.0000000000
87470  -30.024  -5.447  30.364 0.0000000000
87462  -31.848  -5.556  30.873 0.0000000000
166665  -31.489  -5.922  30.917 0.0000000000
85709  -28.011  -6.963  29.514 0.0000000000
86580  -28.792  -6.329  30.210 0.0000000000
88473  -29.536  -5.056  29.788 0.0000000000
59898  -4.606  -26.504  37.239 0.0000000000
59907  -4.928  -26.635  36.710 0.0000000000
176303  -4.426  -27.866  36.437 0.0000000000
55566  -4.500  -28.846  35.585 0.0000000000
195939  -4.461  -29.072  36.599 0.0000000000
58661  -9.327  -26.558  44.425 0.0000000000
57529  -8.481  -27.546  44.456 0.0000000000
80572  -27.086  -11.203  36.234 0.0000000000
79413  -26.175  -11.573  36.496 0.0000000000
80582  -27.101  -10.886  35.592 0.0000000000
81704  -27.582  -10.164  34.187 0.0000000000
104502  -42.847  7.618  27.394 0.0000000000
103531  -43.118  7.384  25.594 0.0000000000
106343  -44.182  8.635  26.116 0.0000000000
184219  -5.635  -20.032  47.090 0.0000000000
67528  -6.619  -20.667  46.120 0.0000000000
66454  -6.771  -21.150  46.550 0.0000000000
91752  -37.420  -1.453  31.894 0.0000000000
92949  -38.267  -1.439  32.892 0.0000000000
91782  -35.175  -2.176  29.632 0.0000000000
91807  -35.395  -2.474  27.781 0.0000000000
91784  -36.598  -1.708  29.950 0.0000000000
92994  -37.577  -0.964  30.203 0.0000000000
68578  -13.129  -19.341  48.617 0.0000000000
68589  -13.377  -19.620  48.037 0.0000000000
163841  -18.944  -16.458  44.268 0.0000000000
72014  -17.659  -16.918  43.800 0.0000000000
74114  -4.551  -16.047  33.430 0.0000000000
70999  -4.943  -18.294  40.255 0.0000000000
71023  -4.892  -18.202  38.953 0.0000000000
69875  -6.071  -18.961  38.733 0.0000000000
61176  -4.894  -24.748  30.774 0.0000000000
171308  -5.355  -23.805  31.077 0.0000000000
62337  -4.021  -24.796  29.492 0.0000000000
69719  -7.484  -18.634  54.832 0.0000000000
67496  -8.126  -20.561  53.838 0.0000000000
54254  -3.982  -29.634  46.737 0.0000000000
56412  -3.939  -28.507  47.037 0.0000000000
168379  -3.628  -28.941  45.680 0.0000000000
176647  -3.551  -28.491  44.846 0.0000000000
53197  -3.645  -30.105  44.737 0.0000000000
77167  -28.462  -13.064  38.939 0.0000000000
184861  -27.769  -14.134  37.501 0.0000000000
77173  -27.702  -12.871  38.097 0.0000000000
188299  -27.737  -11.846  37.620 0.0000000000
72053  -26.633  -16.781  41.596 0.0000000000
72040  -26.170  -16.968  42.588 0.0000000000
69842  -24.820  -17.409  40.865 0.0000000000
68667  -23.690  -19.165  40.067 0.0000000000
104483  -42.323  6.950  29.961 0.0000000000
101522  -42.985  5.564  29.700 0.0000000000
102513  -42.067  5.510  28.268 0.0000000000
182782  -42.961  6.405  29.405 0.0000000000
103519  -42.635  6.848  28.684 0.0000000000
90579  -33.948  -2.906  30.914 0.0000000000
89509  -35.136  -3.976  32.347 0.0000000000
89507  -34.134  -4.345  31.815 0.0000000000
90587  -31.347  -3.228  30.284 0.0000000000
89543  -30.466  -3.399  29.276 0.0000000000
90588  -32.137  -2.371  30.418 0.0000000000
91780  -33.465  -2.433  29.734 0.0000000000
77182  -3.717  -13.006  36.903 0.0000000000
76141  -3.787  -13.822  35.876 0.0000000000
75080  -3.535  -14.402  36.334 0.0000000000
65479  -7.880  -22.252  38.647 0.0000000000
65486  -8.308  -21.915  37.604 0.0000000000
63295  -7.303  -23.212  37.798 0.0000000000
171179  -5.483  -26.734  34.572 0.0000000000
61113  -6.547  -25.962  34.486 0.0000000000
59966  -6.124  -26.398  33.014 0.0000000000
59983  -6.109  -26.007  32.306 0.0000000000
58792  -4.896  -27.120  32.617 0.0000000000
57684  -4.567  -27.541  32.445 0.0000000000
64286  -9.122  -23.008  49.440 0.0000000000
63171  -8.411  -23.769  50.167 0.0000000000
62013  -8.507  -24.452  48.972 0.0000000000
55373  -7.324  -28.690  46.636 0.0000000000
57480  -7.439  -27.458  47.670 0.0000000000
189554  -6.485  -29.362  46.991 0.0000000000
55363  -5.633  -29.135  47.549 0.0000000000
83820  -28.500  -8.187  31.469 0.0000000000
82845  -27.367  -9.206  32.588 0.0000000000
81737  -26.835  -9.532  32.391 0.0000000000
82846  -27.608  -8.841  32.262 0.0000000000
165740  -27.863  -8.363  31.195 0.0000000000
73011  -22.300  -16.825  47.047 0.0000000000
73020  -21.271  -16.876  46.574 0.0000000000
191313  -21.680  -16.555  45.361 0.0000000000
73041  -24.487  -16.722  44.898 0.0000000000
73033  -24.097  -16.832  45.640 0.0000000000
170070  -23.561  -17.259  44.616 0.0000000000
72067  -20.818  -16.530  40.276 0.0000000000
73063  -21.643  -16.511  42.167 0.0000000000
72052  -20.664  -16.350  41.015 0.0000000000
73085  -20.328  -15.935  41.709 0.0000000000
73097  -19.614  -16.044  40.330 0.0000000000
73103  -18.472  -16.158  39.303 0.0000000000
68614  -4.028  -19.425  44.825 0.0000000000
69809  -5.386  -18.974  43.887 0.0000000000
69817  -4.932  -18.835  42.747 0.0000000000
173964  -6.914  -19.496  43.148 0.0000000000
68649  -7.787  -19.720  42.007 0.0000000000
68629  -7.985  -19.870  43.213 0.0000000000
63211  -6.677  -23.739  43.214 0.0000000000
64324  -7.305  -23.068  42.390 0.0000000000
62094  -6.058  -23.935  41.670 0.0000000000
62122  -5.406  -24.819  40.228 0.0000000000
171976  -4.966  -24.773  40.638 0.0000000000
96406  -40.495  1.350  33.488 0.0000000000
186505  -41.611  1.561  34.599 0.0000000000
95351  -40.774  0.300  33.978 0.0000000000
95370  -37.704  0.539  31.542 0.0000000000
96425  -37.343  1.000  29.707 0.0000000000
96414  -37.652  1.146  31.520 0.0000000000
97391  -38.868  2.339  32.625 0.0000000000
67514  -10.840  -20.235  49.874 0.0000000000
65415  -11.081  -21.640  46.542 0.0000000000
65410  -10.303  -21.825  47.716 0.0000000000
64299  -10.453  -22.926  45.966 0.0000000000
62031  -9.799  -24.230  45.934 0.0000000000
63202  -10.593  -23.955  44.738 0.0000000000
68676  -15.661  -19.791  39.664 0.0000000000
194604  -16.138  -18.853  41.742 0.0000000000
67573  -15.317  -20.089  40.797 0.0000000000
65450  -13.640  -21.833  41.336 0.0000000000
66493  -14.572  -21.063  42.017 0.0000000000
66485  -14.205  -21.061  42.966 0.0000000000
68618  -14.388  -19.834  45.091 0.0000000000
66470  -13.673  -20.680  44.027 0.0000000000
66469  -13.072  -21.278  44.460 0.0000000000
64328  -12.771  -21.997  43.221 0.0000000000
62109  -11.248  -24.557  41.225 0.0000000000
75057  -4.369  -14.743  39.862 0.0000000000
71039  -4.601  -17.622  37.463 0.0000000000
72118  -3.966  -16.638  37.360 0.0000000000
72131  -4.153  -17.257  36.295 0.0000000000
72141  -3.802  -16.754  35.846 0.0000000000
71070  -4.239  -18.148  35.461 0.0000000000
66549  -7.707  -21.250  35.385 0.0000000000
67615  -6.799  -20.198  35.850 0.0000000000
66556  -6.625  -21.345  34.644 0.0000000000
65540  -4.645  -21.814  32.136 0.0000000000
66562  -5.179  -20.921  33.403 0.0000000000
66569  -4.013  -21.006  32.768 0.0000000000
68774  -4.203  -19.420  33.198 0.0000000000
67654  -3.741  -19.983  31.529 0.0000000000
68820  -3.827  -19.638  30.282 0.0000000000
67507  -5.122  -20.393  51.116 0.0000000000
62006  -6.575  -24.665  51.293 0.0000000000
168198  -6.139  -23.798  52.425 0.0000000000
62005  -5.103  -24.721  51.450 0.0000000000
60903  -4.049  -25.196  48.862 0.0000000000
63169  -4.113  -24.227  50.145 0.0000000000
62015  -4.849  -24.578  48.833 0.0000000000
166451  -5.419  -22.914  48.774 0.0000000000
63183  -4.721  -23.815  47.310 0.0000000000
184431  -5.417  -23.565  46.852 0.0000000000
62028  -4.093  -24.830  45.982 0.0000000000
164689  -3.234  -28.074  42.982 0.0000000000
59811  -3.596  -26.133  42.862 0.0000000000
57562  -3.519  -27.680  41.340 0.0000000000
58696  -3.240  -27.001  40.357 0.0000000000
56518  -3.980  -29.082  40.219 0.0000000000
48984  -3.670  -34.241  41.848 0.0000000000
51165  -3.774  -32.951  41.827 0.0000000000
78291  -29.093  -12.307  39.648 0.0000000000
73116  -28.724  -16.354  37.994 0.0000000000
74079  -29.097  -15.735  37.545 0.0000000000
174913  -29.053  -15.047  38.573 0.0000000000
76115  -28.751  -13.679  39.307 0.0000000000
72068  -26.778  -16.927  40.751 0.0000000000
72083  -27.558  -16.900  39.729 0.0000000000
72098  -27.950  -17.076  38.654 0.0000000000
73075  -27.441  -15.994  42.271 0.0000000000
103486  -43.371  6.046  31.072 0.0000000000
101516  -38.065  5.565  29.859 0.0000000000
181820  -39.105  5.704  28.589 0.0000000000
101543  -39.628  5.704  28.195 0.0000000000
101535  -40.320  5.761  29.348 0.0000000000
101503  -42.923  5.289  30.214 0.0000000000
89522  -31.858  -4.090  30.531 0.0000000000
89506  -33.718  -4.690  31.525 0.0000000000
88463  -32.836  -4.965  31.294 0.0000000000
88444  -33.089  -5.789  31.730 0.0000000000
167435  -26.531  -8.352  30.242 0.0000000000
84782  -26.867  -7.507  29.694 0.0000000000
86590  -27.278  -6.485  29.334 0.0000000000
87478  -27.744  -4.906  29.192 0.0000000000
88483  -27.691  -4.260  28.977 0.0000000000
88485  -29.085  -4.406  29.296 0.0000000000
88475  -30.738  -4.410  30.259 0.0000000000
195463  -5.884  -24.508  38.106 0.0000000000
62201  -6.191  -24.716  37.198 0.0000000000
61067  -5.526  -25.125  37.132 0.0000000000
59920  -5.167  -26.358  35.821 0.0000000000
165113  -5.131  -27.279  34.560 0.0000000000
164036  -4.532  -28.054  33.635 0.0000000000
164746  -4.449  -28.712  34.769 0.0000000000
54413  -4.457  -29.937  34.198 0.0000000000
163818  -8.916  -24.785  46.951 0.0000000000
60908  -8.401  -25.537  47.841 0.0000000000
58639  -8.767  -26.074  46.321 0.0000000000
82837  -27.701  -9.309  33.157 0.0000000000
183033  -26.512  -13.395  36.231 0.0000000000
76154  -26.549  -14.457  34.799 0.0000000000
77190  -25.862  -12.743  36.220 0.0000000000
78323  -25.544  -11.960  35.248 0.0000000000
79449  -25.637  -11.696  34.435 0.0000000000
80603  -26.251  -10.706  33.854 0.0000000000
81717  -27.444  -9.990  33.707 0.0000000000
73013  -23.200  -16.578  46.968 0.0000000000
70986  -23.743  -17.963  41.484 0.0000000000
70970  -22.998  -17.513  42.151 0.0000000000
69852  -22.783  -18.178  40.226 0.0000000000
71012  -21.039  -16.876  39.351 0.0000000000
188604  -42.222  7.034  23.652 0.0000000000
103548  -43.183  6.794  23.423 0.0000000000
103549  -43.866  7.171  23.343 0.0000000000
165780  -44.447  7.521  22.433 0.0000000000
67532  -6.364  -20.046  45.158 0.0000000000
67543  -7.464  -20.371  44.430 0.0000000000
67534  -7.230  -20.643  44.979 0.0000000000
65423  -7.081  -21.760  45.191 0.0000000000
63201  -6.184  -23.151  44.190 0.0000000000
94185  -38.717  -0.217  32.423 0.0000000000
92951  -39.306  -0.943  33.620 0.0000000000
91821  -34.700  -2.837  27.189 0.0000000000
93027  -35.527  -1.881  27.321 0.0000000000
94215  -35.267  -0.671  28.125 0.0000000000
93018  -37.226  -0.743  28.496 0.0000000000
94194  -37.704  -0.383  30.140 0.0000000000
68576  -11.851  -19.549  49.213 0.0000000000
68581  -11.961  -19.604  48.603 0.0000000000
67521  -11.701  -20.103  47.850 0.0000000000
66455  -11.719  -21.445  46.190 0.0000000000
64362  -13.311  -22.819  39.404 0.0000000000
64344  -12.372  -22.925  41.264 0.0000000000
73093  -4.168  -16.471  40.259 0.0000000000
74067  -4.171  -15.700  39.714 0.0000000000
188442  -4.093  -17.264  39.285 0.0000000000
71022  -4.336  -17.793  38.338 0.0000000000
69905  -5.289  -18.621  36.810 0.0000000000
63369  -6.067  -23.283  32.512 0.0000000000
63370  -6.260  -22.527  32.923 0.0000000000
64453  -5.603  -22.887  31.944 0.0000000000
180392  -5.097  -22.796  31.167 0.0000000000
65547  -4.279  -22.416  30.951 0.0000000000
71931  -7.069  -17.283  54.477 0.0000000000
166160  -5.969  -19.215  54.084 0.0000000000
67499  -6.034  -20.761  53.391 0.0000000000
192708  -4.866  -27.659  49.062 0.0000000000
59738  -4.437  -26.077  50.642 0.0000000000
57464  -3.806  -26.880  48.952 0.0000000000
188267  -3.631  -26.409  47.892 0.0000000000
59760  -3.573  -25.903  46.531 0.0000000000
60939  -3.566  -25.460  45.200 0.0000000000
58648  -3.518  -26.969  45.187 0.0000000000
56466  -2.937  -28.138  43.633 0.0000000000
55425  -3.228  -29.294  42.547 0.0000000000
75089  -27.740  -15.217  35.595 0.0000000000
75076  -28.650  -14.770  37.037 0.0000000000
75081  -28.106  -14.731  36.915 0.0000000000
76143  -27.332  -14.140  36.344 0.0000000000
198047  -26.762  -12.763  37.065 0.0000000000
79406  -27.804  -11.714  37.003 0.0000000000
73052  -25.416  -16.123  43.836 0.0000000000
73054  -26.268  -15.702  43.199 0.0000000000
72019  -25.673  -16.087  43.212 0.0000000000
70973  -24.835  -17.432  42.244 0.0000000000
69854  -23.375  -18.514  40.148 0.0000000000
177808  -40.701  5.819  25.935 0.0000000000
103525  -42.358  6.413  26.786 0.0000000000
104499  -42.698  7.048  27.813 0.0000000000
91769  -35.779  -2.270  31.182 0.0000000000
90547  -36.583  -2.792  32.670 0.0000000000
90562  -35.661  -3.075  31.981 0.0000000000
89552  -29.349  -3.505  28.254 0.0000000000
90605  -32.617  -2.590  28.441 0.0000000000
91781  -34.432  -2.393  29.395 0.0000000000
184024  -17.467  -16.849  40.999 0.0000000000
72037  -17.153  -17.138  42.091 0.0000000000
72077  -16.511  -17.470  40.130 0.0000000000
68677  -15.885  -19.152  39.350 0.0000000000
75097  -3.892  -14.633  34.906 0.0000000000
73144  -3.813  -16.419  34.317 0.0000000000
68675  -7.519  -19.481  39.749 0.0000000000
68686  -7.256  -19.156  38.439 0.0000000000
68702  -8.150  -20.091  38.228 0.0000000000
66541  -8.348  -21.341  36.325 0.0000000000
63341  -7.591  -23.152  34.900 0.0000000000
62244  -7.136  -24.384  35.628 0.0000000000
62261  -7.353  -24.832  34.760 0.0000000000
63354  -7.213  -24.103  33.654 0.0000000000
171548  -6.447  -25.017  32.604 0.0000000000
167586  -8.176  -21.708  52.858 0.0000000000
65398  -8.592  -22.709  51.255 0.0000000000
62008  -7.750  -24.054  50.591 0.0000000000
163271  -6.892  -25.783  50.033 0.0000000000
58612  -7.745  -26.299  48.340 0.0000000000
191031  -7.112  -26.437  49.209 0.0000000000
58608  -6.268  -27.047  49.653 0.0000000000
56394  -5.277  -28.645  48.349 0.0000000000
55362  -4.903  -29.189  47.144 0.0000000000
53182  -4.544  -30.333  46.201 0.0000000000
85689  -29.319  -7.080  30.873 0.0000000000
86570  -30.367  -6.384  30.967 0.0000000000
85681  -29.528  -7.232  31.501 0.0000000000
76163  -26.428  -14.639  34.130 0.0000000000
175214  -25.951  -8.913  30.946 0.0000000000
83829  -28.214  -7.805  30.720 0.0000000000
164129  -20.298  -16.323  45.156 0.0000000000
73049  -19.684  -16.238  43.861 0.0000000000
183649  -24.651  -15.322  46.503 0.0000000000
73025  -23.955  -16.652  46.246 0.0000000000
71992  -23.139  -17.174  46.058 0.0000000000
70957  -22.204  -17.700  43.374 0.0000000000
72017  -22.344  -17.364  44.427 0.0000000000
71995  -22.027  -16.968  45.092 0.0000000000
73051  -21.119  -16.506  43.654 0.0000000000
165596  -19.918  -15.737  43.116 0.0000000000
186945  -18.545  -16.003  42.023 0.0000000000
72065  -17.768  -16.659  40.394 0.0000000000
104536  -45.134  8.035  22.295 0.0000000000
191580  -45.972  8.328  21.415 0.0000000000
105452  -46.872  9.593  21.113 0.0000000000
70997  -3.808  -17.626  41.071 0.0000000000
190295  -4.932  -18.900  41.251 0.0000000000
70954  -4.231  -18.089  42.629 0.0000000000
69827  -5.085  -18.925  41.932 0.0000000000
68655  -6.106  -19.449  40.583 0.0000000000
68664  -7.522  -19.629  40.488 0.0000000000
66506  -8.382  -21.148  40.638 0.0000000000
65464  -7.773  -22.206  40.070 0.0000000000
65443  -8.069  -21.858  42.695 0.0000000000
64342  -7.530  -22.700  41.095 0.0000000000
64360  -6.727  -23.358  39.673 0.0000000000
190413  -5.800  -25.006  39.386 0.0000000000
61031  -4.932  -25.787  38.877 0.0000000000
59883  -4.439  -26.470  38.441 0.0000000000
175854  -41.577  3.383  33.715 0.0000000000
95394  -36.372  0.589  29.223 0.0000000000
96423  -36.336  1.427  29.739 0.0000000000
98463  -36.080  2.633  30.120 0.0000000000
196488  -37.553  3.019  31.587 0.0000000000
98454  -39.483  2.878  32.842 0.0000000000
65403  -9.684  -21.830  49.614 0.0000000000
64287  -9.583  -22.530  49.009 0.0000000000
66444  -10.376  -20.633  48.803 0.0000000000
65408  -9.930  -22.021  48.458 0.0000000000
63182  -9.762  -23.618  47.536 0.0000000000
59780  -9.222  -25.501  44.822 0.0000000000
72025  -16.727  -17.427  42.499 0.0000000000
183809  -16.533  -18.114  43.447 0.0000000000
69811  -16.477  -18.923  43.735 0.0000000000
66501  -14.924  -20.645  41.100 0.0000000000
67553  -15.305  -20.019  42.940 0.0000000000
69799  -15.999  -18.999  44.924 0.0000000000
69790  -14.316  -18.226  45.490 0.0000000000
184547  -14.265  -19.087  46.590 0.0000000000
181359  -13.956  -19.472  47.064 0.0000000000
67530  -13.170  -20.339  46.418 0.0000000000
66461  -12.385  -21.335  45.271 0.0000000000
64312  -11.923  -22.370  44.580 0.0000000000
63233  -11.672  -23.101  41.677 0.0000000000
63222  -11.187  -23.534  42.626 0.0000000000
63203  -11.120  -23.581  44.158 0.0000000000
60976  -10.336  -25.061  43.103 0.0000000000
186731  -3.860  -13.667  38.177 0.0000000000
193410  -3.698  -15.257  38.818 0.0000000000
193861  -3.710  -15.376  38.127 0.0000000000
75074  -3.770  -14.349  37.188 0.0000000000
74095  -3.306  -15.718  35.726 0.0000000000
73138  -3.663  -16.354  34.903 0.0000000000
182393  -3.965  -16.863  34.042 0.0000000000
68715  -6.987  -19.354  36.967 0.0000000000
68714  -6.365  -19.086  36.624 0.0000000000
69941  -5.242  -19.291  35.958 0.0000000000
66563  -5.593  -21.394  33.785 0.0000000000
68762  -5.646  -19.584  34.362 0.0000000000
69954  -4.672  -19.186  35.044 0.0000000000
69953  -4.331  -18.954  34.437 0.0000000000
170999  -3.801  -18.353  33.276 0.0000000000
169772  -4.048  -18.068  32.572 0.0000000000
70006  -4.492  -18.367  31.145 0.0000000000
66430  -7.349  -21.917  53.569 0.0000000000
65391  -6.099  -22.475  52.894 0.0000000000
66432  -5.466  -21.909  52.427 0.0000000000
62004  -4.527  -24.403  51.086 0.0000000000
64279  -4.930  -23.165  51.061 0.0000000000
65397  -5.304  -21.815  50.935 0.0000000000
65401  -5.452  -21.791  50.330 0.0000000000
197024  -5.952  -21.399  49.192 0.0000000000
66447  -6.418  -20.963  47.960 0.0000000000
64294  -6.338  -22.238  46.654 0.0000000000
64297  -6.139  -23.466  45.609 0.0000000000
63209  -5.063  -23.677  43.792 0.0000000000
62051  -2.370  -24.759  44.057 0.0000000000
197790  -2.370  -25.016  42.899 0.0000000000
62092  -4.121  -24.454  41.702 0.0000000000
193139  -4.788  -25.873  40.641 0.0000000000
59868  -4.121  -26.725  39.467 0.0000000000
178815  -4.516  -28.383  38.216 0.0000000000
51146  -3.878  -32.058  45.098 0.0000000000
182121  -3.879  -33.680  44.056 0.0000000000
52167  -4.436  -31.971  43.917 0.0000000000
52171  -4.197  -31.367  43.006 0.0000000000
52178  -4.177  -31.273  42.127 0.0000000000
53224  -4.205  -30.651  41.411 0.0000000000
186462  -3.785  -31.995  40.135 0.0000000000
54341  -4.295  -30.358  40.483 0.0000000000
54354  -4.504  -30.400  39.665 0.0000000000
54372  -4.458  -29.774  38.174 0.0000000000
174136  -4.541  -29.269  37.190 0.0000000000
181108  -4.791  -30.099  36.279 0.0000000000
192714  -4.721  -31.441  35.570 0.0000000000
176549  -29.733  -14.575  41.265 0.0000000000
75040  -29.666  -14.331  41.683 0.0000000000
75053  -29.573  -15.083  40.971 0.0000000000
74056  -28.652  -15.062  41.380 0.0000000000
74055  -28.321  -15.379  41.135 0.0000000000
75039  -28.951  -14.488  41.877 0.0000000000
75045  -28.354  -14.875  41.778 0.0000000000
76094  -29.391  -13.912  42.040 0.0000000000
196630  -42.781  4.808  32.812 0.0000000000
100473  -43.893  4.530  33.223 0.0000000000
100472  -43.377  4.257  33.256 0.0000000000
99474  -41.426  4.444  32.899 0.0000000000
100482  -41.070  4.693  32.414 0.0000000000
100483  -41.790  4.710  32.381 0.0000000000
100499  -42.159  4.906  31.891 0.0000000000
87460  -30.753  -5.881  30.703 0.0000000000
85700  -29.048  -6.796  30.440 0.0000000000
86581  -29.353  -6.331  30.373 0.0000000000
58724  -4.333  -27.021  37.165 0.0000000000
58735  -4.592  -26.982  36.823 0.0000000000
57594  -4.430  -27.716  36.890 0.0000000000
56599  -4.440  -28.593  36.599 0.0000000000
56579  -4.531  -28.321  37.025 0.0000000000
57544  -8.959  -27.147  44.132 0.0000000000
67523  -6.434  -20.528  46.825 0.0000000000
176508  -6.231  -20.446  47.521 0.0000000000
170029  -36.818  -1.780  31.505 0.0000000000
91735  -37.689  -1.771  32.557 0.0000000000
165806  -37.050  -2.058  32.262 0.0000000000
187015  -35.989  -1.984  30.472 0.0000000000
91783  -35.895  -1.989  29.783 0.0000000000
91771  -37.076  -1.505  30.686 0.0000000000
167896  -14.578  -18.695  49.001 0.0000000000
69769  -13.667  -19.141  48.604 0.0000000000
69770  -14.252  -18.821  48.592 0.0000000000
73048  -18.322  -16.357  43.841 0.0000000000
72002  -17.989  -16.454  44.364 0.0000000000
73059  -18.011  -16.410  43.348 0.0000000000
73151  -4.949  -16.335  33.098 0.0000000000
69847  -5.280  -19.040  39.970 0.0000000000
69862  -5.479  -18.854  39.275 0.0000000000
69863  -6.168  -19.087  39.364 0.0000000000
62319  -4.306  -24.659  29.992 0.0000000000
68552  -8.453  -19.931  54.201 0.0000000000
54264  -4.112  -29.966  46.235 0.0000000000
191044  -3.833  -29.131  46.316 0.0000000000
54273  -3.902  -29.645  45.600 0.0000000000
55386  -3.639  -29.205  44.894 0.0000000000
78300  -28.326  -12.413  38.585 0.0000000000
184265  -28.086  -13.106  38.408 0.0000000000
78306  -27.966  -12.102  38.061 0.0000000000
70990  -26.173  -17.420  41.016 0.0000000000
193005  -25.569  -17.963  40.849 0.0000000000
69856  -25.129  -17.964  40.133 0.0000000000
102503  -43.094  5.985  29.837 0.0000000000
102509  -42.911  5.951  29.305 0.0000000000
103513  -42.920  6.553  29.764 0.0000000000
103516  -42.669  6.745  29.252 0.0000000000
183617  -33.391  -3.253  30.955 0.0000000000
89525  -33.813  -3.750  31.304 0.0000000000
90577  -32.110  -3.053  30.568 0.0000000000
184601  -31.700  -2.606  30.200 0.0000000000
91766  -32.515  -2.637  30.542 0.0000000000
77176  -3.748  -12.934  37.924 0.0000000000
76136  -3.805  -13.757  36.651 0.0000000000
64368  -7.407  -22.748  38.918 0.0000000000
180045  -7.536  -22.685  38.254 0.0000000000
59947  -5.444  -27.035  34.215 0.0000000000
59948  -5.739  -26.711  33.786 0.0000000000
171316  -5.659  -27.067  33.463 0.0000000000
59964  -5.571  -27.028  32.796 0.0000000000
165477  -4.716  -27.438  32.984 0.0000000000
178122  -9.035  -23.432  49.124 0.0000000000
62014  -8.819  -23.929  49.036 0.0000000000
62017  -8.866  -24.341  48.380 0.0000000000
55379  -6.875  -29.343  46.481 0.0000000000
83811  -28.279  -8.393  32.154 0.0000000000
175307  -28.623  -8.498  32.659 0.0000000000
75106  -27.224  -14.958  34.913 0.0000000000
83819  -27.900  -8.502  31.910 0.0000000000
73012  -22.740  -16.636  47.119 0.0000000000
73022  -22.355  -17.094  46.433 0.0000000000
70950  -24.576  -17.192  43.703 0.0000000000
72006  -24.163  -17.087  44.431 0.0000000000
70938  -23.818  -17.553  44.086 0.0000000000
191866  -20.083  -16.233  39.862 0.0000000000
72066  -20.225  -16.242  40.448 0.0000000000
72080  -19.191  -16.038  39.724 0.0000000000
72096  -19.088  -16.110  39.003 0.0000000000
69798  -5.168  -19.253  44.497 0.0000000000
69810  -6.079  -19.174  43.370 0.0000000000
68627  -6.755  -19.577  43.881 0.0000000000
198282  -7.560  -19.667  43.032 0.0000000000
68628  -7.532  -19.750  43.639 0.0000000000
63219  -6.406  -23.651  42.798 0.0000000000
63228  -5.677  -23.132  42.151 0.0000000000
62107  -5.425  -24.302  40.957 0.0000000000
62093  -5.182  -23.462  41.688 0.0000000000
171305  -39.976  0.819  33.269 0.0000000000
95361  -40.730  0.925  33.713 0.0000000000
94160  -40.216  0.241  33.640 0.0000000000
95371  -38.439  0.385  32.134 0.0000000000
95365  -38.849  0.861  32.526 0.0000000000
96410  -39.340  1.252  32.962 0.0000000000
65417  -10.835  -22.312  46.276 0.0000000000
63194  -10.539  -23.667  45.216 0.0000000000
64304  -10.728  -23.076  45.364 0.0000000000
67585  -15.475  -20.333  39.300 0.0000000000
68665  -15.662  -19.731  40.324 0.0000000000
67579  -15.498  -20.321  40.025 0.0000000000
65445  -14.357  -21.334  42.415 0.0000000000
65444  -13.977  -21.717  42.578 0.0000000000
66477  -13.867  -20.526  43.415 0.0000000000
65439  -13.727  -21.448  43.252 0.0000000000
65438  -13.096  -21.708  43.515 0.0000000000
64329  -13.402  -22.031  42.912 0.0000000000
196307  -4.542  -14.996  40.251 0.0000000000
71051  -4.605  -17.659  36.726 0.0000000000
183469  -4.187  -17.181  37.056 0.0000000000
71060  -4.315  -17.975  36.115 0.0000000000
69923  -4.388  -18.783  36.006 0.0000000000
65513  -7.487  -22.029  34.690 0.0000000000
66557  -7.358  -21.495  34.826 0.0000000000
65512  -7.003  -21.847  34.306 0.0000000000
66580  -3.990  -21.440  32.205 0.0000000000
66581  -4.455  -21.477  32.584 0.0000000000
67655  -3.707  -20.812  32.072 0.0000000000
67646  -3.827  -20.158  32.361 0.0000000000
188201  -3.702  -20.390  31.170 0.0000000000
66588  -3.579  -20.197  30.320 0.0000000000
66594  -3.694  -20.883  30.008 0.0000000000
67503  -4.989  -20.840  51.750 0.0000000000
60893  -6.270  -25.162  51.122 0.0000000000
60890  -5.836  -24.816  51.509 0.0000000000
60892  -5.457  -25.311  51.266 0.0000000000
60907  -4.070  -25.218  48.138 0.0000000000
172405  -4.418  -24.936  48.425 0.0000000000
63179  -4.859  -23.938  48.098 0.0000000000
62019  -4.573  -24.379  47.869 0.0000000000
62024  -4.476  -24.371  47.087 0.0000000000
62023  -4.065  -24.758  46.820 0.0000000000
164021  -3.128  -28.640  42.412 0.0000000000
164081  -3.428  -27.917  42.171 0.0000000000
56494  -3.451  -28.481  41.688 0.0000000000
164086  -3.583  -28.296  40.916 0.0000000000
55448  -3.563  -29.242  40.815 0.0000000000
46717  -4.002  -35.692  41.947 0.0000000000
47827  -3.756  -35.197  42.213 0.0000000000
47839  -4.020  -35.118  41.633 0.0000000000
77159  -28.953  -13.012  39.694 0.0000000000
73110  -28.719  -16.184  38.886 0.0000000000
74076  -28.826  -15.633  38.334 0.0000000000
74069  -29.148  -15.623  39.358 0.0000000000
173416  -29.126  -13.727  40.003 0.0000000000
76116  -29.308  -14.350  39.718 0.0000000000
72054  -27.156  -16.362  41.289 0.0000000000
71005  -27.031  -17.298  39.917 0.0000000000
72069  -27.308  -16.533  40.491 0.0000000000
73098  -28.738  -15.807  40.386 0.0000000000
73104  -28.042  -15.849  39.907 0.0000000000
72085  -28.379  -16.610  39.398 0.0000000000
174240  -28.409  -16.627  38.562 0.0000000000
73076  -27.809  -15.538  41.916 0.0000000000
74048  -27.730  -15.629  42.402 0.0000000000
73087  -27.635  -15.985  41.707 0.0000000000
102475  -43.849  5.568  31.166 0.0000000000
103473  -43.409  6.122  31.948 0.0000000000
189040  -43.642  6.090  32.598 0.0000000000
99487  -36.889  3.615  30.649 0.0000000000
99492  -36.505  3.896  30.199 0.0000000000
186430  -38.173  4.330  31.167 0.0000000000
100512  -39.693  5.194  31.041 0.0000000000
101499  -38.382  5.437  30.503 0.0000000000
101517  -38.969  5.696  29.934 0.0000000000
101533  -38.634  5.759  29.293 0.0000000000
101518  -39.888  5.690  29.926 0.0000000000
101534  -39.490  5.836  29.319 0.0000000000
101519  -40.744  5.480  29.889 0.0000000000
101489  -42.939  5.098  30.891 0.0000000000
101504  -43.437  5.261  30.592 0.0000000000
184039  -43.278  5.504  30.137 0.0000000000
88462  -32.199  -4.962  30.878 0.0000000000
87463  -32.392  -5.515  31.427 0.0000000000
87448  -32.683  -5.885  31.830 0.0000000000
83841  -27.115  -7.960  30.083 0.0000000000
85698  -27.597  -7.392  29.861 0.0000000000
86592  -28.350  -6.312  29.797 0.0000000000
85708  -27.376  -7.075  29.630 0.0000000000
86591  -27.871  -6.067  29.384 0.0000000000
88484  -28.149  -4.293  29.149 0.0000000000
87480  -28.910  -5.195  29.571 0.0000000000
87471  -30.759  -5.196  30.457 0.0000000000
88474  -30.084  -4.698  30.171 0.0000000000
89534  -31.230  -4.053  30.326 0.0000000000
61049  -4.975  -24.802  37.652 0.0000000000
62182  -5.590  -24.648  37.803 0.0000000000
61066  -4.962  -25.388  37.325 0.0000000000
166990  -4.759  -26.895  36.365 0.0000000000
191460  -4.992  -26.608  36.241 0.0000000000
59919  -4.971  -26.760  35.722 0.0000000000
59929  -5.209  -26.892  34.951 0.0000000000
58763  -4.965  -27.161  35.338 0.0000000000
56668  -4.524  -28.007  34.442 0.0000000000
181610  -4.702  -28.200  35.300 0.0000000000
173751  -4.513  -29.360  35.853 0.0000000000
177720  -4.556  -29.460  35.082 0.0000000000
188764  -4.692  -30.089  34.954 0.0000000000
53271  -4.507  -30.650  34.416 0.0000000000
53265  -4.900  -30.448  35.180 0.0000000000
60917  -9.033  -25.076  46.354 0.0000000000
182838  -8.956  -25.563  46.380 0.0000000000
166307  -8.709  -26.138  45.660 0.0000000000
166378  -28.069  -9.458  33.591 0.0000000000
77184  -26.383  -12.740  36.740 0.0000000000
77191  -26.321  -13.604  35.742 0.0000000000
78318  -26.148  -12.145  36.629 0.0000000000
79425  -25.956  -11.448  35.823 0.0000000000
79438  -26.002  -11.310  34.807 0.0000000000
196634  -26.094  -10.994  34.308 0.0000000000
164665  -26.488  -10.784  34.519 0.0000000000
73997  -23.535  -15.798  47.154 0.0000000000
69853  -23.115  -18.610  40.168 0.0000000000
71003  -22.946  -17.838  40.763 0.0000000000
103533  -41.887  6.740  25.079 0.0000000000
103541  -41.842  6.887  24.088 0.0000000000
103534  -42.592  6.989  25.068 0.0000000000
104510  -43.756  7.495  25.415 0.0000000000
103535  -43.238  7.013  24.909 0.0000000000
104518  -44.501  7.669  24.615 0.0000000000
104511  -44.441  7.788  25.252 0.0000000000
68604  -5.437  -19.888  45.276 0.0000000000
66459  -6.944  -21.351  45.767 0.0000000000
65430  -6.881  -22.334  44.789 0.0000000000
172562  -6.562  -22.923  44.676 0.0000000000
94158  -39.168  -0.594  33.044 0.0000000000
92968  -38.621  -0.892  32.544 0.0000000000
91808  -35.664  -1.936  28.162 0.0000000000
91823  -35.529  -2.134  27.636 0.0000000000
93016  -35.828  -1.523  28.071 0.0000000000
94216  -36.311  -0.970  28.462 0.0000000000
186242  -36.434  -1.025  28.467 0.0000000000
196934  -37.771  -0.690  29.651 0.0000000000
173272  -37.501  -0.537  31.116 0.0000000000
94184  -37.923  -0.071  31.686 0.0000000000
69760  -13.068  -18.892  49.624 0.0000000000
68588  -12.689  -19.644  48.023 0.0000000000
68587  -12.059  -19.696  48.151 0.0000000000
68594  -12.109  -19.790  47.785 0.0000000000
67524  -11.877  -20.217  47.291 0.0000000000
66453  -12.181  -20.993  46.588 0.0000000000
64355  -13.172  -22.878  40.141 0.0000000000
63269  -12.780  -23.263  39.516 0.0000000000
72076  -4.066  -16.933  39.747 0.0000000000
72062  -4.095  -17.562  39.794 0.0000000000
69874  -5.418  -18.698  38.409 0.0000000000
71040  -5.024  -18.135  37.952 0.0000000000
71052  -5.019  -18.087  37.141 0.0000000000
69890  -5.424  -18.629  37.551 0.0000000000
63381  -5.894  -23.599  31.814 0.0000000000
63405  -5.118  -23.583  30.505 0.0000000000
63392  -5.384  -23.336  31.117 0.0000000000
166360  -5.077  -23.112  30.685 0.0000000000
64470  -4.564  -22.757  30.352 0.0000000000
68545  -7.234  -19.551  54.563 0.0000000000
69718  -6.623  -18.936  54.499 0.0000000000
68550  -6.578  -19.760  54.236 0.0000000000
67493  -6.035  -20.002  53.731 0.0000000000
195566  -4.311  -27.880  48.739 0.0000000000
57465  -4.153  -27.308  49.116 0.0000000000
56420  -3.690  -28.283  46.514 0.0000000000
57479  -3.763  -27.234  47.772 0.0000000000
58617  -3.676  -26.939  47.135 0.0000000000
59752  -3.618  -26.054  47.271 0.0000000000
58625  -3.591  -26.637  46.381 0.0000000000
167175  -3.581  -26.655  45.679 0.0000000000
58637  -3.583  -27.234  45.762 0.0000000000
55399  -3.547  -28.820  44.210 0.0000000000
56449  -3.050  -28.190  44.241 0.0000000000
181974  -3.309  -28.711  43.642 0.0000000000
165454  -3.129  -28.681  43.052 0.0000000000
189461  -3.572  -29.780  42.662 0.0000000000
75100  -27.785  -15.646  35.330 0.0000000000
75082  -27.755  -14.977  36.133 0.0000000000
171087  -29.076  -15.128  37.741 0.0000000000
180824  -29.004  -15.143  37.170 0.0000000000
191260  -28.912  -14.796  37.327 0.0000000000
193876  -28.230  -14.539  37.128 0.0000000000
76144  -27.646  -14.530  36.882 0.0000000000
76138  -27.233  -13.890  37.137 0.0000000000
76137  -26.913  -13.437  36.715 0.0000000000
77177  -27.042  -13.118  37.321 0.0000000000
78313  -27.119  -12.352  37.378 0.0000000000
172530  -26.668  -17.810  37.993 0.0000000000
73043  -25.679  -15.796  44.151 0.0000000000
73042  -25.059  -16.106  44.542 0.0000000000
74030  -27.060  -15.065  43.327 0.0000000000
70974  -25.591  -17.523  42.177 0.0000000000
72031  -25.940  -16.396  42.894 0.0000000000
70962  -25.539  -16.984  42.705 0.0000000000
72030  -25.542  -16.538  43.047 0.0000000000
72039  -24.434  -17.776  41.873 0.0000000000
70987  -24.128  -17.936  41.551 0.0000000000
69841  -24.195  -17.738  40.941 0.0000000000
69882  -23.325  -18.879  39.702 0.0000000000
104494  -41.757  7.322  28.710 0.0000000000
101544  -40.253  5.810  28.189 0.0000000000
101550  -39.772  5.635  27.619 0.0000000000
101551  -40.464  5.812  27.482 0.0000000000
102521  -41.729  5.970  27.789 0.0000000000
102520  -41.166  5.944  27.332 0.0000000000
102528  -41.208  5.844  26.531 0.0000000000
102534  -41.730  6.229  26.351 0.0000000000
197510  -41.607  6.363  25.661 0.0000000000
102529  -42.632  6.405  27.374 0.0000000000
103515  -42.398  7.051  28.867 0.0000000000
195214  -42.599  6.917  28.320 0.0000000000
104495  -42.383  7.166  28.370 0.0000000000
104497  -41.835  7.512  28.031 0.0000000000
90581  -35.277  -2.713  31.355 0.0000000000
89508  -34.576  -4.078  32.124 0.0000000000
88445  -33.556  -5.481  31.742 0.0000000000
88497  -28.669  -4.045  28.932 0.0000000000
196246  -29.079  -3.892  28.616 0.0000000000
89541  -29.430  -3.935  28.889 0.0000000000
90603  -30.925  -2.844  28.825 0.0000000000
90604  -31.763  -2.580  28.428 0.0000000000
90590  -33.900  -2.523  30.216 0.0000000000
91767  -34.510  -2.353  30.428 0.0000000000
91768  -35.323  -2.299  30.590 0.0000000000
72064  -17.065  -17.079  40.591 0.0000000000
69877  -16.097  -18.723  38.921 0.0000000000
77189  -3.921  -12.901  35.630 0.0000000000
75087  -3.496  -14.511  35.661 0.0000000000
74101  -3.918  -15.366  34.637 0.0000000000
74106  -3.656  -16.002  34.605 0.0000000000
67583  -8.036  -19.929  39.442 0.0000000000
68688  -8.049  -19.929  38.914 0.0000000000
67588  -8.296  -20.461  38.936 0.0000000000
64383  -8.218  -22.239  37.011 0.0000000000
65492  -8.491  -21.588  37.010 0.0000000000
64395  -8.013  -22.506  36.414 0.0000000000
65499  -8.122  -21.991  36.007 0.0000000000
64406  -7.845  -22.705  35.635 0.0000000000
62221  -6.155  -25.089  36.543 0.0000000000
62222  -6.794  -24.688  36.514 0.0000000000
62243  -6.615  -25.053  35.650 0.0000000000
194502  -7.195  -25.420  33.971 0.0000000000
62260  -6.989  -25.399  34.680 0.0000000000
189978  -7.534  -24.988  34.030 0.0000000000
63340  -7.576  -24.448  34.255 0.0000000000
62278  -7.177  -24.859  33.242 0.0000000000
183741  -5.200  -26.504  31.869 0.0000000000
61155  -5.786  -25.510  31.715 0.0000000000
194608  -4.196  -29.122  33.567 0.0000000000
165275  -4.089  -28.676  33.225 0.0000000000
55585  -4.084  -29.453  33.010 0.0000000000
65396  -8.883  -22.050  51.475 0.0000000000
62010  -8.066  -24.342  50.014 0.0000000000
62009  -7.400  -24.563  50.375 0.0000000000
60897  -7.166  -25.181  50.205 0.0000000000
59748  -7.979  -25.790  48.304 0.0000000000
58618  -7.637  -26.795  48.037 0.0000000000
56397  -6.885  -27.948  48.009 0.0000000000
57475  -7.207  -27.385  48.425 0.0000000000
57474  -6.707  -27.784  48.676 0.0000000000
57468  -6.530  -27.498  49.189 0.0000000000
56386  -6.193  -28.019  48.872 0.0000000000
56385  -5.536  -28.106  48.940 0.0000000000
56395  -5.868  -28.499  48.454 0.0000000000
54257  -5.569  -29.948  46.761 0.0000000000
54247  -5.358  -29.399  47.010 0.0000000000
54256  -4.789  -29.634  46.843 0.0000000000
54255  -4.262  -29.850  46.691 0.0000000000
77200  -26.228  -13.883  35.091 0.0000000000
77211  -25.941  -14.055  34.541 0.0000000000
82855  -26.726  -9.306  31.717 0.0000000000
81736  -25.972  -9.485  32.166 0.0000000000
163209  -26.465  -9.056  31.177 0.0000000000
85688  -28.763  -7.346  30.428 0.0000000000
184082  -21.164  -16.437  45.635 0.0000000000
190753  -19.704  -16.445  44.475 0.0000000000
73032  -23.570  -17.008  46.091 0.0000000000
71997  -22.823  -17.107  45.400 0.0000000000
70984  -22.638  -17.311  41.614 0.0000000000
70958  -22.953  -17.641  42.979 0.0000000000
70969  -22.442  -17.524  42.559 0.0000000000
194968  -21.235  -16.234  42.391 0.0000000000
181115  -21.807  -17.355  43.640 0.0000000000
72004  -22.350  -17.220  44.830 0.0000000000
72015  -21.538  -17.134  43.891 0.0000000000
182095  -21.384  -16.817  44.130 0.0000000000
182569  -19.697  -15.809  41.418 0.0000000000
197278  -20.306  -15.792  42.526 0.0000000000
166352  -19.735  -15.656  42.172 0.0000000000
165342  -18.972  -15.570  42.664 0.0000000000
73073  -19.100  -15.636  41.729 0.0000000000
165962  -18.522  -16.060  41.347 0.0000000000
164970  -18.418  -16.069  40.625 0.0000000000
72108  -17.848  -16.339  37.994 0.0000000000
72095  -17.838  -16.365  38.835 0.0000000000
104523  -45.265  7.894  23.872 0.0000000000
104529  -45.177  7.958  23.115 0.0000000000
105447  -46.611  8.918  21.780 0.0000000000
105448  -47.212  9.100  22.375 0.0000000000
72024  -4.260  -16.996  42.122 0.0000000000
70980  -3.987  -17.981  41.440 0.0000000000
70981  -4.617  -18.312  40.970 0.0000000000
69834  -4.493  -18.518  41.669 0.0000000000
70933  -4.274  -18.147  44.239 0.0000000000
70944  -4.365  -17.928  43.401 0.0000000000
69818  -5.617  -18.961  42.621 0.0000000000
69828  -5.966  -19.085  41.929 0.0000000000
69836  -5.477  -19.333  41.067 0.0000000000
68647  -6.348  -19.318  41.336 0.0000000000
68656  -6.974  -19.427  40.909 0.0000000000
68648  -7.084  -19.513  41.629 0.0000000000
67565  -8.424  -20.477  41.865 0.0000000000
67572  -8.301  -20.349  41.270 0.0000000000
66499  -8.532  -20.967  41.325 0.0000000000
65465  -8.242  -21.733  40.364 0.0000000000
65458  -8.261  -21.612  41.015 0.0000000000
66474  -7.641  -20.899  43.922 0.0000000000
66475  -7.987  -20.781  43.412 0.0000000000
65437  -7.919  -21.545  43.382 0.0000000000
63230  -6.987  -23.369  42.006 0.0000000000
64334  -7.571  -22.785  41.815 0.0000000000
63238  -7.144  -23.370  41.372 0.0000000000
64353  -6.947  -23.226  40.236 0.0000000000
169586  -6.272  -23.713  40.050 0.0000000000
63266  -6.247  -23.780  39.351 0.0000000000
63265  -5.853  -24.349  39.633 0.0000000000
61010  -5.275  -25.396  40.054 0.0000000000
61020  -5.572  -25.412  39.525 0.0000000000
61019  -5.290  -25.844  39.460 0.0000000000
61047  -4.628  -25.761  38.265 0.0000000000
172989  -4.593  -26.112  38.903 0.0000000000
98439  -42.236  2.980  34.145 0.0000000000
97380  -42.042  2.665  34.289 0.0000000000
86571  -31.157  -6.332  31.080 0.0000000000
95406  -36.709  -0.452  28.741 0.0000000000
95405  -36.200  0.148  28.857 0.0000000000
95395  -36.768  0.067  29.154 0.0000000000
97404  -36.863  1.443  30.078 0.0000000000
96424  -36.924  1.181  29.695 0.0000000000
97414  -35.832  1.746  29.617 0.0000000000
98460  -36.538  2.226  30.428 0.0000000000
98461  -36.825  2.883  30.780 0.0000000000
182423  -36.925  2.295  30.817 0.0000000000
97386  -40.029  2.407  33.333 0.0000000000
168231  -40.887  2.714  33.281 0.0000000000
188606  -40.837  3.569  33.104 0.0000000000
66441  -9.958  -21.166  49.774 0.0000000000
65405  -9.394  -22.433  49.507 0.0000000000
65406  -9.796  -21.900  49.054 0.0000000000
67517  -11.384  -19.972  48.839 0.0000000000
192988  -10.842  -20.324  49.051 0.0000000000
67516  -10.951  -20.353  48.580 0.0000000000
65413  -10.249  -22.516  47.247 0.0000000000
171421  -9.882  -22.712  47.815 0.0000000000
62021  -9.429  -24.322  47.125 0.0000000000
163359  -9.512  -24.200  46.421 0.0000000000
60942  -9.757  -24.790  44.909 0.0000000000
60941  -9.431  -25.052  45.065 0.0000000000
60954  -9.671  -25.404  44.704 0.0000000000
58672  -9.787  -26.415  44.207 0.0000000000
59802  -10.082  -26.080  43.743 0.0000000000
70982  -16.569  -17.574  41.475 0.0000000000
72036  -16.771  -17.267  41.978 0.0000000000
70968  -16.550  -17.526  42.202 0.0000000000
69829  -16.195  -18.700  42.388 0.0000000000
69820  -16.306  -18.571  43.068 0.0000000000
70945  -16.529  -18.191  44.125 0.0000000000
68633  -16.108  -19.297  43.254 0.0000000000
66508  -15.084  -20.683  40.371 0.0000000000
66507  -14.659  -21.134  40.711 0.0000000000
66479  -14.872  -20.314  42.879 0.0000000000
68632  -15.547  -19.751  43.399 0.0000000000
68620  -15.735  -19.511  44.325 0.0000000000
69791  -15.325  -18.484  45.507 0.0000000000
68608  -15.107  -18.963  45.144 0.0000000000
67536  -13.618  -19.971  45.273 0.0000000000
69789  -14.012  -18.290  45.563 0.0000000000
68601  -13.961  -19.078  46.054 0.0000000000
68600  -13.554  -19.795  46.736 0.0000000000
65431  -12.449  -21.777  44.364 0.0000000000
66468  -12.541  -21.421  44.783 0.0000000000
65425  -12.222  -21.804  44.916 0.0000000000
63240  -11.754  -23.459  41.015 0.0000000000
197392  -11.206  -23.364  41.339 0.0000000000
62095  -10.996  -24.659  41.708 0.0000000000
63231  -10.963  -24.142  41.577 0.0000000000
63221  -10.723  -24.039  42.212 0.0000000000
63212  -11.298  -23.522  43.409 0.0000000000
62080  -10.497  -24.343  42.891 0.0000000000
62066  -10.443  -24.593  43.591 0.0000000000
77158  -4.261  -13.192  39.715 0.0000000000
76122  -3.920  -13.602  39.154 0.0000000000
77165  -3.878  -13.242  38.629 0.0000000000
76121  -3.795  -13.826  38.756 0.0000000000
73108  -3.767  -16.405  38.787 0.0000000000
74075  -3.725  -15.723  39.004 0.0000000000
73121  -3.754  -16.055  37.663 0.0000000000
74084  -3.729  -15.523  37.200 0.0000000000
169360  -3.706  -14.974  37.431 0.0000000000
75079  -3.704  -14.984  36.749 0.0000000000
74089  -3.606  -15.603  36.440 0.0000000000
72154  -3.954  -16.733  35.229 0.0000000000
72162  -3.892  -16.880  34.577 0.0000000000
72163  -4.050  -17.459  34.106 0.0000000000
68701  -7.664  -19.589  37.927 0.0000000000
68700  -7.088  -19.319  37.710 0.0000000000
68716  -7.629  -19.562  37.181 0.0000000000
68730  -6.796  -19.618  36.291 0.0000000000
68745  -6.358  -19.848  35.860 0.0000000000
68729  -6.072  -19.336  36.100 0.0000000000
68744  -5.953  -19.513  35.560 0.0000000000
191204  -5.836  -21.885  33.367 0.0000000000
66571  -5.163  -21.606  33.174 0.0000000000
67631  -4.931  -20.277  33.398 0.0000000000
67632  -5.413  -20.279  33.920 0.0000000000
68761  -4.841  -19.443  34.449 0.0000000000
68760  -4.477  -19.417  33.791 0.0000000000
68786  -3.945  -19.429  32.570 0.0000000000
69976  -3.988  -18.801  32.879 0.0000000000
71129  -4.230  -18.172  31.743 0.0000000000
70005  -3.966  -18.782  31.408 0.0000000000
179937  -5.809  -20.192  49.656 0.0000000000
196472  -7.782  -22.935  52.223 0.0000000000
65393  -7.668  -22.517  52.852 0.0000000000
64273  -6.610  -23.245  52.804 0.0000000000
64272  -5.877  -23.202  52.727 0.0000000000
65395  -5.341  -22.685  52.296 0.0000000000
59737  -3.778  -25.793  50.266 0.0000000000
60896  -4.017  -25.298  50.672 0.0000000000
196057  -3.719  -25.220  50.070 0.0000000000
63170  -4.536  -23.706  50.214 0.0000000000
63166  -4.605  -23.671  50.766 0.0000000000
164914  -4.931  -23.251  50.494 0.0000000000
167473  -5.109  -22.512  51.398 0.0000000000
65400  -5.081  -22.498  50.694 0.0000000000
64282  -5.181  -22.557  50.120 0.0000000000
65407  -5.962  -21.989  48.952 0.0000000000
197822  -6.167  -21.021  48.726 0.0000000000
176383  -6.322  -21.592  48.321 0.0000000000
65409  -6.494  -21.640  47.688 0.0000000000
64292  -6.128  -22.386  47.328 0.0000000000
63191  -4.995  -24.237  45.330 0.0000000000
63185  -5.433  -23.872  45.977 0.0000000000
63199  -4.957  -23.953  44.606 0.0000000000
63200  -5.593  -23.239  44.359 0.0000000000
187922  -3.822  -23.761  44.138 0.0000000000
59788  -3.450  -25.692  44.598 0.0000000000
60953  -2.618  -24.953  44.484 0.0000000000
174132  -2.640  -25.107  44.041 0.0000000000
60985  -3.670  -25.589  42.434 0.0000000000
172472  -3.335  -25.385  42.998 0.0000000000
60975  -2.768  -24.982  42.709 0.0000000000
62091  -3.515  -24.888  42.296 0.0000000000
60997  -4.022  -24.910  41.648 0.0000000000
60998  -4.493  -25.393  41.110 0.0000000000
59836  -4.261  -26.061  41.004 0.0000000000
56533  -3.868  -27.824  39.975 0.0000000000
58702  -3.787  -27.043  39.809 0.0000000000
57570  -3.987  -27.382  39.572 0.0000000000
57579  -4.303  -27.499  38.820 0.0000000000
187604  -4.374  -27.997  38.683 0.0000000000
50102  -4.248  -32.814  44.807 0.0000000000
177968  -3.582  -34.258  42.975 0.0000000000
50112  -3.741  -33.614  43.391 0.0000000000
51156  -4.229  -32.908  43.836 0.0000000000
165604  -4.063  -31.225  43.892 0.0000000000
163553  -4.358  -32.196  43.250 0.0000000000
51172  -4.044  -32.437  41.298 0.0000000000
51166  -4.253  -32.076  41.924 0.0000000000
176273  -4.365  -31.557  41.468 0.0000000000
53216  -3.986  -30.654  41.919 0.0000000000
52185  -4.318  -31.143  41.112 0.0000000000
52191  -3.892  -31.420  40.460 0.0000000000
53230  -4.113  -31.021  40.156 0.0000000000
163980  -4.459  -31.220  39.372 0.0000000000
53245  -4.509  -30.469  37.980 0.0000000000
53254  -4.567  -30.402  37.366 0.0000000000
174481  -4.641  -29.139  37.650 0.0000000000
192368  -4.476  -29.827  37.114 0.0000000000
54390  -4.489  -29.534  36.741 0.0000000000
77142  -29.575  -12.754  41.230 0.0000000000
77143  -29.845  -13.058  41.824 0.0000000000
178365  -29.295  -15.278  40.238 0.0000000000
76109  -29.570  -14.323  40.617 0.0000000000
73088  -27.884  -15.492  41.369 0.0000000000
75029  -28.278  -14.638  42.823 0.0000000000
75038  -28.433  -14.668  42.202 0.0000000000
77128  -28.896  -13.410  42.378 0.0000000000
190286  -43.387  4.986  32.006 0.0000000000
102467  -43.890  5.565  32.632 0.0000000000
101479  -44.011  5.128  32.915 0.0000000000
99484  -39.311  4.317  31.907 0.0000000000
100496  -38.697  4.282  31.501 0.0000000000
100497  -39.936  4.896  31.630 0.0000000000
100498  -40.766  5.111  31.846 0.0000000000
101486  -40.551  5.262  31.127 0.0000000000
169650  -41.240  5.226  30.460 0.0000000000
101487  -41.411  5.150  31.203 0.0000000000
100500  -42.738  5.003  31.653 0.0000000000
87461  -31.374  -5.629  30.624 0.0000000000
85699  -28.513  -6.913  30.037 0.0000000000
87469  -28.694  -5.892  29.860 0.0000000000
179532  -29.345  -5.786  30.073 0.0000000000
61065  -4.647  -25.764  37.555 0.0000000000
59899  -5.000  -26.109  37.014 0.0000000000
58750  -4.615  -27.182  36.030 0.0000000000
56624  -4.403  -28.356  36.042 0.0000000000
55548  -4.405  -28.964  36.239 0.0000000000
54396  -4.530  -29.482  36.276 0.0000000000
166323  -9.095  -26.282  44.717 0.0000000000
58650  -8.782  -26.154  44.998 0.0000000000
57514  -8.769  -26.759  44.737 0.0000000000
79414  -27.015  -11.586  36.788 0.0000000000
80581  -26.311  -11.076  36.012 0.0000000000
80592  -27.179  -10.595  34.797 0.0000000000
80593  -27.699  -10.196  34.763 0.0000000000
76029  -24.362  -14.193  46.979 0.0000000000
69866  -22.073  -17.591  39.208 0.0000000000
104503  -43.352  7.318  27.282 0.0000000000
103527  -43.249  7.320  26.349 0.0000000000
104504  -43.397  7.585  26.612 0.0000000000
104506  -43.666  7.678  25.999 0.0000000000
178370  -42.820  9.347  26.744 0.0000000000
67522  -5.712  -20.273  46.292 0.0000000000
65416  -6.798  -21.825  46.282 0.0000000000
92980  -37.734  -0.996  31.633 0.0000000000
92967  -38.068  -1.214  32.193 0.0000000000
91716  -37.795  -1.962  33.303 0.0000000000
91793  -34.785  -2.569  28.302 0.0000000000
91794  -35.104  -2.054  28.631 0.0000000000
91795  -35.710  -1.842  29.093 0.0000000000
91796  -36.395  -1.546  29.166 0.0000000000
93017  -36.891  -1.024  28.648 0.0000000000
93002  -37.197  -1.350  29.914 0.0000000000
92993  -37.264  -1.168  31.209 0.0000000000
69761  -13.375  -18.964  49.049 0.0000000000
68583  -13.245  -19.492  48.313 0.0000000000
182882  -12.988  -19.700  47.737 0.0000000000
73029  -19.483  -16.687  45.734 0.0000000000
170178  -4.371  -15.232  33.990 0.0000000000
75104  -4.776  -14.820  33.633 0.0000000000
74108  -4.649  -15.437  33.445 0.0000000000
70998  -4.208  -17.842  40.478 0.0000000000
71009  -4.499  -17.985  39.724 0.0000000000
71010  -5.135  -18.351  39.703 0.0000000000
62309  -5.390  -24.354  31.214 0.0000000000
175794  -5.620  -23.826  31.396 0.0000000000
62320  -5.111  -24.173  30.635 0.0000000000
62329  -4.860  -24.108  30.040 0.0000000000
68546  -8.026  -19.434  54.723 0.0000000000
67495  -7.439  -20.690  54.065 0.0000000000
56413  -4.241  -28.932  47.010 0.0000000000
56403  -3.796  -28.100  47.727 0.0000000000
55371  -3.960  -28.982  46.653 0.0000000000
188403  -3.660  -28.594  46.076 0.0000000000
164845  -3.513  -28.175  45.281 0.0000000000
54281  -3.575  -29.497  44.076 0.0000000000
76123  -28.357  -13.641  38.571 0.0000000000
76131  -28.406  -14.128  38.010 0.0000000000
166844  -27.805  -13.586  38.057 0.0000000000
78305  -27.366  -12.628  37.769 0.0000000000
71031  -27.376  -17.272  38.081 0.0000000000
72041  -26.619  -16.750  42.386 0.0000000000
72032  -26.375  -16.370  42.729 0.0000000000
70975  -26.207  -17.300  41.968 0.0000000000
70989  -25.584  -17.735  41.500 0.0000000000
68668  -24.214  -18.137  39.965 0.0000000000
104491  -42.060  7.052  29.307 0.0000000000
101537  -41.923  5.287  29.236 0.0000000000
167610  -41.569  5.434  28.741 0.0000000000
101545  -42.333  5.221  28.680 0.0000000000
102514  -42.530  5.457  28.351 0.0000000000
102523  -42.704  5.981  28.330 0.0000000000
190759  -42.670  6.361  27.879 0.0000000000
103517  -42.854  6.388  28.860 0.0000000000
164262  -34.947  -3.319  31.774 0.0000000000
90561  -34.328  -3.455  31.564 0.0000000000
90594  -30.996  -3.028  29.700 0.0000000000
194529  -31.349  -2.822  29.955 0.0000000000
91778  -32.157  -2.375  29.816 0.0000000000
91779  -32.655  -2.350  30.098 0.0000000000
90589  -33.212  -2.677  30.519 0.0000000000
71025  -16.768  -17.501  38.664 0.0000000000
193841  -3.932  -13.366  35.783 0.0000000000
77183  -3.795  -13.284  36.180 0.0000000000
75086  -3.290  -15.048  36.033 0.0000000000
66519  -8.330  -21.171  39.340 0.0000000000
66526  -8.392  -21.133  38.595 0.0000000000
177110  -8.221  -21.730  38.279 0.0000000000
64374  -7.843  -22.533  37.641 0.0000000000
64382  -7.783  -22.908  37.054 0.0000000000
61099  -5.560  -26.038  35.206 0.0000000000
59931  -5.894  -26.330  34.548 0.0000000000
59949  -6.132  -26.085  33.715 0.0000000000
61147  -6.366  -25.802  32.791 0.0000000000
59965  -5.947  -26.778  32.827 0.0000000000
59982  -5.713  -26.242  32.154 0.0000000000
167941  -4.655  -27.072  31.888 0.0000000000
164297  -4.458  -27.737  31.804 0.0000000000
64283  -8.973  -22.873  49.982 0.0000000000
64280  -8.581  -23.292  50.434 0.0000000000
63172  -8.764  -23.275  49.925 0.0000000000
63173  -8.512  -24.115  49.556 0.0000000000
182939  -8.081  -24.997  49.049 0.0000000000
57490  -7.633  -28.075  46.672 0.0000000000
56407  -7.248  -28.228  47.280 0.0000000000
56414  -6.848  -28.965  47.142 0.0000000000
56406  -6.597  -28.569  47.705 0.0000000000
56405  -6.064  -28.767  47.947 0.0000000000
55364  -6.304  -29.126  47.465 0.0000000000
84765  -29.093  -7.767  31.762 0.0000000000
77209  -25.163  -13.104  34.172 0.0000000000
81726  -27.215  -9.697  33.102 0.0000000000
194170  -27.060  -9.290  32.147 0.0000000000
178045  -27.273  -9.145  31.848 0.0000000000
82866  -27.502  -8.848  30.860 0.0000000000
82856  -27.583  -8.904  31.487 0.0000000000
73021  -21.897  -16.926  46.805 0.0000000000
73030  -21.811  -16.750  46.068 0.0000000000
74019  -21.083  -16.195  44.907 0.0000000000
73034  -24.823  -16.324  45.313 0.0000000000
197371  -24.794  -15.863  46.039 0.0000000000
71999  -23.765  -17.004  45.043 0.0000000000
70937  -23.162  -17.523  44.421 0.0000000000
70983  -21.588  -17.002  40.972 0.0000000000
186180  -21.322  -16.582  41.356 0.0000000000
73086  -21.024  -16.193  41.853 0.0000000000
172541  -20.809  -16.022  42.470 0.0000000000
72051  -19.999  -15.998  40.888 0.0000000000
73096  -18.985  -15.982  40.279 0.0000000000
73095  -18.426  -16.132  39.980 0.0000000000
73109  -18.459  -16.084  38.566 0.0000000000
103566  -42.208  6.605  21.465 0.0000000000
69808  -4.838  -18.825  43.483 0.0000000000
188808  -5.385  -18.853  43.263 0.0000000000
69819  -6.444  -19.082  42.566 0.0000000000
176745  -7.212  -19.465  42.425 0.0000000000
68639  -7.932  -19.750  42.657 0.0000000000
67558  -8.369  -20.468  42.506 0.0000000000
180421  -7.287  -22.124  43.467 0.0000000000
64318  -7.660  -22.159  42.979 0.0000000000
64317  -7.124  -22.793  42.914 0.0000000000
63229  -6.496  -23.516  42.128 0.0000000000
62108  -6.102  -23.921  41.008 0.0000000000
63250  -5.785  -24.250  40.285 0.0000000000
97387  -40.680  1.962  33.383 0.0000000000
97379  -41.609  2.280  34.048 0.0000000000
96396  -41.100  1.720  33.797 0.0000000000
95352  -41.111  0.776  34.175 0.0000000000
95385  -37.588  0.490  29.424 0.0000000000
96436  -37.328  0.642  29.371 0.0000000000
95376  -37.452  0.729  30.124 0.0000000000
96413  -37.252  1.418  31.029 0.0000000000
97396  -37.656  1.777  31.607 0.0000000000
96409  -38.734  1.592  32.459 0.0000000000
97392  -39.373  2.019  32.985 0.0000000000
67513  -10.520  -20.592  49.396 0.0000000000
66451  -11.293  -20.697  47.620 0.0000000000
66450  -10.664  -21.018  47.917 0.0000000000
65411  -10.921  -21.400  47.322 0.0000000000
65414  -10.627  -22.087  46.975 0.0000000000
64296  -10.324  -22.749  46.625 0.0000000000
63186  -10.022  -23.568  46.377 0.0000000000
63187  -10.233  -23.651  45.726 0.0000000000
62042  -10.090  -24.290  45.322 0.0000000000
62054  -10.223  -24.569  44.663 0.0000000000
69864  -15.715  -19.270  39.992 0.0000000000
69838  -16.317  -18.536  41.137 0.0000000000
69849  -16.007  -19.153  40.589 0.0000000000
68659  -15.802  -19.633  40.827 0.0000000000
167253  -15.552  -19.726  41.312 0.0000000000
65460  -14.234  -21.554  41.058 0.0000000000
66500  -14.573  -21.140  41.402 0.0000000000
66486  -14.584  -20.810  42.658 0.0000000000
66478  -14.095  -19.926  43.125 0.0000000000
68630  -14.434  -19.826  44.215 0.0000000000
192114  -13.923  -20.014  43.482 0.0000000000
67544  -14.027  -20.211  44.367 0.0000000000
66463  -13.487  -20.737  44.865 0.0000000000
66476  -13.446  -21.275  43.817 0.0000000000
65432  -12.896  -21.581  44.000 0.0000000000
166670  -12.325  -22.330  43.224 0.0000000000
62110  -11.465  -24.441  40.902 0.0000000000
60999  -11.031  -24.946  41.240 0.0000000000
60986  -10.831  -25.227  41.816 0.0000000000
76114  -4.165  -14.028  39.648 0.0000000000
72106  -4.026  -17.213  37.933 0.0000000000
73114  -3.792  -16.570  38.094 0.0000000000
72117  -3.894  -16.713  36.579 0.0000000000
73128  -3.563  -16.219  36.107 0.0000000000
72142  -4.151  -17.364  35.622 0.0000000000
71082  -4.290  -18.168  34.675 0.0000000000
67617  -8.075  -21.028  35.858 0.0000000000
67606  -7.533  -20.017  36.281 0.0000000000
67616  -7.435  -20.644  35.730 0.0000000000
183623  -6.638  -20.687  35.524 0.0000000000
67624  -6.296  -20.926  35.115 0.0000000000
65529  -4.903  -21.732  32.631 0.0000000000
66570  -4.751  -21.260  32.883 0.0000000000
67638  -4.671  -20.762  33.034 0.0000000000
67637  -4.270  -20.169  33.001 0.0000000000
192526  -4.647  -19.815  33.417 0.0000000000
68797  -3.721  -19.336  31.792 0.0000000000
68810  -3.761  -19.356  31.019 0.0000000000
62002  -6.888  -24.223  51.478 0.0000000000
63161  -6.934  -23.681  52.309 0.0000000000
63160  -6.590  -24.090  51.979 0.0000000000
61998  -5.980  -24.191  52.067 0.0000000000
62000  -5.485  -24.431  51.873 0.0000000000
60899  -3.829  -25.352  49.180 0.0000000000
60895  -3.786  -24.756  50.143 0.0000000000
62011  -4.159  -24.559  49.584 0.0000000000
62012  -4.613  -24.020  49.480 0.0000000000
64284  -4.973  -23.388  49.530 0.0000000000
64288  -5.028  -23.615  49.006 0.0000000000
63176  -5.229  -23.545  48.363 0.0000000000
63180  -5.252  -23.518  47.618 0.0000000000
192272  -5.737  -23.135  47.289 0.0000000000
63184  -4.923  -24.152  46.585 0.0000000000
179758  -4.904  -24.378  45.967 0.0000000000
62040  -4.496  -24.628  45.545 0.0000000000
57542  -3.177  -27.560  43.533 0.0000000000
58670  -3.517  -26.593  43.577 0.0000000000
58677  -3.508  -26.889  43.007 0.0000000000
58684  -3.534  -26.760  42.304 0.0000000000
183466  -3.535  -26.701  41.609 0.0000000000
59835  -3.525  -26.477  41.258 0.0000000000
58690  -3.063  -26.901  40.960 0.0000000000
197793  -3.596  -27.789  40.398 0.0000000000
56534  -4.202  -28.378  39.819 0.0000000000
181397  -3.607  -34.697  42.449 0.0000000000
50117  -3.628  -33.450  42.511 0.0000000000
186319  -4.056  -32.622  42.348 0.0000000000
50123  -3.546  -33.604  41.830 0.0000000000
51171  -3.718  -33.158  41.384 0.0000000000
48996  -3.742  -33.648  41.282 0.0000000000
163475  -4.618  -31.869  38.900 0.0000000000
72113  -28.698  -16.733  37.406 0.0000000000
73117  -28.901  -16.313  37.228 0.0000000000
75064  -29.336  -14.952  39.468 0.0000000000
76124  -29.068  -14.337  38.743 0.0000000000
71004  -25.943  -17.730  40.150 0.0000000000
179008  -26.372  -17.433  39.701 0.0000000000
71015  -26.612  -17.403  39.200 0.0000000000
71030  -26.962  -17.393  38.513 0.0000000000
72070  -27.706  -16.033  40.151 0.0000000000
72084  -27.949  -16.618  39.534 0.0000000000
72112  -28.249  -16.905  37.851 0.0000000000
174295  -27.416  -15.400  42.823 0.0000000000
74042  -28.016  -15.110  42.453 0.0000000000
73066  -27.124  -15.819  42.673 0.0000000000
72042  -27.076  -16.341  42.019 0.0000000000
103501  -43.014  6.414  30.737 0.0000000000
104470  -42.481  7.004  31.158 0.0000000000
103485  -42.900  6.633  31.605 0.0000000000
100510  -37.937  4.713  30.724 0.0000000000
100519  -37.574  5.023  30.155 0.0000000000
101515  -37.179  5.311  29.576 0.0000000000
168553  -37.415  5.661  28.950 0.0000000000
101549  -39.200  5.573  27.831 0.0000000000
179994  -39.921  5.956  28.760 0.0000000000
101536  -41.121  5.440  29.320 0.0000000000
101520  -41.547  5.248  29.794 0.0000000000
101521  -42.377  5.437  29.722 0.0000000000
102490  -43.506  5.687  30.487 0.0000000000
89523  -32.618  -4.135  30.932 0.0000000000
89524  -33.266  -3.962  31.127 0.0000000000
88464  -33.206  -4.928  31.409 0.0000000000
188477  -26.877  -6.940  29.407 0.0000000000
86602  -26.868  -5.974  28.856 0.0000000000
87490  -27.449  -5.126  28.596 0.0000000000
89532  -30.207  -4.014  29.874 0.0000000000
89533  -30.800  -3.666  29.991 0.0000000000
63280  -6.301  -23.669  38.696 0.0000000000
63294  -6.580  -23.693  38.172 0.0000000000
62183  -6.309  -24.320  37.808 0.0000000000
61081  -5.765  -25.512  36.372 0.0000000000
173829  -5.334  -25.790  36.776 0.0000000000
61080  -5.477  -25.977  36.055 0.0000000000
59930  -5.314  -26.508  35.159 0.0000000000
57655  -4.909  -27.480  34.003 0.0000000000
57670  -4.730  -27.597  33.385 0.0000000000
187832  -4.266  -28.615  33.954 0.0000000000
55578  -4.313  -29.243  34.196 0.0000000000
175891  -4.485  -30.479  33.683 0.0000000000
62020  -8.947  -24.575  47.636 0.0000000000
60905  -8.677  -24.799  48.058 0.0000000000
189544  -8.908  -25.317  46.925 0.0000000000
59761  -8.804  -25.858  46.925 0.0000000000
58626  -8.496  -26.485  46.862 0.0000000000
58649  -8.541  -26.716  45.371 0.0000000000
58638  -8.513  -26.795  46.168 0.0000000000
182299  -8.142  -27.611  46.425 0.0000000000
56421  -7.692  -28.186  46.058 0.0000000000
165556  -27.719  -8.952  32.800 0.0000000000
82838  -28.166  -8.964  33.134 0.0000000000
76142  -26.987  -13.822  35.950 0.0000000000
76148  -26.764  -14.165  35.372 0.0000000000
77199  -25.697  -13.274  35.456 0.0000000000
78324  -25.731  -12.025  36.161 0.0000000000
198104  -25.500  -12.494  35.705 0.0000000000
78332  -25.322  -12.773  34.968 0.0000000000
78331  -25.298  -12.230  34.389 0.0000000000
171442  -25.244  -11.676  33.854 0.0000000000
168216  -25.315  -11.120  33.472 0.0000000000
193560  -25.759  -10.907  33.625 0.0000000000
81716  -26.712  -10.153  33.467 0.0000000000
80604  -26.969  -10.388  34.064 0.0000000000
73996  -23.013  -16.104  47.381 0.0000000000
70971  -23.495  -17.793  42.187 0.0000000000
70959  -23.764  -17.824  42.886 0.0000000000
71002  -22.149  -17.492  40.796 0.0000000000
71013  -21.810  -17.370  39.517 0.0000000000
69851  -22.057  -17.567  40.105 0.0000000000
71001  -21.528  -16.966  40.433 0.0000000000
72082  -21.343  -16.900  39.871 0.0000000000
72081  -20.718  -16.514  39.702 0.0000000000
192712  -20.318  -16.304  39.200 0.0000000000
103552  -42.084  6.821  22.729 0.0000000000
103542  -42.575  6.943  24.293 0.0000000000
195205  -42.698  6.941  23.713 0.0000000000
103553  -42.615  6.799  22.493 0.0000000000
103554  -43.209  6.700  22.071 0.0000000000
103563  -43.159  6.717  21.402 0.0000000000
103555  -43.842  7.074  22.590 0.0000000000
104522  -44.527  7.604  23.945 0.0000000000
105414  -44.698  8.318  25.917 0.0000000000
188142  -5.053  -19.566  44.913 0.0000000000
68616  -6.572  -19.738  44.553 0.0000000000
68617  -7.345  -19.857  44.273 0.0000000000
67542  -6.996  -20.168  44.783 0.0000000000
66467  -7.455  -21.047  44.583 0.0000000000
67533  -6.760  -20.711  45.462 0.0000000000
66460  -7.200  -21.198  45.155 0.0000000000
65424  -7.247  -21.683  44.657 0.0000000000
64310  -7.059  -22.150  44.082 0.0000000000
64316  -6.491  -23.460  43.633 0.0000000000
62065  -6.234  -23.632  43.466 0.0000000000
95366  -38.962  0.345  32.631 0.0000000000
94176  -39.451  0.113  33.097 0.0000000000
92950  -38.832  -1.146  33.250 0.0000000000
91806  -34.975  -2.770  27.520 0.0000000000
90618  -34.316  -3.454  26.765 0.0000000000
94226  -35.576  -1.189  28.027 0.0000000000
94206  -37.474  -0.280  28.637 0.0000000000
93009  -37.512  -0.889  28.595 0.0000000000
94207  -37.651  -0.509  28.591 0.0000000000
94201  -37.741  -0.255  29.307 0.0000000000
95377  -37.388  0.175  30.820 0.0000000000
68572  -12.396  -19.208  49.767 0.0000000000
67520  -11.532  -20.037  48.363 0.0000000000
68582  -12.613  -19.512  48.400 0.0000000000
66452  -11.482  -21.040  46.922 0.0000000000
65418  -11.442  -21.948  45.866 0.0000000000
66527  -14.803  -21.102  38.511 0.0000000000
65482  -14.277  -21.493  38.730 0.0000000000
65473  -14.249  -21.452  39.479 0.0000000000
65466  -13.977  -21.906  39.787 0.0000000000
65459  -14.041  -22.063  40.620 0.0000000000
64346  -13.556  -22.508  40.782 0.0000000000
167633  -13.109  -22.458  41.393 0.0000000000
64335  -12.582  -22.610  41.910 0.0000000000
64345  -12.928  -22.934  40.801 0.0000000000
63254  -11.928  -23.579  40.353 0.0000000000
74063  -4.298  -15.623  40.716 0.0000000000
74068  -4.551  -15.400  40.092 0.0000000000
74062  -4.361  -15.926  40.202 0.0000000000
73102  -4.000  -16.259  39.566 0.0000000000
72092  -3.922  -16.845  39.106 0.0000000000
176717  -4.282  -17.706  39.118 0.0000000000
72093  -3.986  -17.358  38.701 0.0000000000
196526  -6.515  -23.344  33.197 0.0000000000
65519  -6.677  -22.201  33.646 0.0000000000
170185  -5.593  -22.657  32.495 0.0000000000
64462  -5.518  -23.141  31.498 0.0000000000
64461  -5.207  -22.679  31.721 0.0000000000
64452  -5.130  -22.310  32.213 0.0000000000
168970  -4.782  -22.317  31.650 0.0000000000
65546  -4.113  -21.935  31.543 0.0000000000
65555  -3.844  -21.747  30.576 0.0000000000
69725  -6.133  -18.486  54.145 0.0000000000
68549  -5.418  -19.459  53.491 0.0000000000
68556  -5.518  -20.164  53.051 0.0000000000
194173  -5.569  -20.788  52.804 0.0000000000
58602  -5.015  -26.690  50.335 0.0000000000
59739  -5.383  -26.234  50.733 0.0000000000
58606  -4.783  -26.949  49.572 0.0000000000
58605  -3.835  -26.757  49.550 0.0000000000
58604  -3.624  -26.310  49.091 0.0000000000
58610  -3.685  -26.671  48.454 0.0000000000
59746  -3.628  -26.001  48.558 0.0000000000
196527  -3.695  -25.833  48.062 0.0000000000
60906  -3.777  -25.476  47.788 0.0000000000
60915  -3.640  -25.447  46.975 0.0000000000
62022  -3.761  -25.065  46.505 0.0000000000
59770  -3.618  -26.058  45.861 0.0000000000
59778  -3.587  -26.262  45.200 0.0000000000
58660  -3.520  -26.635  44.665 0.0000000000
196537  -3.312  -28.075  44.713 0.0000000000
57528  -3.199  -27.794  44.566 0.0000000000
165623  -3.305  -27.254  44.176 0.0000000000
55434  -3.266  -29.210  41.935 0.0000000000
75099  -27.466  -15.063  35.105 0.0000000000
75098  -27.518  -14.895  35.446 0.0000000000
74086  -28.847  -15.828  37.056 0.0000000000
183148  -27.997  -14.966  36.721 0.0000000000
75075  -28.521  -14.563  37.282 0.0000000000
75088  -27.703  -14.728  36.090 0.0000000000
76149  -27.366  -14.360  35.652 0.0000000000
78312  -26.563  -12.261  37.009 0.0000000000
197421  -26.918  -11.939  37.098 0.0000000000
74011  -25.518  -15.337  45.815 0.0000000000
72007  -24.861  -16.649  44.180 0.0000000000
74033  -26.117  -15.456  43.712 0.0000000000
73064  -26.042  -15.980  42.978 0.0000000000
73053  -25.849  -15.850  43.470 0.0000000000
72018  -25.281  -16.562  43.477 0.0000000000
70961  -25.057  -17.102  42.991 0.0000000000
70960  -24.473  -17.821  42.844 0.0000000000
70972  -24.141  -17.925  42.157 0.0000000000
69839  -23.372  -17.958  40.703 0.0000000000
69855  -23.803  -18.073  40.372 0.0000000000
68666  -23.172  -19.136  39.919 0.0000000000
102527  -40.648  5.639  26.662 0.0000000000
102532  -40.235  6.101  25.432 0.0000000000
103529  -42.175  6.628  26.086 0.0000000000
103526  -42.944  6.775  26.776 0.0000000000
103522  -43.019  6.782  27.481 0.0000000000
172460  -43.372  7.093  26.976 0.0000000000
104498  -42.395  7.419  27.840 0.0000000000
105405  -42.139  7.910  27.519 0.0000000000
91751  -36.266  -2.315  31.621 0.0000000000
188739  -36.681  -2.418  31.978 0.0000000000
90563  -36.262  -2.784  32.181 0.0000000000
188820  -34.297  -4.728  32.320 0.0000000000
91804  -33.332  -2.509  28.430 0.0000000000
91791  -32.858  -2.278  29.231 0.0000000000
91792  -33.892  -2.527  28.872 0.0000000000
164938  -17.976  -16.327  41.851 0.0000000000
72038  -17.639  -16.943  42.346 0.0000000000
72050  -17.445  -16.650  41.642 0.0000000000
72063  -16.633  -17.361  40.840 0.0000000000
165357  -16.145  -18.076  40.049 0.0000000000
179897  -16.378  -18.095  38.950 0.0000000000
174547  -16.040  -18.391  39.495 0.0000000000
69865  -15.887  -18.705  39.991 0.0000000000
171094  -15.636  -19.747  38.913 0.0000000000
173642  -15.080  -20.621  38.215 0.0000000000
191735  -14.831  -20.985  37.943 0.0000000000
76147  -3.922  -13.950  35.119 0.0000000000
74107  -4.169  -15.862  34.044 0.0000000000
73145  -4.197  -16.467  33.790 0.0000000000
68674  -6.802  -19.199  39.558 0.0000000000
166347  -7.307  -19.309  39.101 0.0000000000
68687  -7.691  -19.629  38.642 0.0000000000
68717  -8.116  -19.886  37.366 0.0000000000
66534  -8.510  -21.182  37.748 0.0000000000
171540  -8.533  -20.869  36.973 0.0000000000
66550  -8.128  -21.493  35.727 0.0000000000
65507  -7.816  -21.910  35.288 0.0000000000
63305  -6.994  -23.938  37.667 0.0000000000
63306  -7.459  -23.681  37.114 0.0000000000
62223  -7.349  -24.071  36.428 0.0000000000
63329  -7.641  -23.637  35.644 0.0000000000
191080  -7.456  -24.034  34.879 0.0000000000
63355  -7.350  -23.556  34.211 0.0000000000
64429  -7.004  -22.982  33.530 0.0000000000
63353  -6.538  -23.950  33.087 0.0000000000
188494  -6.346  -24.206  32.442 0.0000000000
62300  -6.054  -24.429  31.740 0.0000000000
61156  -6.116  -25.290  31.985 0.0000000000
61165  -5.784  -24.817  31.466 0.0000000000
61163  -4.865  -25.355  30.949 0.0000000000
56683  -4.369  -28.034  32.927 0.0000000000
64275  -8.340  -22.460  52.101 0.0000000000
64278  -8.113  -23.110  51.648 0.0000000000
179836  -8.389  -23.272  51.044 0.0000000000
63168  -8.131  -23.677  50.842 0.0000000000
63167  -7.455  -23.883  51.130 0.0000000000
62007  -7.122  -24.331  50.932 0.0000000000
165046  -6.591  -25.480  50.646 0.0000000000
59740  -6.208  -26.061  50.553 0.0000000000
60904  -8.304  -25.216  48.302 0.0000000000
59745  -7.676  -25.539  48.843 0.0000000000
59747  -7.481  -26.108  48.798 0.0000000000
59744  -7.226  -25.968  49.373 0.0000000000
59743  -6.644  -26.411  49.770 0.0000000000
58603  -5.911  -26.645  50.239 0.0000000000
58607  -5.604  -27.211  49.931 0.0000000000
55353  -4.619  -28.753  48.032 0.0000000000
190958  -5.615  -28.886  48.090 0.0000000000
55354  -5.090  -28.983  47.796 0.0000000000
55361  -4.561  -28.951  47.307 0.0000000000
191772  -4.131  -29.528  47.046 0.0000000000
86569  -29.645  -6.562  30.732 0.0000000000
85690  -29.975  -6.810  31.236 0.0000000000
76164  -26.894  -14.866  34.455 0.0000000000
75119  -26.950  -14.951  33.703 0.0000000000
76162  -25.928  -14.273  33.860 0.0000000000
83828  -27.622  -8.212  30.590 0.0000000000
188493  -20.425  -16.734  46.047 0.0000000000
73038  -19.204  -16.592  44.965 0.0000000000
73060  -18.563  -15.960  43.321 0.0000000000
73998  -24.148  -15.560  46.843 0.0000000000
73026  -24.530  -16.290  45.886 0.0000000000
74010  -24.387  -15.928  46.328 0.0000000000
74009  -23.748  -16.324  46.722 0.0000000000
73024  -23.423  -16.965  46.544 0.0000000000
71991  -22.695  -17.143  45.973 0.0000000000
70948  -23.364  -17.645  43.655 0.0000000000
70947  -22.622  -17.589  44.017 0.0000000000
72029  -21.952  -17.062  42.846 0.0000000000
72016  -22.212  -17.581  44.007 0.0000000000
70936  -22.676  -17.304  44.749 0.0000000000
71996  -22.523  -17.072  45.401 0.0000000000
73040  -21.455  -16.788  44.721 0.0000000000
74027  -21.045  -16.315  44.215 0.0000000000
73062  -20.691  -16.096  43.115 0.0000000000
73050  -20.544  -16.129  43.678 0.0000000000
73061  -19.199  -15.817  43.392 0.0000000000
167699  -17.897  -16.415  41.126 0.0000000000
72078  -17.174  -17.023  39.878 0.0000000000
72079  -17.815  -16.488  39.608 0.0000000000
187468  -43.901  7.307  21.038 0.0000000000
166500  -44.512  7.695  20.713 0.0000000000
182604  -45.932  8.323  22.109 0.0000000000
105450  -45.481  8.192  20.763 0.0000000000
106373  -47.139  9.887  21.260 0.0000000000
72048  -3.902  -17.134  41.081 0.0000000000
197289  -4.097  -17.900  41.007 0.0000000000
69835  -5.074  -19.054  40.590 0.0000000000
69848  -5.458  -19.499  40.259 0.0000000000
69816  -4.611  -18.505  43.035 0.0000000000
69826  -4.508  -18.585  42.323 0.0000000000
68663  -6.873  -19.342  40.217 0.0000000000
67577  -7.932  -19.998  40.072 0.0000000000
68657  -7.727  -19.789  41.242 0.0000000000
67571  -8.051  -20.156  40.696 0.0000000000
67578  -8.201  -20.611  40.297 0.0000000000
65471  -8.222  -21.778  39.690 0.0000000000
65470  -7.857  -22.279  39.353 0.0000000000
64361  -7.274  -22.805  39.690 0.0000000000
67549  -7.779  -20.139  43.749 0.0000000000
67550  -8.167  -20.314  43.097 0.0000000000
181025  -8.259  -21.527  42.283 0.0000000000
64325  -7.707  -22.498  42.499 0.0000000000
65449  -8.050  -22.107  42.087 0.0000000000
64343  -8.018  -22.208  41.401 0.0000000000
65457  -7.963  -22.223  40.734 0.0000000000
64367  -6.802  -23.241  39.114 0.0000000000
63279  -5.964  -24.558  39.002 0.0000000000
62181  -5.374  -25.135  38.442 0.0000000000
62138  -5.583  -24.862  39.793 0.0000000000
61032  -5.386  -25.567  38.973 0.0000000000
186639  -4.978  -25.436  38.525 0.0000000000
177239  -4.328  -26.777  37.697 0.0000000000
172889  -4.181  -27.360  37.438 0.0000000000
99460  -42.049  4.106  33.551 0.0000000000
175992  -42.925  3.864  33.665 0.0000000000
98450  -42.760  3.409  33.980 0.0000000000
91734  -37.168  -2.331  33.001 0.0000000000
190824  -35.324  0.249  28.560 0.0000000000
96450  -35.812  0.783  29.118 0.0000000000
96435  -36.786  0.791  29.373 0.0000000000
96449  -35.004  1.222  28.914 0.0000000000
96433  -35.669  1.377  29.307 0.0000000000
97413  -35.276  2.067  29.175 0.0000000000
98469  -35.602  2.540  29.536 0.0000000000
99486  -36.326  3.132  30.426 0.0000000000
99481  -37.247  3.332  31.207 0.0000000000
98457  -37.585  2.442  31.696 0.0000000000
98453  -38.764  2.958  32.335 0.0000000000
99483  -38.695  3.660  31.932 0.0000000000
169146  -39.987  3.607  32.701 0.0000000000
99459  -41.474  4.091  33.390 0.0000000000
65402  -9.228  -22.339  50.082 0.0000000000
64290  -9.313  -23.074  48.840 0.0000000000
68575  -11.163  -19.926  49.431 0.0000000000
66446  -10.494  -20.757  48.370 0.0000000000
66445  -10.117  -21.275  48.669 0.0000000000
64291  -9.671  -22.719  48.510 0.0000000000
63178  -9.544  -23.312  48.235 0.0000000000
63181  -9.310  -24.024  47.919 0.0000000000
62025  -9.168  -24.647  46.404 0.0000000000
60926  -9.208  -24.965  45.781 0.0000000000
62030  -9.376  -24.571  46.005 0.0000000000
60940  -9.133  -25.313  45.344 0.0000000000
58662  -9.234  -25.994  44.666 0.0000000000
58671  -9.384  -26.847  43.787 0.0000000000
72027  -17.714  -17.007  43.014 0.0000000000
72013  -17.329  -17.509  43.341 0.0000000000
70956  -16.954  -17.727  43.136 0.0000000000
163807  -16.379  -18.144  41.938 0.0000000000
70955  -16.454  -17.880  42.718 0.0000000000
70946  -16.741  -17.731  43.823 0.0000000000
70934  -16.516  -18.036  44.733 0.0000000000
67566  -15.301  -20.279  41.668 0.0000000000
66494  -14.910  -20.792  41.684 0.0000000000
67560  -15.401  -20.172  42.436 0.0000000000
68641  -15.676  -19.660  42.811 0.0000000000
68621  -16.245  -19.373  43.819 0.0000000000
69800  -16.393  -18.892  44.330 0.0000000000
69792  -16.205  -18.311  45.128 0.0000000000
69787  -15.975  -18.349  45.736 0.0000000000
166515  -15.567  -18.746  46.424 0.0000000000
68607  -14.291  -18.662  45.230 0.0000000000
70929  -14.012  -18.245  45.572 0.0000000000
68591  -14.571  -19.225  47.465 0.0000000000
68590  -13.942  -19.443  47.838 0.0000000000
68596  -13.462  -19.662  47.490 0.0000000000
67526  -13.009  -19.885  47.189 0.0000000000
67535  -13.104  -20.413  45.541 0.0000000000
67529  -12.626  -20.835  45.937 0.0000000000
67525  -12.569  -20.336  46.886 0.0000000000
66456  -12.231  -21.299  45.886 0.0000000000
65419  -11.925  -21.612  45.457 0.0000000000
64305  -11.349  -22.711  45.007 0.0000000000
64327  -12.129  -22.763  42.511 0.0000000000
63223  -11.589  -23.212  42.346 0.0000000000
63239  -11.305  -23.950  41.200 0.0000000000
64326  -11.702  -22.877  43.147 0.0000000000
163613  -11.418  -22.937  44.501 0.0000000000
63195  -11.023  -23.337  44.822 0.0000000000
62055  -10.597  -24.254  44.145 0.0000000000
165609  -10.428  -24.801  44.194 0.0000000000
60966  -10.526  -25.301  43.964 0.0000000000
59825  -10.607  -25.833  41.922 0.0000000000
189184  -10.474  -26.011  42.519 0.0000000000
59812  -10.136  -26.228  42.940 0.0000000000
176101  -3.804  -12.579  38.598 0.0000000000
186846  -3.828  -15.133  39.352 0.0000000000
178107  -3.766  -16.017  38.337 0.0000000000
186222  -3.703  -14.825  38.659 0.0000000000
173620  -3.758  -14.230  38.426 0.0000000000
196904  -3.826  -14.099  37.834 0.0000000000
73133  -3.502  -16.276  35.463 0.0000000000
74100  -3.434  -15.855  35.120 0.0000000000
72172  -4.173  -17.021  33.467 0.0000000000
69876  -6.746  -19.051  38.931 0.0000000000
69892  -6.643  -19.034  38.231 0.0000000000
69907  -6.475  -19.125  37.429 0.0000000000
191548  -7.492  -19.621  36.674 0.0000000000
69906  -5.876  -18.873  37.101 0.0000000000
69925  -5.682  -18.913  36.388 0.0000000000
69924  -4.792  -19.090  36.318 0.0000000000
66564  -6.221  -21.605  34.041 0.0000000000
66555  -6.042  -21.110  34.395 0.0000000000
67623  -5.908  -20.319  34.606 0.0000000000
164499  -5.644  -20.876  34.028 0.0000000000
188548  -5.904  -19.669  34.961 0.0000000000
68743  -5.450  -19.254  35.065 0.0000000000
69940  -4.646  -19.257  35.771 0.0000000000
69939  -4.418  -18.819  35.270 0.0000000000
69962  -3.925  -18.922  33.642 0.0000000000
71096  -4.053  -18.213  33.949 0.0000000000
71106  -3.960  -17.729  33.328 0.0000000000
72182  -4.273  -17.362  32.774 0.0000000000
71117  -4.417  -17.542  32.047 0.0000000000
71130  -4.825  -17.824  31.452 0.0000000000
70024  -4.171  -19.055  30.874 0.0000000000
70025  -4.845  -18.705  30.782 0.0000000000
68580  -5.495  -19.752  48.296 0.0000000000
66427  -7.776  -21.224  53.685 0.0000000000
66426  -7.198  -21.217  53.880 0.0000000000
65392  -6.996  -22.641  53.182 0.0000000000
66429  -6.634  -21.351  53.527 0.0000000000
66428  -5.888  -21.519  53.011 0.0000000000
67504  -5.339  -21.176  52.391 0.0000000000
59733  -4.895  -25.642  50.950 0.0000000000
61999  -4.920  -24.232  51.480 0.0000000000
62003  -4.069  -24.588  50.694 0.0000000000
182584  -4.561  -23.964  51.041 0.0000000000
63162  -4.889  -23.738  51.394 0.0000000000
64276  -5.022  -23.248  51.796 0.0000000000
65394  -5.255  -21.923  51.672 0.0000000000
195963  -5.255  -21.458  51.866 0.0000000000
66436  -5.262  -21.179  51.189 0.0000000000
66439  -5.465  -21.101  50.561 0.0000000000
66442  -5.664  -20.958  49.987 0.0000000000
64285  -5.339  -22.655  49.515 0.0000000000
65404  -5.565  -21.736  49.640 0.0000000000
180590  -5.942  -20.851  49.397 0.0000000000
67515  -5.957  -20.194  48.939 0.0000000000
67518  -6.083  -20.341  48.207 0.0000000000
66448  -6.586  -21.028  47.257 0.0000000000
65412  -6.618  -21.652  46.967 0.0000000000
64298  -6.428  -22.717  46.084 0.0000000000
64293  -6.024  -22.930  46.749 0.0000000000
176877  -5.936  -23.399  46.254 0.0000000000
64303  -6.620  -22.946  45.280 0.0000000000
63193  -6.216  -23.315  44.930 0.0000000000
168007  -5.625  -23.059  43.851 0.0000000000
165227  -5.105  -23.783  42.928 0.0000000000
62027  -3.751  -25.093  45.562 0.0000000000
62039  -3.854  -24.759  45.146 0.0000000000
62052  -3.165  -24.301  44.576 0.0000000000
59801  -3.411  -25.658  43.567 0.0000000000
60965  -2.331  -25.026  43.287 0.0000000000
63198  -2.903  -24.151  43.884 0.0000000000
63216  -3.342  -23.969  42.876 0.0000000000
63217  -4.542  -24.115  42.652 0.0000000000
63227  -4.625  -23.850  41.918 0.0000000000
62106  -4.670  -24.096  41.311 0.0000000000
186982  -4.902  -25.359  40.587 0.0000000000
61009  -5.005  -25.999  40.009 0.0000000000
59847  -3.337  -26.600  40.691 0.0000000000
59858  -3.881  -26.688  40.018 0.0000000000
59859  -4.500  -26.426  39.542 0.0000000000
57578  -4.122  -27.111  39.038 0.0000000000
168416  -4.326  -27.131  38.230 0.0000000000
56562  -4.716  -28.337  37.562 0.0000000000
52152  -3.991  -31.227  45.428 0.0000000000
48960  -3.731  -34.201  43.623 0.0000000000
182123  -4.213  -33.170  44.393 0.0000000000
51152  -4.070  -32.512  44.576 0.0000000000
52161  -3.770  -31.883  44.658 0.0000000000
167897  -3.717  -31.163  44.879 0.0000000000
176301  -3.810  -30.593  44.103 0.0000000000
53203  -4.073  -30.490  43.233 0.0000000000
51161  -4.271  -32.034  42.564 0.0000000000
53210  -3.774  -30.737  42.462 0.0000000000
54306  -3.705  -30.209  42.639 0.0000000000
186826  -3.708  -30.319  42.177 0.0000000000
54329  -3.853  -30.232  41.640 0.0000000000
50133  -4.187  -33.354  40.669 0.0000000000
163776  -4.020  -31.953  40.787 0.0000000000
164271  -4.169  -30.790  40.870 0.0000000000
55449  -3.731  -29.900  41.115 0.0000000000
55462  -3.898  -29.831  40.600 0.0000000000
164582  -4.402  -29.659  39.847 0.0000000000
55487  -4.522  -29.190  39.223 0.0000000000
165799  -4.567  -30.482  38.823 0.0000000000
54363  -4.594  -29.742  39.064 0.0000000000
55501  -4.471  -29.052  38.393 0.0000000000
194110  -4.826  -28.717  37.754 0.0000000000
55516  -4.817  -28.763  37.329 0.0000000000
55531  -4.550  -28.901  36.942 0.0000000000
52226  -4.559  -31.786  34.858 0.0000000000
48973  -3.568  -34.099  42.322 0.0000000000
53174  -4.922  -30.212  46.543 0.0000000000
53181  -4.254  -30.529  45.820 0.0000000000
53217  -4.374  -30.975  41.616 0.0000000000
54316  -3.514  -29.863  42.126 0.0000000000
54330  -4.122  -30.328  41.096 0.0000000000
54382  -4.434  -29.785  37.521 0.0000000000
55372  -5.955  -29.411  47.029 0.0000000000
55414  -3.404  -29.278  43.119 0.0000000000
55474  -4.344  -28.975  39.630 0.0000000000
56392  -3.889  -27.515  48.446 0.0000000000
56404  -4.223  -28.627  47.512 0.0000000000
56517  -3.781  -28.426  40.341 0.0000000000
57466  -5.418  -27.506  49.403 0.0000000000
57467  -5.965  -27.566  49.342 0.0000000000
57469  -6.981  -27.331  48.947 0.0000000000
57491  -8.254  -27.107  46.763 0.0000000000
57499  -3.589  -27.934  45.861 0.0000000000
57500  -8.279  -27.502  45.789 0.0000000000
57512  -3.490  -27.597  45.198 0.0000000000
57543  -8.598  -27.740  43.870 0.0000000000
57550  -3.424  -27.427  42.645 0.0000000000
57556  -3.514  -27.232  41.826 0.0000000000
57566  -3.137  -27.402  40.616 0.0000000000
57571  -4.296  -27.881  39.358 0.0000000000
57585  -4.392  -27.792  38.006 0.0000000000
57604  -4.484  -27.296  36.584 0.0000000000
57635  -4.921  -27.579  34.929 0.0000000000
58601  -4.051  -26.550  50.197 0.0000000000
58609  -6.830  -26.930  49.284 0.0000000000
58611  -7.343  -26.781  48.781 0.0000000000
58783  -5.080  -27.303  33.267 0.0000000000
59735  -6.053  -25.602  50.945 0.0000000000
59741  -3.648  -25.700  49.138 0.0000000000
59742  -3.673  -26.098  49.711 0.0000000000
59753  -8.738  -25.608  47.406 0.0000000000
59771  -9.046  -25.392  45.847 0.0000000000
59789  -9.726  -25.897  44.508 0.0000000000
59813  -10.273  -25.752  43.062 0.0000000000
59822  -3.679  -26.197  42.057 0.0000000000
59848  -4.359  -26.322  40.321 0.0000000000
59869  -4.340  -26.499  39.069 0.0000000000
59908  -5.170  -26.310  36.477 0.0000000000
60891  -4.607  -25.009  51.094 0.0000000000
60894  -6.873  -24.914  50.804 0.0000000000
60898  -7.761  -24.876  49.787 0.0000000000
60900  -3.850  -25.022  49.530 0.0000000000
60902  -3.780  -25.495  48.566 0.0000000000
60909  -8.694  -25.085  47.568 0.0000000000
60916  -3.889  -25.105  47.342 0.0000000000
60925  -3.601  -25.460  46.124 0.0000000000
60955  -10.090  -25.150  44.507 0.0000000000
62001  -6.235  -24.432  51.730 0.0000000000
62016  -8.482  -24.756  48.518 0.0000000000
62029  -4.475  -24.518  46.345 0.0000000000
62038  -2.846  -24.934  44.772 0.0000000000
62041  -9.507  -24.671  45.492 0.0000000000
62064  -2.470  -24.507  43.219 0.0000000000
62067  -10.742  -23.995  43.486 0.0000000000
62078  -2.861  -24.613  42.673 0.0000000000
62079  -3.888  -24.445  42.378 0.0000000000
62081  -10.792  -23.871  42.896 0.0000000000
62105  -4.396  -24.688  41.075 0.0000000000
62159  -5.743  -25.230  38.995 0.0000000000
62202  -6.945  -24.343  37.178 0.0000000000
63159  -5.507  -24.021  52.157 0.0000000000
63163  -7.204  -23.811  51.689 0.0000000000
63164  -7.845  -23.562  51.390 0.0000000000
63165  -4.231  -24.023  50.676 0.0000000000
63174  -8.778  -23.558  49.556 0.0000000000
63175  -5.020  -24.033  48.786 0.0000000000
63192  -5.597  -23.686  45.123 0.0000000000
63207  -3.194  -23.814  43.451 0.0000000000
63208  -4.151  -23.768  43.308 0.0000000000
63210  -5.581  -23.104  43.349 0.0000000000
63220  -6.754  -23.381  42.577 0.0000000000
63232  -11.040  -23.524  41.764 0.0000000000
63237  -6.659  -23.775  41.560 0.0000000000
63241  -12.388  -23.329  40.775 0.0000000000
63252  -7.223  -23.203  40.791 0.0000000000
63293  -6.048  -24.219  38.352 0.0000000000
64271  -5.408  -23.522  52.339 0.0000000000
64274  -7.280  -23.129  52.638 0.0000000000
64281  -8.777  -22.796  50.571 0.0000000000
64309  -6.647  -22.788  44.143 0.0000000000
64320  -12.584  -21.920  43.734 0.0000000000
64354  -7.432  -22.686  40.447 0.0000000000
64356  -13.701  -22.470  40.048 0.0000000000
64396  -8.304  -21.934  36.533 0.0000000000
64418  -7.677  -22.448  34.912 0.0000000000
65451  -13.981  -21.457  41.744 0.0000000000
65480  -8.227  -21.748  39.004 0.0000000000
65562  -3.732  -21.493  29.717 0.0000000000
66440  -9.472  -21.697  50.240 0.0000000000
66449  -10.256  -21.332  48.241 0.0000000000
66462  -12.855  -21.035  45.117 0.0000000000
66484  -8.292  -21.077  42.813 0.0000000000
66512  -8.243  -21.191  40.004 0.0000000000
66514  -15.259  -20.792  39.640 0.0000000000
66548  -7.000  -21.048  35.155 0.0000000000
67492  -7.737  -20.122  54.356 0.0000000000
67508  -5.350  -20.600  50.705 0.0000000000
67551  -14.138  -19.744  43.405 0.0000000000
67552  -14.457  -19.583  43.128 0.0000000000
67559  -14.958  -20.598  42.202 0.0000000000
67594  -8.450  -20.646  38.223 0.0000000000
67600  -8.422  -20.459  37.577 0.0000000000
67607  -8.185  -20.488  36.341 0.0000000000
68551  -7.118  -20.195  54.304 0.0000000000
68555  -4.968  -19.665  52.799 0.0000000000
68570  -11.174  -19.699  50.142 0.0000000000
68577  -12.629  -19.316  48.996 0.0000000000
68584  -13.836  -19.330  48.297 0.0000000000
68606  -13.898  -19.064  45.459 0.0000000000
68615  -5.769  -19.594  44.797 0.0000000000
68619  -14.984  -19.609  44.755 0.0000000000
68640  -8.211  -20.026  42.783 0.0000000000
68642  -16.109  -19.239  42.717 0.0000000000
68650  -8.247  -20.012  42.276 0.0000000000
68658  -8.146  -20.056  41.730 0.0000000000
68678  -23.416  -19.120  39.966 0.0000000000
68690  -15.900  -19.211  38.500 0.0000000000
68819  -3.684  -19.824  30.739 0.0000000000
69785  -14.198  -18.356  45.878 0.0000000000
69786  -14.637  -18.305  45.720 0.0000000000
69837  -15.914  -19.247  41.269 0.0000000000
69840  -23.703  -17.915  40.852 0.0000000000
70966  -3.583  -17.610  41.654 0.0000000000
70985  -23.286  -17.710  41.470 0.0000000000
71000  -16.391  -17.890  40.667 0.0000000000
71016  -27.207  -17.389  39.220 0.0000000000
71017  -27.590  -17.217  38.948 0.0000000000
71024  -16.535  -18.106  38.333 0.0000000000
71998  -23.345  -17.059  45.581 0.0000000000
72003  -21.800  -17.184  44.473 0.0000000000
72026  -17.437  -17.521  42.732 0.0000000000
72049  -16.969  -17.060  41.383 0.0000000000
72125  -28.282  -16.962  37.159 0.0000000000
73031  -22.237  -16.933  45.722 0.0000000000
73074  -26.844  -16.206  42.547 0.0000000000
73124  -28.588  -16.185  36.597 0.0000000000
74041  -26.789  -15.550  43.015 0.0000000000
75068  -3.726  -14.638  37.945 0.0000000000
76095  -29.781  -13.696  41.865 0.0000000000
78290  -28.673  -12.496  39.207 0.0000000000
79450  -25.664  -11.182  34.068 0.0000000000
86603  -27.454  -5.764  29.035 0.0000000000
90595  -31.536  -2.612  29.448 0.0000000000
91822  -35.347  -2.484  27.320 0.0000000000
93001  -37.117  -1.246  29.172 0.0000000000
93003  -37.706  -0.916  29.175 0.0000000000
94225  -35.326  -1.305  27.406 0.0000000000
95369  -37.300  0.835  30.898 0.0000000000
95386  -37.649  0.173  30.017 0.0000000000
95420  -34.646  -0.120  27.867 0.0000000000
96397  -41.774  2.084  34.296 0.0000000000
96405  -39.952  1.625  33.309 0.0000000000
96407  -41.061  1.713  33.708 0.0000000000
96415  -38.234  0.996  32.041 0.0000000000
96417  -37.138  1.171  30.338 0.0000000000
96434  -36.150  1.098  29.460 0.0000000000
97395  -37.210  2.039  31.195 0.0000000000
97397  -38.207  2.225  32.165 0.0000000000
97402  -35.970  2.164  29.861 0.0000000000
97403  -36.417  1.795  30.011 0.0000000000
98438  -41.918  2.955  33.986 0.0000000000
98448  -40.345  3.146  33.039 0.0000000000
98449  -42.320  3.439  33.858 0.0000000000
98456  -37.191  2.666  31.244 0.0000000000
98458  -38.134  2.981  31.880 0.0000000000
99461  -42.702  3.945  33.646 0.0000000000
99462  -43.227  3.836  33.725 0.0000000000
99463  -43.608  4.167  33.661 0.0000000000
99472  -39.355  3.648  32.377 0.0000000000
99473  -40.776  4.010  32.881 0.0000000000
99488  -37.487  4.045  31.008 0.0000000000
100469  -41.996  4.509  33.083 0.0000000000
100471  -42.930  4.402  33.153 0.0000000000
100484  -42.458  4.898  32.499 0.0000000000
100486  -43.616  4.818  32.711 0.0000000000
100501  -43.436  5.042  31.301 0.0000000000
100509  -37.156  4.335  30.444 0.0000000000
101478  -43.760  5.242  32.174 0.0000000000
101488  -42.173  5.069  31.341 0.0000000000
101500  -39.352  5.464  30.512 0.0000000000
101505  -43.724  5.310  30.926 0.0000000000
101531  -36.740  5.265  29.051 0.0000000000
101532  -37.876  5.677  29.311 0.0000000000
101538  -42.632  5.411  29.194 0.0000000000
101552  -41.123  5.900  28.138 0.0000000000
102466  -43.800  5.539  31.920 0.0000000000
102515  -42.808  5.604  28.747 0.0000000000
102522  -42.415  5.870  27.888 0.0000000000
102526  -40.132  5.893  26.106 0.0000000000
103472  -42.878  6.862  32.577 0.0000000000
103520  -42.717  6.601  28.214 0.0000000000
103543  -43.274  6.879  24.224 0.0000000000
103547  -42.383  6.994  23.161 0.0000000000
104524  -45.956  8.220  23.759 0.0000000000
104528  -44.533  7.492  23.214 0.0000000000
163572  -4.573  -31.214  38.506 0.0000000000
163754  -3.726  -30.080  43.827 0.0000000000
163765  -3.433  -29.030  41.346 0.0000000000
164108  -6.136  -22.309  48.196 0.0000000000
164762  -5.330  -23.267  42.170 0.0000000000
166745  -4.599  -31.062  35.021 0.0000000000
166798  -42.070  5.281  30.171 0.0000000000
167487  -7.786  -19.613  39.197 0.0000000000
167542  -44.451  7.617  21.593 0.0000000000
167917  -9.839  -23.830  46.927 0.0000000000
168240  -5.782  -24.826  38.501 0.0000000000
168423  -10.489  -25.632  43.732 0.0000000000
168605  -4.353  -27.325  36.969 0.0000000000
169047  -39.261  4.776  31.455 0.0000000000
169444  -10.587  -25.470  42.463 0.0000000000
169791  -43.076  6.280  30.146 0.0000000000
169902  -35.958  -0.475  28.444 0.0000000000
171133  -4.513  -26.215  37.833 0.0000000000
171161  -37.109  0.171  29.105 0.0000000000
171468  -43.345  6.556  32.900 0.0000000000
171698  -6.830  -22.809  43.539 0.0000000000
172166  -26.480  -17.341  40.269 0.0000000000
172550  -4.778  -28.297  48.614 0.0000000000
172862  -3.430  -27.383  40.153 0.0000000000
173717  -16.571  -17.898  45.391 0.0000000000
173929  -21.168  -16.670  40.783 0.0000000000
174069  -8.244  -21.553  41.689 0.0000000000
174106  -11.753  -22.158  45.209 0.0000000000
174138  -12.853  -22.405  42.664 0.0000000000
176680  -3.618  -27.854  47.124 0.0000000000
176821  -3.906  -29.457  46.192 0.0000000000
177033  -38.122  1.532  31.946 0.0000000000
177456  -22.681  -18.176  39.750 0.0000000000
177668  -4.302  -24.918  49.101 0.0000000000
177886  -5.567  -19.377  39.746 0.0000000000
179168  -6.607  -21.987  53.270 0.0000000000
179815  -3.374  -27.309  44.713 0.0000000000
180641  -24.422  -17.770  40.467 0.0000000000
181036  -7.808  -27.589  47.000 0.0000000000
181100  -18.978  -16.273  43.744 0.0000000000
181411  -22.013  -17.354  44.256 0.0000000000
183291  -8.407  -20.679  40.842 0.0000000000
184544  -8.322  -20.253  36.982 0.0000000000
186531  -2.879  -27.815  44.049 0.0000000000
186765  -3.724  -25.212  42.181 0.0000000000
187186  -5.145  -24.077  51.836 0.0000000000
187644  -22.137  -17.111  42.139 0.0000000000
189588  -3.778  -34.748  41.900 0.0000000000
189914  -43.344  6.799  22.793 0.0000000000
190079  -7.969  -22.230  38.085 0.0000000000
190166  -3.490  -29.213  43.633 0.0000000000
190315  -8.853  -25.822  45.999 0.0000000000
190732  -4.048  -13.387  35.338 0.0000000000
191165  -43.273  4.671  32.677 0.0000000000
192490  -47.165  9.474  21.729 0.0000000000
193553  -5.011  -23.956  42.481 0.0000000000
193791  -8.231  -24.575  49.485 0.0000000000
193957  -24.602  -17.677  43.253 0.0000000000
193999  -43.333  9.332  26.625 0.0000000000
194784  -36.908  -1.712  30.335 0.0000000000
194929  -5.452  -25.192  39.880 0.0000000000
194976  -6.156  -23.830  40.510 0.0000000000
195006  -3.613  -30.078  42.386 0.0000000000
195540  -42.197  6.903  24.615 0.0000000000
196328  -4.406  -14.338  40.005 0.0000000000
196486  -6.144  -25.352  36.048 0.0000000000
196559  -4.359  -27.569  37.110 0.0000000000
197072  -16.294  -17.848  39.615 0.0000000000
198073  -6.830  -20.408  45.127 0.0000000000
