#!ascii label  , from subject sub-v2s11x28678_ses-1 vox2ras=TkReg
320
115190  26.756  9.386  -32.137 0.0000000000
105717  20.967  1.293  -29.848 0.0000000000
176029  28.904  14.477  -34.634 0.0000000000
130580  26.191  23.821  -31.595 0.0000000000
104689  19.525  0.366  -29.495 0.0000000000
190618  27.069  16.148  -31.976 0.0000000000
177838  26.687  18.566  -31.044 0.0000000000
114298  23.064  8.226  -29.901 0.0000000000
180841  22.921  5.909  -30.460 0.0000000000
178384  25.430  6.589  -30.149 0.0000000000
116899  31.551  10.167  -32.571 0.0000000000
113456  28.251  7.845  -31.185 0.0000000000
117747  27.618  11.480  -33.390 0.0000000000
120357  29.651  13.911  -32.893 0.0000000000
128424  25.835  21.898  -32.690 0.0000000000
202956  26.494  21.296  -30.272 0.0000000000
108695  22.787  3.507  -29.648 0.0000000000
125149  26.824  17.929  -32.316 0.0000000000
126029  26.175  19.478  -31.925 0.0000000000
114313  24.948  8.473  -30.655 0.0000000000
113424  25.022  7.522  -29.888 0.0000000000
114311  25.498  7.570  -31.221 0.0000000000
105719  20.134  1.193  -29.949 0.0000000000
118590  28.421  12.837  -34.473 0.0000000000
184408  30.160  12.942  -34.236 0.0000000000
120365  29.344  14.257  -33.599 0.0000000000
123190  26.810  16.595  -30.875 0.0000000000
190620  27.112  15.598  -30.817 0.0000000000
130595  25.572  24.159  -32.054 0.0000000000
128431  24.955  22.894  -33.537 0.0000000000
129158  26.122  22.734  -31.740 0.0000000000
132131  28.892  25.496  -30.527 0.0000000000
131344  28.976  24.861  -30.367 0.0000000000
129846  27.093  22.555  -30.541 0.0000000000
129844  28.514  22.941  -29.772 0.0000000000
128401  27.638  21.448  -29.752 0.0000000000
110671  23.697  5.188  -30.620 0.0000000000
109666  22.652  4.288  -29.961 0.0000000000
186852  18.332  -0.222  -28.747 0.0000000000
122210  28.562  15.284  -33.447 0.0000000000
172750  27.670  16.217  -33.102 0.0000000000
124178  26.685  17.555  -31.576 0.0000000000
125992  26.846  18.794  -29.801 0.0000000000
112561  21.115  6.931  -30.010 0.0000000000
113426  22.967  7.009  -30.274 0.0000000000
178520  23.942  6.154  -30.869 0.0000000000
110670  24.792  5.580  -30.044 0.0000000000
115195  27.974  9.134  -33.443 0.0000000000
114327  27.402  7.761  -32.113 0.0000000000
114335  28.935  8.676  -32.363 0.0000000000
116056  25.495  10.070  -31.587 0.0000000000
189283  26.439  10.930  -32.385 0.0000000000
116900  27.534  10.189  -33.405 0.0000000000
116911  29.915  10.899  -33.769 0.0000000000
118572  30.985  12.001  -33.261 0.0000000000
119399  29.658  12.968  -31.795 0.0000000000
177942  28.536  14.852  -32.325 0.0000000000
121227  28.454  14.387  -31.102 0.0000000000
127681  25.882  21.240  -33.005 0.0000000000
130579  26.758  23.676  -31.183 0.0000000000
183583  26.660  22.761  -31.119 0.0000000000
172893  26.313  21.573  -30.821 0.0000000000
127663  26.114  20.380  -31.239 0.0000000000
127662  26.585  20.213  -30.440 0.0000000000
127648  26.896  20.202  -29.722 0.0000000000
107705  20.621  2.858  -29.940 0.0000000000
110674  21.694  4.950  -29.491 0.0000000000
112576  26.948  6.903  -31.172 0.0000000000
111625  26.377  5.880  -29.705 0.0000000000
126037  26.640  18.545  -33.038 0.0000000000
126038  26.303  19.413  -32.817 0.0000000000
115179  26.158  8.790  -31.704 0.0000000000
114312  25.356  8.401  -31.253 0.0000000000
188240  26.549  8.103  -31.783 0.0000000000
101566  17.927  -1.899  -29.011 0.0000000000
102674  18.210  -1.305  -29.094 0.0000000000
105718  20.705  1.258  -29.938 0.0000000000
120373  29.254  13.998  -34.391 0.0000000000
121257  29.314  14.444  -34.401 0.0000000000
124156  26.906  17.536  -29.748 0.0000000000
123174  26.902  16.903  -30.204 0.0000000000
129874  25.030  23.887  -32.705 0.0000000000
176873  25.397  23.228  -32.428 0.0000000000
129865  25.785  23.403  -32.015 0.0000000000
130557  28.777  23.617  -29.917 0.0000000000
109659  24.018  4.442  -29.953 0.0000000000
109660  23.761  4.533  -30.219 0.0000000000
106709  18.974  2.159  -29.829 0.0000000000
123215  28.183  16.486  -33.862 0.0000000000
123216  27.533  16.893  -33.241 0.0000000000
125137  26.827  18.284  -31.567 0.0000000000
124188  26.787  17.186  -32.150 0.0000000000
125129  26.626  17.993  -30.860 0.0000000000
187633  26.448  18.453  -30.440 0.0000000000
131366  25.711  24.773  -31.720 0.0000000000
114299  21.951  7.947  -30.024 0.0000000000
178048  22.640  7.697  -30.062 0.0000000000
112556  24.956  6.730  -30.164 0.0000000000
112557  24.104  6.608  -30.540 0.0000000000
111643  24.861  6.214  -30.251 0.0000000000
186544  24.501  5.799  -30.447 0.0000000000
197655  25.095  6.109  -30.106 0.0000000000
104690  18.888  0.128  -29.074 0.0000000000
103716  18.906  -0.547  -29.297 0.0000000000
116069  29.688  9.581  -33.094 0.0000000000
115187  28.491  8.804  -33.071 0.0000000000
115186  29.633  9.200  -32.606 0.0000000000
116042  24.681  9.879  -30.863 0.0000000000
118583  27.469  12.068  -33.459 0.0000000000
116902  26.782  11.283  -32.793 0.0000000000
116901  27.128  10.740  -32.750 0.0000000000
116913  27.862  10.611  -33.472 0.0000000000
185804  28.397  10.229  -33.461 0.0000000000
117758  28.886  11.707  -33.977 0.0000000000
119421  30.604  13.366  -33.809 0.0000000000
118582  30.691  12.404  -33.954 0.0000000000
119412  30.302  13.375  -33.146 0.0000000000
118562  30.442  12.618  -32.601 0.0000000000
120341  29.590  13.488  -32.259 0.0000000000
122211  27.933  15.725  -32.880 0.0000000000
121245  28.328  15.302  -32.541 0.0000000000
122199  27.571  15.615  -32.027 0.0000000000
121228  28.024  14.915  -31.163 0.0000000000
200610  28.273  14.142  -30.701 0.0000000000
129159  25.586  22.701  -32.596 0.0000000000
128436  25.089  22.209  -33.863 0.0000000000
132132  28.358  24.988  -30.555 0.0000000000
169980  28.248  25.629  -30.563 0.0000000000
130567  27.161  23.624  -30.765 0.0000000000
129136  26.681  21.865  -30.290 0.0000000000
128411  26.169  21.237  -31.506 0.0000000000
128410  26.251  20.903  -30.622 0.0000000000
182279  26.745  20.770  -30.059 0.0000000000
128394  28.088  21.263  -29.434 0.0000000000
127647  27.439  20.827  -29.644 0.0000000000
127640  27.260  20.275  -29.176 0.0000000000
108707  19.679  3.667  -29.936 0.0000000000
178850  22.247  6.204  -30.097 0.0000000000
203212  21.506  6.031  -29.476 0.0000000000
184172  22.233  5.274  -29.945 0.0000000000
108704  22.732  3.900  -29.873 0.0000000000
109667  22.008  4.193  -29.750 0.0000000000
193798  22.388  3.374  -29.905 0.0000000000
107703  21.885  3.063  -29.770 0.0000000000
113457  27.621  7.595  -31.623 0.0000000000
113458  27.152  7.403  -31.876 0.0000000000
113445  27.355  7.145  -31.485 0.0000000000
124208  27.275  17.494  -33.481 0.0000000000
125154  26.864  17.835  -33.031 0.0000000000
126028  26.630  18.720  -32.176 0.0000000000
178947  26.584  18.784  -31.567 0.0000000000
181462  24.200  8.414  -30.128 0.0000000000
114297  23.757  7.974  -29.933 0.0000000000
114296  24.871  8.105  -30.002 0.0000000000
114295  25.205  7.869  -30.278 0.0000000000
113423  25.758  7.254  -30.335 0.0000000000
104698  20.013  0.575  -29.927 0.0000000000
193855  20.038  -0.302  -29.855 0.0000000000
104688  20.397  0.348  -29.844 0.0000000000
104678  21.137  -0.070  -29.039 0.0000000000
116890  31.599  10.626  -32.509 0.0000000000
116062  31.144  9.695  -32.244 0.0000000000
118592  27.543  12.697  -33.986 0.0000000000
118591  28.170  12.119  -33.848 0.0000000000
171798  29.370  12.324  -34.477 0.0000000000
195512  29.341  13.278  -34.400 0.0000000000
119427  30.114  13.733  -34.068 0.0000000000
184501  30.184  13.800  -33.763 0.0000000000
123196  26.958  15.942  -31.309 0.0000000000
123189  26.962  16.129  -30.518 0.0000000000
130565  28.400  24.238  -30.358 0.0000000000
129845  27.469  23.215  -30.447 0.0000000000
178560  27.820  22.664  -29.923 0.0000000000
129135  27.411  21.971  -30.010 0.0000000000
128402  27.066  21.354  -29.971 0.0000000000
129134  28.003  21.943  -29.649 0.0000000000
184897  28.410  22.360  -29.694 0.0000000000
111645  23.212  5.392  -30.604 0.0000000000
110673  22.748  5.307  -30.326 0.0000000000
110672  23.127  4.861  -30.260 0.0000000000
108703  23.291  4.047  -29.882 0.0000000000
197095  17.902  -0.764  -28.762 0.0000000000
104691  18.076  0.531  -28.776 0.0000000000
105711  18.925  0.853  -29.107 0.0000000000
105710  19.574  1.063  -29.605 0.0000000000
106708  19.641  1.711  -29.838 0.0000000000
106707  20.328  1.749  -30.015 0.0000000000
121258  28.886  14.964  -34.693 0.0000000000
121251  29.053  14.825  -34.069 0.0000000000
122217  28.827  15.404  -34.319 0.0000000000
123208  27.420  16.052  -32.463 0.0000000000
124199  26.990  17.310  -32.772 0.0000000000
123197  26.724  16.710  -31.625 0.0000000000
190469  26.621  17.242  -30.883 0.0000000000
125115  26.718  18.084  -30.059 0.0000000000
131351  26.135  24.546  -31.641 0.0000000000
112560  21.955  6.863  -30.011 0.0000000000
112559  22.725  6.635  -30.258 0.0000000000
113425  23.931  7.220  -29.861 0.0000000000
112558  23.438  6.406  -30.570 0.0000000000
195012  23.564  5.796  -30.748 0.0000000000
111644  24.065  5.703  -30.737 0.0000000000
110660  24.213  5.110  -30.390 0.0000000000
110659  24.413  5.079  -29.484 0.0000000000
115189  27.408  9.036  -32.547 0.0000000000
115178  26.932  8.516  -32.143 0.0000000000
115188  27.955  8.706  -33.143 0.0000000000
114336  28.201  8.375  -32.673 0.0000000000
114310  28.766  8.190  -31.104 0.0000000000
114334  29.786  9.030  -31.845 0.0000000000
114325  29.216  8.510  -31.483 0.0000000000
115165  24.492  8.956  -30.573 0.0000000000
115164  25.011  9.158  -31.017 0.0000000000
116055  26.084  9.742  -31.835 0.0000000000
116892  25.894  10.457  -32.038 0.0000000000
116064  26.741  10.240  -32.289 0.0000000000
172918  27.168  9.697  -32.610 0.0000000000
116071  27.775  9.724  -33.674 0.0000000000
170629  29.293  10.165  -33.501 0.0000000000
117757  30.014  11.597  -34.334 0.0000000000
116919  30.357  11.473  -33.910 0.0000000000
116909  31.534  11.003  -32.783 0.0000000000
117736  31.461  11.306  -32.754 0.0000000000
118563  30.089  12.172  -31.852 0.0000000000
121244  28.785  14.789  -33.099 0.0000000000
120358  28.963  14.377  -32.564 0.0000000000
121235  28.119  15.120  -31.813 0.0000000000
121234  28.532  14.618  -31.757 0.0000000000
120342  29.092  14.057  -31.772 0.0000000000
119400  29.318  13.568  -31.405 0.0000000000
126905  26.099  20.390  -32.870 0.0000000000
187520  26.546  24.199  -31.415 0.0000000000
131346  27.020  24.284  -30.933 0.0000000000
129864  26.482  23.207  -31.435 0.0000000000
129145  26.166  22.025  -31.763 0.0000000000
129144  26.505  22.246  -31.014 0.0000000000
126899  25.928  20.261  -32.011 0.0000000000
195594  26.139  19.765  -31.395 0.0000000000
126890  26.390  19.648  -30.798 0.0000000000
126877  26.734  19.560  -30.087 0.0000000000
198549  27.084  19.539  -29.269 0.0000000000
196152  20.037  2.706  -30.130 0.0000000000
188826  20.480  2.281  -29.995 0.0000000000
110675  20.583  4.870  -29.898 0.0000000000
186318  22.467  4.801  -30.020 0.0000000000
109668  21.113  4.203  -29.733 0.0000000000
108706  20.623  3.540  -29.840 0.0000000000
107704  21.150  2.532  -29.534 0.0000000000
113459  26.606  7.556  -31.669 0.0000000000
113446  25.975  7.191  -31.385 0.0000000000
112555  25.978  6.828  -30.739 0.0000000000
203672  27.066  6.734  -30.540 0.0000000000
112554  26.484  6.762  -30.681 0.0000000000
111642  25.944  6.397  -30.184 0.0000000000
111626  25.497  5.941  -29.624 0.0000000000
101565  18.626  -1.783  -29.127 0.0000000000
103714  20.568  -0.145  -29.455 0.0000000000
103717  18.394  -0.827  -29.239 0.0000000000
104697  20.483  0.865  -29.908 0.0000000000
106706  20.901  1.746  -29.873 0.0000000000
108696  22.287  3.644  -29.925 0.0000000000
109665  23.122  4.347  -30.017 0.0000000000
111646  22.377  5.682  -30.160 0.0000000000
111647  21.804  5.773  -29.510 0.0000000000
111657  24.355  6.175  -30.634 0.0000000000
112577  26.374  6.943  -31.224 0.0000000000
113427  22.341  7.303  -30.209 0.0000000000
113443  29.013  7.574  -30.834 0.0000000000
113444  28.071  7.419  -31.053 0.0000000000
114326  27.983  8.125  -31.763 0.0000000000
114328  27.091  7.795  -32.131 0.0000000000
114329  26.002  7.931  -31.507 0.0000000000
114337  27.599  8.253  -32.449 0.0000000000
115152  23.940  9.092  -30.271 0.0000000000
115153  23.531  8.709  -30.095 0.0000000000
115177  30.584  9.273  -31.705 0.0000000000
115185  30.596  9.347  -32.221 0.0000000000
116063  27.652  9.420  -33.410 0.0000000000
116068  30.740  9.576  -32.564 0.0000000000
116070  28.573  9.626  -33.171 0.0000000000
116893  25.480  10.655  -31.628 0.0000000000
116910  30.759  10.941  -33.188 0.0000000000
116912  28.935  10.961  -33.700 0.0000000000
116914  27.315  10.958  -33.131 0.0000000000
116920  28.239  11.434  -33.591 0.0000000000
117745  31.210  11.559  -33.135 0.0000000000
117746  30.822  11.577  -33.448 0.0000000000
117755  30.856  11.894  -33.678 0.0000000000
117756  30.587  11.845  -34.292 0.0000000000
118561  31.022  12.081  -32.883 0.0000000000
118573  30.808  12.749  -33.354 0.0000000000
118589  30.401  12.062  -34.584 0.0000000000
120333  28.733  13.808  -30.895 0.0000000000
120372  29.594  13.949  -34.079 0.0000000000
122193  27.532  15.330  -31.317 0.0000000000
122218  28.424  15.895  -33.692 0.0000000000
123209  27.080  16.610  -32.483 0.0000000000
124166  26.600  17.550  -30.294 0.0000000000
126002  26.534  18.985  -30.524 0.0000000000
126019  26.341  19.141  -31.211 0.0000000000
127674  26.047  20.953  -32.079 0.0000000000
170009  19.924  -0.115  -29.876 0.0000000000
171814  30.202  10.342  -32.916 0.0000000000
174160  24.526  7.732  -29.836 0.0000000000
174215  25.472  9.328  -31.492 0.0000000000
175376  30.977  11.716  -32.358 0.0000000000
178430  21.659  6.328  -29.596 0.0000000000
180710  20.057  3.159  -30.057 0.0000000000
181505  21.232  3.058  -29.830 0.0000000000
181895  23.216  7.413  -29.899 0.0000000000
182999  26.735  7.112  -31.539 0.0000000000
192281  25.170  9.832  -31.175 0.0000000000
194814  27.279  10.139  -32.888 0.0000000000
196011  28.555  8.390  -31.756 0.0000000000
196316  23.487  6.873  -30.312 0.0000000000
196875  24.587  7.189  -29.899 0.0000000000
198008  23.814  4.185  -29.889 0.0000000000
199685  28.642  13.505  -34.565 0.0000000000
199933  29.995  13.133  -32.466 0.0000000000
203449  29.045  9.319  -32.940 0.0000000000
