#!ascii label  , from subject sub-v2s11x28711_ses-1 vox2ras=TkReg
1850
111259  -43.317  10.991  3.232 0.0000000000
113685  -48.192  14.609  -10.519 0.0000000000
117992  -50.824  17.440  4.638 0.0000000000
112070  -47.537  11.909  -2.703 0.0000000000
165195  -49.920  6.646  2.363 0.0000000000
116633  -40.561  16.200  -4.960 0.0000000000
152516  -46.203  21.854  -8.371 0.0000000000
124269  -44.881  25.783  -3.683 0.0000000000
107790  -41.645  7.884  9.070 0.0000000000
159027  -43.858  10.413  -0.987 0.0000000000
114367  -44.496  14.528  -3.118 0.0000000000
114324  -42.293  13.619  0.745 0.0000000000
121887  -50.177  22.956  -0.702 0.0000000000
120627  -47.983  21.188  -1.729 0.0000000000
121941  -51.221  23.319  -5.618 0.0000000000
175268  -47.127  24.127  -7.233 0.0000000000
125402  -49.486  27.820  -3.372 0.0000000000
113711  -45.566  13.253  -11.736 0.0000000000
115823  -41.220  15.731  3.714 0.0000000000
114304  -47.474  13.200  3.882 0.0000000000
112829  -53.289  13.132  -1.550 0.0000000000
108824  -48.651  8.774  -1.032 0.0000000000
106962  -43.949  7.030  0.903 0.0000000000
105940  -43.838  6.366  5.201 0.0000000000
114476  -44.808  14.167  -8.528 0.0000000000
115267  -41.659  15.291  -10.571 0.0000000000
118682  -44.135  18.997  0.610 0.0000000000
119382  -42.898  20.155  -6.535 0.0000000000
118776  -41.792  18.681  -12.787 0.0000000000
121358  -41.884  22.515  -12.504 0.0000000000
121959  -41.112  23.002  -8.222 0.0000000000
110472  -43.379  10.141  0.785 0.0000000000
112804  -43.013  12.271  -0.497 0.0000000000
112799  -44.298  11.943  1.703 0.0000000000
124238  -51.577  25.767  -1.693 0.0000000000
121910  -52.112  22.466  -3.172 0.0000000000
123743  -53.665  24.740  -4.246 0.0000000000
181426  -50.464  24.685  -3.839 0.0000000000
114503  -47.489  14.514  -11.393 0.0000000000
118632  -39.772  18.635  4.957 0.0000000000
117292  -42.476  17.346  3.656 0.0000000000
107903  -49.307  7.467  0.414 0.0000000000
107919  -46.766  7.247  -0.243 0.0000000000
154163  -47.142  6.593  1.612 0.0000000000
106845  -42.461  6.755  7.042 0.0000000000
111245  -38.819  10.814  5.323 0.0000000000
113544  -38.192  13.294  4.569 0.0000000000
113538  -36.467  13.465  5.110 0.0000000000
114387  -47.638  14.425  -4.133 0.0000000000
114364  -42.424  14.238  -4.185 0.0000000000
164357  -44.408  14.059  -5.394 0.0000000000
114440  -42.109  14.162  -6.857 0.0000000000
114484  -42.970  14.110  -9.538 0.0000000000
115915  -40.899  15.421  -7.812 0.0000000000
115818  -49.482  15.249  4.685 0.0000000000
170271  -46.013  16.032  2.666 0.0000000000
118673  -47.438  18.914  2.621 0.0000000000
121287  -46.931  21.735  -5.615 0.0000000000
179132  -45.203  21.033  -4.241 0.0000000000
120693  -44.129  21.083  -7.213 0.0000000000
119412  -42.039  19.597  -9.491 0.0000000000
120726  -43.672  21.199  -10.346 0.0000000000
120084  -42.632  20.447  -14.259 0.0000000000
121351  -45.067  22.666  -11.827 0.0000000000
123160  -45.530  24.363  -4.672 0.0000000000
177942  -44.160  24.093  -7.299 0.0000000000
122554  -42.855  24.031  -5.809 0.0000000000
122564  -41.131  23.467  -6.037 0.0000000000
123750  -42.425  24.999  -4.269 0.0000000000
111323  -45.765  11.188  -2.640 0.0000000000
113608  -45.565  13.429  -2.761 0.0000000000
161307  -43.779  12.729  -1.986 0.0000000000
154382  -42.481  14.310  -1.529 0.0000000000
115857  -41.029  15.405  -1.194 0.0000000000
120594  -51.799  20.724  3.101 0.0000000000
119946  -49.732  20.145  1.371 0.0000000000
119989  -51.382  20.569  -0.928 0.0000000000
121259  -49.761  21.828  -4.030 0.0000000000
121311  -49.795  22.828  -7.395 0.0000000000
122602  -48.949  23.974  -9.097 0.0000000000
122559  -49.846  23.838  -6.508 0.0000000000
123144  -48.194  24.769  -4.248 0.0000000000
124816  -46.799  26.747  -3.591 0.0000000000
112946  -43.679  12.748  -11.825 0.0000000000
113550  -42.745  13.088  4.509 0.0000000000
175756  -45.548  11.946  3.390 0.0000000000
115092  -44.095  14.427  4.182 0.0000000000
116556  -46.053  16.292  4.327 0.0000000000
118642  -47.603  19.003  4.700 0.0000000000
121161  -45.809  21.691  4.609 0.0000000000
175979  -49.702  21.046  5.345 0.0000000000
112825  -50.253  12.483  -2.195 0.0000000000
111294  -51.023  10.821  -1.239 0.0000000000
161678  -47.992  10.295  -2.193 0.0000000000
109686  -46.043  8.750  -1.630 0.0000000000
108796  -44.011  8.559  -0.377 0.0000000000
106912  -49.820  6.446  4.044 0.0000000000
106835  -45.848  7.129  7.379 0.0000000000
166928  -46.429  6.693  5.677 0.0000000000
105962  -46.555  6.149  3.487 0.0000000000
105966  -43.968  6.222  3.086 0.0000000000
174866  -41.803  10.352  3.509 0.0000000000
115225  -48.097  15.159  -8.867 0.0000000000
154465  -46.232  14.082  -4.988 0.0000000000
114465  -46.514  14.340  -7.099 0.0000000000
171904  -47.231  15.679  -10.552 0.0000000000
115271  -45.616  14.874  -11.668 0.0000000000
115282  -44.151  14.671  -13.130 0.0000000000
115289  -42.855  14.749  -13.280 0.0000000000
114316  -44.627  13.818  2.222 0.0000000000
172415  -42.342  16.444  0.960 0.0000000000
175042  -41.336  18.284  -1.772 0.0000000000
119975  -46.295  20.584  -0.246 0.0000000000
119355  -43.478  19.940  -3.005 0.0000000000
118728  -41.478  18.646  -5.726 0.0000000000
117379  -40.955  17.421  -8.728 0.0000000000
155380  -41.190  16.911  -11.061 0.0000000000
115966  -41.701  15.833  -14.207 0.0000000000
123216  -45.562  24.169  -10.166 0.0000000000
154789  -41.802  23.017  -9.692 0.0000000000
120718  -39.161  21.753  -9.719 0.0000000000
121316  -38.852  21.756  -7.775 0.0000000000
121296  -38.545  22.198  -6.426 0.0000000000
111269  -43.290  10.433  1.603 0.0000000000
111270  -43.688  10.953  1.166 0.0000000000
111264  -44.294  11.387  2.322 0.0000000000
123711  -53.218  25.357  -2.816 0.0000000000
124820  -53.470  26.526  -3.720 0.0000000000
113700  -47.693  14.153  -10.819 0.0000000000
106969  -49.619  6.947  1.320 0.0000000000
106984  -48.373  7.083  0.852 0.0000000000
106958  -48.451  6.684  2.133 0.0000000000
110444  -38.446  10.397  5.793 0.0000000000
111998  -38.010  11.641  5.234 0.0000000000
113612  -48.754  13.405  -2.931 0.0000000000
114356  -47.692  13.963  -3.030 0.0000000000
115160  -41.213  14.873  -4.354 0.0000000000
114402  -42.348  14.268  -5.543 0.0000000000
115172  -41.269  14.903  -6.147 0.0000000000
115202  -41.674  14.360  -7.907 0.0000000000
116640  -40.913  15.976  -6.280 0.0000000000
116560  -50.120  16.154  4.640 0.0000000000
117304  -48.129  16.778  3.274 0.0000000000
118653  -49.513  17.927  3.510 0.0000000000
152336  -47.021  21.682  -6.971 0.0000000000
120686  -45.457  21.217  -6.365 0.0000000000
120713  -45.438  21.462  -8.043 0.0000000000
120719  -44.188  21.122  -9.044 0.0000000000
121337  -45.411  21.772  -9.399 0.0000000000
120734  -44.907  22.133  -11.379 0.0000000000
182428  -46.020  22.404  -10.877 0.0000000000
174114  -45.032  24.763  -4.158 0.0000000000
123174  -44.268  24.160  -4.962 0.0000000000
123143  -44.007  24.872  -3.845 0.0000000000
123157  -42.819  24.573  -4.618 0.0000000000
123732  -43.474  25.488  -3.691 0.0000000000
111306  -44.660  10.748  -2.112 0.0000000000
171039  -44.832  12.036  -2.270 0.0000000000
111305  -44.084  11.167  -1.870 0.0000000000
113577  -42.525  12.875  -0.263 0.0000000000
162568  -42.900  12.757  -0.994 0.0000000000
113576  -42.200  13.518  -0.584 0.0000000000
114333  -41.784  14.517  -1.305 0.0000000000
115126  -41.560  14.552  -0.121 0.0000000000
121214  -51.641  21.608  0.988 0.0000000000
120606  -52.072  20.784  0.633 0.0000000000
121225  -51.676  21.671  -0.643 0.0000000000
121931  -52.569  22.725  -4.651 0.0000000000
121247  -51.171  21.584  -3.349 0.0000000000
121275  -50.441  22.204  -4.745 0.0000000000
121288  -49.064  22.120  -5.553 0.0000000000
121939  -50.430  22.910  -6.424 0.0000000000
122573  -50.385  23.464  -7.186 0.0000000000
122560  -50.680  23.578  -6.164 0.0000000000
124252  -49.625  26.128  -3.155 0.0000000000
123739  -49.211  25.167  -3.671 0.0000000000
124274  -48.703  25.661  -3.269 0.0000000000
124272  -47.197  25.929  -3.558 0.0000000000
124818  -47.958  27.095  -3.359 0.0000000000
112948  -44.899  12.982  -11.677 0.0000000000
114293  -41.761  14.013  4.302 0.0000000000
153070  -43.237  13.497  4.450 0.0000000000
115104  -42.953  14.758  4.124 0.0000000000
117988  -43.224  18.401  4.059 0.0000000000
155367  -43.942  17.078  3.703 0.0000000000
117990  -44.857  18.224  3.940 0.0000000000
117283  -47.165  17.283  4.541 0.0000000000
118640  -45.904  18.892  4.329 0.0000000000
121195  -45.072  22.347  3.595 0.0000000000
120537  -47.851  21.348  5.433 0.0000000000
121828  -48.065  22.724  4.490 0.0000000000
121840  -49.717  22.610  4.290 0.0000000000
122459  -48.630  24.052  3.287 0.0000000000
113596  -51.436  13.132  -2.361 0.0000000000
112827  -51.812  12.853  -1.829 0.0000000000
110489  -51.162  9.828  -0.486 0.0000000000
110502  -49.908  9.991  -1.269 0.0000000000
110518  -49.343  10.349  -1.720 0.0000000000
110501  -48.739  9.815  -1.648 0.0000000000
110515  -47.403  9.959  -2.148 0.0000000000
109688  -47.498  8.992  -1.518 0.0000000000
107898  -45.395  7.192  -0.052 0.0000000000
176971  -45.450  7.668  -0.466 0.0000000000
107896  -43.913  7.621  0.415 0.0000000000
106820  -44.347  7.091  8.330 0.0000000000
106847  -44.166  6.734  6.752 0.0000000000
105933  -44.689  6.468  5.565 0.0000000000
105942  -46.372  6.521  4.613 0.0000000000
156456  -45.027  6.114  4.490 0.0000000000
105960  -45.355  5.936  3.306 0.0000000000
105950  -43.824  6.291  4.236 0.0000000000
112006  -41.209  11.718  4.326 0.0000000000
153611  -40.528  11.759  4.351 0.0000000000
115227  -49.196  15.516  -8.877 0.0000000000
114353  -45.371  14.125  -2.946 0.0000000000
153436  -45.667  14.329  -3.541 0.0000000000
114384  -45.344  14.515  -4.047 0.0000000000
114443  -44.960  14.062  -7.249 0.0000000000
114425  -45.597  14.077  -6.130 0.0000000000
114463  -45.543  14.331  -7.617 0.0000000000
115223  -46.470  15.057  -8.738 0.0000000000
115222  -45.895  14.886  -8.931 0.0000000000
115253  -46.561  15.481  -10.878 0.0000000000
114502  -45.056  14.783  -10.044 0.0000000000
114498  -42.381  14.367  -9.958 0.0000000000
114520  -43.819  14.563  -11.091 0.0000000000
114533  -43.582  14.981  -12.043 0.0000000000
115290  -43.672  14.569  -13.352 0.0000000000
115956  -41.962  15.579  -11.598 0.0000000000
112781  -46.395  12.459  4.085 0.0000000000
113568  -45.289  12.365  2.582 0.0000000000
113563  -45.989  13.312  2.715 0.0000000000
118004  -44.939  17.624  1.965 0.0000000000
116581  -44.004  16.630  1.771 0.0000000000
118008  -43.314  17.937  0.792 0.0000000000
118011  -42.054  17.722  -0.106 0.0000000000
118684  -42.556  18.718  -0.489 0.0000000000
176409  -49.126  20.588  -0.342 0.0000000000
119966  -47.969  20.781  0.265 0.0000000000
120614  -47.148  20.962  -1.139 0.0000000000
120028  -43.960  20.609  -5.649 0.0000000000
184582  -44.610  20.862  -3.401 0.0000000000
120011  -43.283  20.171  -4.452 0.0000000000
119367  -42.153  19.380  -4.710 0.0000000000
118729  -41.941  19.162  -6.050 0.0000000000
179137  -41.300  18.254  -7.248 0.0000000000
118747  -42.165  19.038  -7.336 0.0000000000
119427  -41.856  19.508  -10.846 0.0000000000
118090  -41.298  18.181  -10.570 0.0000000000
155842  -41.544  17.569  -12.829 0.0000000000
152148  -41.893  16.615  -13.840 0.0000000000
152126  -41.647  17.714  -14.132 0.0000000000
151851  -41.465  16.611  -14.497 0.0000000000
118784  -41.333  18.096  -14.469 0.0000000000
174302  -42.411  21.798  -14.094 0.0000000000
120083  -40.503  20.108  -14.087 0.0000000000
123191  -48.030  24.275  -8.391 0.0000000000
123211  -47.174  24.484  -10.137 0.0000000000
123195  -46.008  24.534  -8.266 0.0000000000
172273  -42.519  23.655  -8.240 0.0000000000
122599  -42.695  23.779  -9.036 0.0000000000
121969  -41.804  23.161  -9.161 0.0000000000
121343  -40.588  22.128  -9.892 0.0000000000
121327  -40.383  22.326  -8.689 0.0000000000
121325  -38.947  21.803  -8.436 0.0000000000
121318  -40.154  22.472  -8.171 0.0000000000
122550  -40.637  23.485  -5.325 0.0000000000
161322  -40.056  22.893  -6.386 0.0000000000
121928  -39.664  23.060  -5.145 0.0000000000
152375  -38.636  22.630  -5.102 0.0000000000
110488  -43.646  10.077  -0.501 0.0000000000
153268  -43.536  11.052  -0.897 0.0000000000
112032  -43.549  11.232  -0.220 0.0000000000
112802  -43.574  12.077  0.577 0.0000000000
112797  -43.236  12.658  0.800 0.0000000000
121890  -50.737  22.790  -1.637 0.0000000000
123128  -51.779  23.813  -2.596 0.0000000000
122527  -53.076  23.629  -3.994 0.0000000000
123168  -52.678  23.809  -4.833 0.0000000000
171429  -51.271  23.898  -5.079 0.0000000000
124278  -52.320  24.993  -4.142 0.0000000000
160146  -51.318  26.417  -3.139 0.0000000000
113712  -46.176  13.551  -11.761 0.0000000000
116553  -39.945  17.239  4.113 0.0000000000
116564  -42.091  16.661  3.672 0.0000000000
117985  -41.282  18.049  3.952 0.0000000000
108803  -49.079  8.361  -0.518 0.0000000000
108801  -47.595  8.064  -0.713 0.0000000000
107921  -48.174  7.574  -0.277 0.0000000000
107900  -46.777  6.837  0.303 0.0000000000
106964  -45.251  6.544  0.988 0.0000000000
106818  -42.562  7.163  8.282 0.0000000000
106843  -40.900  7.009  6.705 0.0000000000
111250  -39.897  10.747  4.731 0.0000000000
112004  -39.381  12.002  4.545 0.0000000000
165122  -38.671  11.942  4.816 0.0000000000
113540  -37.750  12.849  5.040 0.0000000000
114365  -43.202  14.491  -3.826 0.0000000000
114405  -44.464  14.262  -4.647 0.0000000000
114382  -43.106  14.322  -4.555 0.0000000000
114423  -43.197  13.912  -6.271 0.0000000000
114461  -43.661  13.948  -7.765 0.0000000000
114486  -44.412  14.221  -9.369 0.0000000000
171588  -42.877  13.899  -7.993 0.0000000000
114483  -42.313  14.207  -9.085 0.0000000000
115236  -41.433  15.005  -8.943 0.0000000000
114300  -48.300  13.882  4.131 0.0000000000
163163  -46.950  14.672  2.964 0.0000000000
184607  -47.606  15.500  3.254 0.0000000000
117302  -46.412  17.138  2.586 0.0000000000
163353  -45.770  18.932  1.792 0.0000000000
181377  -47.202  21.567  -3.698 0.0000000000
120643  -46.721  21.397  -2.578 0.0000000000
120668  -46.126  21.535  -4.664 0.0000000000
160393  -44.955  21.003  -5.929 0.0000000000
120041  -43.580  20.703  -7.073 0.0000000000
160189  -42.385  19.580  -8.055 0.0000000000
120049  -43.140  20.376  -8.158 0.0000000000
119421  -42.718  20.176  -10.233 0.0000000000
120073  -42.558  20.095  -12.097 0.0000000000
119438  -41.823  18.969  -13.905 0.0000000000
120080  -43.042  20.777  -12.607 0.0000000000
120746  -43.714  22.247  -13.218 0.0000000000
122005  -44.074  23.021  -13.218 0.0000000000
122555  -46.121  23.833  -5.946 0.0000000000
122583  -45.416  24.162  -7.017 0.0000000000
152664  -44.865  23.976  -6.489 0.0000000000
122581  -43.358  23.712  -7.131 0.0000000000
122579  -41.970  23.521  -7.200 0.0000000000
122578  -41.277  23.355  -6.980 0.0000000000
122553  -42.249  23.849  -5.876 0.0000000000
123171  -41.724  24.270  -4.918 0.0000000000
123155  -41.147  24.330  -4.629 0.0000000000
111324  -46.484  11.146  -2.645 0.0000000000
167735  -46.759  12.871  -2.810 0.0000000000
112067  -45.543  11.992  -2.696 0.0000000000
112834  -45.169  12.761  -2.571 0.0000000000
113595  -44.158  13.464  -2.162 0.0000000000
182000  -43.521  12.208  -1.741 0.0000000000
113594  -43.486  13.385  -1.894 0.0000000000
152417  -43.264  14.330  -2.420 0.0000000000
115148  -42.605  14.522  -2.631 0.0000000000
115146  -41.173  15.078  -2.927 0.0000000000
115873  -40.506  15.910  -2.999 0.0000000000
118656  -51.704  19.178  4.021 0.0000000000
119306  -49.997  19.453  2.781 0.0000000000
119321  -51.239  20.009  2.295 0.0000000000
119969  -50.270  20.106  0.181 0.0000000000
120629  -49.723  20.926  -1.785 0.0000000000
159900  -51.803  21.578  -1.974 0.0000000000
120646  -50.783  21.379  -2.658 0.0000000000
120645  -48.626  21.508  -2.717 0.0000000000
121272  -47.852  21.796  -4.663 0.0000000000
182952  -47.806  21.838  -5.872 0.0000000000
152830  -48.033  22.199  -7.323 0.0000000000
121330  -47.779  22.653  -8.915 0.0000000000
121954  -49.665  23.383  -8.140 0.0000000000
122586  -49.613  23.616  -7.847 0.0000000000
122557  -47.946  24.270  -6.421 0.0000000000
123165  -49.689  24.336  -4.856 0.0000000000
123179  -48.791  24.237  -5.546 0.0000000000
123177  -47.067  24.171  -5.375 0.0000000000
123753  -46.622  24.790  -4.178 0.0000000000
123735  -46.102  25.317  -3.814 0.0000000000
124815  -45.863  26.619  -3.704 0.0000000000
157026  -43.378  11.476  3.798 0.0000000000
112019  -44.268  11.573  3.041 0.0000000000
112779  -44.057  12.691  4.079 0.0000000000
112780  -45.094  12.639  4.042 0.0000000000
114297  -45.784  13.545  4.586 0.0000000000
115826  -43.488  15.800  3.837 0.0000000000
152814  -45.091  15.024  4.309 0.0000000000
177805  -46.739  14.603  4.683 0.0000000000
153011  -47.894  15.443  4.897 0.0000000000
117285  -49.208  16.162  5.194 0.0000000000
118625  -49.642  18.058  5.240 0.0000000000
119928  -44.936  20.499  4.834 0.0000000000
119930  -46.424  20.273  5.064 0.0000000000
119271  -48.964  20.156  5.291 0.0000000000
119274  -51.154  19.334  5.645 0.0000000000
119931  -51.242  20.887  5.045 0.0000000000
121197  -50.725  21.891  3.343 0.0000000000
122489  -49.505  23.387  1.013 0.0000000000
112839  -49.916  13.059  -2.523 0.0000000000
112072  -48.826  12.275  -2.332 0.0000000000
111296  -52.289  11.496  -0.652 0.0000000000
112046  -51.955  11.853  -1.031 0.0000000000
111314  -50.405  11.249  -1.640 0.0000000000
111312  -49.064  11.042  -2.071 0.0000000000
111326  -47.907  11.326  -2.557 0.0000000000
111309  -46.885  10.537  -2.407 0.0000000000
110513  -45.677  9.996  -2.145 0.0000000000
109702  -44.720  9.792  -1.779 0.0000000000
108821  -46.277  8.270  -1.185 0.0000000000
108819  -44.963  8.616  -1.128 0.0000000000
177579  -44.156  9.374  -1.052 0.0000000000
110480  -43.350  9.540  0.292 0.0000000000
159255  -47.351  6.969  7.081 0.0000000000
156970  -44.080  6.760  7.373 0.0000000000
106849  -45.939  6.867  6.774 0.0000000000
106870  -47.837  6.870  6.062 0.0000000000
171663  -47.416  6.754  5.169 0.0000000000
106930  -48.419  6.493  4.056 0.0000000000
106945  -48.434  6.547  2.851 0.0000000000
106956  -46.984  6.451  2.318 0.0000000000
105977  -45.756  5.992  2.078 0.0000000000
105975  -43.881  6.428  1.970 0.0000000000
111262  -42.735  10.595  3.221 0.0000000000
112007  -42.409  11.963  4.317 0.0000000000
178204  -41.465  12.775  4.373 0.0000000000
173436  -40.709  14.482  4.182 0.0000000000
116552  -39.725  15.949  4.017 0.0000000000
115937  -49.590  15.714  -9.911 0.0000000000
115256  -49.323  15.564  -10.132 0.0000000000
152225  -48.382  15.469  -9.841 0.0000000000
164040  -46.778  14.313  -3.159 0.0000000000
154297  -46.557  14.193  -4.261 0.0000000000
114406  -45.251  14.159  -5.368 0.0000000000
114426  -46.152  14.114  -6.014 0.0000000000
115187  -46.976  14.232  -6.815 0.0000000000
115204  -47.125  14.563  -7.685 0.0000000000
153111  -47.749  15.299  -9.481 0.0000000000
152602  -47.675  15.680  -10.970 0.0000000000
115254  -47.242  15.875  -11.403 0.0000000000
114537  -46.718  15.225  -12.042 0.0000000000
114536  -46.219  14.728  -12.238 0.0000000000
114501  -44.343  14.623  -10.386 0.0000000000
115270  -44.890  14.737  -11.911 0.0000000000
113732  -45.030  14.012  -12.449 0.0000000000
113731  -44.165  13.949  -13.055 0.0000000000
113729  -43.254  14.323  -13.384 0.0000000000
114532  -41.948  14.059  -12.957 0.0000000000
112024  -44.547  11.725  2.259 0.0000000000
112794  -44.224  12.669  1.740 0.0000000000
114321  -43.333  13.719  1.521 0.0000000000
171470  -44.744  15.133  2.485 0.0000000000
115114  -43.579  14.841  2.010 0.0000000000
115118  -42.246  15.068  0.918 0.0000000000
116592  -41.331  16.230  -0.384 0.0000000000
116595  -40.815  16.676  -1.421 0.0000000000
117344  -40.500  17.193  -3.136 0.0000000000
170620  -48.564  19.624  2.425 0.0000000000
119328  -46.693  20.104  1.593 0.0000000000
119339  -45.003  19.899  -0.104 0.0000000000
120624  -45.479  21.124  -2.364 0.0000000000
119984  -44.580  20.278  -1.468 0.0000000000
119343  -44.037  19.851  -1.094 0.0000000000
119346  -42.694  19.288  -2.209 0.0000000000
172912  -41.429  18.752  -3.748 0.0000000000
117357  -40.807  16.890  -5.491 0.0000000000
160166  -40.770  16.947  -7.207 0.0000000000
116662  -41.139  16.279  -9.530 0.0000000000
118760  -41.230  18.564  -9.008 0.0000000000
153540  -41.167  17.547  -10.047 0.0000000000
115955  -41.486  15.820  -10.863 0.0000000000
115962  -41.970  15.706  -12.772 0.0000000000
115294  -41.969  15.811  -14.022 0.0000000000
177437  -41.044  18.576  -14.453 0.0000000000
121985  -47.360  23.969  -10.640 0.0000000000
122624  -45.812  23.596  -11.478 0.0000000000
121991  -43.401  23.059  -11.764 0.0000000000
163981  -44.264  24.198  -9.162 0.0000000000
122612  -42.947  23.616  -10.060 0.0000000000
121989  -41.747  22.719  -11.550 0.0000000000
121349  -40.537  22.074  -10.635 0.0000000000
120724  -39.416  21.572  -10.440 0.0000000000
119416  -37.919  20.125  -10.026 0.0000000000
121953  -40.269  22.869  -7.241 0.0000000000
121307  -38.689  21.873  -7.140 0.0000000000
125425  -45.332  27.763  -4.083 0.0000000000
124813  -43.901  26.772  -3.550 0.0000000000
124812  -43.264  26.629  -3.490 0.0000000000
124266  -42.284  25.990  -3.716 0.0000000000
123747  -40.513  25.221  -4.087 0.0000000000
111266  -43.123  10.661  2.474 0.0000000000
111267  -43.771  11.005  1.981 0.0000000000
111263  -43.844  11.217  2.692 0.0000000000
106970  -50.244  6.933  1.867 0.0000000000
154512  -49.391  6.668  1.933 0.0000000000
106968  -48.811  6.844  1.403 0.0000000000
111242  -37.859  10.714  6.029 0.0000000000
112836  -47.842  12.652  -2.804 0.0000000000
113611  -48.076  13.369  -2.931 0.0000000000
115159  -40.746  15.083  -4.675 0.0000000000
115166  -41.207  14.889  -5.249 0.0000000000
115897  -40.734  15.460  -5.150 0.0000000000
115903  -40.981  15.323  -6.516 0.0000000000
116634  -40.823  16.076  -5.648 0.0000000000
156739  -50.462  16.743  4.490 0.0000000000
175612  -49.991  17.100  3.877 0.0000000000
158160  -50.342  17.564  4.069 0.0000000000
121319  -46.577  21.892  -7.964 0.0000000000
121309  -45.871  21.666  -7.637 0.0000000000
121328  -45.793  21.775  -8.898 0.0000000000
121345  -45.466  22.027  -10.237 0.0000000000
121329  -46.768  22.100  -9.288 0.0000000000
123733  -44.648  25.155  -3.824 0.0000000000
181016  -44.520  24.801  -3.983 0.0000000000
163995  -44.175  25.564  -3.594 0.0000000000
111292  -44.206  10.552  -1.616 0.0000000000
113574  -42.397  12.857  0.564 0.0000000000
113573  -42.155  13.464  0.097 0.0000000000
114327  -41.875  14.036  -0.292 0.0000000000
114323  -41.968  14.117  0.295 0.0000000000
121213  -50.705  22.161  0.833 0.0000000000
121221  -51.546  21.704  0.209 0.0000000000
121220  -50.522  22.286  -0.110 0.0000000000
121930  -51.854  22.898  -5.075 0.0000000000
121276  -51.372  22.112  -4.668 0.0000000000
121929  -51.086  22.782  -5.332 0.0000000000
121290  -50.518  22.447  -5.684 0.0000000000
121940  -50.765  23.169  -6.036 0.0000000000
121948  -50.586  23.339  -6.769 0.0000000000
124796  -49.772  26.704  -3.105 0.0000000000
180133  -49.013  26.052  -3.067 0.0000000000
175099  -49.098  26.583  -3.020 0.0000000000
124251  -48.387  26.380  -3.100 0.0000000000
124795  -48.621  27.107  -3.175 0.0000000000
113697  -45.596  13.010  -10.962 0.0000000000
112938  -45.202  12.691  -11.111 0.0000000000
167309  -41.864  14.666  4.147 0.0000000000
115091  -42.412  14.392  4.189 0.0000000000
164451  -41.841  15.563  3.773 0.0000000000
118649  -43.751  18.886  4.166 0.0000000000
117989  -44.253  18.330  3.923 0.0000000000
118650  -44.504  18.924  4.207 0.0000000000
118651  -45.192  18.871  4.239 0.0000000000
118639  -44.805  19.474  4.627 0.0000000000
121838  -47.602  22.960  4.161 0.0000000000
121839  -48.321  23.208  4.196 0.0000000000
112828  -52.568  12.944  -1.710 0.0000000000
113597  -52.148  13.271  -2.251 0.0000000000
152781  -49.306  9.789  -1.409 0.0000000000
109690  -48.963  9.351  -1.238 0.0000000000
109689  -48.220  9.228  -1.549 0.0000000000
108823  -47.943  8.631  -1.137 0.0000000000
106980  -44.998  6.934  0.466 0.0000000000
169772  -44.794  7.308  0.123 0.0000000000
108778  -43.435  8.105  0.702 0.0000000000
107888  -43.464  7.506  1.046 0.0000000000
107805  -42.754  7.337  8.891 0.0000000000
105932  -44.050  6.470  5.736 0.0000000000
181431  -44.279  6.390  5.393 0.0000000000
175822  -45.059  6.332  5.048 0.0000000000
105941  -44.498  6.291  4.977 0.0000000000
105951  -44.438  6.130  4.338 0.0000000000
175955  -43.580  6.346  4.700 0.0000000000
181297  -40.691  10.766  4.356 0.0000000000
111252  -41.033  11.090  4.367 0.0000000000
157668  -40.403  11.050  4.476 0.0000000000
115189  -48.248  14.787  -7.314 0.0000000000
152273  -44.864  14.300  -2.823 0.0000000000
114368  -45.065  14.560  -3.357 0.0000000000
173652  -45.061  14.176  -7.916 0.0000000000
114477  -45.422  14.517  -8.347 0.0000000000
114478  -45.973  14.646  -8.122 0.0000000000
115238  -45.865  14.886  -9.889 0.0000000000
114487  -45.228  14.584  -9.146 0.0000000000
115250  -41.966  14.873  -10.284 0.0000000000
114518  -42.519  14.681  -10.955 0.0000000000
115268  -42.208  15.142  -11.371 0.0000000000
115269  -42.909  14.946  -12.240 0.0000000000
112782  -46.940  12.901  4.025 0.0000000000
112792  -46.309  12.393  3.462 0.0000000000
114311  -47.121  13.257  3.466 0.0000000000
118009  -44.777  18.200  1.542 0.0000000000
117315  -44.285  17.660  1.533 0.0000000000
118675  -43.794  18.372  0.840 0.0000000000
118012  -43.282  18.253  0.500 0.0000000000
118681  -43.579  18.698  0.303 0.0000000000
120616  -48.460  20.945  -1.337 0.0000000000
120609  -48.183  20.837  -0.856 0.0000000000
156572  -47.437  21.052  -1.606 0.0000000000
120027  -43.286  20.503  -6.109 0.0000000000
120020  -43.293  20.352  -5.365 0.0000000000
119376  -42.800  20.056  -5.874 0.0000000000
119375  -42.264  19.576  -5.575 0.0000000000
119381  -42.443  19.673  -6.332 0.0000000000
118737  -42.165  19.223  -6.785 0.0000000000
119387  -42.608  19.508  -7.212 0.0000000000
167916  -41.754  19.094  -11.655 0.0000000000
158365  -41.509  18.514  -11.693 0.0000000000
118095  -41.645  18.125  -12.955 0.0000000000
118780  -41.679  18.312  -14.070 0.0000000000
121366  -42.548  22.371  -13.244 0.0000000000
120750  -41.631  21.361  -14.251 0.0000000000
121365  -41.553  21.980  -13.221 0.0000000000
121357  -41.165  22.284  -12.061 0.0000000000
123190  -47.163  24.338  -7.730 0.0000000000
123196  -47.143  24.518  -8.360 0.0000000000
122590  -41.877  23.470  -8.063 0.0000000000
122598  -41.989  23.429  -8.748 0.0000000000
121968  -41.289  22.885  -8.707 0.0000000000
121967  -40.951  22.540  -8.872 0.0000000000
154672  -40.752  22.737  -8.315 0.0000000000
122543  -40.289  23.808  -4.709 0.0000000000
121937  -40.167  23.056  -5.585 0.0000000000
111280  -43.575  10.597  -0.373 0.0000000000
111274  -43.562  10.729  0.316 0.0000000000
112026  -43.914  11.669  1.137 0.0000000000
112028  -43.678  11.417  0.471 0.0000000000
112798  -43.871  12.353  1.175 0.0000000000
123118  -51.032  24.432  -2.032 0.0000000000
123709  -51.303  25.169  -1.916 0.0000000000
123719  -53.748  24.966  -3.744 0.0000000000
123710  -53.003  24.647  -3.110 0.0000000000
123134  -53.472  24.231  -4.082 0.0000000000
122536  -53.092  23.799  -4.375 0.0000000000
123149  -53.158  24.080  -4.411 0.0000000000
123148  -52.371  24.347  -4.600 0.0000000000
123742  -53.123  24.528  -4.377 0.0000000000
125404  -52.628  27.313  -3.475 0.0000000000
175170  -52.562  26.464  -3.557 0.0000000000
113684  -47.076  13.379  -10.135 0.0000000000
113699  -47.008  13.589  -10.877 0.0000000000
113713  -46.818  13.969  -11.542 0.0000000000
117975  -39.501  17.869  4.610 0.0000000000
117289  -40.654  17.602  3.934 0.0000000000
117976  -40.239  18.141  4.415 0.0000000000
108789  -50.127  8.239  0.249 0.0000000000
108788  -49.513  7.997  0.064 0.0000000000
107922  -48.892  7.714  -0.176 0.0000000000
107902  -48.689  7.239  0.256 0.0000000000
106967  -47.861  6.872  1.394 0.0000000000
183795  -47.729  6.979  0.727 0.0000000000
106983  -47.142  6.632  0.831 0.0000000000
106982  -46.403  6.593  0.672 0.0000000000
106965  -45.946  6.368  1.093 0.0000000000
164536  -40.064  8.777  5.356 0.0000000000
109632  -39.941  9.396  5.138 0.0000000000
110446  -39.661  10.139  5.152 0.0000000000
111246  -39.383  10.686  5.182 0.0000000000
112000  -39.264  11.315  4.941 0.0000000000
111999  -38.578  11.324  5.131 0.0000000000
113539  -36.960  13.080  5.034 0.0000000000
114422  -42.364  14.157  -6.243 0.0000000000
173688  -42.876  14.063  -5.783 0.0000000000
114441  -42.737  13.952  -6.869 0.0000000000
114442  -43.616  13.898  -6.923 0.0000000000
114460  -43.012  13.934  -7.413 0.0000000000
114459  -42.225  13.968  -7.511 0.0000000000
115201  -41.173  14.778  -7.538 0.0000000000
115220  -41.274  14.862  -8.219 0.0000000000
115237  -41.885  14.669  -9.422 0.0000000000
115923  -41.057  15.521  -8.487 0.0000000000
115829  -49.054  14.918  4.358 0.0000000000
183188  -48.320  14.369  3.728 0.0000000000
115828  -48.828  15.104  3.764 0.0000000000
117998  -47.764  17.522  3.000 0.0000000000
117303  -47.250  17.177  2.810 0.0000000000
118659  -47.176  18.060  2.671 0.0000000000
118005  -46.137  17.861  2.326 0.0000000000
118672  -46.741  18.740  2.313 0.0000000000
121256  -47.476  21.622  -4.219 0.0000000000
120669  -46.766  21.612  -4.275 0.0000000000
121271  -46.607  21.759  -4.980 0.0000000000
176111  -45.140  21.250  -6.819 0.0000000000
120685  -44.767  21.053  -6.500 0.0000000000
120042  -44.094  20.868  -6.699 0.0000000000
172817  -43.319  20.423  -7.525 0.0000000000
120050  -43.598  20.802  -7.945 0.0000000000
165177  -44.264  21.299  -9.981 0.0000000000
120063  -43.561  20.799  -9.510 0.0000000000
120069  -43.144  20.827  -10.305 0.0000000000
120068  -42.423  19.911  -11.006 0.0000000000
172838  -42.908  20.644  -11.262 0.0000000000
175229  -43.287  21.248  -11.978 0.0000000000
120740  -44.001  22.061  -12.890 0.0000000000
121360  -44.429  22.613  -12.580 0.0000000000
121359  -44.134  22.667  -13.198 0.0000000000
154949  -44.545  22.755  -12.202 0.0000000000
123176  -46.229  24.009  -5.289 0.0000000000
122568  -45.604  23.801  -6.348 0.0000000000
123175  -45.481  24.102  -5.476 0.0000000000
123173  -43.697  24.043  -5.563 0.0000000000
122567  -44.166  23.953  -6.354 0.0000000000
158182  -43.303  23.899  -6.487 0.0000000000
122580  -42.766  23.631  -7.083 0.0000000000
122566  -42.479  23.746  -6.467 0.0000000000
123172  -42.380  24.222  -5.211 0.0000000000
123156  -42.199  24.561  -4.620 0.0000000000
123749  -41.635  24.829  -4.371 0.0000000000
112068  -46.143  11.698  -2.745 0.0000000000
112823  -44.475  12.766  -2.246 0.0000000000
113607  -44.889  13.611  -2.481 0.0000000000
112031  -43.295  11.669  -0.745 0.0000000000
112044  -43.569  11.564  -1.477 0.0000000000
112813  -43.250  12.198  -1.180 0.0000000000
113583  -42.529  13.751  -1.239 0.0000000000
113584  -42.956  13.319  -1.445 0.0000000000
113593  -43.059  13.969  -1.848 0.0000000000
114343  -43.736  13.968  -2.250 0.0000000000
114342  -42.798  14.416  -2.048 0.0000000000
170125  -41.034  15.077  -1.636 0.0000000000
171703  -41.463  14.825  -1.780 0.0000000000
115138  -41.147  15.129  -2.241 0.0000000000
115145  -40.745  15.357  -3.326 0.0000000000
115866  -40.623  15.975  -2.289 0.0000000000
119939  -51.876  20.201  3.635 0.0000000000
119308  -51.460  19.594  3.212 0.0000000000
119948  -51.612  20.682  1.878 0.0000000000
119980  -51.739  20.583  -0.401 0.0000000000
119971  -51.746  20.561  0.193 0.0000000000
152801  -50.960  20.380  -0.253 0.0000000000
119979  -50.413  20.577  -0.798 0.0000000000
120617  -50.742  20.801  -1.503 0.0000000000
121900  -51.658  22.614  -2.291 0.0000000000
121228  -51.772  22.008  -1.830 0.0000000000
121237  -51.923  21.982  -2.527 0.0000000000
121260  -50.803  21.662  -4.057 0.0000000000
121246  -50.187  21.603  -3.280 0.0000000000
184095  -49.649  21.336  -2.528 0.0000000000
121245  -49.176  21.681  -3.299 0.0000000000
120659  -48.358  21.743  -3.408 0.0000000000
121258  -48.822  22.056  -3.991 0.0000000000
121302  -49.749  22.622  -6.474 0.0000000000
121301  -48.828  22.153  -6.245 0.0000000000
121300  -48.462  22.197  -6.815 0.0000000000
121310  -49.114  22.742  -7.686 0.0000000000
121321  -48.817  22.918  -8.172 0.0000000000
121955  -50.032  23.367  -7.532 0.0000000000
122572  -49.863  23.727  -7.290 0.0000000000
178751  -48.996  23.933  -7.141 0.0000000000
122558  -48.844  23.935  -6.376 0.0000000000
123147  -51.098  24.439  -4.446 0.0000000000
168310  -50.599  24.291  -5.035 0.0000000000
123146  -49.978  24.623  -4.084 0.0000000000
123738  -48.438  25.239  -3.772 0.0000000000
123164  -48.831  24.443  -4.844 0.0000000000
123163  -47.995  24.356  -4.719 0.0000000000
123178  -47.922  24.286  -5.475 0.0000000000
123162  -47.202  24.421  -4.708 0.0000000000
123754  -47.402  24.760  -4.205 0.0000000000
123736  -46.878  25.298  -3.782 0.0000000000
124271  -46.385  26.068  -3.645 0.0000000000
183490  -46.307  26.664  -3.646 0.0000000000
112947  -44.304  12.663  -11.433 0.0000000000
112945  -42.990  12.920  -12.304 0.0000000000
112008  -43.113  11.936  4.258 0.0000000000
112009  -43.767  12.101  4.002 0.0000000000
169489  -43.447  12.443  4.275 0.0000000000
114295  -43.800  13.846  4.304 0.0000000000
113552  -44.396  13.241  4.227 0.0000000000
114296  -44.556  13.839  4.277 0.0000000000
154770  -45.149  13.297  4.370 0.0000000000
153069  -45.147  13.844  4.427 0.0000000000
116565  -42.710  16.373  3.706 0.0000000000
178785  -42.846  16.959  3.653 0.0000000000
116555  -45.294  16.634  4.055 0.0000000000
116554  -44.809  16.275  4.022 0.0000000000
153135  -45.432  15.767  4.265 0.0000000000
153136  -45.895  14.855  4.528 0.0000000000
115815  -46.364  15.459  4.508 0.0000000000
153072  -47.280  15.072  4.769 0.0000000000
153083  -46.936  15.913  4.649 0.0000000000
166965  -47.306  18.163  4.544 0.0000000000
117284  -48.223  16.634  4.850 0.0000000000
117980  -48.206  18.001  4.728 0.0000000000
182860  -49.491  16.710  5.266 0.0000000000
167380  -48.656  18.595  4.894 0.0000000000
121176  -45.552  22.059  3.972 0.0000000000
120557  -44.664  20.979  4.701 0.0000000000
120558  -45.492  21.051  4.770 0.0000000000
119929  -45.689  20.414  4.834 0.0000000000
178646  -46.130  20.826  5.127 0.0000000000
120538  -48.648  21.455  5.524 0.0000000000
119904  -48.339  20.849  5.485 0.0000000000
119905  -49.133  20.941  5.445 0.0000000000
119272  -49.974  19.502  5.409 0.0000000000
166992  -50.512  19.873  5.559 0.0000000000
119907  -50.958  20.286  5.400 0.0000000000
120541  -50.563  21.179  5.223 0.0000000000
121854  -49.617  22.721  3.600 0.0000000000
121178  -50.196  22.348  3.909 0.0000000000
121869  -49.544  22.880  2.866 0.0000000000
121207  -50.035  22.434  2.318 0.0000000000
168822  -49.510  23.005  2.197 0.0000000000
113628  -51.629  13.314  -3.517 0.0000000000
112840  -50.697  13.041  -2.498 0.0000000000
112838  -49.166  12.957  -2.553 0.0000000000
112824  -49.503  12.395  -2.244 0.0000000000
110504  -51.532  10.432  -0.777 0.0000000000
111281  -52.235  10.844  -0.381 0.0000000000
111295  -51.781  11.118  -0.975 0.0000000000
112045  -51.280  11.499  -1.437 0.0000000000
110517  -48.585  10.335  -2.022 0.0000000000
111311  -48.286  10.839  -2.288 0.0000000000
112056  -48.568  11.539  -2.324 0.0000000000
111310  -47.609  10.665  -2.399 0.0000000000
178571  -46.456  9.219  -1.768 0.0000000000
110514  -46.499  9.856  -2.065 0.0000000000
109704  -45.872  9.354  -1.893 0.0000000000
109703  -45.223  9.558  -1.862 0.0000000000
109685  -45.365  8.884  -1.690 0.0000000000
108800  -47.048  7.713  -0.620 0.0000000000
108822  -46.925  8.167  -1.013 0.0000000000
107940  -46.479  7.771  -0.743 0.0000000000
108797  -44.584  8.312  -0.586 0.0000000000
108798  -45.217  8.112  -0.746 0.0000000000
109672  -44.364  8.880  -0.861 0.0000000000
109671  -43.894  9.162  -0.586 0.0000000000
161161  -43.580  9.574  -0.294 0.0000000000
109665  -43.565  8.947  0.007 0.0000000000
106932  -50.083  6.487  3.428 0.0000000000
106822  -45.628  7.370  7.920 0.0000000000
106836  -46.253  7.322  7.718 0.0000000000
106837  -46.861  7.056  7.490 0.0000000000
172409  -46.296  7.016  7.249 0.0000000000
106830  -42.375  6.963  7.730 0.0000000000
106831  -42.979  6.927  7.793 0.0000000000
106846  -43.435  6.780  7.051 0.0000000000
106867  -45.077  6.636  6.066 0.0000000000
173541  -45.357  6.747  6.546 0.0000000000
106868  -45.807  6.713  5.987 0.0000000000
166034  -46.507  6.779  6.235 0.0000000000
106869  -47.084  6.881  5.729 0.0000000000
181354  -47.594  6.803  5.581 0.0000000000
105953  -46.678  6.323  4.091 0.0000000000
105943  -47.126  6.578  4.502 0.0000000000
106928  -47.181  6.421  3.773 0.0000000000
106929  -47.945  6.389  3.410 0.0000000000
106943  -47.096  6.483  3.076 0.0000000000
106944  -47.702  6.602  2.627 0.0000000000
152816  -44.673  6.014  3.176 0.0000000000
105968  -45.149  6.001  2.678 0.0000000000
105967  -44.409  6.150  2.460 0.0000000000
172271  -44.458  6.293  1.840 0.0000000000
178293  -43.722  6.323  2.530 0.0000000000
110460  -41.932  9.773  3.142 0.0000000000
110457  -42.239  10.328  3.258 0.0000000000
110461  -42.486  10.149  2.762 0.0000000000
111258  -42.228  10.795  3.732 0.0000000000
112013  -42.660  11.388  4.093 0.0000000000
111253  -41.840  11.357  4.270 0.0000000000
112776  -40.979  12.301  4.291 0.0000000000
153304  -41.667  12.108  4.326 0.0000000000
112773  -38.990  12.476  4.526 0.0000000000
112774  -39.600  12.681  4.379 0.0000000000
113545  -38.910  13.135  4.426 0.0000000000
115088  -39.407  14.796  4.239 0.0000000000
115812  -39.997  15.294  4.109 0.0000000000
152733  -39.243  15.501  4.172 0.0000000000
172386  -39.486  16.567  4.147 0.0000000000
115938  -50.085  16.075  -9.816 0.0000000000
115924  -49.703  15.741  -9.359 0.0000000000
115226  -48.696  15.508  -9.339 0.0000000000
115242  -49.209  15.656  -9.759 0.0000000000
115241  -48.913  15.404  -10.093 0.0000000000
113609  -46.173  13.214  -2.875 0.0000000000
172862  -46.746  13.774  -2.981 0.0000000000
114354  -46.079  13.976  -3.104 0.0000000000
114385  -45.964  14.221  -4.246 0.0000000000
114369  -46.351  14.176  -3.642 0.0000000000
175192  -44.850  14.274  -5.007 0.0000000000
114445  -46.074  14.154  -6.615 0.0000000000
114446  -46.505  14.144  -6.422 0.0000000000
175336  -47.138  15.281  -9.563 0.0000000000
115224  -47.034  15.047  -8.585 0.0000000000
167320  -47.677  15.626  -10.341 0.0000000000
153579  -46.215  15.383  -11.592 0.0000000000
115272  -46.831  15.576  -11.757 0.0000000000
153264  -46.151  15.102  -12.121 0.0000000000
114485  -43.577  13.934  -9.093 0.0000000000
114500  -43.720  14.252  -9.955 0.0000000000
114534  -43.887  14.960  -12.150 0.0000000000
114521  -44.408  14.721  -11.297 0.0000000000
115283  -44.608  14.672  -12.551 0.0000000000
114545  -44.631  14.552  -12.590 0.0000000000
114544  -44.275  14.417  -13.177 0.0000000000
113728  -42.577  13.975  -13.132 0.0000000000
114542  -42.484  14.686  -13.254 0.0000000000
112015  -44.845  11.918  3.333 0.0000000000
112020  -44.648  11.738  2.783 0.0000000000
112021  -45.202  11.912  3.102 0.0000000000
114317  -45.363  13.108  2.412 0.0000000000
113567  -44.707  12.943  2.138 0.0000000000
113566  -44.058  13.431  1.796 0.0000000000
114315  -43.787  14.150  2.001 0.0000000000
115835  -46.321  15.295  2.771 0.0000000000
115109  -46.402  14.501  2.727 0.0000000000
115834  -45.659  15.623  2.554 0.0000000000
116587  -43.479  16.372  1.529 0.0000000000
115842  -43.961  16.066  2.027 0.0000000000
167944  -42.836  16.068  1.278 0.0000000000
115847  -42.726  15.365  1.310 0.0000000000
115846  -42.272  15.778  0.990 0.0000000000
115850  -41.893  15.453  0.496 0.0000000000
175485  -42.071  16.651  0.531 0.0000000000
118014  -41.480  17.870  -0.832 0.0000000000
117323  -41.154  17.318  -1.075 0.0000000000
153654  -41.241  17.857  -1.440 0.0000000000
117337  -40.680  17.293  -2.422 0.0000000000
118032  -40.891  17.892  -2.902 0.0000000000
119319  -49.826  19.799  2.041 0.0000000000
119305  -49.273  19.491  2.514 0.0000000000
119318  -49.111  19.992  1.915 0.0000000000
179648  -47.357  20.757  0.100 0.0000000000
119955  -47.251  20.469  0.825 0.0000000000
119965  -46.785  20.539  0.233 0.0000000000
119327  -45.845  19.851  0.827 0.0000000000
119963  -45.691  20.150  0.170 0.0000000000
120655  -45.524  21.069  -3.761 0.0000000000
168644  -46.157  21.246  -2.262 0.0000000000
120002  -44.040  20.536  -3.354 0.0000000000
120003  -44.513  20.694  -2.837 0.0000000000
119991  -43.982  20.220  -2.544 0.0000000000
163589  -43.396  19.713  -2.213 0.0000000000
119341  -43.017  19.339  -1.543 0.0000000000
119354  -42.905  19.514  -2.831 0.0000000000
118722  -41.798  19.023  -5.237 0.0000000000
118714  -41.618  18.891  -4.451 0.0000000000
118721  -41.330  18.562  -4.961 0.0000000000
168583  -41.068  18.075  -4.793 0.0000000000
154695  -41.077  17.558  -5.652 0.0000000000
117362  -40.988  17.295  -6.276 0.0000000000
118057  -41.275  18.063  -6.080 0.0000000000
118070  -41.209  18.117  -7.773 0.0000000000
156833  -40.935  17.490  -8.042 0.0000000000
162638  -40.671  16.830  -8.379 0.0000000000
162267  -40.862  16.841  -9.058 0.0000000000
119403  -42.153  19.490  -8.735 0.0000000000
119411  -41.467  19.199  -9.288 0.0000000000
152108  -41.175  17.501  -10.814 0.0000000000
116668  -41.264  16.399  -10.380 0.0000000000
151848  -41.456  16.345  -11.395 0.0000000000
183619  -41.772  15.958  -11.716 0.0000000000
115961  -41.757  16.235  -12.612 0.0000000000
116676  -42.087  15.981  -13.916 0.0000000000
114541  -41.819  14.789  -13.482 0.0000000000
151846  -41.142  15.469  -13.619 0.0000000000
119439  -42.165  19.715  -14.033 0.0000000000
119444  -41.664  19.289  -14.697 0.0000000000
119437  -40.358  19.631  -13.570 0.0000000000
118779  -40.481  18.965  -13.379 0.0000000000
121971  -48.411  23.587  -9.398 0.0000000000
121970  -47.619  22.816  -9.701 0.0000000000
121977  -47.924  23.960  -10.016 0.0000000000
123210  -46.230  24.442  -9.784 0.0000000000
123217  -46.650  24.275  -10.645 0.0000000000
122615  -45.896  23.879  -10.936 0.0000000000
172987  -45.325  23.648  -11.292 0.0000000000
156012  -44.436  23.459  -11.064 0.0000000000
122592  -44.444  24.259  -7.662 0.0000000000
123194  -44.997  24.411  -8.223 0.0000000000
122601  -44.099  24.194  -8.377 0.0000000000
121975  -42.320  23.538  -9.781 0.0000000000
122608  -43.173  23.687  -9.598 0.0000000000
121981  -42.206  23.176  -10.241 0.0000000000
121982  -42.780  23.367  -10.556 0.0000000000
121980  -41.654  22.766  -10.426 0.0000000000
121350  -41.074  22.362  -11.010 0.0000000000
121344  -41.095  22.307  -10.112 0.0000000000
121342  -39.904  22.041  -9.804 0.0000000000
120723  -38.563  21.297  -10.251 0.0000000000
120061  -37.972  20.943  -9.950 0.0000000000
120717  -38.374  21.576  -9.575 0.0000000000
120711  -38.284  21.663  -8.904 0.0000000000
120703  -38.276  21.544  -8.222 0.0000000000
121315  -38.134  21.564  -7.594 0.0000000000
121946  -40.693  23.146  -6.751 0.0000000000
121944  -39.343  22.516  -6.342 0.0000000000
121297  -39.161  22.196  -6.827 0.0000000000
121306  -37.905  21.753  -6.932 0.0000000000
171774  -44.101  28.040  -4.080 0.0000000000
169315  -43.448  27.269  -3.686 0.0000000000
124810  -41.916  26.582  -3.711 0.0000000000
123729  -41.174  25.329  -4.038 0.0000000000
112023  -44.108  11.412  1.780 0.0000000000
180419  -52.251  25.233  -2.269 0.0000000000
124254  -53.910  25.558  -3.261 0.0000000000
124279  -53.627  25.681  -4.061 0.0000000000
162122  -53.858  26.075  -3.788 0.0000000000
167721  -52.763  28.097  -3.599 0.0000000000
118623  -39.296  19.256  5.094 0.0000000000
118624  -40.021  19.388  5.180 0.0000000000
107890  -50.277  7.461  1.194 0.0000000000
107889  -49.661  7.282  0.860 0.0000000000
106985  -49.103  7.085  0.844 0.0000000000
106957  -47.601  6.696  2.021 0.0000000000
111244  -38.179  10.972  5.452 0.0000000000
114358  -48.916  13.770  -3.361 0.0000000000
114357  -48.216  13.870  -3.166 0.0000000000
114370  -47.607  14.384  -3.295 0.0000000000
115161  -41.815  14.587  -4.639 0.0000000000
114381  -42.419  14.384  -4.912 0.0000000000
174039  -41.890  14.548  -5.246 0.0000000000
115167  -41.758  14.559  -5.847 0.0000000000
115173  -41.704  14.523  -6.528 0.0000000000
115186  -41.578  14.295  -7.192 0.0000000000
115185  -41.207  14.816  -6.848 0.0000000000
115909  -40.838  15.347  -7.157 0.0000000000
116559  -49.845  15.610  4.738 0.0000000000
116570  -49.540  15.357  4.043 0.0000000000
117296  -49.167  16.373  3.639 0.0000000000
117999  -48.479  17.321  3.346 0.0000000000
118660  -48.029  18.208  3.021 0.0000000000
121298  -46.562  21.634  -6.170 0.0000000000
120687  -45.946  21.418  -6.058 0.0000000000
120696  -46.144  21.547  -6.627 0.0000000000
120695  -45.652  21.538  -6.980 0.0000000000
120705  -44.774  21.152  -7.626 0.0000000000
120712  -44.055  21.052  -8.322 0.0000000000
164765  -44.834  21.353  -8.538 0.0000000000
120720  -44.824  21.560  -9.577 0.0000000000
120733  -44.341  21.528  -11.086 0.0000000000
120727  -44.936  21.766  -10.593 0.0000000000
167830  -45.516  22.288  -11.211 0.0000000000
121352  -45.906  22.787  -11.537 0.0000000000
154086  -44.889  24.259  -4.914 0.0000000000
167138  -44.968  24.489  -4.497 0.0000000000
123158  -43.636  24.403  -4.568 0.0000000000
162896  -43.065  24.299  -5.159 0.0000000000
123751  -43.197  24.994  -4.152 0.0000000000
111307  -45.368  10.632  -2.355 0.0000000000
111322  -45.089  11.304  -2.466 0.0000000000
112055  -44.524  11.412  -2.154 0.0000000000
112822  -44.024  11.943  -2.064 0.0000000000
164557  -42.590  13.237  -0.911 0.0000000000
114334  -41.997  14.055  -0.940 0.0000000000
114326  -41.539  14.492  -0.682 0.0000000000
115125  -41.308  14.974  -0.602 0.0000000000
121208  -51.586  21.270  1.710 0.0000000000
120603  -51.955  20.866  1.362 0.0000000000
121215  -51.955  21.046  1.001 0.0000000000
121226  -51.960  21.191  -0.318 0.0000000000
121230  -51.970  21.215  -0.941 0.0000000000
121920  -52.544  22.583  -4.006 0.0000000000
121248  -51.864  21.716  -3.341 0.0000000000
121261  -51.701  21.607  -4.086 0.0000000000
121274  -49.515  22.125  -4.874 0.0000000000
121289  -49.903  22.370  -5.852 0.0000000000
121947  -50.427  23.137  -7.188 0.0000000000
152782  -50.494  23.608  -6.697 0.0000000000
158853  -50.351  23.925  -6.259 0.0000000000
124276  -50.218  25.598  -3.425 0.0000000000
123740  -49.984  25.093  -3.641 0.0000000000
124275  -49.415  25.607  -3.308 0.0000000000
123737  -47.669  25.264  -3.818 0.0000000000
124273  -47.983  25.818  -3.495 0.0000000000
124817  -47.582  26.547  -3.422 0.0000000000
125400  -47.311  27.256  -3.572 0.0000000000
113723  -44.203  13.227  -12.168 0.0000000000
152832  -42.564  13.721  4.343 0.0000000000
154769  -43.372  12.922  4.397 0.0000000000
114294  -43.085  14.115  4.308 0.0000000000
160948  -43.498  14.439  4.207 0.0000000000
117293  -42.984  17.742  3.684 0.0000000000
182576  -43.390  17.232  3.656 0.0000000000
163453  -43.723  17.907  3.757 0.0000000000
117294  -44.414  17.638  3.785 0.0000000000
117281  -45.825  17.094  4.158 0.0000000000
154806  -46.624  16.732  4.444 0.0000000000
177879  -45.656  18.026  4.120 0.0000000000
117979  -46.483  18.140  4.321 0.0000000000
118641  -46.681  18.952  4.497 0.0000000000
121177  -46.218  22.217  4.357 0.0000000000
120559  -46.699  21.616  5.045 0.0000000000
121163  -47.006  22.062  4.804 0.0000000000
121152  -48.223  21.913  5.252 0.0000000000
121153  -49.000  21.961  5.247 0.0000000000
120560  -49.607  21.957  5.200 0.0000000000
121829  -49.197  22.704  4.498 0.0000000000
172131  -49.250  23.014  3.927 0.0000000000
113616  -51.854  13.320  -2.856 0.0000000000
112826  -51.045  12.663  -2.052 0.0000000000
110503  -50.728  10.186  -1.024 0.0000000000
111293  -50.146  10.600  -1.458 0.0000000000
110516  -48.098  9.817  -1.947 0.0000000000
109706  -47.657  9.431  -1.873 0.0000000000
109687  -46.797  8.769  -1.430 0.0000000000
107918  -46.010  7.466  -0.368 0.0000000000
107917  -44.836  7.704  -0.285 0.0000000000
108787  -44.209  7.973  -0.135 0.0000000000
108786  -43.737  8.281  0.154 0.0000000000
106865  -43.716  6.649  6.276 0.0000000000
106866  -44.420  6.641  6.172 0.0000000000
106889  -45.382  6.567  5.434 0.0000000000
106890  -46.052  6.602  5.257 0.0000000000
176563  -45.654  6.293  4.707 0.0000000000
105952  -46.133  6.161  4.060 0.0000000000
105961  -45.959  5.988  3.444 0.0000000000
153043  -44.890  5.971  3.840 0.0000000000
105959  -44.237  6.125  3.726 0.0000000000
105958  -43.551  6.369  3.669 0.0000000000
109644  -41.409  9.199  3.347 0.0000000000
110456  -41.333  9.944  3.739 0.0000000000
111257  -41.521  10.670  4.026 0.0000000000
112775  -40.323  12.488  4.339 0.0000000000
115206  -48.562  15.243  -8.190 0.0000000000
115205  -47.815  14.929  -7.875 0.0000000000
162268  -44.491  14.053  -6.690 0.0000000000
174781  -44.833  14.179  -6.049 0.0000000000
183293  -45.101  14.180  -6.577 0.0000000000
114444  -45.585  14.184  -6.879 0.0000000000
114464  -46.035  14.382  -7.332 0.0000000000
115203  -46.503  14.656  -7.911 0.0000000000
115239  -46.572  15.098  -9.757 0.0000000000
115252  -45.737  14.969  -10.814 0.0000000000
114499  -43.119  14.545  -10.425 0.0000000000
114519  -43.224  14.823  -11.375 0.0000000000
115281  -43.616  14.850  -12.901 0.0000000000
115280  -42.279  15.242  -12.895 0.0000000000
112787  -46.026  12.173  3.671 0.0000000000
112791  -45.736  12.031  3.122 0.0000000000
159889  -45.934  12.573  2.907 0.0000000000
172963  -45.399  13.758  2.447 0.0000000000
117310  -45.067  16.966  2.276 0.0000000000
116583  -45.248  16.194  2.439 0.0000000000
117309  -44.399  17.099  1.880 0.0000000000
117314  -43.709  17.101  1.405 0.0000000000
117313  -43.119  17.425  0.964 0.0000000000
116585  -42.444  17.097  0.691 0.0000000000
177948  -42.739  17.808  0.392 0.0000000000
118016  -42.429  18.212  -0.122 0.0000000000
118687  -42.034  18.709  -0.885 0.0000000000
119967  -48.878  20.613  0.330 0.0000000000
119957  -48.984  20.381  1.200 0.0000000000
119977  -48.484  20.784  -0.342 0.0000000000
119976  -47.778  20.871  -0.373 0.0000000000
119987  -46.635  20.885  -0.774 0.0000000000
120666  -44.881  20.945  -4.637 0.0000000000
120654  -44.960  20.981  -3.766 0.0000000000
172568  -44.341  20.921  -4.442 0.0000000000
120012  -43.843  20.668  -4.099 0.0000000000
119362  -43.442  20.132  -3.683 0.0000000000
119361  -42.991  19.744  -3.461 0.0000000000
119368  -42.709  19.904  -5.032 0.0000000000
118736  -41.625  18.662  -6.445 0.0000000000
118063  -41.230  18.013  -6.786 0.0000000000
118746  -41.704  18.650  -7.022 0.0000000000
171756  -41.619  18.651  -7.523 0.0000000000
118752  -41.412  18.616  -8.168 0.0000000000
119420  -42.189  19.771  -10.151 0.0000000000
119419  -41.581  19.364  -10.044 0.0000000000
118771  -41.500  18.937  -10.708 0.0000000000
173290  -41.334  17.877  -11.684 0.0000000000
152077  -41.263  17.354  -11.639 0.0000000000
152019  -41.470  16.889  -12.380 0.0000000000
151854  -41.803  17.157  -13.891 0.0000000000
151850  -41.799  16.949  -14.527 0.0000000000
158352  -41.710  17.001  -14.652 0.0000000000
151855  -41.562  17.399  -14.749 0.0000000000
120751  -42.523  21.108  -14.598 0.0000000000
120088  -41.271  19.935  -14.683 0.0000000000
120089  -41.838  20.622  -14.745 0.0000000000
120749  -40.902  20.770  -14.305 0.0000000000
122594  -48.880  24.155  -8.702 0.0000000000
123204  -47.902  24.359  -9.824 0.0000000000
123197  -48.236  24.293  -9.071 0.0000000000
123203  -47.016  24.578  -9.227 0.0000000000
123202  -45.668  24.441  -8.897 0.0000000000
122591  -43.724  24.009  -7.606 0.0000000000
158117  -43.212  23.970  -8.323 0.0000000000
122606  -42.263  23.603  -9.306 0.0000000000
121974  -41.396  22.642  -9.703 0.0000000000
166214  -41.391  22.763  -9.195 0.0000000000
121335  -40.511  22.233  -9.260 0.0000000000
121333  -39.021  21.828  -9.067 0.0000000000
121326  -39.679  22.115  -8.586 0.0000000000
121317  -39.500  22.128  -8.002 0.0000000000
121938  -40.555  23.209  -6.028 0.0000000000
160483  -39.619  22.699  -5.699 0.0000000000
121936  -38.959  22.445  -5.726 0.0000000000
121286  -38.243  22.257  -5.654 0.0000000000
175595  -39.176  22.753  -5.250 0.0000000000
121927  -39.027  23.077  -4.766 0.0000000000
165396  -43.827  10.942  -1.387 0.0000000000
112805  -43.364  11.854  -0.049 0.0000000000
112801  -42.963  12.405  0.202 0.0000000000
113570  -42.820  13.262  1.078 0.0000000000
122505  -50.187  23.679  -1.117 0.0000000000
122506  -50.881  23.567  -2.046 0.0000000000
122525  -51.777  23.145  -2.680 0.0000000000
169033  -51.992  24.532  -2.484 0.0000000000
123133  -52.679  23.970  -3.260 0.0000000000
122526  -52.399  23.251  -3.413 0.0000000000
122535  -52.945  23.164  -4.307 0.0000000000
122546  -52.907  23.508  -4.678 0.0000000000
158483  -52.443  23.388  -5.092 0.0000000000
122545  -51.679  23.487  -5.322 0.0000000000
123167  -52.035  23.874  -5.102 0.0000000000
123741  -51.015  24.882  -3.823 0.0000000000
159318  -53.200  25.027  -4.220 0.0000000000
124819  -52.420  25.680  -3.778 0.0000000000
124277  -51.225  25.616  -3.503 0.0000000000
124253  -50.387  26.198  -3.184 0.0000000000
124797  -50.393  26.775  -3.116 0.0000000000
125375  -49.945  27.294  -3.194 0.0000000000
182036  -40.725  16.272  3.699 0.0000000000
156073  -41.775  16.004  3.637 0.0000000000
116563  -41.303  16.422  3.648 0.0000000000
117290  -41.312  17.191  3.721 0.0000000000
117291  -41.941  17.571  3.716 0.0000000000
117977  -40.851  18.612  4.368 0.0000000000
117978  -41.535  18.841  4.389 0.0000000000
117986  -42.018  18.338  3.938 0.0000000000
158897  -49.756  8.534  -0.318 0.0000000000
108802  -48.372  8.212  -0.640 0.0000000000
107920  -47.493  7.372  -0.302 0.0000000000
107901  -47.970  7.190  0.241 0.0000000000
106999  -47.332  6.944  0.208 0.0000000000
107899  -46.163  6.992  0.123 0.0000000000
106981  -45.688  6.761  0.538 0.0000000000
106963  -44.566  6.732  0.902 0.0000000000
107804  -42.078  7.478  8.680 0.0000000000
107803  -41.322  7.585  8.448 0.0000000000
106817  -41.840  7.206  7.975 0.0000000000
159591  -41.926  6.874  7.379 0.0000000000
106828  -40.850  7.301  7.275 0.0000000000
106844  -41.638  6.686  6.832 0.0000000000
106863  -42.056  6.539  6.255 0.0000000000
112005  -39.892  11.506  4.530 0.0000000000
112769  -38.431  12.648  4.673 0.0000000000
176331  -38.098  12.252  4.997 0.0000000000
114366  -43.911  14.441  -3.439 0.0000000000
155354  -44.647  14.589  -3.853 0.0000000000
114383  -43.871  14.256  -4.186 0.0000000000
114404  -43.745  14.115  -4.935 0.0000000000
114403  -42.991  14.173  -5.225 0.0000000000
173890  -43.549  14.011  -5.628 0.0000000000
114424  -44.030  13.950  -6.157 0.0000000000
173377  -44.256  13.923  -7.298 0.0000000000
114462  -44.479  14.039  -7.869 0.0000000000
114475  -44.068  14.009  -8.494 0.0000000000
179192  -43.402  13.856  -8.408 0.0000000000
114474  -42.846  13.866  -8.746 0.0000000000
114473  -42.210  14.024  -8.314 0.0000000000
115249  -41.425  15.122  -9.771 0.0000000000
113556  -48.038  13.454  4.002 0.0000000000
115110  -47.774  13.530  3.677 0.0000000000
170268  -47.737  14.343  3.431 0.0000000000
115836  -47.216  15.246  3.086 0.0000000000
159794  -46.632  15.825  2.848 0.0000000000
154192  -47.698  16.376  3.131 0.0000000000
160799  -47.005  16.631  2.835 0.0000000000
116575  -46.501  16.411  2.761 0.0000000000
117311  -45.634  17.452  2.326 0.0000000000
118670  -45.508  18.220  1.946 0.0000000000
118677  -45.181  18.886  1.407 0.0000000000
173770  -47.372  21.608  -2.935 0.0000000000
120644  -47.393  21.295  -2.136 0.0000000000
120657  -46.681  21.516  -3.414 0.0000000000
120656  -46.113  21.372  -3.934 0.0000000000
120667  -45.652  21.197  -4.381 0.0000000000
120677  -46.157  21.551  -5.437 0.0000000000
164656  -45.634  21.244  -4.998 0.0000000000
120675  -45.063  20.993  -5.222 0.0000000000
120029  -44.579  20.787  -5.607 0.0000000000
120034  -43.818  20.630  -6.297 0.0000000000
119388  -43.059  20.088  -7.089 0.0000000000
119397  -42.783  19.908  -7.696 0.0000000000
119404  -42.641  19.985  -8.465 0.0000000000
119413  -42.594  19.903  -9.362 0.0000000000
120056  -43.569  20.763  -8.608 0.0000000000
120055  -43.016  20.420  -8.912 0.0000000000
173626  -42.119  19.549  -11.747 0.0000000000
119432  -41.942  19.160  -12.508 0.0000000000
119433  -42.196  19.574  -12.880 0.0000000000
120079  -42.702  20.201  -13.347 0.0000000000
120085  -42.953  21.020  -13.673 0.0000000000
167150  -43.973  21.567  -12.028 0.0000000000
120739  -43.418  21.661  -12.945 0.0000000000
120745  -43.123  21.606  -13.424 0.0000000000
121367  -43.091  21.869  -13.373 0.0000000000
121998  -43.771  23.246  -12.952 0.0000000000
122569  -46.545  23.946  -6.571 0.0000000000
122584  -46.303  24.238  -7.028 0.0000000000
122582  -44.575  24.165  -7.038 0.0000000000
123185  -44.701  24.032  -5.727 0.0000000000
167392  -43.890  23.937  -6.958 0.0000000000
173971  -42.415  23.566  -7.639 0.0000000000
122589  -41.367  23.313  -7.802 0.0000000000
122552  -41.744  23.844  -5.595 0.0000000000
122551  -41.200  23.856  -5.207 0.0000000000
122544  -40.790  23.913  -4.821 0.0000000000
123154  -40.562  24.344  -4.482 0.0000000000
112069  -46.794  11.925  -2.763 0.0000000000
161663  -47.263  12.537  -2.743 0.0000000000
112835  -46.179  12.383  -2.804 0.0000000000
177489  -45.718  12.747  -2.749 0.0000000000
114352  -44.366  14.083  -2.557 0.0000000000
113585  -43.265  12.748  -1.605 0.0000000000
114351  -43.871  14.330  -2.790 0.0000000000
114350  -43.259  14.406  -3.083 0.0000000000
115156  -42.548  14.401  -3.463 0.0000000000
115139  -42.221  14.600  -1.944 0.0000000000
115147  -41.778  14.816  -2.546 0.0000000000
166446  -41.625  14.829  -3.212 0.0000000000
115154  -41.207  14.970  -3.620 0.0000000000
115883  -40.781  15.239  -4.039 0.0000000000
115882  -40.532  15.778  -3.741 0.0000000000
118655  -51.553  18.626  4.188 0.0000000000
118654  -50.932  18.198  4.066 0.0000000000
119300  -51.244  18.979  3.612 0.0000000000
119320  -50.466  19.813  2.356 0.0000000000
119947  -50.513  20.060  1.620 0.0000000000
119960  -51.603  20.624  1.007 0.0000000000
119959  -50.881  20.256  1.082 0.0000000000
155365  -49.634  20.318  0.647 0.0000000000
119968  -49.617  20.348  -0.039 0.0000000000
120610  -48.951  20.725  -0.889 0.0000000000
120628  -48.765  21.117  -1.970 0.0000000000
121224  -51.063  22.100  -1.135 0.0000000000
121229  -51.922  21.555  -1.349 0.0000000000
120618  -51.695  21.082  -1.365 0.0000000000
120647  -51.565  21.582  -2.671 0.0000000000
120631  -51.307  21.201  -2.082 0.0000000000
120630  -50.475  21.118  -2.103 0.0000000000
153879  -48.011  21.410  -2.370 0.0000000000
159458  -47.992  21.627  -2.970 0.0000000000
178538  -47.322  21.761  -4.983 0.0000000000
121273  -48.522  21.917  -4.717 0.0000000000
163277  -48.176  21.855  -5.324 0.0000000000
121299  -47.431  21.768  -6.426 0.0000000000
121320  -47.601  22.099  -8.033 0.0000000000
183418  -47.352  22.222  -9.148 0.0000000000
121961  -48.645  23.201  -8.777 0.0000000000
121962  -49.170  23.647  -8.606 0.0000000000
164107  -49.141  23.744  -8.343 0.0000000000
122585  -48.222  24.192  -7.915 0.0000000000
122570  -47.537  24.122  -6.942 0.0000000000
123166  -50.947  23.671  -5.491 0.0000000000
123181  -50.392  24.069  -5.687 0.0000000000
123180  -49.610  24.016  -5.577 0.0000000000
122556  -46.870  23.985  -6.056 0.0000000000
123161  -46.392  24.350  -4.654 0.0000000000
123752  -45.825  24.792  -4.180 0.0000000000
124270  -45.613  25.934  -3.701 0.0000000000
175017  -43.781  11.376  3.281 0.0000000000
112014  -44.084  11.781  3.551 0.0000000000
112786  -44.555  12.224  3.773 0.0000000000
113551  -43.769  13.253  4.312 0.0000000000
160202  -45.385  12.092  3.768 0.0000000000
175616  -45.845  12.322  4.055 0.0000000000
113553  -45.956  12.860  4.338 0.0000000000
114298  -46.514  13.294  4.539 0.0000000000
115824  -42.343  15.851  3.796 0.0000000000
115825  -42.903  15.415  3.943 0.0000000000
115813  -43.604  15.055  4.056 0.0000000000
116567  -44.136  16.268  3.799 0.0000000000
115827  -44.053  15.575  3.928 0.0000000000
152299  -44.374  15.042  4.125 0.0000000000
115094  -45.508  14.259  4.498 0.0000000000
115095  -46.385  13.982  4.699 0.0000000000
114299  -47.238  13.532  4.589 0.0000000000
115096  -47.592  14.204  4.650 0.0000000000
152813  -48.165  14.709  4.832 0.0000000000
115816  -48.646  15.043  4.950 0.0000000000
154414  -47.579  16.285  4.748 0.0000000000
116557  -48.665  15.660  5.034 0.0000000000
116558  -49.475  15.535  5.082 0.0000000000
117286  -49.879  16.235  5.183 0.0000000000
117274  -50.376  16.733  5.398 0.0000000000
117969  -50.558  17.271  5.477 0.0000000000
119294  -45.211  19.961  4.750 0.0000000000
119295  -46.024  19.700  4.661 0.0000000000
183387  -47.467  19.678  4.829 0.0000000000
119902  -46.778  20.734  5.250 0.0000000000
182994  -47.299  20.206  5.055 0.0000000000
119297  -48.168  19.632  4.997 0.0000000000
118643  -49.288  19.100  5.156 0.0000000000
164793  -50.203  18.496  5.611 0.0000000000
118627  -51.157  18.542  5.521 0.0000000000
118628  -51.529  19.047  5.237 0.0000000000
119932  -51.689  20.354  4.476 0.0000000000
120582  -51.590  20.873  3.910 0.0000000000
121167  -50.217  22.164  4.544 0.0000000000
121179  -50.783  21.930  4.134 0.0000000000
120596  -51.318  21.241  2.706 0.0000000000
163480  -50.763  21.875  2.484 0.0000000000
171400  -50.854  22.030  1.650 0.0000000000
163423  -50.004  22.755  0.704 0.0000000000
122493  -49.238  24.132  1.283 0.0000000000
113615  -51.190  13.130  -3.066 0.0000000000
113614  -50.397  13.320  -3.016 0.0000000000
113613  -49.548  13.523  -2.959 0.0000000000
112837  -48.483  12.791  -2.682 0.0000000000
112071  -48.200  12.057  -2.596 0.0000000000
112059  -50.693  11.945  -1.858 0.0000000000
111313  -49.729  10.965  -1.826 0.0000000000
112058  -49.811  11.667  -2.015 0.0000000000
112057  -49.147  11.777  -2.168 0.0000000000
111325  -47.202  11.205  -2.656 0.0000000000
111308  -46.114  10.539  -2.401 0.0000000000
110512  -45.009  10.135  -2.070 0.0000000000
110500  -44.272  9.897  -1.387 0.0000000000
159803  -47.349  8.523  -1.182 0.0000000000
108799  -45.840  7.927  -0.818 0.0000000000
108820  -45.595  8.355  -1.311 0.0000000000
109684  -44.706  9.273  -1.416 0.0000000000
168048  -43.835  9.722  -0.850 0.0000000000
153580  -43.468  10.104  0.030 0.0000000000
153307  -50.001  6.587  2.917 0.0000000000
107823  -47.543  7.329  7.726 0.0000000000
107838  -47.988  7.270  7.129 0.0000000000
106851  -48.338  7.083  6.627 0.0000000000
106819  -43.207  7.038  8.517 0.0000000000
106832  -43.775  6.857  7.999 0.0000000000
106833  -44.470  6.912  7.741 0.0000000000
161065  -44.553  6.744  7.153 0.0000000000
106834  -45.186  6.934  7.266 0.0000000000
106850  -46.670  6.897  6.863 0.0000000000
176707  -47.185  6.966  6.402 0.0000000000
106871  -48.670  6.839  6.035 0.0000000000
106893  -49.025  6.622  5.390 0.0000000000
106892  -48.181  6.677  5.390 0.0000000000
106911  -48.687  6.597  4.716 0.0000000000
106910  -47.956  6.589  4.655 0.0000000000
153042  -49.106  6.571  4.061 0.0000000000
153032  -48.784  6.533  3.408 0.0000000000
153022  -49.216  6.576  2.708 0.0000000000
160084  -46.657  6.233  1.799 0.0000000000
177869  -46.251  5.980  3.119 0.0000000000
105978  -46.354  6.029  2.221 0.0000000000
105984  -46.154  6.112  1.647 0.0000000000
105983  -45.509  6.135  1.511 0.0000000000
105982  -44.822  6.349  1.421 0.0000000000
106955  -44.156  6.585  1.393 0.0000000000
105949  -43.116  6.445  4.281 0.0000000000
106909  -42.415  6.543  3.939 0.0000000000
105957  -42.962  6.542  3.647 0.0000000000
106926  -42.550  6.817  3.295 0.0000000000
106927  -43.219  6.503  3.002 0.0000000000
106942  -43.260  6.623  2.241 0.0000000000
106961  -43.448  6.890  1.528 0.0000000000
180388  -42.883  11.001  3.666 0.0000000000
112777  -42.203  12.609  4.510 0.0000000000
115090  -41.284  14.609  4.157 0.0000000000
115089  -40.783  15.085  3.940 0.0000000000
152618  -39.935  12.094  4.393 0.0000000000
152621  -40.119  14.620  4.251 0.0000000000
115822  -40.445  15.766  3.821 0.0000000000
175965  -40.130  16.445  3.872 0.0000000000
117278  -38.236  17.337  4.686 0.0000000000
117974  -38.796  17.690  4.771 0.0000000000
117968  -39.117  18.380  5.086 0.0000000000
115257  -49.707  15.685  -10.092 0.0000000000
114505  -49.172  15.376  -10.249 0.0000000000
114488  -48.788  15.043  -10.215 0.0000000000
115240  -48.259  15.457  -10.539 0.0000000000
113610  -47.380  13.405  -2.873 0.0000000000
114355  -47.218  14.414  -2.969 0.0000000000
154289  -47.085  14.577  -3.445 0.0000000000
154438  -45.087  14.433  -4.599 0.0000000000
154487  -45.638  14.334  -4.813 0.0000000000
114427  -46.571  14.252  -5.865 0.0000000000
161654  -46.875  14.190  -6.229 0.0000000000
115188  -47.574  14.483  -7.100 0.0000000000
173561  -47.525  15.035  -8.438 0.0000000000
114504  -47.900  15.073  -11.060 0.0000000000
115255  -47.485  15.490  -11.478 0.0000000000
115273  -47.131  15.645  -11.782 0.0000000000
114523  -47.124  14.977  -11.862 0.0000000000
114522  -46.553  14.439  -12.142 0.0000000000
113725  -45.923  14.040  -12.306 0.0000000000
115251  -44.998  14.846  -10.983 0.0000000000
115284  -45.305  14.703  -12.308 0.0000000000
114535  -45.533  14.550  -12.374 0.0000000000
113724  -45.335  13.661  -12.262 0.0000000000
180843  -44.681  13.602  -12.300 0.0000000000
113722  -43.611  13.273  -12.852 0.0000000000
114543  -43.971  14.409  -13.589 0.0000000000
113730  -43.653  13.912  -13.353 0.0000000000
113721  -43.040  13.472  -13.156 0.0000000000
178834  -44.299  11.473  2.672 0.0000000000
112796  -45.005  11.993  2.766 0.0000000000
112795  -44.708  12.214  2.230 0.0000000000
113571  -43.590  13.024  1.351 0.0000000000
114320  -42.645  13.967  1.288 0.0000000000
180386  -46.502  14.013  2.807 0.0000000000
114309  -45.944  14.077  2.585 0.0000000000
115116  -45.055  14.412  2.493 0.0000000000
115843  -44.590  15.815  2.337 0.0000000000
167551  -44.013  15.370  2.349 0.0000000000
115115  -44.257  14.641  2.360 0.0000000000
114314  -43.110  14.374  1.703 0.0000000000
115119  -42.632  14.676  1.320 0.0000000000
114319  -42.227  14.348  0.867 0.0000000000
115122  -41.865  14.768  0.411 0.0000000000
115121  -41.534  15.158  -0.055 0.0000000000
116596  -40.978  16.088  -0.950 0.0000000000
117320  -41.509  16.779  -0.233 0.0000000000
154935  -41.125  16.744  -0.712 0.0000000000
115856  -40.789  15.999  -1.621 0.0000000000
116612  -40.480  16.593  -2.608 0.0000000000
116619  -40.452  16.465  -3.427 0.0000000000
116627  -40.513  16.323  -4.198 0.0000000000
118662  -49.491  18.840  3.112 0.0000000000
118661  -48.753  18.520  3.115 0.0000000000
119304  -48.189  19.052  2.794 0.0000000000
119330  -48.334  20.090  1.800 0.0000000000
119329  -47.493  20.122  1.659 0.0000000000
119316  -47.036  19.515  2.109 0.0000000000
119315  -46.285  19.359  1.890 0.0000000000
119326  -45.303  19.462  1.063 0.0000000000
119333  -44.506  19.500  0.298 0.0000000000
120626  -46.780  21.152  -1.779 0.0000000000
120625  -45.914  20.962  -1.638 0.0000000000
120641  -45.137  20.982  -3.100 0.0000000000
119993  -45.065  20.711  -1.852 0.0000000000
119985  -45.290  20.500  -1.186 0.0000000000
119973  -44.781  20.075  -0.792 0.0000000000
119338  -44.299  19.675  -0.374 0.0000000000
119332  -43.902  19.233  0.018 0.0000000000
119336  -43.051  19.216  -0.818 0.0000000000
118688  -42.452  19.014  -1.097 0.0000000000
118691  -41.720  18.726  -1.854 0.0000000000
179143  -42.429  19.389  -3.368 0.0000000000
118708  -41.853  18.976  -3.229 0.0000000000
118707  -41.329  18.537  -3.066 0.0000000000
118041  -41.051  18.170  -3.636 0.0000000000
117350  -40.594  16.967  -4.673 0.0000000000
159366  -40.828  16.577  -6.091 0.0000000000
153774  -40.777  16.615  -6.717 0.0000000000
170605  -40.723  16.179  -7.355 0.0000000000
117376  -40.962  17.615  -7.357 0.0000000000
115936  -41.194  15.608  -9.256 0.0000000000
115948  -41.280  15.665  -10.056 0.0000000000
119396  -42.411  19.394  -7.606 0.0000000000
119402  -41.574  19.071  -8.588 0.0000000000
177873  -41.098  17.898  -9.050 0.0000000000
118766  -41.253  18.776  -9.847 0.0000000000
118081  -41.047  18.110  -9.649 0.0000000000
117386  -41.053  17.454  -9.374 0.0000000000
161693  -41.173  16.928  -9.762 0.0000000000
115967  -42.229  15.543  -13.914 0.0000000000
170039  -42.211  15.226  -13.837 0.0000000000
155846  -41.443  18.671  -14.661 0.0000000000
119443  -41.041  19.253  -14.300 0.0000000000
165704  -40.740  18.168  -13.882 0.0000000000
121339  -47.049  22.405  -10.223 0.0000000000
121346  -46.544  22.841  -10.865 0.0000000000
121983  -46.137  23.366  -11.329 0.0000000000
122617  -47.398  24.299  -10.441 0.0000000000
122616  -46.380  23.829  -10.961 0.0000000000
121992  -45.383  23.089  -11.867 0.0000000000
122627  -44.426  23.067  -12.208 0.0000000000
121999  -44.107  23.295  -12.872 0.0000000000
121997  -42.760  22.788  -12.318 0.0000000000
123189  -46.172  24.447  -7.609 0.0000000000
181347  -44.654  24.202  -9.772 0.0000000000
122600  -43.499  23.947  -9.030 0.0000000000
122609  -43.910  23.896  -9.694 0.0000000000
122613  -43.697  23.674  -10.252 0.0000000000
122621  -43.515  23.396  -10.845 0.0000000000
121990  -42.380  23.066  -11.109 0.0000000000
121356  -40.410  21.983  -11.643 0.0000000000
120731  -39.864  21.809  -11.020 0.0000000000
120725  -40.039  21.974  -10.348 0.0000000000
120067  -38.865  20.953  -10.848 0.0000000000
120066  -38.257  20.619  -10.507 0.0000000000
120054  -37.440  20.767  -9.096 0.0000000000
173463  -40.845  23.019  -7.629 0.0000000000
121952  -39.866  22.560  -7.615 0.0000000000
121945  -39.669  22.562  -6.968 0.0000000000
121308  -39.338  22.108  -7.363 0.0000000000
126035  -49.652  28.496  -3.653 0.0000000000
126032  -47.232  27.931  -3.860 0.0000000000
125399  -46.680  27.479  -3.747 0.0000000000
174748  -46.202  27.112  -3.684 0.0000000000
125398  -45.569  27.220  -3.777 0.0000000000
124814  -45.102  26.589  -3.696 0.0000000000
171773  -45.091  28.332  -4.423 0.0000000000
125397  -44.883  27.334  -3.756 0.0000000000
124268  -44.376  26.275  -3.573 0.0000000000
175390  -43.700  26.102  -3.498 0.0000000000
124267  -43.018  26.022  -3.568 0.0000000000
123731  -42.734  25.485  -3.857 0.0000000000
170488  -42.909  27.085  -3.637 0.0000000000
123730  -41.944  25.427  -3.978 0.0000000000
123748  -40.899  24.787  -4.245 0.0000000000
105939  -43.112  6.368  5.036 0.0000000000
105969  -45.873  5.944  2.746 0.0000000000
105970  -46.532  6.082  2.825 0.0000000000
105976  -45.083  6.093  2.040 0.0000000000
106829  -41.367  7.032  7.332 0.0000000000
106848  -44.805  6.678  6.661 0.0000000000
106888  -42.421  6.451  4.679 0.0000000000
106891  -46.728  6.694  5.152 0.0000000000
106966  -46.601  6.336  1.250 0.0000000000
106979  -44.408  7.173  0.453 0.0000000000
107897  -44.409  7.550  0.099 0.0000000000
107904  -49.908  7.723  0.590 0.0000000000
109705  -47.058  9.328  -1.877 0.0000000000
110452  -40.939  10.446  4.168 0.0000000000
111997  -37.587  12.186  5.282 0.0000000000
112778  -42.915  12.501  4.448 0.0000000000
112788  -46.510  12.501  3.808 0.0000000000
112789  -46.811  12.884  3.705 0.0000000000
113554  -46.602  12.888  4.305 0.0000000000
113555  -47.552  13.263  4.149 0.0000000000
113564  -46.483  12.949  3.270 0.0000000000
114292  -40.990  13.991  4.310 0.0000000000
114305  -48.340  13.942  3.927 0.0000000000
114310  -47.088  13.907  3.063 0.0000000000
114386  -47.068  14.506  -4.255 0.0000000000
114506  -49.609  15.390  -10.262 0.0000000000
115093  -44.805  14.385  4.210 0.0000000000
115097  -48.326  14.207  4.440 0.0000000000
115098  -48.597  14.374  4.221 0.0000000000
115102  -41.554  15.129  3.896 0.0000000000
115103  -42.266  15.114  3.969 0.0000000000
115105  -48.681  14.507  3.936 0.0000000000
115108  -45.613  14.958  2.507 0.0000000000
115113  -43.067  14.970  1.625 0.0000000000
115131  -41.265  14.849  -1.167 0.0000000000
115155  -41.830  14.571  -3.811 0.0000000000
115221  -41.756  14.458  -8.639 0.0000000000
115814  -44.639  15.680  4.095 0.0000000000
115817  -49.033  15.072  4.910 0.0000000000
115837  -48.096  14.956  3.518 0.0000000000
115841  -43.382  15.586  1.715 0.0000000000
115844  -45.163  15.561  2.478 0.0000000000
115849  -41.613  15.822  0.010 0.0000000000
115852  -41.242  15.569  -0.527 0.0000000000
115867  -40.828  15.482  -1.920 0.0000000000
115874  -40.764  15.461  -2.612 0.0000000000
115890  -40.568  15.616  -4.467 0.0000000000
115898  -40.955  15.362  -5.849 0.0000000000
116562  -40.638  16.877  3.739 0.0000000000
116566  -43.345  16.516  3.690 0.0000000000
116568  -44.610  16.897  3.857 0.0000000000
116569  -48.594  15.918  3.527 0.0000000000
116574  -45.816  16.715  2.499 0.0000000000
116576  -47.231  15.983  3.000 0.0000000000
116577  -48.002  15.669  3.384 0.0000000000
116582  -44.507  16.496  2.169 0.0000000000
116586  -42.942  16.767  1.171 0.0000000000
116589  -41.753  16.446  0.113 0.0000000000
116605  -40.623  16.429  -1.984 0.0000000000
117279  -38.667  17.109  4.490 0.0000000000
117282  -46.341  17.458  4.223 0.0000000000
117287  -50.301  16.508  5.094 0.0000000000
117295  -45.093  17.418  3.956 0.0000000000
117297  -49.927  16.489  3.958 0.0000000000
117317  -41.927  17.083  0.126 0.0000000000
117319  -41.529  17.361  -0.447 0.0000000000
117322  -40.906  17.314  -1.736 0.0000000000
117329  -40.610  16.884  -2.012 0.0000000000
117351  -40.894  17.556  -5.056 0.0000000000
117368  -40.917  17.314  -6.886 0.0000000000
117389  -41.263  17.056  -10.341 0.0000000000
117970  -50.885  17.762  5.195 0.0000000000
117981  -49.148  17.569  5.032 0.0000000000
117982  -50.076  17.051  5.430 0.0000000000
117983  -50.616  16.960  5.195 0.0000000000
117987  -42.655  18.431  4.000 0.0000000000
117991  -49.285  17.185  3.608 0.0000000000
117993  -51.248  18.019  4.605 0.0000000000
117997  -46.664  17.676  2.572 0.0000000000
118006  -46.547  18.161  2.392 0.0000000000
118015  -41.927  18.251  -0.549 0.0000000000
118018  -41.598  18.417  -1.199 0.0000000000
118024  -41.053  17.846  -2.103 0.0000000000
118040  -40.680  17.653  -3.569 0.0000000000
118045  -40.829  17.730  -4.273 0.0000000000
118051  -41.194  18.078  -5.377 0.0000000000
118075  -41.155  18.010  -8.459 0.0000000000
118626  -50.698  18.035  5.637 0.0000000000
118633  -40.425  18.996  4.922 0.0000000000
118644  -51.451  18.439  4.923 0.0000000000
118645  -51.691  19.032  4.555 0.0000000000
118652  -48.760  17.869  3.361 0.0000000000
118663  -50.369  18.964  3.456 0.0000000000
118671  -46.163  18.528  2.097 0.0000000000
118676  -44.462  18.654  1.089 0.0000000000
118678  -45.735  19.436  1.456 0.0000000000
118680  -42.994  18.427  0.054 0.0000000000
118685  -43.323  18.910  -0.286 0.0000000000
118692  -42.322  19.033  -1.700 0.0000000000
118698  -41.280  18.397  -2.357 0.0000000000
118699  -41.767  18.788  -2.574 0.0000000000
118713  -41.164  18.412  -4.294 0.0000000000
118753  -42.018  19.089  -7.960 0.0000000000
119270  -48.034  20.354  5.264 0.0000000000
119273  -50.703  18.915  5.701 0.0000000000
119275  -51.715  19.612  4.842 0.0000000000
119296  -46.896  19.683  4.766 0.0000000000
119298  -51.839  19.629  4.154 0.0000000000
119301  -51.562  19.191  3.742 0.0000000000
119302  -51.727  19.665  3.610 0.0000000000
119307  -50.844  19.520  2.995 0.0000000000
119317  -47.813  19.614  2.319 0.0000000000
119325  -44.755  19.264  0.894 0.0000000000
119334  -45.160  19.718  0.557 0.0000000000
119337  -43.655  19.439  -0.598 0.0000000000
119342  -43.572  19.739  -1.545 0.0000000000
119345  -42.162  18.987  -2.214 0.0000000000
119353  -42.323  19.126  -2.743 0.0000000000
119360  -41.975  19.209  -3.913 0.0000000000
119436  -40.066  19.624  -12.815 0.0000000000
119445  -42.045  20.052  -14.595 0.0000000000
119901  -46.512  21.157  5.186 0.0000000000
119903  -47.529  20.782  5.356 0.0000000000
119906  -49.777  20.411  5.324 0.0000000000
119941  -51.672  20.291  2.864 0.0000000000
119954  -46.501  20.160  0.840 0.0000000000
119956  -48.148  20.470  1.024 0.0000000000
119958  -50.341  20.054  0.840 0.0000000000
119964  -46.239  20.265  0.357 0.0000000000
119970  -50.976  20.297  0.493 0.0000000000
119974  -45.537  20.343  -0.493 0.0000000000
119978  -49.647  20.517  -0.601 0.0000000000
119983  -44.002  20.050  -1.823 0.0000000000
119986  -46.053  20.713  -0.918 0.0000000000
119988  -49.735  20.712  -1.169 0.0000000000
119992  -44.475  20.483  -2.140 0.0000000000
120004  -44.888  20.906  -2.453 0.0000000000
120013  -44.406  20.919  -3.875 0.0000000000
120021  -43.843  20.651  -4.847 0.0000000000
120022  -44.445  20.828  -5.065 0.0000000000
120033  -43.405  20.555  -6.664 0.0000000000
120035  -44.372  20.772  -6.145 0.0000000000
120062  -42.962  20.383  -9.624 0.0000000000
120536  -47.097  21.236  5.216 0.0000000000
120539  -49.365  21.521  5.485 0.0000000000
120540  -49.934  21.418  5.312 0.0000000000
120561  -50.137  21.823  5.025 0.0000000000
120562  -50.858  21.640  4.798 0.0000000000
120563  -51.365  21.107  4.546 0.0000000000
120581  -51.229  21.487  4.236 0.0000000000
120593  -51.284  21.380  3.577 0.0000000000
120597  -51.878  20.806  2.193 0.0000000000
120608  -47.608  20.904  -0.828 0.0000000000
120611  -52.077  20.748  -0.068 0.0000000000
120613  -46.527  21.021  -1.218 0.0000000000
120615  -47.812  21.004  -1.234 0.0000000000
120619  -51.960  20.786  -0.744 0.0000000000
120642  -45.978  21.217  -3.059 0.0000000000
120658  -47.724  21.654  -3.554 0.0000000000
120676  -45.535  21.208  -5.668 0.0000000000
120694  -44.711  21.116  -6.986 0.0000000000
120704  -44.169  21.081  -7.785 0.0000000000
120706  -45.224  21.379  -7.324 0.0000000000
120732  -43.472  21.250  -11.108 0.0000000000
120741  -44.429  22.012  -11.881 0.0000000000
120752  -42.778  20.976  -14.209 0.0000000000
121151  -47.413  21.755  5.098 0.0000000000
121162  -46.393  21.900  4.782 0.0000000000
121164  -47.763  22.250  4.823 0.0000000000
121165  -48.631  22.378  4.768 0.0000000000
121166  -49.293  22.327  4.949 0.0000000000
121196  -50.098  22.359  3.120 0.0000000000
121222  -51.963  21.123  0.415 0.0000000000
121257  -48.082  21.726  -4.089 0.0000000000
121336  -41.050  22.376  -9.436 0.0000000000
121338  -46.149  22.212  -9.966 0.0000000000
121364  -40.738  21.883  -12.585 0.0000000000
121368  -43.828  22.395  -13.237 0.0000000000
121372  -42.917  21.299  -13.976 0.0000000000
121830  -49.745  22.376  4.853 0.0000000000
121850  -45.491  22.672  3.443 0.0000000000
121853  -49.256  23.326  3.308 0.0000000000
121879  -49.905  22.723  1.504 0.0000000000
121884  -49.744  23.184  0.204 0.0000000000
121919  -52.266  21.981  -4.076 0.0000000000
121958  -40.396  22.780  -7.844 0.0000000000
121960  -41.472  23.162  -8.448 0.0000000000
121976  -47.260  23.265  -10.458 0.0000000000
121984  -46.774  23.634  -10.891 0.0000000000
122000  -44.263  23.019  -12.927 0.0000000000
122004  -43.555  22.697  -13.140 0.0000000000
122450  -48.516  23.601  3.782 0.0000000000
122488  -49.329  23.512  1.744 0.0000000000
122565  -41.796  23.590  -6.350 0.0000000000
122571  -48.608  23.962  -7.473 0.0000000000
122593  -45.235  24.356  -7.607 0.0000000000
122607  -42.605  23.747  -9.591 0.0000000000
122614  -44.768  23.765  -10.428 0.0000000000
122622  -44.208  23.128  -11.770 0.0000000000
122623  -45.110  23.311  -11.778 0.0000000000
123145  -49.014  24.772  -4.227 0.0000000000
123159  -44.465  24.506  -4.352 0.0000000000
123201  -44.760  24.444  -8.783 0.0000000000
123209  -45.143  24.340  -9.391 0.0000000000
123734  -45.346  25.266  -3.844 0.0000000000
124239  -52.320  26.047  -1.876 0.0000000000
124811  -42.624  26.569  -3.577 0.0000000000
125374  -49.295  27.200  -3.165 0.0000000000
125396  -44.151  27.455  -3.768 0.0000000000
125401  -48.262  27.647  -3.486 0.0000000000
125403  -50.156  27.937  -3.380 0.0000000000
125405  -53.474  27.339  -3.539 0.0000000000
151849  -41.187  17.002  -14.162 0.0000000000
151852  -41.764  16.413  -14.336 0.0000000000
151853  -41.459  17.425  -14.569 0.0000000000
152007  -41.694  17.320  -14.710 0.0000000000
152304  -48.738  14.723  4.620 0.0000000000
152392  -39.159  16.094  4.181 0.0000000000
152542  -47.054  22.038  -8.617 0.0000000000
153555  -50.152  20.309  -0.306 0.0000000000
153661  -47.962  13.666  4.311 0.0000000000
154751  -45.519  5.994  3.981 0.0000000000
155053  -40.623  17.044  -3.892 0.0000000000
156020  -47.014  13.144  4.320 0.0000000000
156783  -42.587  19.738  -4.091 0.0000000000
156897  -51.107  20.456  1.572 0.0000000000
157180  -45.431  19.440  4.508 0.0000000000
157344  -42.999  23.718  -7.644 0.0000000000
158959  -41.981  18.816  -1.325 0.0000000000
159061  -45.476  5.969  2.377 0.0000000000
160007  -43.475  19.527  -1.110 0.0000000000
160936  -48.853  23.244  4.164 0.0000000000
161685  -49.885  16.001  4.075 0.0000000000
162939  -52.083  22.104  -4.562 0.0000000000
164173  -50.257  20.748  5.417 0.0000000000
166203  -42.655  19.717  -6.854 0.0000000000
166264  -44.905  22.750  3.151 0.0000000000
166673  -44.547  10.206  -1.848 0.0000000000
168145  -50.115  18.319  3.626 0.0000000000
169295  -41.970  16.118  0.561 0.0000000000
169369  -46.161  19.869  1.390 0.0000000000
169946  -46.566  13.549  2.942 0.0000000000
170494  -44.480  26.896  -3.642 0.0000000000
170635  -43.714  17.789  1.152 0.0000000000
171247  -46.134  21.401  4.988 0.0000000000
171407  -48.876  27.695  -3.411 0.0000000000
171416  -42.096  14.649  -3.135 0.0000000000
172096  -46.918  24.148  -10.786 0.0000000000
172328  -48.461  24.147  -9.489 0.0000000000
172339  -47.767  6.379  4.079 0.0000000000
173747  -48.720  17.059  4.965 0.0000000000
173804  -46.454  21.664  -7.349 0.0000000000
175043  -46.277  14.201  -5.578 0.0000000000
176074  -50.340  17.692  5.614 0.0000000000
176989  -51.471  20.174  5.070 0.0000000000
177630  -48.664  22.879  4.423 0.0000000000
178100  -48.822  19.114  2.791 0.0000000000
178637  -42.546  20.612  -14.627 0.0000000000
178750  -51.403  19.652  5.294 0.0000000000
179582  -43.726  20.889  -7.444 0.0000000000
179803  -49.098  20.829  -1.424 0.0000000000
180926  -44.209  18.132  1.221 0.0000000000
181001  -42.285  17.424  0.286 0.0000000000
181211  -47.003  14.050  4.683 0.0000000000
181502  -47.913  17.453  4.688 0.0000000000
181532  -41.719  17.825  -0.471 0.0000000000
181716  -44.782  20.969  -4.192 0.0000000000
181977  -45.482  14.115  -12.429 0.0000000000
182269  -45.303  21.071  -4.685 0.0000000000
182991  -44.040  6.304  4.693 0.0000000000
183059  -50.773  7.036  2.128 0.0000000000
183356  -41.610  23.070  -8.774 0.0000000000
183438  -42.922  15.960  3.777 0.0000000000
183727  -47.083  20.849  -0.429 0.0000000000
183869  -43.061  19.929  -3.890 0.0000000000
184021  -42.437  17.882  3.738 0.0000000000
184214  -40.846  15.899  -6.816 0.0000000000
184405  -47.729  7.021  6.640 0.0000000000
184520  -40.732  18.096  4.120 0.0000000000
