#!ascii label  , from subject sub-v2s11x28711_ses-1 vox2ras=TkReg
916
26207  17.887  -60.396  -36.634 0.6000000238
23015  16.910  -62.319  -31.210 0.6999999881
24124  17.327  -62.551  -32.616 0.6999999881
23110  16.899  -63.024  -34.952 0.8999999762
23123  17.019  -62.788  -35.602 0.8000000119
25180  17.701  -61.480  -36.341 0.8000000119
28189  18.151  -59.294  -36.285 0.6000000238
29092  18.607  -58.261  -36.348 0.6999999881
30008  19.083  -57.676  -36.418 0.6999999881
24091  17.814  -61.675  -30.942 0.6999999881
24093  16.470  -61.991  -30.712 0.6999999881
24123  17.792  -62.054  -32.370 0.6999999881
25126  18.181  -61.651  -32.858 0.6000000238
24139  17.775  -62.172  -33.060 0.6999999881
22009  16.805  -63.231  -33.520 0.6999999881
24149  17.889  -61.800  -34.280 0.8000000119
25156  17.809  -61.186  -34.913 0.8000000119
24159  17.689  -62.020  -34.964 0.8000000119
24168  17.779  -60.965  -35.701 0.8000000119
26196  17.771  -60.294  -35.933 0.6000000238
29093  17.795  -58.120  -35.966 0.6000000238
173989  18.304  -57.691  -36.185 0.6999999881
29994  19.330  -56.894  -36.500 0.6999999881
169258  18.208  -61.156  -30.989 0.5000000000
24072  16.847  -61.497  -30.184 0.6000000238
25114  18.640  -60.834  -31.337 0.4000000060
24107  17.835  -61.913  -31.658 0.6000000238
25136  18.493  -61.050  -32.789 0.5000000000
25137  18.272  -60.974  -33.455 0.6000000238
167253  18.070  -61.071  -34.117 0.8000000119
26184  17.922  -60.493  -34.571 0.6999999881
27171  17.545  -59.894  -34.860 0.6999999881
172098  17.370  -59.459  -35.311 0.6999999881
29996  17.402  -57.382  -35.894 0.5000000000
30905  17.952  -56.489  -36.079 0.6000000238
190213  18.211  -55.872  -36.144 0.6000000238
30904  18.897  -56.226  -36.267 0.6000000238
30903  19.859  -56.202  -36.529 0.5000000000
168006  18.677  -59.624  -30.227 0.5000000000
167124  17.750  -60.494  -29.673 0.6000000238
26118  16.480  -60.548  -29.313 0.6000000238
26130  18.556  -60.230  -30.393 0.5000000000
26159  18.390  -60.333  -33.243 0.5000000000
27145  18.033  -59.723  -33.786 0.6000000238
28152  17.135  -58.646  -34.554 0.6000000238
28163  17.161  -58.761  -35.281 0.6000000238
29982  16.339  -57.669  -35.799 0.5000000000
29997  16.319  -57.260  -36.117 0.5000000000
30906  16.890  -56.716  -36.186 0.6000000238
32852  17.818  -55.299  -36.518 0.6000000238
31821  18.749  -55.523  -36.358 0.5000000000
33979  19.226  -54.628  -36.895 0.5000000000
188480  20.563  -54.405  -36.672 0.5000000000
32850  19.815  -55.094  -36.527 0.5000000000
26116  17.539  -60.061  -29.370 0.5000000000
26117  16.922  -60.104  -29.241 0.5000000000
27131  18.947  -59.708  -31.364 0.5000000000
27137  18.826  -59.638  -32.116 0.4000000060
29054  18.557  -58.279  -32.700 0.3000000119
28141  18.340  -58.759  -32.986 0.4000000060
29055  17.377  -57.948  -33.945 0.3000000119
29946  17.569  -57.259  -33.935 0.3000000119
28143  17.410  -58.495  -33.928 0.5000000000
29065  16.861  -58.096  -34.313 0.5000000000
29973  15.846  -57.532  -35.310 0.5000000000
29998  15.793  -57.199  -36.116 0.5000000000
30907  15.913  -56.794  -36.401 0.5000000000
31823  16.242  -56.195  -36.703 0.6000000238
32865  16.925  -55.001  -37.100 0.6000000238
32851  18.563  -54.880  -36.668 0.5000000000
33991  18.779  -54.052  -37.128 0.5000000000
33978  19.984  -54.479  -36.678 0.5000000000
27107  17.804  -59.463  -29.415 0.5000000000
186842  18.790  -59.047  -30.175 0.5000000000
28123  18.993  -58.474  -31.178 0.5000000000
29041  18.886  -57.768  -32.316 0.4000000060
177480  18.875  -59.020  -31.659 0.5000000000
29944  18.596  -56.925  -33.197 0.4000000060
30853  18.146  -56.667  -33.779 0.3000000119
30868  17.066  -56.215  -34.290 0.3000000119
30870  15.944  -56.684  -34.881 0.4000000060
29999  15.611  -57.038  -36.025 0.5000000000
30908  15.534  -56.579  -36.329 0.4000000060
32864  17.831  -54.613  -37.012 0.5000000000
35191  18.040  -53.484  -37.781 0.5000000000
33992  18.037  -53.987  -37.389 0.5000000000
178971  20.714  -53.508  -37.141 0.5000000000
35188  20.225  -53.309  -37.331 0.4000000060
33990  19.452  -53.994  -37.080 0.5000000000
28104  17.999  -58.825  -29.465 0.5000000000
29013  18.939  -57.936  -30.144 0.5000000000
29020  19.147  -57.937  -30.726 0.5000000000
29919  19.201  -57.336  -31.888 0.4000000060
30852  18.752  -56.367  -33.354 0.4000000060
30866  18.408  -55.991  -33.834 0.3000000119
178366  17.421  -55.706  -34.259 0.3000000119
31796  16.329  -55.597  -35.000 0.4000000060
32831  15.629  -55.708  -35.613 0.4000000060
161809  14.946  -54.838  -37.139 0.4000000060
31808  15.220  -55.901  -36.307 0.4000000060
31825  15.180  -56.058  -36.685 0.4000000060
31835  15.117  -55.528  -37.306 0.5000000000
32866  15.255  -55.022  -37.671 0.5000000000
33994  16.065  -54.837  -37.857 0.6000000238
35208  18.490  -53.071  -38.063 0.4000000060
35190  18.779  -53.531  -37.444 0.5000000000
29890  19.228  -57.372  -30.366 0.4000000060
29930  19.348  -56.834  -32.187 0.4000000060
29918  19.537  -56.943  -31.537 0.4000000060
30851  19.234  -56.203  -33.000 0.4000000060
184844  18.541  -55.359  -33.970 0.4000000060
32818  17.467  -55.197  -34.434 0.4000000060
33960  16.829  -54.453  -35.097 0.4000000060
32830  16.169  -55.022  -35.368 0.4000000060
33972  15.418  -54.350  -36.607 0.4000000060
32867  14.939  -55.108  -37.412 0.5000000000
32877  14.951  -54.414  -37.835 0.5000000000
35211  15.354  -53.614  -38.709 0.6000000238
35209  17.586  -53.338  -38.403 0.5000000000
168373  17.250  -52.413  -39.304 0.4000000060
36425  17.894  -52.763  -38.670 0.4000000060
177656  19.498  -56.754  -30.218 0.4000000060
167716  19.764  -56.480  -31.823 0.4000000060
30827  19.793  -56.597  -31.261 0.4000000060
179058  19.619  -55.239  -33.300 0.4000000060
32817  18.049  -54.931  -34.293 0.4000000060
33971  16.107  -54.412  -35.747 0.4000000060
35174  15.636  -53.770  -36.945 0.4000000060
33980  15.012  -54.175  -37.397 0.4000000060
35212  15.079  -53.552  -38.591 0.5000000000
35225  15.471  -53.052  -38.788 0.4000000060
35210  16.538  -53.454  -38.529 0.6000000238
31745  20.337  -55.499  -31.418 0.4000000060
31756  20.329  -55.236  -32.011 0.4000000060
32804  20.090  -54.731  -33.115 0.4000000060
31780  19.100  -55.147  -33.749 0.4000000060
33943  18.207  -54.319  -34.400 0.4000000060
35153  17.842  -53.556  -35.018 0.4000000060
35164  17.646  -53.158  -35.428 0.5000000000
35165  17.032  -53.417  -35.772 0.4000000060
35173  16.446  -53.182  -36.494 0.3000000119
36386  16.131  -52.821  -37.155 0.3000000119
36387  15.716  -53.308  -37.238 0.4000000060
36427  15.387  -53.013  -38.657 0.4000000060
36440  15.844  -52.565  -39.176 0.4000000060
35224  16.034  -52.976  -39.060 0.5000000000
30801  19.672  -56.141  -30.155 0.4000000060
32805  19.464  -54.603  -33.726 0.4000000060
33942  18.932  -54.111  -34.163 0.4000000060
36355  18.263  -53.009  -35.083 0.3000000119
186251  18.005  -52.620  -35.598 0.3000000119
36371  17.330  -52.909  -35.993 0.3000000119
36385  16.944  -52.556  -36.637 0.3000000119
162028  15.997  -52.434  -37.692 0.3000000119
37573  15.668  -51.663  -39.156 0.4000000060
167314  15.887  -51.225  -39.331 0.4000000060
32793  20.426  -54.727  -32.398 0.3000000119
33924  20.509  -54.190  -32.851 0.3000000119
35125  19.942  -53.510  -33.664 0.3000000119
35139  19.226  -53.385  -34.166 0.3000000119
36354  18.764  -52.513  -34.948 0.3000000119
36369  18.511  -52.211  -35.399 0.3000000119
36370  17.676  -52.487  -36.186 0.4000000060
190188  18.091  -51.688  -36.603 0.4000000060
36384  17.669  -52.159  -36.695 0.3000000119
37554  17.114  -51.620  -37.701 0.3000000119
37555  16.211  -51.881  -38.158 0.3000000119
38675  16.002  -51.384  -38.826 0.4000000060
38721  15.847  -50.341  -39.401 0.4000000060
38731  16.390  -50.057  -39.833 0.4000000060
167109  18.199  -52.034  -36.033 0.4000000060
38659  18.413  -50.373  -37.314 0.4000000060
38660  17.662  -50.994  -37.622 0.4000000060
38674  17.118  -50.432  -38.248 0.3000000119
166675  16.232  -50.604  -38.778 0.4000000060
39833  16.514  -49.848  -38.702 0.4000000060
40944  15.825  -49.161  -39.190 0.4000000060
39834  15.855  -50.007  -39.028 0.4000000060
39871  15.875  -49.600  -39.419 0.4000000060
168086  17.826  -50.227  -37.814 0.4000000060
39815  17.383  -49.592  -38.211 0.5000000000
40938  16.547  -49.081  -38.617 0.4000000060
42017  16.086  -48.833  -38.993 0.4000000060
40974  16.432  -49.430  -39.754 0.3000000119
42024  16.387  -48.293  -39.072 0.3000000119
164427  17.784  -60.784  -36.336 0.6999999881
23109  17.286  -62.839  -34.543 0.8000000119
28176  17.576  -59.105  -35.797 0.6000000238
162625  17.654  -60.445  -35.220 0.6999999881
190086  17.544  -59.958  -35.408 0.6999999881
31820  19.506  -55.667  -36.452 0.6000000238
26158  18.684  -60.318  -32.483 0.4000000060
27144  18.467  -59.512  -32.958 0.4000000060
181709  17.870  -60.048  -34.296 0.6999999881
28162  17.324  -59.266  -34.745 0.6999999881
29084  17.078  -58.023  -35.718 0.6999999881
27127  18.801  -59.825  -30.754 0.5000000000
29086  16.217  -57.841  -35.489 0.5000000000
29056  16.753  -57.568  -34.197 0.4000000060
31834  15.806  -55.545  -37.292 0.6000000238
33993  17.072  -54.425  -37.679 0.5000000000
34005  16.251  -54.112  -38.239 0.6000000238
35154  17.419  -54.032  -35.043 0.3000000119
36408  15.372  -53.261  -37.888 0.4000000060
169445  20.398  -55.093  -30.916 0.4000000060
193949  16.499  -52.461  -37.185 0.3000000119
38661  16.724  -51.175  -38.204 0.3000000119
42037  16.049  -48.997  -39.364 0.3000000119
22057  11.364  -62.652  -35.134 0.6000000238
22070  11.264  -62.839  -35.774 0.6000000238
21121  10.165  -64.315  -38.183 0.6000000238
22098  10.270  -63.240  -38.960 0.6000000238
19119  12.720  -65.378  -35.151 0.5000000000
20115  12.203  -64.395  -35.017 0.6000000238
23126  12.120  -62.148  -34.987 0.6999999881
23127  11.494  -62.372  -34.821 0.6999999881
20119  11.835  -64.582  -35.631 0.6000000238
167070  11.528  -62.312  -36.065 0.6000000238
22080  11.353  -62.591  -36.354 0.6000000238
190616  11.893  -62.100  -37.007 0.6000000238
167067  11.454  -62.309  -37.544 0.6000000238
23185  10.938  -62.126  -38.190 0.6000000238
24222  10.955  -61.799  -38.744 0.6000000238
25223  10.602  -61.025  -40.001 0.6999999881
21072  12.693  -64.104  -33.799 0.6000000238
23097  11.821  -61.864  -33.873 0.6999999881
20114  12.910  -64.648  -34.539 0.5000000000
22041  11.588  -62.509  -34.155 0.6999999881
21087  11.866  -63.296  -34.538 0.6999999881
23125  12.826  -62.515  -35.533 0.6999999881
23140  12.269  -62.254  -35.851 0.6999999881
23170  12.356  -62.217  -37.147 0.5000000000
24207  11.479  -61.981  -38.053 0.6000000238
25207  12.234  -61.541  -39.251 0.6000000238
25208  11.682  -61.564  -39.242 0.6999999881
25220  12.789  -61.031  -39.624 0.6999999881
173632  12.203  -59.710  -40.723 0.6999999881
26250  13.600  -60.079  -40.655 0.6999999881
29161  19.709  -57.836  -43.591 0.4000000060
29133  17.438  -57.466  -42.438 0.5000000000
29124  17.013  -57.883  -41.634 0.6000000238
28251  16.112  -58.492  -41.559 0.6000000238
27246  15.079  -59.521  -41.041 0.6999999881
21038  13.157  -64.801  -31.700 0.5000000000
21051  12.747  -64.154  -32.376 0.5000000000
186186  11.891  -61.978  -33.398 0.6000000238
21050  13.361  -64.551  -32.771 0.5000000000
23096  12.302  -61.823  -33.637 0.6999999881
22012  11.922  -62.901  -33.206 0.5000000000
194282  12.244  -63.530  -33.462 0.6000000238
23111  14.057  -62.694  -34.532 0.6999999881
23113  12.389  -61.876  -34.308 0.6999999881
22056  13.513  -62.932  -35.596 0.6999999881
23155  12.771  -62.365  -36.661 0.6999999881
24206  12.037  -62.130  -37.695 0.6000000238
193233  12.556  -62.126  -38.392 0.6000000238
24230  14.111  -61.640  -39.518 0.6999999881
25234  14.242  -60.513  -40.402 0.6999999881
26248  15.246  -59.910  -40.650 0.6999999881
28241  15.906  -58.778  -41.241 0.6000000238
27245  15.572  -59.336  -40.912 0.6000000238
166124  12.358  -62.740  -31.168 0.5000000000
21022  12.485  -64.712  -30.944 0.4000000060
21996  12.207  -62.693  -32.229 0.5000000000
21980  12.391  -63.228  -31.598 0.5000000000
21979  12.468  -63.671  -32.009 0.5000000000
24140  12.970  -61.710  -32.801 0.6000000238
23083  12.366  -61.820  -32.996 0.6000000238
22011  15.182  -62.959  -33.779 0.6999999881
23094  14.232  -62.590  -33.910 0.6000000238
22027  14.883  -63.170  -34.416 0.6999999881
22040  13.787  -62.866  -35.068 0.6999999881
22069  13.317  -62.752  -36.211 0.6999999881
23169  13.158  -62.496  -37.418 0.6999999881
24205  12.795  -62.296  -37.894 0.6999999881
24218  13.436  -62.107  -38.720 0.6999999881
24229  14.996  -61.637  -39.575 0.6999999881
25232  15.636  -60.442  -40.219 0.6999999881
30037  18.704  -57.029  -41.413 0.5000000000
29120  17.320  -58.170  -41.085 0.6000000238
27243  17.036  -59.293  -40.410 0.6000000238
172107  12.837  -61.325  -32.154 0.6000000238
24127  12.642  -61.564  -32.504 0.6000000238
24126  13.232  -61.507  -32.435 0.6000000238
23080  15.457  -62.784  -33.113 0.6000000238
22010  16.039  -63.233  -33.585 0.6000000238
22037  16.241  -63.424  -34.772 0.6999999881
22038  15.420  -63.491  -34.947 0.6999999881
22066  15.550  -63.424  -36.188 0.6999999881
22068  13.979  -63.204  -36.100 0.6999999881
173468  16.068  -63.088  -36.761 0.8000000119
23152  15.474  -62.840  -37.352 0.8000000119
23167  14.981  -62.692  -37.862 0.6000000238
24216  15.540  -61.921  -39.074 0.6000000238
25216  16.704  -60.893  -39.499 0.8000000119
26238  16.356  -60.255  -40.020 0.6999999881
162817  19.144  -56.575  -41.727 0.5000000000
29122  18.349  -57.613  -41.104 0.6000000238
28232  17.608  -58.987  -40.194 0.6999999881
30036  19.421  -57.050  -40.984 0.6000000238
24098  12.557  -61.531  -31.212 0.5000000000
22997  12.466  -61.948  -30.393 0.4000000060
22999  11.355  -63.015  -29.640 0.4000000060
24110  13.440  -61.378  -31.883 0.5000000000
180362  12.401  -61.930  -31.458 0.5000000000
23040  15.066  -62.266  -32.033 0.6000000238
23062  15.652  -62.698  -32.412 0.6000000238
23079  16.344  -62.958  -32.861 0.6000000238
22025  16.340  -63.360  -34.062 0.6999999881
22053  15.870  -63.481  -35.521 0.8000000119
23136  16.735  -62.815  -36.266 0.8000000119
23151  16.269  -62.588  -37.371 0.6000000238
24191  16.436  -62.168  -37.978 0.6000000238
167794  16.899  -61.254  -38.994 0.6999999881
25215  17.333  -60.748  -39.002 0.6999999881
28223  18.503  -59.332  -39.039 0.6999999881
29118  18.610  -57.997  -40.443 0.6000000238
29114  19.540  -57.868  -39.581 0.6000000238
30017  21.004  -56.924  -38.806 0.6000000238
30025  20.135  -57.013  -40.446 0.6000000238
30022  20.045  -57.337  -39.722 0.6000000238
24075  14.270  -61.471  -30.625 0.5000000000
185733  13.487  -61.345  -30.882 0.5000000000
24076  12.620  -61.865  -29.943 0.5000000000
22978  11.672  -62.582  -29.432 0.5000000000
24094  15.636  -61.941  -30.829 0.5000000000
24096  13.920  -61.503  -31.258 0.5000000000
23038  16.565  -62.641  -31.734 0.6000000238
24179  17.203  -62.190  -36.568 0.6999999881
25179  17.673  -61.033  -36.972 0.6000000238
25191  17.772  -61.037  -37.715 0.6000000238
26225  18.071  -60.500  -37.969 0.6000000238
27226  18.781  -59.528  -38.363 0.6999999881
193716  18.629  -59.764  -37.982 0.6000000238
28221  19.517  -58.622  -38.412 0.6000000238
29112  19.219  -58.439  -39.141 0.6999999881
30946  21.190  -56.353  -40.620 0.5000000000
30931  21.399  -56.468  -39.122 0.4000000060
24073  15.931  -61.610  -30.261 0.5000000000
25093  14.604  -61.366  -29.922 0.5000000000
167683  13.388  -61.146  -29.342 0.5000000000
25082  12.800  -61.381  -28.985 0.5000000000
25064  11.578  -61.459  -28.693 0.5000000000
25066  10.060  -61.440  -28.344 0.5000000000
28188  18.673  -58.861  -36.602 0.6000000238
28201  19.061  -58.961  -37.214 0.6000000238
28200  19.517  -58.514  -37.592 0.4000000060
29098  20.248  -57.705  -37.965 0.5000000000
30013  20.977  -56.932  -37.956 0.4000000060
186263  21.477  -56.617  -38.394 0.4000000060
30018  20.532  -57.342  -38.479 0.5000000000
25091  16.164  -61.091  -29.716 0.6000000238
25079  14.899  -61.030  -29.350 0.5000000000
182362  13.767  -60.769  -29.071 0.5000000000
25062  12.760  -60.873  -28.565 0.5000000000
26105  12.287  -60.471  -28.403 0.5000000000
26107  10.814  -60.257  -28.236 0.5000000000
26108  10.024  -60.138  -28.311 0.4000000060
26122  8.899  -60.013  -28.850 0.5000000000
27113  8.368  -59.613  -29.305 0.4000000060
27121  8.052  -59.314  -29.864 0.4000000060
26138  7.283  -60.496  -30.783 0.4000000060
30007  19.658  -57.517  -36.893 0.6000000238
30916  19.949  -56.854  -36.978 0.4000000060
30005  20.506  -56.884  -37.386 0.4000000060
30924  21.479  -56.548  -37.749 0.4000000060
26120  15.204  -60.404  -28.966 0.5000000000
26102  14.629  -60.048  -28.578 0.4000000060
26104  13.023  -60.286  -28.475 0.4000000060
27098  12.612  -59.722  -28.338 0.5000000000
28098  12.052  -58.684  -28.270 0.4000000060
27101  9.922  -59.304  -28.397 0.5000000000
192239  10.921  -58.293  -28.594 0.4000000060
28109  10.385  -58.158  -28.842 0.5000000000
27111  9.429  -59.116  -28.733 0.5000000000
29015  9.287  -57.925  -29.875 0.3000000119
28115  8.388  -58.794  -30.223 0.3000000119
28119  8.148  -58.687  -30.914 0.3000000119
31819  20.205  -55.522  -36.532 0.4000000060
27110  15.702  -59.766  -28.864 0.5000000000
190923  14.799  -59.481  -28.446 0.5000000000
27097  13.356  -59.604  -28.295 0.4000000060
28105  17.360  -58.953  -29.244 0.4000000060
162843  15.996  -59.082  -28.931 0.4000000060
28107  15.615  -58.577  -28.892 0.4000000060
29003  14.959  -57.692  -28.821 0.4000000060
164020  17.003  -58.405  -29.184 0.4000000060
163388  16.250  -58.314  -29.101 0.4000000060
29002  15.582  -57.939  -28.962 0.4000000060
29000  17.471  -57.953  -29.222 0.4000000060
167837  16.142  -57.503  -29.081 0.4000000060
29877  15.409  -57.245  -29.073 0.4000000060
29879  13.921  -57.212  -29.241 0.4000000060
29001  16.833  -57.748  -29.159 0.4000000060
29873  18.508  -57.692  -29.724 0.3000000119
181679  16.059  -56.689  -29.175 0.4000000060
30792  15.163  -56.564  -29.350 0.4000000060
30793  14.517  -56.371  -29.590 0.4000000060
179299  18.258  -57.108  -29.263 0.4000000060
30804  13.505  -56.561  -30.016 0.4000000060
191006  14.457  -55.645  -30.168 0.4000000060
173381  19.129  -55.845  -29.667 0.3000000119
31703  18.021  -55.948  -29.146 0.4000000060
175942  17.360  -56.056  -29.007 0.4000000060
195474  16.108  -56.125  -29.300 0.4000000060
175364  15.609  -56.032  -29.382 0.4000000060
191977  14.473  -56.004  -29.844 0.4000000060
31717  15.391  -55.363  -29.554 0.3000000119
27211  18.183  -60.042  -36.968 0.6000000238
23017  15.347  -62.130  -31.434 0.5000000000
29100  19.400  -58.348  -36.745 0.6000000238
31833  20.586  -55.907  -36.783 0.4000000060
22081  10.891  -63.419  -37.496 0.6000000238
26240  12.450  -60.364  -40.170 0.6999999881
25218  14.571  -61.153  -40.078 0.6999999881
30062  18.634  -56.743  -42.868 0.5000000000
30956  19.768  -56.532  -42.018 0.5000000000
29134  17.041  -57.891  -42.080 0.5000000000
30039  17.423  -57.461  -41.942 0.4000000060
28250  16.607  -58.413  -41.367 0.6000000238
21039  12.661  -64.236  -31.476 0.5000000000
23153  14.584  -62.991  -37.312 0.6999999881
167397  17.653  -58.481  -40.543 0.6000000238
23081  14.489  -62.460  -33.306 0.6000000238
182239  14.628  -62.551  -38.318 0.6999999881
25206  16.297  -61.528  -39.193 0.8000000119
27236  16.875  -59.837  -40.123 0.6999999881
23019  12.052  -63.061  -30.556 0.4000000060
23166  15.757  -62.473  -37.861 0.6000000238
164786  16.101  -62.032  -38.587 0.6000000238
26236  17.632  -60.113  -39.168 0.6999999881
26237  17.065  -60.265  -39.620 0.6999999881
30947  20.618  -56.655  -40.945 0.5000000000
30955  20.428  -56.495  -41.738 0.5000000000
28231  18.058  -59.166  -39.610 0.6999999881
29117  19.152  -57.863  -40.195 0.6000000238
25192  17.379  -61.556  -37.504 0.6999999881
24215  16.814  -61.711  -38.523 0.6999999881
25199  17.728  -60.962  -38.352 0.6999999881
29110  20.221  -57.858  -38.443 0.6000000238
30026  19.546  -57.431  -40.266 0.6000000238
185523  20.939  -56.812  -39.514 0.6000000238
25094  13.800  -61.334  -30.212 0.5000000000
25096  13.014  -61.607  -29.755 0.5000000000
24060  11.861  -62.104  -29.164 0.4000000060
27210  18.523  -59.498  -36.956 0.6000000238
28212  19.161  -59.033  -38.001 0.6000000238
26132  7.443  -60.430  -29.982 0.3000000119
30006  20.181  -57.394  -37.413 0.5000000000
30913  21.670  -56.082  -37.447 0.4000000060
172668  11.238  -59.698  -28.271 0.5000000000
181551  9.246  -58.662  -29.339 0.4000000060
28120  7.978  -59.166  -30.468 0.4000000060
30790  17.824  -56.584  -29.029 0.4000000060
30791  17.118  -56.640  -29.004 0.4000000060
166016  20.782  -62.511  -36.143 0.3000000119
25178  21.119  -61.361  -36.369 0.3000000119
24271  17.464  -62.524  -43.821 0.4000000060
25260  19.124  -62.047  -43.814 0.4000000060
24247  18.306  -62.070  -43.043 0.4000000060
169904  18.823  -61.570  -42.315 0.4000000060
25262  16.693  -61.095  -43.208 0.4000000060
24262  16.026  -62.011  -43.150 0.4000000060
167734  15.260  -61.648  -42.653 0.4000000060
25265  14.479  -61.420  -42.326 0.5000000000
24249  13.409  -62.281  -42.182 0.5000000000
23216  12.929  -62.660  -41.948 0.5000000000
25271  18.978  -61.939  -44.062 0.4000000060
24270  17.971  -62.515  -43.976 0.5000000000
24272  16.790  -62.487  -43.609 0.5000000000
22130  12.399  -62.876  -41.553 0.5000000000
25270  19.830  -61.895  -44.030 0.5000000000
25261  18.546  -62.359  -44.008 0.5000000000
186889  20.667  -61.987  -44.144 0.5000000000
25259  20.036  -61.820  -43.844 0.4000000060
26286  20.104  -61.388  -43.006 0.4000000060
25239  19.362  -61.171  -41.704 0.4000000060
26260  19.890  -60.870  -41.132 0.4000000060
25229  19.936  -60.926  -40.441 0.3000000119
25214  19.801  -61.392  -39.510 0.4000000060
27303  18.648  -60.048  -43.883 0.4000000060
27287  17.066  -59.582  -42.992 0.4000000060
27288  16.467  -59.536  -42.677 0.4000000060
27302  19.327  -60.028  -44.120 0.4000000060
26304  17.892  -60.924  -43.726 0.4000000060
187866  17.496  -60.025  -43.293 0.4000000060
26289  15.713  -60.407  -42.688 0.4000000060
25264  14.986  -60.711  -42.303 0.5000000000
189092  13.812  -61.311  -42.168 0.5000000000
166209  20.005  -59.890  -44.068 0.4000000060
26303  18.553  -61.028  -44.046 0.4000000060
25272  18.026  -61.888  -44.029 0.4000000060
25249  14.028  -60.653  -42.143 0.5000000000
169932  13.333  -60.835  -42.072 0.5000000000
23217  12.400  -62.354  -41.751 0.5000000000
24252  11.557  -61.454  -41.418 0.6000000238
25241  10.983  -61.028  -41.122 0.6000000238
23208  11.112  -62.483  -41.110 0.6000000238
27248  13.149  -59.685  -41.031 0.6000000238
26252  11.832  -59.898  -40.835 0.6000000238
23209  10.477  -62.125  -40.893 0.5000000000
26267  20.495  -60.966  -42.516 0.4000000060
180572  10.370  -61.519  -39.399 0.5000000000
26245  20.938  -60.354  -41.003 0.4000000060
27242  21.505  -60.057  -40.547 0.4000000060
25213  20.281  -60.887  -39.869 0.4000000060
28272  16.930  -58.781  -42.651 0.4000000060
185256  15.991  -59.220  -42.203 0.5000000000
27272  15.611  -59.323  -42.052 0.5000000000
27273  14.768  -59.203  -41.744 0.5000000000
26272  12.804  -60.294  -41.855 0.5000000000
168759  14.132  -59.477  -41.616 0.5000000000
25253  11.557  -60.675  -41.393 0.6000000238
27247  14.067  -59.595  -41.277 0.6000000238
27258  12.833  -59.586  -41.340 0.6000000238
23135  21.016  -63.210  -36.035 0.3000000119
25177  21.494  -60.764  -35.971 0.3000000119
181793  22.321  -59.588  -38.402 0.3000000119
28287  20.221  -58.868  -43.814 0.4000000060
29162  18.922  -58.024  -43.520 0.4000000060
28291  17.474  -59.266  -43.163 0.4000000060
29140  17.681  -57.677  -42.899 0.4000000060
28266  15.785  -58.817  -41.810 0.5000000000
29141  17.141  -57.986  -42.564 0.4000000060
28253  15.245  -58.924  -41.658 0.5000000000
25242  10.523  -60.749  -40.876 0.6000000238
23201  9.898  -62.420  -40.135 0.5000000000
29163  18.167  -58.209  -43.297 0.4000000060
171292  16.098  -60.814  -43.078 0.4000000060
163092  11.773  -62.741  -41.182 0.5000000000
26223  21.771  -60.059  -38.467 0.3000000119
28290  18.064  -59.110  -43.445 0.4000000060
172858  15.851  -59.767  -42.491 0.5000000000
26271  13.443  -60.099  -41.942 0.5000000000
188577  12.966  -59.797  -41.692 0.6000000238
36407  15.574  -52.448  -38.419 0.3000000119
20089  13.882  -65.063  -32.471 0.5000000000
21021  12.887  -64.859  -31.326 0.5000000000
21037  13.373  -64.696  -32.158 0.5000000000
21062  12.541  -63.941  -33.042 0.5000000000
21073  12.022  -63.191  -33.858 0.6999999881
21086  12.366  -63.865  -34.359 0.6999999881
21088  11.510  -62.776  -34.730 0.6999999881
21099  11.609  -63.715  -35.171 0.6000000238
21100  11.329  -63.265  -35.394 0.6000000238
21115  10.625  -64.325  -37.408 0.6000000238
21122  10.057  -63.941  -38.704 0.6000000238
21995  12.182  -63.260  -32.590 0.5000000000
22013  11.985  -62.224  -32.839 0.5000000000
22024  16.833  -63.159  -34.293 0.6999999881
22026  15.713  -63.411  -34.241 0.6999999881
22028  11.674  -62.393  -33.654 0.6999999881
22039  14.608  -63.289  -35.051 0.6999999881
22054  15.106  -63.539  -35.623 0.6999999881
22055  14.298  -63.283  -35.631 0.6999999881
22067  14.730  -63.388  -36.205 0.6999999881
22090  10.332  -63.388  -38.250 0.6000000238
22120  12.763  -63.591  -41.430 0.5000000000
22121  12.155  -63.218  -41.012 0.5000000000
22122  11.380  -63.007  -40.814 0.6000000238
22998  12.101  -62.694  -30.034 0.4000000060
23016  16.146  -62.325  -31.261 0.5000000000
23018  12.375  -62.260  -30.802 0.4000000060
23039  15.864  -62.610  -31.793 0.6000000238
23041  12.315  -62.266  -31.850 0.5000000000
23060  16.842  -62.847  -32.315 0.6999999881
23061  16.284  -62.809  -32.192 0.6000000238
23063  14.784  -62.322  -32.680 0.6000000238
23064  13.809  -61.926  -32.836 0.6000000238
23065  12.338  -61.890  -32.499 0.5000000000
23077  17.781  -62.338  -33.755 0.6999999881
23078  17.347  -62.733  -33.288 0.6999999881
23082  13.300  -61.995  -33.370 0.6000000238
23093  17.347  -62.854  -33.963 0.6999999881
23095  13.247  -62.098  -34.046 0.6999999881
23112  12.962  -62.447  -35.015 0.6999999881
23114  11.747  -62.114  -34.349 0.6999999881
23124  16.499  -63.208  -35.461 0.8999999762
23137  16.251  -63.254  -36.038 0.8000000119
23138  15.119  -63.172  -36.787 0.8000000119
23139  14.226  -63.108  -36.656 0.6999999881
23141  11.609  -62.267  -35.856 0.6000000238
23142  11.408  -62.406  -35.472 0.6000000238
23150  16.681  -62.654  -36.903 0.6999999881
23154  13.677  -62.738  -37.019 0.6999999881
23156  12.015  -62.128  -36.402 0.5000000000
23157  11.640  -62.283  -36.776 0.6000000238
23168  14.067  -62.749  -37.819 0.6999999881
23171  11.739  -62.169  -37.341 0.6000000238
23172  10.921  -62.680  -37.825 0.6000000238
23173  10.442  -62.577  -38.479 0.6000000238
23186  10.128  -62.479  -39.161 0.6000000238
23193  9.921  -62.318  -39.713 0.5000000000
23199  10.666  -62.760  -40.682 0.5000000000
23200  10.181  -62.449  -40.532 0.5000000000
23207  11.779  -62.235  -41.395 0.6000000238
24059  12.501  -61.900  -29.380 0.4000000060
24074  15.109  -61.609  -30.392 0.5000000000
24077  12.272  -62.287  -29.687 0.5000000000
24092  17.233  -61.938  -30.727 0.6999999881
24095  14.795  -61.738  -31.033 0.5000000000
24097  12.905  -61.305  -31.092 0.5000000000
24108  17.283  -62.429  -31.838 0.6999999881
24109  14.461  -61.805  -31.660 0.5000000000
24111  12.814  -61.280  -31.686 0.5000000000
24112  12.509  -61.518  -31.992 0.6000000238
24125  14.138  -61.839  -32.276 0.6000000238
24160  17.693  -62.491  -34.433 0.8000000119
24167  20.945  -61.974  -35.875 0.3000000119
24169  17.532  -62.285  -35.567 0.8000000119
24190  16.956  -62.170  -37.340 0.6000000238
24202  17.003  -61.831  -37.905 0.6000000238
24203  14.030  -62.474  -38.409 0.6999999881
24204  13.472  -62.461  -38.056 0.6999999881
24217  14.610  -62.170  -38.916 0.6000000238
24219  12.697  -61.786  -39.018 0.6000000238
24220  11.998  -61.877  -38.610 0.6000000238
24221  11.439  -61.762  -38.767 0.6000000238
24223  10.120  -61.983  -39.378 0.5000000000
24228  15.670  -61.478  -39.560 0.8000000119
24231  13.314  -61.510  -39.415 0.6999999881
24232  9.961  -61.837  -39.845 0.5000000000
24236  10.087  -61.794  -40.456 0.5000000000
24241  10.990  -61.796  -41.172 0.6000000238
24242  10.395  -61.328  -40.914 0.6000000238
24250  12.801  -62.011  -41.961 0.5000000000
24251  12.182  -61.758  -41.715 0.5000000000
24261  16.421  -61.559  -43.171 0.4000000060
24264  13.922  -61.905  -42.297 0.5000000000
25063  12.232  -61.149  -28.630 0.5000000000
25065  10.810  -61.569  -28.425 0.5000000000
25078  15.610  -60.885  -29.334 0.5000000000
25080  14.070  -61.146  -29.458 0.5000000000
25081  13.287  -60.776  -28.828 0.5000000000
25083  12.159  -61.590  -29.034 0.5000000000
25090  17.510  -61.042  -29.944 0.6000000238
25092  15.395  -61.314  -29.803 0.6000000238
25095  13.481  -61.296  -29.834 0.5000000000
25104  18.413  -60.750  -30.703 0.5000000000
25105  17.954  -61.178  -30.472 0.5000000000
25106  17.541  -61.564  -30.369 0.5000000000
25107  13.162  -61.326  -30.453 0.5000000000
25115  18.251  -61.345  -31.531 0.4000000060
25125  18.711  -60.959  -32.021 0.6000000238
25200  17.347  -61.414  -38.100 0.6999999881
25205  17.248  -61.249  -38.610 0.6999999881
25209  11.045  -61.514  -39.315 0.6999999881
25217  15.334  -61.111  -40.016 0.6999999881
25219  13.687  -60.917  -40.008 0.6999999881
25221  12.031  -60.896  -39.619 0.6999999881
25222  11.294  -60.957  -39.717 0.6999999881
25224  10.157  -61.338  -40.025 0.5000000000
25233  14.909  -60.525  -40.384 0.6999999881
25235  10.316  -61.040  -40.571 0.6000000238
25246  19.481  -61.652  -42.927 0.4000000060
25247  18.959  -62.088  -43.382 0.4000000060
25250  13.326  -61.614  -42.073 0.5000000000
25251  12.633  -61.149  -41.922 0.5000000000
25252  11.957  -61.067  -41.719 0.6000000238
25263  15.769  -61.130  -42.861 0.4000000060
25273  17.415  -61.687  -43.631 0.4000000060
25274  16.972  -61.914  -43.510 0.5000000000
26103  13.803  -60.235  -28.588 0.4000000060
26106  11.530  -60.351  -28.325 0.5000000000
26109  9.366  -60.395  -28.496 0.4000000060
26119  15.901  -60.374  -29.125 0.5000000000
26121  14.424  -60.697  -28.883 0.5000000000
26131  17.182  -60.547  -29.505 0.6000000238
26137  18.107  -60.652  -30.113 0.5000000000
26143  18.791  -60.306  -31.036 0.5000000000
26147  18.896  -60.333  -31.731 0.4000000060
26172  18.122  -60.435  -33.913 0.6999999881
26219  18.006  -60.508  -37.303 0.6000000238
26239  13.079  -60.392  -40.194 0.6999999881
26241  11.719  -60.382  -40.304 0.6999999881
26242  11.054  -60.622  -40.287 0.6999999881
26246  20.397  -60.663  -40.638 0.4000000060
26247  15.813  -59.841  -40.420 0.6000000238
26249  14.484  -59.988  -40.821 0.6999999881
26251  12.786  -59.793  -40.574 0.6999999881
26253  11.236  -60.380  -40.687 0.6999999881
26254  10.663  -60.616  -40.657 0.6000000238
26259  20.396  -60.618  -41.521 0.4000000060
26261  11.907  -60.064  -41.190 0.6000000238
26262  11.201  -60.461  -40.892 0.6000000238
26268  19.911  -60.977  -42.112 0.4000000060
26269  15.215  -59.896  -42.099 0.5000000000
26270  14.112  -59.947  -41.977 0.5000000000
26273  12.139  -60.422  -41.678 0.6000000238
26287  17.081  -60.504  -43.255 0.4000000060
26288  16.232  -60.312  -42.979 0.4000000060
26301  20.001  -61.227  -44.233 0.4000000060
26302  19.232  -61.189  -44.208 0.4000000060
27094  15.310  -59.132  -28.591 0.4000000060
27095  15.179  -59.798  -28.600 0.5000000000
27096  14.139  -59.517  -28.344 0.5000000000
27099  11.635  -59.172  -28.279 0.5000000000
27100  11.045  -59.153  -28.281 0.5000000000
27102  9.405  -59.726  -28.604 0.5000000000
27108  17.106  -59.553  -29.220 0.5000000000
27109  16.375  -59.771  -29.089 0.5000000000
27112  8.987  -59.352  -29.080 0.4000000060
27114  7.735  -59.921  -29.528 0.3000000119
27120  18.169  -60.002  -29.789 0.5000000000
27122  7.596  -59.764  -30.344 0.4000000060
27157  17.606  -59.626  -34.353 0.6999999881
27186  17.708  -59.676  -35.853 0.6000000238
27200  18.038  -59.842  -36.435 0.6000000238
27218  18.828  -59.485  -37.676 0.6000000238
27219  18.431  -59.999  -37.580 0.6000000238
27227  18.396  -59.751  -38.739 0.6999999881
27234  18.012  -59.668  -39.201 0.6999999881
27235  17.460  -59.630  -39.762 0.6999999881
27244  16.300  -59.444  -40.549 0.6000000238
27249  12.448  -59.590  -40.916 0.6000000238
27255  15.324  -58.966  -41.351 0.6000000238
27256  14.840  -59.075  -41.551 0.5000000000
27257  13.524  -59.623  -41.391 0.6000000238
27259  12.263  -59.635  -40.992 0.6000000238
27274  13.475  -59.694  -41.672 0.6000000238
27275  12.446  -59.838  -41.492 0.6000000238
27304  18.013  -60.029  -43.562 0.4000000060
28095  14.539  -58.806  -28.398 0.4000000060
28099  11.343  -58.597  -28.389 0.4000000060
28100  10.549  -58.808  -28.431 0.4000000060
28103  18.606  -58.504  -29.858 0.5000000000
28106  16.655  -59.003  -29.114 0.4000000060
28108  15.109  -58.369  -28.677 0.4000000060
28110  9.863  -58.680  -28.778 0.5000000000
28111  8.589  -58.959  -29.594 0.4000000060
28113  18.349  -59.257  -29.817 0.5000000000
28114  8.770  -58.314  -29.943 0.3000000119
28118  19.067  -58.550  -30.366 0.5000000000
28130  18.675  -58.908  -32.400 0.4000000060
28142  17.994  -58.993  -33.537 0.5000000000
28151  17.528  -59.139  -34.132 0.6000000238
28177  17.398  -58.499  -35.712 0.6999999881
28222  18.989  -58.970  -38.757 0.6000000238
28230  18.652  -58.800  -39.439 0.6999999881
28239  18.226  -58.565  -40.120 0.6999999881
28240  17.145  -58.704  -40.743 0.6000000238
28252  15.596  -58.763  -41.538 0.6000000238
28265  16.190  -58.517  -41.733 0.5000000000
28271  17.477  -58.401  -43.064 0.4000000060
28273  16.330  -58.788  -42.148 0.5000000000
28288  19.483  -58.881  -43.853 0.4000000060
28289  18.781  -59.007  -43.695 0.4000000060
28991  14.014  -58.225  -28.465 0.4000000060
28999  18.086  -58.193  -29.437 0.5000000000
29009  9.807  -58.052  -29.341 0.3000000119
29023  8.573  -58.173  -30.516 0.3000000119
29030  19.077  -57.871  -31.538 0.5000000000
29042  18.512  -57.639  -33.119 0.3000000119
29076  16.768  -58.169  -35.052 0.5000000000
29077  16.372  -57.764  -34.832 0.5000000000
29085  16.831  -58.108  -35.529 0.5000000000
29099  19.866  -57.957  -37.410 0.5000000000
29106  19.920  -58.175  -38.081 0.5000000000
29111  19.776  -58.105  -38.789 0.6000000238
29115  18.921  -58.290  -39.846 0.6000000238
29119  17.959  -58.067  -40.751 0.6000000238
29123  17.616  -57.640  -41.362 0.6000000238
29125  16.610  -58.272  -41.763 0.6000000238
29135  16.719  -58.316  -42.092 0.5000000000
29874  17.955  -57.630  -29.386 0.4000000060
29875  17.470  -57.242  -29.073 0.4000000060
29876  16.708  -57.088  -29.079 0.4000000060
29878  14.633  -57.064  -29.235 0.4000000060
29891  14.039  -56.685  -29.607 0.4000000060
29905  19.593  -56.930  -30.870 0.4000000060
29906  19.376  -57.420  -31.160 0.4000000060
29931  18.918  -57.167  -32.578 0.4000000060
29945  18.190  -57.245  -33.590 0.3000000119
29959  16.906  -56.915  -34.237 0.3000000119
29960  16.251  -57.184  -34.718 0.5000000000
29983  15.828  -57.470  -35.788 0.5000000000
29984  15.642  -57.132  -35.648 0.5000000000
29995  18.530  -57.029  -36.175 0.6999999881
30014  20.499  -57.238  -37.845 0.4000000060
30019  20.104  -57.597  -39.042 0.6000000238
30027  18.975  -57.497  -40.727 0.6000000238
30035  19.932  -56.744  -41.299 0.5000000000
30038  18.008  -57.171  -41.722 0.5000000000
30048  18.415  -56.693  -42.168 0.5000000000
30049  17.815  -57.108  -42.229 0.4000000060
30063  17.986  -57.067  -42.668 0.5000000000
30080  20.198  -57.301  -43.331 0.4000000060
30789  18.589  -56.413  -29.324 0.3000000119
30802  19.217  -56.454  -29.770 0.4000000060
30803  14.049  -56.120  -30.070 0.4000000060
30815  20.101  -56.154  -31.330 0.4000000060
30816  19.861  -56.410  -30.734 0.4000000060
30837  19.526  -56.329  -32.463 0.4000000060
30838  19.018  -56.633  -32.763 0.4000000060
30854  17.496  -56.622  -34.061 0.3000000119
30867  17.725  -56.101  -34.028 0.3000000119
30869  16.535  -56.610  -34.544 0.4000000060
30882  15.568  -56.722  -35.415 0.4000000060
30893  15.423  -56.595  -36.089 0.5000000000
30914  21.017  -56.405  -37.250 0.4000000060
30915  20.369  -56.435  -36.962 0.4000000060
30954  21.028  -56.274  -41.436 0.5000000000
31702  18.544  -55.796  -29.346 0.4000000060
31705  14.874  -55.867  -29.633 0.4000000060
31732  20.161  -55.729  -30.663 0.4000000060
31733  13.963  -55.583  -30.599 0.4000000060
31746  20.043  -55.875  -32.099 0.4000000060
31757  20.046  -55.277  -32.648 0.4000000060
31768  19.648  -55.819  -32.869 0.4000000060
31769  19.054  -55.737  -33.451 0.4000000060
31781  17.931  -55.537  -34.130 0.4000000060
31782  16.963  -55.614  -34.543 0.3000000119
31783  16.462  -56.136  -34.716 0.4000000060
31795  16.889  -55.023  -34.787 0.4000000060
31797  15.827  -56.207  -35.180 0.4000000060
31822  17.402  -56.052  -36.399 0.6000000238
31824  15.347  -56.101  -36.898 0.4000000060
31831  21.875  -55.468  -37.235 0.4000000060
31836  15.072  -55.640  -37.126 0.4000000060
32744  15.894  -54.835  -29.468 0.3000000119
32816  18.728  -54.745  -34.086 0.4000000060
32840  15.331  -55.130  -36.250 0.4000000060
32849  20.433  -54.931  -36.564 0.5000000000
32853  16.839  -55.590  -36.798 0.6000000238
32854  14.951  -55.528  -36.943 0.4000000060
32863  18.476  -54.364  -36.964 0.5000000000
33925  20.049  -54.132  -33.431 0.3000000119
33941  19.539  -53.952  -33.853 0.4000000060
33957  18.446  -53.638  -34.614 0.4000000060
33958  17.885  -54.040  -34.730 0.4000000060
33959  17.526  -54.545  -34.644 0.3000000119
33970  16.859  -53.934  -35.463 0.4000000060
33989  20.241  -53.876  -36.985 0.5000000000
33995  14.988  -53.950  -38.007 0.5000000000
34004  17.264  -53.812  -38.026 0.5000000000
34006  15.397  -54.283  -38.114 0.5000000000
34007  14.980  -53.862  -38.334 0.5000000000
35140  18.776  -53.044  -34.659 0.4000000060
35152  19.235  -52.652  -34.381 0.3000000119
35166  16.275  -53.830  -36.138 0.4000000060
35189  19.627  -53.433  -37.362 0.5000000000
35192  15.160  -53.695  -37.577 0.4000000060
35223  16.927  -52.964  -38.920 0.6000000238
36406  16.946  -52.142  -37.344 0.3000000119
36426  15.597  -52.414  -38.973 0.4000000060
36451  15.791  -52.004  -39.376 0.4000000060
37553  17.686  -51.672  -37.162 0.3000000119
37564  15.711  -51.970  -38.808 0.3000000119
38655  18.254  -51.161  -36.934 0.4000000060
38698  15.795  -50.692  -39.181 0.4000000060
39852  15.738  -49.817  -39.192 0.4000000060
40939  15.924  -49.392  -38.994 0.4000000060
42025  15.997  -48.704  -39.176 0.3000000119
162958  18.092  -61.632  -33.527 0.8000000119
163268  12.714  -61.473  -30.556 0.5000000000
163326  17.433  -62.627  -35.029 0.8000000119
164196  10.557  -59.538  -28.218 0.5000000000
164200  17.404  -61.698  -36.963 0.6000000238
164469  16.582  -58.909  -40.889 0.6000000238
164791  20.958  -60.445  -40.141 0.4000000060
164852  19.697  -61.150  -40.045 0.3000000119
165485  16.832  -60.953  -29.731 0.6000000238
166129  16.026  -60.971  -39.768 0.8000000119
166888  11.145  -60.921  -28.339 0.5000000000
167167  18.402  -60.041  -38.300 0.6999999881
167567  18.896  -58.376  -31.983 0.4000000060
168275  19.223  -55.185  -36.565 0.5000000000
168854  20.522  -57.176  -39.237 0.6000000238
169058  17.975  -57.694  -33.640 0.3000000119
170632  17.994  -58.266  -33.406 0.4000000060
171309  10.434  -60.881  -28.244 0.5000000000
171349  18.924  -59.170  -30.810 0.5000000000
171605  18.464  -61.807  -44.159 0.4000000060
173236  14.883  -54.495  -37.605 0.5000000000
173259  17.480  -62.163  -31.216 0.6999999881
173611  15.377  -62.325  -38.411 0.6000000238
173627  18.945  -57.067  -29.713 0.4000000060
174267  10.500  -61.990  -38.875 0.6000000238
174442  18.089  -60.011  -38.802 0.6999999881
175063  13.970  -62.468  -42.493 0.5000000000
178024  11.685  -62.279  -35.343 0.6999999881
179598  11.925  -59.771  -28.348 0.5000000000
180597  15.458  -56.279  -35.738 0.4000000060
180639  19.205  -53.143  -37.756 0.5000000000
181950  17.916  -60.422  -38.605 0.6999999881
181975  11.767  -60.911  -28.381 0.5000000000
182028  7.686  -59.302  -31.020 0.4000000060
182593  20.821  -57.544  -43.224 0.4000000060
185406  20.563  -54.687  -31.560 0.4000000060
185417  20.492  -57.023  -39.817 0.6000000238
186125  13.308  -62.265  -34.598 0.6999999881
187155  18.044  -58.713  -36.116 0.6000000238
187638  16.636  -56.192  -29.100 0.4000000060
187764  18.267  -61.523  -32.216 0.5000000000
187809  17.707  -61.656  -35.585 0.8000000119
187862  12.932  -64.330  -31.915 0.5000000000
188347  18.259  -61.323  -33.148 0.6000000238
189952  17.580  -58.473  -29.279 0.4000000060
191473  15.932  -62.274  -38.211 0.6000000238
191697  14.615  -58.110  -28.583 0.4000000060
192207  16.050  -60.784  -29.296 0.6000000238
193250  13.244  -61.317  -31.401 0.5000000000
193390  11.407  -62.406  -35.836 0.6000000238
193657  17.602  -61.219  -43.640 0.4000000060
193751  18.391  -52.592  -35.277 0.3000000119
193908  16.971  -62.931  -32.905 0.6000000238
194174  16.628  -63.035  -35.849 0.8000000119
194187  15.703  -57.110  -35.149 0.5000000000
194234  17.586  -62.028  -36.045 0.8000000119
194607  11.421  -62.395  -34.440 0.6999999881
194649  18.889  -57.515  -29.980 0.4000000060
194714  20.385  -61.942  -44.170 0.5000000000
194937  16.633  -56.657  -29.072 0.4000000060
195338  17.382  -53.591  -35.316 0.3000000119
195505  17.257  -62.420  -36.021 0.8000000119
195710  12.164  -59.568  -40.862 0.6000000238
