#!ascii label  , from subject sub-v2s11x28694_ses-1 vox2ras=TkReg
765
54516  -20.292  -41.917  60.279 0.0000000000
67039  -35.597  -33.547  43.097 0.0000000000
73937  -37.840  -28.541  45.142 0.0000000000
76344  -45.664  -26.321  44.976 0.0000000000
214052  -34.380  -34.610  46.227 0.0000000000
75073  -41.809  -27.799  45.582 0.0000000000
88190  -46.756  -19.210  42.395 0.0000000000
92168  -52.511  -17.826  43.578 0.0000000000
212674  -38.262  -33.045  42.296 0.0000000000
70346  -39.669  -31.069  43.887 0.0000000000
70342  -36.082  -30.558  43.666 0.0000000000
56981  -22.442  -39.999  58.506 0.0000000000
57009  -25.659  -40.584  55.896 0.0000000000
57037  -29.704  -40.329  55.147 0.0000000000
215554  -32.707  -38.426  55.650 0.0000000000
60514  -35.782  -37.888  53.099 0.0000000000
61634  -37.789  -36.654  48.511 0.0000000000
63900  -37.466  -35.747  44.634 0.0000000000
71558  -41.426  -30.846  46.968 0.0000000000
93312  -54.822  -16.720  41.460 0.0000000000
67044  -37.033  -33.399  42.826 0.0000000000
69203  -37.221  -31.567  42.802 0.0000000000
199626  -35.975  -31.900  42.786 0.0000000000
58170  -22.741  -39.544  56.535 0.0000000000
56995  -23.956  -40.012  57.550 0.0000000000
62722  -34.261  -36.738  50.559 0.0000000000
61622  -36.945  -37.219  50.387 0.0000000000
63849  -35.316  -35.959  49.419 0.0000000000
66021  -34.363  -34.297  44.979 0.0000000000
64974  -36.642  -35.389  45.340 0.0000000000
64979  -36.517  -34.881  44.048 0.0000000000
222829  -37.666  -34.562  43.377 0.0000000000
188969  -38.414  -29.980  45.024 0.0000000000
70320  -40.000  -30.449  45.371 0.0000000000
72720  -39.670  -30.017  46.600 0.0000000000
76325  -43.391  -26.979  44.950 0.0000000000
195288  -44.097  -29.206  47.519 0.0000000000
207442  -46.448  -28.365  46.799 0.0000000000
76330  -48.055  -26.256  45.164 0.0000000000
86796  -49.666  -20.558  45.140 0.0000000000
84353  -47.360  -22.261  44.184 0.0000000000
64938  -33.750  -34.909  47.908 0.0000000000
190443  -43.566  -25.995  43.454 0.0000000000
219359  -48.693  -18.374  42.995 0.0000000000
88114  -52.050  -19.802  45.435 0.0000000000
85628  -56.093  -19.872  40.173 0.0000000000
67054  -39.066  -33.296  41.558 0.0000000000
213183  -39.182  -31.892  42.439 0.0000000000
70344  -37.828  -30.669  43.717 0.0000000000
56946  -21.777  -40.818  60.240 0.0000000000
212293  -26.614  -42.152  57.050 0.0000000000
57019  -27.588  -40.912  55.364 0.0000000000
54566  -28.008  -42.543  56.313 0.0000000000
54578  -30.373  -42.119  55.791 0.0000000000
55813  -31.847  -41.527  54.924 0.0000000000
58230  -33.699  -40.107  54.090 0.0000000000
60482  -34.775  -37.870  54.517 0.0000000000
59448  -36.283  -38.893  51.126 0.0000000000
63881  -36.326  -35.285  47.115 0.0000000000
63891  -38.018  -36.106  46.386 0.0000000000
61713  -37.106  -36.590  44.608 0.0000000000
63960  -37.629  -35.485  43.461 0.0000000000
66056  -38.042  -34.018  42.013 0.0000000000
72701  -41.255  -29.979  47.616 0.0000000000
83094  -46.563  -23.254  43.759 0.0000000000
78993  -47.116  -25.031  45.064 0.0000000000
55747  -19.972  -41.308  60.505 0.0000000000
67043  -36.014  -33.096  42.824 0.0000000000
68081  -36.506  -32.545  42.699 0.0000000000
68080  -35.630  -32.395  42.803 0.0000000000
62734  -33.763  -36.332  50.099 0.0000000000
63834  -34.554  -36.316  49.953 0.0000000000
199054  -33.931  -35.961  49.564 0.0000000000
66031  -35.223  -33.937  43.677 0.0000000000
66027  -35.672  -34.441  44.030 0.0000000000
66040  -36.499  -33.749  43.025 0.0000000000
71571  -38.920  -30.114  45.853 0.0000000000
73925  -38.724  -28.890  45.806 0.0000000000
76343  -44.887  -26.640  44.602 0.0000000000
75098  -44.816  -27.501  45.933 0.0000000000
76311  -46.375  -27.161  45.749 0.0000000000
75079  -47.305  -27.495  45.991 0.0000000000
76328  -46.699  -26.429  45.300 0.0000000000
84291  -50.051  -21.413  45.010 0.0000000000
85561  -49.275  -21.812  45.189 0.0000000000
84334  -49.644  -21.630  44.820 0.0000000000
88206  -49.209  -19.233  42.359 0.0000000000
90955  -50.795  -18.616  43.521 0.0000000000
89555  -50.591  -19.085  44.344 0.0000000000
192684  -51.771  -18.275  44.474 0.0000000000
214846  -53.333  -19.875  44.640 0.0000000000
92126  -53.660  -18.002  44.316 0.0000000000
92185  -56.551  -17.619  41.782 0.0000000000
68086  -39.035  -33.258  41.846 0.0000000000
68083  -39.043  -32.727  42.039 0.0000000000
207400  -36.698  -31.002  43.072 0.0000000000
70361  -37.530  -31.035  43.061 0.0000000000
70343  -36.885  -30.520  43.817 0.0000000000
71586  -36.800  -30.067  44.748 0.0000000000
71600  -36.220  -30.114  44.320 0.0000000000
56955  -22.707  -40.786  59.637 0.0000000000
56968  -22.984  -40.538  59.104 0.0000000000
57007  -24.735  -40.332  56.623 0.0000000000
58209  -29.226  -39.923  54.696 0.0000000000
55801  -28.355  -41.188  55.543 0.0000000000
55800  -27.745  -41.547  56.168 0.0000000000
191505  -28.939  -41.516  55.797 0.0000000000
54568  -29.378  -42.576  56.125 0.0000000000
54569  -29.799  -42.069  56.086 0.0000000000
57024  -32.140  -40.137  55.368 0.0000000000
57039  -32.728  -40.542  54.721 0.0000000000
204911  -33.567  -39.349  54.662 0.0000000000
61575  -34.294  -37.387  52.578 0.0000000000
61564  -34.165  -37.414  53.631 0.0000000000
60495  -35.764  -38.058  53.512 0.0000000000
59373  -35.420  -38.683  54.143 0.0000000000
60496  -36.055  -38.250  53.087 0.0000000000
59433  -35.816  -39.068  51.641 0.0000000000
59415  -36.576  -38.313  52.029 0.0000000000
62737  -37.143  -36.975  49.694 0.0000000000
60556  -37.184  -37.808  49.840 0.0000000000
61633  -37.694  -37.301  48.860 0.0000000000
61653  -38.000  -36.998  47.549 0.0000000000
63874  -35.053  -35.088  47.727 0.0000000000
221157  -35.701  -34.977  47.016 0.0000000000
220903  -37.131  -35.543  44.996 0.0000000000
187452  -37.446  -35.644  46.076 0.0000000000
63901  -37.690  -35.843  45.169 0.0000000000
62791  -37.786  -36.125  45.281 0.0000000000
62811  -37.514  -35.961  44.625 0.0000000000
218447  -37.792  -35.606  43.841 0.0000000000
66042  -37.669  -34.175  43.004 0.0000000000
65012  -37.819  -34.214  42.544 0.0000000000
67046  -38.292  -33.748  42.074 0.0000000000
67053  -38.678  -33.689  41.679 0.0000000000
58143  -21.670  -39.831  57.312 0.0000000000
187396  -20.877  -40.144  58.294 0.0000000000
56965  -20.730  -40.293  59.167 0.0000000000
69192  -40.065  -31.552  43.145 0.0000000000
190846  -40.191  -31.218  43.852 0.0000000000
71574  -40.716  -30.401  45.941 0.0000000000
193350  -40.484  -27.985  45.415 0.0000000000
73907  -40.323  -29.012  46.381 0.0000000000
73908  -41.364  -28.322  46.012 0.0000000000
71519  -45.236  -30.337  47.768 0.0000000000
71517  -43.493  -30.700  47.882 0.0000000000
191685  -47.734  -22.688  44.712 0.0000000000
84352  -46.836  -22.507  43.716 0.0000000000
81770  -47.487  -23.798  44.769 0.0000000000
81769  -46.603  -24.229  44.293 0.0000000000
81763  -47.664  -24.252  45.039 0.0000000000
78995  -48.006  -25.116  45.122 0.0000000000
89637  -52.091  -18.724  41.770 0.0000000000
92170  -53.775  -17.283  42.760 0.0000000000
90999  -53.622  -18.059  40.846 0.0000000000
92220  -54.901  -17.759  39.659 0.0000000000
196008  -37.400  -32.981  42.604 0.0000000000
68082  -37.304  -32.301  42.621 0.0000000000
69202  -36.570  -31.724  42.765 0.0000000000
189149  -35.908  -31.157  43.013 0.0000000000
58157  -22.873  -39.684  57.222 0.0000000000
215551  -23.507  -40.078  57.916 0.0000000000
57016  -25.035  -40.208  55.932 0.0000000000
61595  -35.508  -37.463  51.759 0.0000000000
61596  -36.225  -37.597  51.585 0.0000000000
61611  -35.694  -37.176  51.099 0.0000000000
62735  -36.345  -36.873  50.186 0.0000000000
219786  -36.665  -36.252  49.290 0.0000000000
64967  -34.345  -34.478  45.573 0.0000000000
64969  -35.888  -35.110  45.909 0.0000000000
190201  -35.773  -35.030  45.206 0.0000000000
186519  -36.689  -35.339  44.653 0.0000000000
64980  -37.691  -35.067  44.130 0.0000000000
64992  -37.829  -35.171  43.811 0.0000000000
64990  -37.332  -34.651  43.722 0.0000000000
220166  -37.157  -33.861  43.040 0.0000000000
58169  -22.064  -39.787  56.193 0.0000000000
70332  -38.904  -30.539  44.611 0.0000000000
70333  -39.664  -30.705  44.839 0.0000000000
71572  -39.514  -30.300  45.927 0.0000000000
71555  -39.908  -30.353  46.628 0.0000000000
71556  -40.418  -30.650  47.041 0.0000000000
75096  -42.914  -27.335  45.368 0.0000000000
73910  -42.779  -28.251  46.489 0.0000000000
73911  -43.505  -28.046  46.453 0.0000000000
73891  -45.335  -28.640  47.034 0.0000000000
86827  -48.072  -19.904  43.891 0.0000000000
86826  -46.855  -20.281  43.108 0.0000000000
85601  -48.568  -21.284  44.987 0.0000000000
84313  -48.884  -22.401  45.387 0.0000000000
67038  -34.685  -33.267  43.382 0.0000000000
66025  -34.003  -33.888  44.533 0.0000000000
73939  -38.946  -28.261  45.433 0.0000000000
76340  -41.969  -26.993  44.495 0.0000000000
193526  -42.558  -26.738  44.228 0.0000000000
77635  -43.708  -26.242  43.939 0.0000000000
77636  -44.528  -26.160  44.080 0.0000000000
89602  -48.203  -18.831  43.105 0.0000000000
88170  -49.447  -19.399  44.229 0.0000000000
88132  -50.456  -20.122  45.115 0.0000000000
218069  -51.623  -20.990  44.775 0.0000000000
92156  -54.943  -17.829  42.052 0.0000000000
86836  -54.940  -19.868  41.633 0.0000000000
68088  -39.655  -32.438  41.640 0.0000000000
200612  -39.849  -31.786  42.444 0.0000000000
70363  -39.466  -31.403  43.106 0.0000000000
69204  -38.146  -31.979  42.618 0.0000000000
70362  -38.485  -31.257  43.113 0.0000000000
70345  -38.757  -30.780  43.746 0.0000000000
70331  -38.107  -30.323  44.475 0.0000000000
71587  -37.580  -29.895  45.043 0.0000000000
68079  -34.886  -32.156  42.872 0.0000000000
193309  -35.162  -30.941  43.042 0.0000000000
71599  -35.572  -29.960  43.857 0.0000000000
55748  -20.750  -41.330  60.361 0.0000000000
54518  -22.333  -41.457  60.112 0.0000000000
53316  -26.459  -42.922  56.982 0.0000000000
58188  -25.421  -40.137  55.270 0.0000000000
57017  -26.104  -40.380  55.312 0.0000000000
55798  -26.330  -40.889  55.952 0.0000000000
54565  -27.327  -42.599  56.513 0.0000000000
53394  -29.966  -42.795  55.097 0.0000000000
54615  -30.789  -41.937  54.250 0.0000000000
61546  -32.828  -36.884  55.230 0.0000000000
61553  -33.402  -37.565  54.563 0.0000000000
60473  -33.728  -38.060  54.858 0.0000000000
59353  -34.662  -38.735  54.682 0.0000000000
58248  -34.255  -39.793  53.598 0.0000000000
60542  -36.995  -38.119  50.877 0.0000000000
184513  -34.563  -35.552  48.757 0.0000000000
63864  -35.883  -35.648  48.421 0.0000000000
63866  -37.316  -35.966  48.001 0.0000000000
64964  -36.138  -35.105  46.592 0.0000000000
63876  -37.133  -35.750  47.243 0.0000000000
62761  -38.059  -36.380  47.377 0.0000000000
62777  -38.032  -36.476  46.362 0.0000000000
61677  -36.817  -37.397  45.658 0.0000000000
63977  -36.560  -35.716  42.343 0.0000000000
65011  -37.659  -34.810  43.270 0.0000000000
63978  -37.389  -35.306  42.854 0.0000000000
65031  -37.069  -35.026  42.124 0.0000000000
66071  -38.304  -33.936  41.658 0.0000000000
56944  -20.293  -40.967  60.268 0.0000000000
73906  -39.700  -29.213  46.328 0.0000000000
72721  -40.087  -29.890  46.882 0.0000000000
70285  -41.668  -30.881  47.749 0.0000000000
72703  -42.867  -29.664  47.802 0.0000000000
70269  -42.796  -30.799  48.001 0.0000000000
219602  -42.472  -30.643  46.814 0.0000000000
79009  -44.671  -25.398  43.268 0.0000000000
216011  -45.538  -25.441  44.056 0.0000000000
84370  -46.496  -21.673  43.228 0.0000000000
186082  -45.810  -22.335  42.756 0.0000000000
213788  -45.706  -23.981  43.289 0.0000000000
80461  -46.233  -24.605  44.248 0.0000000000
77638  -46.549  -25.522  44.826 0.0000000000
77627  -47.784  -25.555  45.145 0.0000000000
53279  -19.638  -42.423  60.321 0.0000000000
67042  -35.180  -32.855  42.897 0.0000000000
62733  -33.130  -36.396  50.189 0.0000000000
73924  -38.215  -29.183  45.550 0.0000000000
193686  -45.078  -26.973  45.359 0.0000000000
76327  -45.984  -26.672  45.364 0.0000000000
77626  -46.316  -26.046  45.069 0.0000000000
84316  -50.261  -21.401  44.906 0.0000000000
89624  -51.160  -18.587  42.679 0.0000000000
90969  -51.341  -18.420  43.471 0.0000000000
192417  -51.380  -18.445  44.239 0.0000000000
90941  -52.300  -17.802  44.317 0.0000000000
90914  -52.817  -17.948  44.934 0.0000000000
92140  -52.668  -17.392  44.248 0.0000000000
57008  -25.301  -40.752  56.508 0.0000000000
56997  -25.076  -40.933  57.169 0.0000000000
55812  -29.049  -40.760  55.158 0.0000000000
55802  -29.586  -41.479  56.017 0.0000000000
57020  -29.867  -40.902  55.550 0.0000000000
205342  -32.128  -38.590  55.992 0.0000000000
59335  -31.713  -39.308  55.764 0.0000000000
59336  -32.375  -39.091  55.396 0.0000000000
58192  -32.871  -39.638  54.864 0.0000000000
59337  -33.180  -38.713  55.045 0.0000000000
61576  -35.279  -37.751  52.470 0.0000000000
61565  -35.213  -37.727  53.429 0.0000000000
59414  -36.331  -38.499  52.541 0.0000000000
60515  -36.250  -38.160  52.496 0.0000000000
62746  -37.466  -36.790  49.070 0.0000000000
193780  -37.335  -37.340  49.498 0.0000000000
61643  -37.884  -37.199  48.202 0.0000000000
193590  -37.957  -36.606  47.958 0.0000000000
64963  -35.049  -34.903  47.188 0.0000000000
192949  -35.184  -34.867  46.511 0.0000000000
63889  -37.456  -35.628  45.418 0.0000000000
62832  -37.585  -35.970  43.996 0.0000000000
63913  -37.774  -35.531  44.092 0.0000000000
67045  -37.937  -33.693  42.574 0.0000000000
56980  -21.648  -39.882  58.045 0.0000000000
56966  -21.642  -39.951  59.080 0.0000000000
71575  -41.271  -30.455  46.103 0.0000000000
72723  -42.049  -30.504  46.307 0.0000000000
75094  -41.107  -27.870  45.432 0.0000000000
86834  -46.529  -19.740  42.668 0.0000000000
83085  -47.858  -23.263  45.049 0.0000000000
83084  -47.235  -23.120  44.376 0.0000000000
61609  -34.006  -37.024  51.202 0.0000000000
61594  -34.598  -37.385  51.804 0.0000000000
61610  -34.851  -37.058  51.164 0.0000000000
220407  -34.956  -36.110  49.688 0.0000000000
198216  -35.461  -36.466  49.981 0.0000000000
62745  -36.120  -36.369  49.609 0.0000000000
63850  -36.040  -35.912  49.087 0.0000000000
64973  -34.962  -34.649  45.082 0.0000000000
64968  -35.062  -34.767  45.764 0.0000000000
64978  -35.699  -34.793  44.572 0.0000000000
58156  -22.161  -39.800  56.892 0.0000000000
71588  -38.874  -30.347  45.437 0.0000000000
71554  -39.277  -30.092  46.254 0.0000000000
71533  -40.176  -30.422  47.097 0.0000000000
75075  -43.145  -27.683  45.970 0.0000000000
222258  -43.716  -27.714  45.971 0.0000000000
75060  -45.948  -28.036  46.377 0.0000000000
75059  -45.073  -28.002  46.372 0.0000000000
73892  -45.982  -28.852  47.126 0.0000000000
73879  -45.791  -29.473  47.344 0.0000000000
75061  -46.955  -28.218  46.611 0.0000000000
86816  -48.635  -20.444  44.529 0.0000000000
86795  -49.155  -20.936  45.053 0.0000000000
83072  -48.793  -22.833  45.232 0.0000000000
66030  -34.512  -33.769  43.957 0.0000000000
77657  -43.098  -25.895  43.057 0.0000000000
77647  -44.228  -25.828  43.544 0.0000000000
89633  -48.895  -18.666  42.780 0.0000000000
89620  -48.400  -18.939  42.758 0.0000000000
89619  -47.673  -19.332  42.381 0.0000000000
89603  -48.611  -18.350  43.155 0.0000000000
88182  -48.290  -19.050  43.399 0.0000000000
89604  -49.004  -18.503  43.410 0.0000000000
89532  -51.166  -19.153  44.955 0.0000000000
88150  -50.432  -19.644  44.740 0.0000000000
186327  -51.221  -19.824  45.224 0.0000000000
190613  -51.034  -20.797  45.173 0.0000000000
86782  -51.917  -20.489  45.195 0.0000000000
84317  -51.971  -21.054  44.449 0.0000000000
86783  -52.479  -20.440  45.105 0.0000000000
86799  -55.203  -20.130  44.383 0.0000000000
93298  -54.357  -17.004  41.947 0.0000000000
209099  -54.199  -17.385  42.702 0.0000000000
93287  -54.778  -17.320  42.234 0.0000000000
89638  -55.923  -18.891  40.867 0.0000000000
89625  -55.590  -18.814  41.522 0.0000000000
68092  -39.332  -32.888  41.468 0.0000000000
68087  -39.437  -32.942  41.612 0.0000000000
69208  -39.637  -32.310  41.862 0.0000000000
55749  -21.494  -41.264  60.335 0.0000000000
215633  -22.007  -41.226  60.224 0.0000000000
56956  -23.222  -41.027  59.453 0.0000000000
54554  -25.838  -42.363  57.584 0.0000000000
54555  -26.406  -42.504  57.324 0.0000000000
54556  -26.806  -42.613  56.911 0.0000000000
58205  -25.914  -39.951  54.748 0.0000000000
55799  -26.999  -41.252  55.962 0.0000000000
55789  -28.413  -41.991  56.194 0.0000000000
55788  -27.728  -42.165  56.454 0.0000000000
53333  -27.584  -42.905  56.203 0.0000000000
53353  -27.873  -43.039  55.810 0.0000000000
54577  -29.858  -42.536  56.016 0.0000000000
53355  -29.525  -42.874  55.933 0.0000000000
53356  -29.974  -42.670  55.657 0.0000000000
53376  -29.608  -42.944  55.489 0.0000000000
57023  -31.614  -40.833  55.551 0.0000000000
198416  -31.321  -41.170  55.633 0.0000000000
55805  -31.496  -41.445  55.448 0.0000000000
54595  -30.980  -42.141  54.993 0.0000000000
54596  -31.442  -41.824  54.643 0.0000000000
55822  -31.925  -41.540  54.286 0.0000000000
57046  -33.181  -40.401  54.351 0.0000000000
57045  -32.842  -40.785  54.317 0.0000000000
57059  -33.188  -40.369  53.991 0.0000000000
58246  -33.014  -40.121  53.352 0.0000000000
58247  -33.657  -40.212  53.620 0.0000000000
61554  -34.245  -37.506  54.383 0.0000000000
193013  -33.397  -37.428  54.027 0.0000000000
60481  -34.072  -37.799  54.701 0.0000000000
59352  -34.032  -38.741  54.801 0.0000000000
58249  -35.514  -39.072  53.539 0.0000000000
58231  -34.943  -39.305  53.965 0.0000000000
205479  -34.901  -39.488  53.324 0.0000000000
58263  -34.423  -39.543  52.838 0.0000000000
59447  -35.448  -38.971  50.872 0.0000000000
61612  -36.535  -37.295  50.938 0.0000000000
61597  -36.707  -37.709  51.402 0.0000000000
61613  -36.997  -37.568  50.922 0.0000000000
63862  -33.782  -35.309  48.562 0.0000000000
64939  -34.435  -35.091  48.165 0.0000000000
63875  -35.712  -35.129  47.429 0.0000000000
220984  -35.638  -35.366  47.896 0.0000000000
186428  -36.428  -35.603  47.799 0.0000000000
64970  -36.774  -35.420  46.012 0.0000000000
63882  -36.912  -35.543  46.610 0.0000000000
63883  -37.713  -35.854  46.609 0.0000000000
63877  -37.807  -36.042  47.365 0.0000000000
63884  -38.011  -36.129  46.893 0.0000000000
62769  -38.099  -36.383  46.794 0.0000000000
61714  -37.475  -36.409  44.989 0.0000000000
61697  -37.529  -36.706  45.434 0.0000000000
61696  -36.912  -36.938  45.043 0.0000000000
62846  -37.250  -36.095  43.544 0.0000000000
64991  -37.743  -34.768  43.646 0.0000000000
65032  -37.689  -34.626  42.508 0.0000000000
66070  -37.576  -34.338  41.759 0.0000000000
67070  -38.655  -33.611  41.470 0.0000000000
56953  -21.335  -40.402  59.837 0.0000000000
56952  -20.545  -40.566  59.898 0.0000000000
56945  -21.078  -40.845  60.278 0.0000000000
212269  -40.315  -30.747  44.526 0.0000000000
75092  -39.321  -27.974  45.228 0.0000000000
72722  -40.737  -29.501  46.958 0.0000000000
72700  -40.582  -30.326  47.441 0.0000000000
71535  -41.269  -30.655  47.764 0.0000000000
73889  -43.343  -28.864  47.096 0.0000000000
73888  -42.672  -28.991  47.131 0.0000000000
72704  -43.512  -29.669  47.806 0.0000000000
70270  -43.182  -30.908  47.801 0.0000000000
70286  -42.501  -30.903  47.886 0.0000000000
72725  -43.516  -30.417  46.731 0.0000000000
79010  -45.336  -25.187  43.628 0.0000000000
85609  -47.364  -21.377  44.020 0.0000000000
85608  -46.920  -21.054  43.404 0.0000000000
190809  -46.948  -21.791  43.733 0.0000000000
84351  -46.325  -22.500  43.240 0.0000000000
83107  -46.044  -23.082  43.122 0.0000000000
83106  -45.506  -22.921  42.565 0.0000000000
81785  -45.645  -23.555  42.988 0.0000000000
81786  -46.130  -23.689  43.466 0.0000000000
80453  -46.736  -24.638  44.642 0.0000000000
79001  -46.394  -25.027  44.578 0.0000000000
79002  -46.843  -25.049  44.868 0.0000000000
77639  -47.138  -25.438  45.055 0.0000000000
217239  -35.081  -36.797  50.517 0.0000000000
63848  -34.586  -35.864  49.389 0.0000000000
66026  -34.876  -34.267  44.406 0.0000000000
66032  -36.261  -34.290  43.464 0.0000000000
71570  -38.361  -29.783  45.411 0.0000000000
72736  -38.700  -29.681  45.918 0.0000000000
72737  -39.132  -29.457  46.212 0.0000000000
76326  -44.185  -27.050  45.082 0.0000000000
216798  -44.260  -27.471  45.667 0.0000000000
75077  -45.552  -27.351  45.843 0.0000000000
75078  -46.733  -27.676  46.215 0.0000000000
76312  -47.068  -26.928  45.612 0.0000000000
76329  -47.374  -26.147  45.189 0.0000000000
85582  -49.829  -20.853  45.226 0.0000000000
85581  -49.310  -21.245  45.145 0.0000000000
84290  -49.539  -21.702  45.023 0.0000000000
84315  -50.042  -21.772  44.930 0.0000000000
89634  -49.490  -19.005  42.650 0.0000000000
89605  -49.945  -18.827  43.329 0.0000000000
194708  -49.637  -18.917  43.544 0.0000000000
90939  -50.946  -18.631  44.082 0.0000000000
90913  -51.278  -18.562  44.574 0.0000000000
89533  -52.150  -19.009  44.828 0.0000000000
86768  -52.837  -20.131  45.528 0.0000000000
89534  -52.556  -18.950  45.007 0.0000000000
89536  -53.543  -19.139  44.732 0.0000000000
200163  -53.946  -18.861  43.747 0.0000000000
93328  -55.459  -17.066  40.850 0.0000000000
93314  -56.147  -17.408  41.203 0.0000000000
184487  -56.723  -16.636  41.793 0.0000000000
92186  -56.529  -17.760  41.393 0.0000000000
85643  -56.951  -20.201  39.040 0.0000000000
71601  -37.341  -30.267  44.483 0.0000000000
72751  -36.363  -29.490  44.696 0.0000000000
56954  -22.043  -40.507  59.761 0.0000000000
56969  -23.659  -40.980  59.015 0.0000000000
54567  -28.738  -42.551  56.148 0.0000000000
55790  -29.176  -42.082  56.155 0.0000000000
57038  -32.054  -41.012  55.161 0.0000000000
55814  -32.334  -41.139  54.617 0.0000000000
58211  -33.443  -40.033  54.490 0.0000000000
61574  -33.422  -37.238  52.963 0.0000000000
61563  -33.319  -37.294  53.566 0.0000000000
61555  -34.856  -37.644  54.086 0.0000000000
60483  -35.429  -38.045  54.093 0.0000000000
59354  -35.085  -38.371  54.585 0.0000000000
58250  -35.944  -38.782  53.025 0.0000000000
59434  -36.466  -38.696  51.932 0.0000000000
59435  -36.831  -38.437  51.449 0.0000000000
217456  -37.122  -37.490  50.569 0.0000000000
60569  -37.324  -37.860  49.113 0.0000000000
60580  -37.689  -37.643  47.729 0.0000000000
61652  -37.818  -37.239  47.146 0.0000000000
64956  -34.358  -34.854  47.537 0.0000000000
63890  -37.881  -35.838  45.804 0.0000000000
62776  -37.907  -36.312  45.868 0.0000000000
62810  -37.229  -36.361  44.246 0.0000000000
56994  -21.004  -39.910  57.458 0.0000000000
71573  -40.229  -30.467  46.273 0.0000000000
71589  -40.531  -30.332  45.188 0.0000000000
75093  -39.928  -27.918  45.183 0.0000000000
73927  -40.041  -28.428  45.850 0.0000000000
73928  -40.703  -28.354  45.882 0.0000000000
217283  -40.935  -28.814  46.359 0.0000000000
73886  -41.494  -28.968  46.867 0.0000000000
221282  -44.527  -29.785  47.989 0.0000000000
72686  -43.972  -30.008  48.033 0.0000000000
81778  -46.898  -23.775  44.335 0.0000000000
81777  -46.502  -23.866  43.913 0.0000000000
191689  -47.104  -24.251  44.687 0.0000000000
80445  -47.208  -24.678  45.041 0.0000000000
78994  -47.526  -25.052  45.134 0.0000000000
90986  -52.447  -18.480  42.410 0.0000000000
92169  -52.802  -17.792  43.203 0.0000000000
90987  -53.026  -18.117  42.084 0.0000000000
92198  -53.533  -17.773  41.657 0.0000000000
92199  -53.992  -17.574  41.209 0.0000000000
92212  -54.157  -17.748  40.622 0.0000000000
92200  -54.617  -17.217  40.927 0.0000000000
212272  -55.393  -17.221  40.335 0.0000000000
58144  -22.300  -39.799  57.653 0.0000000000
58145  -22.973  -39.899  57.867 0.0000000000
205575  -23.390  -39.792  57.482 0.0000000000
58172  -24.170  -39.822  56.808 0.0000000000
60464  -32.518  -37.911  55.848 0.0000000000
61577  -36.040  -37.882  52.257 0.0000000000
62723  -35.817  -37.014  50.493 0.0000000000
62736  -36.833  -36.631  49.780 0.0000000000
63851  -37.161  -36.480  49.183 0.0000000000
62754  -37.485  -36.338  48.600 0.0000000000
66041  -37.338  -34.268  43.348 0.0000000000
71557  -40.750  -30.750  46.722 0.0000000000
75095  -42.245  -27.378  45.147 0.0000000000
75074  -42.495  -27.710  45.822 0.0000000000
73912  -43.948  -28.478  46.814 0.0000000000
75076  -44.249  -27.929  46.295 0.0000000000
73890  -44.572  -28.533  46.956 0.0000000000
73877  -44.814  -29.268  47.653 0.0000000000
73878  -45.394  -29.419  47.476 0.0000000000
88181  -47.049  -19.768  43.028 0.0000000000
187461  -47.399  -20.377  43.552 0.0000000000
85600  -47.975  -20.877  44.300 0.0000000000
84332  -47.955  -21.871  44.720 0.0000000000
85580  -48.987  -21.557  45.304 0.0000000000
84333  -48.698  -21.972  45.330 0.0000000000
84312  -48.082  -22.612  45.007 0.0000000000
83071  -48.436  -23.273  45.142 0.0000000000
67041  -34.415  -32.579  43.028 0.0000000000
218739  -33.924  -34.456  46.486 0.0000000000
73952  -37.531  -27.980  44.582 0.0000000000
73938  -38.453  -28.371  45.299 0.0000000000
75108  -38.937  -27.821  44.971 0.0000000000
75120  -39.522  -27.651  44.746 0.0000000000
185227  -40.773  -27.541  44.864 0.0000000000
75110  -41.540  -27.450  44.976 0.0000000000
76324  -42.694  -26.987  44.772 0.0000000000
76341  -43.179  -26.639  44.368 0.0000000000
76342  -43.968  -26.674  44.470 0.0000000000
77637  -45.404  -25.944  44.385 0.0000000000
89618  -47.082  -19.216  42.170 0.0000000000
88191  -47.497  -19.310  42.592 0.0000000000
220584  -47.923  -19.133  43.011 0.0000000000
88169  -48.750  -19.513  44.114 0.0000000000
86817  -49.288  -20.105  44.685 0.0000000000
88171  -50.018  -19.387  44.339 0.0000000000
88149  -49.901  -19.873  44.755 0.0000000000
86797  -50.096  -20.276  45.105 0.0000000000
85563  -50.434  -21.054  45.216 0.0000000000
85583  -50.701  -21.193  45.042 0.0000000000
187811  -51.554  -21.321  43.942 0.0000000000
85565  -53.248  -20.904  44.424 0.0000000000
92154  -53.667  -17.251  43.265 0.0000000000
182845  -54.062  -17.863  43.199 0.0000000000
89588  -54.410  -18.924  42.904 0.0000000000
92171  -55.029  -17.984  41.964 0.0000000000
185798  -54.837  -18.835  42.260 0.0000000000
69201  -35.373  -31.669  42.890 0.0000000000
70360  -35.528  -30.556  43.348 0.0000000000
54517  -21.170  -41.723  60.200 0.0000000000
196245  -21.886  -41.612  60.177 0.0000000000
56982  -23.226  -40.355  58.431 0.0000000000
53335  -28.960  -42.905  56.008 0.0000000000
55803  -30.325  -41.380  55.821 0.0000000000
54594  -30.524  -42.493  55.351 0.0000000000
55823  -32.291  -41.046  54.003 0.0000000000
189963  -32.255  -37.208  55.823 0.0000000000
61538  -32.876  -37.402  55.498 0.0000000000
217814  -33.231  -36.970  54.364 0.0000000000
62657  -33.145  -36.881  54.818 0.0000000000
61547  -33.360  -37.437  55.063 0.0000000000
60465  -33.126  -37.922  55.391 0.0000000000
58212  -34.291  -39.497  54.415 0.0000000000
59372  -34.949  -38.946  54.429 0.0000000000
60529  -36.419  -37.986  51.907 0.0000000000
60530  -36.725  -38.063  51.632 0.0000000000
59459  -36.659  -38.673  50.684 0.0000000000
60543  -37.162  -37.737  50.494 0.0000000000
60555  -36.875  -38.249  50.125 0.0000000000
218151  -34.046  -35.655  49.093 0.0000000000
221047  -34.903  -35.740  49.114 0.0000000000
63863  -35.133  -35.384  48.279 0.0000000000
184561  -35.280  -35.666  48.860 0.0000000000
63865  -36.832  -35.926  48.694 0.0000000000
62755  -37.775  -36.303  47.988 0.0000000000
194279  -38.145  -36.740  47.096 0.0000000000
61662  -38.027  -36.859  46.679 0.0000000000
61661  -37.508  -37.303  46.667 0.0000000000
61678  -37.606  -36.983  46.105 0.0000000000
67069  -37.752  -33.746  41.277 0.0000000000
71534  -40.676  -30.624  47.371 0.0000000000
216719  -40.975  -30.800  47.375 0.0000000000
73909  -42.044  -28.288  46.218 0.0000000000
73887  -42.219  -28.789  46.844 0.0000000000
72702  -42.064  -29.589  47.682 0.0000000000
72684  -42.432  -30.428  48.205 0.0000000000
72683  -41.743  -30.440  48.172 0.0000000000
70268  -42.068  -30.770  48.030 0.0000000000
71536  -42.149  -30.799  47.226 0.0000000000
79008  -43.909  -25.623  43.083 0.0000000000
77648  -44.983  -25.680  43.725 0.0000000000
85617  -46.492  -20.682  42.900 0.0000000000
84369  -46.013  -21.087  42.735 0.0000000000
84386  -45.620  -21.502  42.549 0.0000000000
223301  -46.046  -21.839  42.908 0.0000000000
80475  -45.233  -24.030  42.910 0.0000000000
80468  -45.422  -24.382  43.288 0.0000000000
80469  -46.083  -24.220  43.729 0.0000000000
80460  -45.707  -24.725  43.670 0.0000000000
79011  -45.887  -25.047  44.120 0.0000000000
79000  -46.020  -25.457  44.495 0.0000000000
195501  -46.045  -25.831  44.787 0.0000000000
195540  -46.836  -25.878  45.076 0.0000000000
187023  -48.316  -26.163  44.900 0.0000000000
54515  -19.537  -41.780  60.562 0.0000000000
60474  -34.532  -38.164  54.862 0.0000000000
61623  -37.197  -37.424  50.164 0.0000000000
71537  -42.906  -30.850  47.364 0.0000000000
71538  -43.566  -30.906  47.526 0.0000000000
72687  -44.878  -30.026  48.013 0.0000000000
72688  -45.424  -29.956  47.602 0.0000000000
75097  -43.580  -27.406  45.488 0.0000000000
84292  -51.408  -20.908  45.002 0.0000000000
84293  -52.071  -20.730  44.736 0.0000000000
84294  -52.824  -21.123  44.162 0.0000000000
84295  -53.637  -21.453  44.405 0.0000000000
84296  -53.860  -21.421  44.319 0.0000000000
84318  -52.689  -21.144  44.191 0.0000000000
84319  -54.162  -21.354  44.628 0.0000000000
84354  -49.834  -21.635  44.571 0.0000000000
85562  -49.779  -21.323  45.116 0.0000000000
85564  -52.857  -20.845  44.621 0.0000000000
85618  -54.869  -19.912  41.799 0.0000000000
85619  -55.037  -19.929  41.521 0.0000000000
86766  -51.999  -20.124  45.442 0.0000000000
86767  -52.365  -20.145  45.534 0.0000000000
86779  -50.247  -20.711  45.279 0.0000000000
86780  -50.774  -20.380  45.213 0.0000000000
86781  -51.653  -19.902  45.359 0.0000000000
86784  -52.899  -20.495  44.870 0.0000000000
86785  -53.292  -20.347  44.486 0.0000000000
86798  -53.799  -20.067  44.146 0.0000000000
86843  -55.808  -19.587  40.645 0.0000000000
86853  -56.184  -19.670  40.265 0.0000000000
86864  -56.441  -19.990  39.881 0.0000000000
88115  -52.547  -19.753  45.573 0.0000000000
88116  -52.894  -19.622  45.334 0.0000000000
88133  -50.799  -19.697  45.021 0.0000000000
88134  -51.639  -19.550  45.182 0.0000000000
88135  -51.940  -19.410  45.079 0.0000000000
88136  -53.235  -19.504  44.917 0.0000000000
88137  -53.561  -19.630  44.483 0.0000000000
88151  -50.835  -19.251  44.741 0.0000000000
88152  -53.988  -19.939  43.957 0.0000000000
88183  -48.928  -18.750  43.626 0.0000000000
88185  -55.194  -19.001  41.843 0.0000000000
88192  -54.960  -19.134  41.873 0.0000000000
88193  -55.609  -19.203  41.331 0.0000000000
88194  -55.801  -18.970  40.996 0.0000000000
88203  -47.100  -19.244  41.967 0.0000000000
88204  -47.873  -19.437  42.229 0.0000000000
88208  -55.927  -19.333  40.712 0.0000000000
88218  -48.893  -19.627  41.916 0.0000000000
89515  -52.300  -19.413  45.183 0.0000000000
89516  -52.655  -19.392  45.237 0.0000000000
89535  -53.022  -19.062  45.042 0.0000000000
89556  -50.895  -18.931  44.534 0.0000000000
89557  -51.059  -18.973  44.819 0.0000000000
89558  -53.934  -19.526  43.993 0.0000000000
89559  -54.628  -18.760  43.587 0.0000000000
89560  -54.338  -18.852  43.079 0.0000000000
89585  -49.578  -19.126  43.927 0.0000000000
89586  -50.008  -19.170  44.052 0.0000000000
89587  -50.985  -18.725  44.380 0.0000000000
89606  -50.440  -18.788  42.953 0.0000000000
89607  -54.839  -18.738  42.438 0.0000000000
89608  -55.288  -18.771  41.679 0.0000000000
89621  -48.994  -18.375  43.158 0.0000000000
89622  -49.555  -18.902  42.899 0.0000000000
89626  -55.684  -18.851  41.256 0.0000000000
90895  -51.435  -18.675  44.759 0.0000000000
90896  -51.948  -18.563  44.710 0.0000000000
90897  -52.416  -18.434  44.910 0.0000000000
90898  -52.918  -18.459  45.014 0.0000000000
90899  -53.371  -18.633  44.896 0.0000000000
90915  -53.329  -18.117  44.810 0.0000000000
90916  -53.759  -18.651  44.437 0.0000000000
90917  -53.985  -18.434  43.643 0.0000000000
90938  -50.381  -18.880  43.768 0.0000000000
90940  -51.983  -17.982  44.059 0.0000000000
90942  -54.657  -18.732  42.616 0.0000000000
90956  -51.885  -18.146  43.657 0.0000000000
90970  -51.646  -18.483  43.049 0.0000000000
90971  -52.181  -18.389  43.195 0.0000000000
90972  -52.827  -18.117  42.924 0.0000000000
90973  -54.966  -18.291  41.872 0.0000000000
90974  -56.067  -18.616  41.213 0.0000000000
90985  -51.794  -18.608  42.590 0.0000000000
90988  -56.016  -18.334  40.930 0.0000000000
91003  -53.928  -18.141  40.132 0.0000000000
92124  -52.619  -17.585  44.620 0.0000000000
92125  -53.132  -17.552  44.505 0.0000000000
92141  -54.061  -17.880  43.140 0.0000000000
92152  -52.328  -17.677  43.901 0.0000000000
92153  -52.767  -17.377  43.860 0.0000000000
92155  -54.542  -17.738  42.628 0.0000000000
92172  -55.977  -18.068  41.470 0.0000000000
92182  -53.403  -17.630  42.430 0.0000000000
92183  -53.955  -17.287  41.941 0.0000000000
92184  -54.419  -16.865  41.575 0.0000000000
92201  -56.930  -17.128  41.833 0.0000000000
92213  -54.570  -17.764  40.192 0.0000000000
92214  -54.969  -17.375  40.275 0.0000000000
93286  -54.068  -17.176  42.410 0.0000000000
93288  -55.076  -17.798  42.014 0.0000000000
93299  -54.825  -16.879  41.802 0.0000000000
93300  -55.467  -17.285  41.768 0.0000000000
93301  -55.802  -17.837  41.503 0.0000000000
93302  -56.620  -17.230  42.043 0.0000000000
93313  -55.338  -16.931  41.311 0.0000000000
93327  -55.039  -16.932  40.997 0.0000000000
93329  -55.964  -17.108  40.977 0.0000000000
183764  -54.175  -17.650  43.074 0.0000000000
184088  -53.584  -17.570  44.067 0.0000000000
184488  -50.131  -18.954  42.668 0.0000000000
185275  -51.395  -18.406  43.838 0.0000000000
186139  -53.054  -17.312  43.991 0.0000000000
188246  -56.109  -20.091  40.140 0.0000000000
188687  -53.876  -18.004  43.754 0.0000000000
190012  -55.124  -20.281  44.213 0.0000000000
191430  -36.923  -37.950  51.312 0.0000000000
191699  -47.674  -19.495  43.233 0.0000000000
192453  -53.088  -19.986  45.045 0.0000000000
192685  -51.706  -19.074  44.857 0.0000000000
196272  -51.538  -20.454  45.196 0.0000000000
199128  -52.248  -18.121  44.691 0.0000000000
200845  -51.232  -21.200  44.831 0.0000000000
202474  -47.109  -28.831  46.751 0.0000000000
205354  -54.937  -18.413  42.066 0.0000000000
206233  -53.853  -20.067  44.033 0.0000000000
215042  -31.413  -41.829  55.153 0.0000000000
215376  -51.193  -20.211  45.243 0.0000000000
215762  -53.108  -17.397  43.641 0.0000000000
216012  -54.260  -18.696  43.154 0.0000000000
218553  -56.088  -18.138  41.368 0.0000000000
221239  -53.495  -18.342  40.388 0.0000000000
221864  -50.631  -18.822  44.110 0.0000000000
222904  -54.630  -16.736  41.652 0.0000000000
223401  -54.908  -17.003  40.625 0.0000000000
