#!ascii label  , from subject sub-v2s11x28694_ses-1 vox2ras=TkReg
1306
140412  42.717  20.716  26.902 0.0000000000
140479  43.318  21.392  15.564 0.0000000000
147524  50.950  28.505  11.901 0.0000000000
137077  42.177  18.453  4.152 0.0000000000
134814  45.401  16.470  20.571 0.0000000000
146004  49.097  26.722  17.877 0.0000000000
139765  42.887  20.348  8.062 0.0000000000
146775  42.238  27.479  14.084 0.0000000000
142836  49.799  23.348  22.551 0.0000000000
140435  44.871  20.812  22.588 0.0000000000
198372  43.988  17.339  16.039 0.0000000000
148274  46.435  29.981  12.596 0.0000000000
143734  45.388  24.757  11.727 0.0000000000
143712  46.805  24.343  14.493 0.0000000000
143005  45.957  24.726  6.925 0.0000000000
148307  42.766  29.214  9.918 0.0000000000
141193  47.442  21.924  26.238 0.0000000000
140425  45.363  20.375  24.694 0.0000000000
135828  46.078  16.767  18.919 0.0000000000
148256  50.823  29.895  14.822 0.0000000000
148235  48.003  30.145  16.048 0.0000000000
148283  48.661  29.726  12.629 0.0000000000
222097  46.815  27.954  11.894 0.0000000000
226273  47.809  26.321  11.202 0.0000000000
142884  45.293  23.543  18.928 0.0000000000
204712  48.608  23.535  18.249 0.0000000000
142938  45.282  23.308  15.168 0.0000000000
138941  43.152  20.620  3.915 0.0000000000
141328  43.835  22.217  6.857 0.0000000000
141339  41.948  22.673  3.908 0.0000000000
142129  41.848  23.142  6.598 0.0000000000
138932  41.158  19.488  6.590 0.0000000000
135984  40.949  16.897  9.402 0.0000000000
191281  40.867  19.621  24.847 0.0000000000
137800  43.742  18.595  23.209 0.0000000000
146024  51.682  26.931  15.534 0.0000000000
136959  42.828  18.119  12.295 0.0000000000
139730  43.664  20.435  11.602 0.0000000000
137023  43.949  18.270  8.316 0.0000000000
137064  44.927  19.315  4.427 0.0000000000
221706  51.768  25.407  24.100 0.0000000000
142771  50.634  23.728  27.812 0.0000000000
142003  47.024  22.655  22.951 0.0000000000
141230  43.431  21.844  19.469 0.0000000000
136847  46.093  17.852  21.548 0.0000000000
136858  43.187  18.321  19.262 0.0000000000
201164  42.261  18.614  16.079 0.0000000000
134904  44.021  16.139  13.294 0.0000000000
137776  39.011  18.763  26.244 0.0000000000
148225  45.400  29.788  16.653 0.0000000000
149081  43.860  30.337  12.843 0.0000000000
147514  44.564  28.771  11.724 0.0000000000
145300  44.503  25.956  13.981 0.0000000000
142089  42.728  22.604  12.057 0.0000000000
143638  50.360  23.846  20.258 0.0000000000
143685  51.157  23.742  16.453 0.0000000000
144520  49.730  25.310  13.611 0.0000000000
141292  45.404  22.025  11.558 0.0000000000
142977  46.732  23.370  10.714 0.0000000000
143748  48.093  25.106  9.087 0.0000000000
143755  45.206  24.920  9.039 0.0000000000
142109  42.448  22.993  9.798 0.0000000000
148328  40.902  29.145  9.021 0.0000000000
149844  42.254  30.732  9.394 0.0000000000
192389  44.514  21.249  26.428 0.0000000000
139640  43.994  20.497  25.048 0.0000000000
147500  52.181  29.766  13.437 0.0000000000
199296  49.782  29.710  14.181 0.0000000000
147510  49.828  29.307  12.243 0.0000000000
146805  48.618  28.012  11.847 0.0000000000
146819  49.580  27.499  11.093 0.0000000000
142043  44.241  23.046  18.144 0.0000000000
142919  45.405  23.519  17.247 0.0000000000
222076  44.112  22.168  15.507 0.0000000000
138012  41.704  19.897  2.169 0.0000000000
140559  42.698  21.558  3.665 0.0000000000
226175  41.964  20.274  3.791 0.0000000000
139784  41.663  21.288  4.937 0.0000000000
137982  41.909  19.071  5.681 0.0000000000
137039  41.338  17.824  6.899 0.0000000000
136038  42.131  17.075  5.743 0.0000000000
137808  41.667  18.581  22.318 0.0000000000
146752  50.997  27.940  16.377 0.0000000000
146011  50.059  26.649  16.896 0.0000000000
135968  43.797  17.160  10.797 0.0000000000
136989  43.679  17.895  9.753 0.0000000000
197937  44.498  17.232  8.940 0.0000000000
137048  45.493  18.804  5.822 0.0000000000
137074  45.807  18.932  3.722 0.0000000000
137075  44.831  19.270  3.501 0.0000000000
140427  47.564  20.541  24.499 0.0000000000
141210  48.143  21.385  24.921 0.0000000000
141218  46.389  21.665  23.258 0.0000000000
142012  45.077  22.906  21.303 0.0000000000
141225  43.799  21.441  20.970 0.0000000000
134793  45.501  16.738  22.372 0.0000000000
136830  46.027  17.385  23.190 0.0000000000
135811  46.074  17.069  21.577 0.0000000000
135855  45.104  17.619  17.513 0.0000000000
136866  44.596  17.782  19.019 0.0000000000
136894  43.391  17.965  17.480 0.0000000000
136884  42.207  18.675  17.341 0.0000000000
135884  43.127  17.524  15.929 0.0000000000
135916  42.487  17.480  14.139 0.0000000000
135914  44.036  16.719  14.342 0.0000000000
134912  46.642  16.471  12.503 0.0000000000
148248  46.574  29.692  14.763 0.0000000000
198951  46.230  29.634  16.343 0.0000000000
148249  45.936  29.661  14.999 0.0000000000
148263  44.649  29.615  14.785 0.0000000000
148287  45.270  30.067  12.284 0.0000000000
149087  45.398  30.430  10.651 0.0000000000
148292  46.010  29.911  11.245 0.0000000000
144528  46.142  25.828  12.373 0.0000000000
146064  45.706  26.755  13.008 0.0000000000
143728  45.155  24.885  12.582 0.0000000000
143730  44.086  24.315  13.134 0.0000000000
142970  44.332  24.067  11.853 0.0000000000
143628  52.177  24.591  23.266 0.0000000000
144435  50.878  24.575  22.242 0.0000000000
142851  50.428  23.769  21.326 0.0000000000
143688  47.668  24.523  16.464 0.0000000000
143668  49.543  23.736  17.148 0.0000000000
144497  49.212  24.903  15.710 0.0000000000
144511  50.127  25.138  14.902 0.0000000000
144521  48.357  25.108  13.934 0.0000000000
139748  43.400  20.320  9.910 0.0000000000
140511  44.468  21.432  11.618 0.0000000000
140533  43.759  21.048  9.030 0.0000000000
142126  45.368  23.728  6.463 0.0000000000
141319  45.420  22.682  8.462 0.0000000000
142118  46.357  23.904  8.194 0.0000000000
143742  48.136  24.188  9.952 0.0000000000
142993  47.275  24.810  8.560 0.0000000000
224341  47.234  25.224  8.940 0.0000000000
143766  44.836  25.535  7.675 0.0000000000
227225  40.938  21.694  8.139 0.0000000000
142122  42.286  22.916  8.292 0.0000000000
141315  41.337  21.795  9.009 0.0000000000
141302  41.369  21.800  10.566 0.0000000000
145998  48.483  26.830  19.667 0.0000000000
147545  41.205  28.669  10.973 0.0000000000
147533  42.373  28.846  11.921 0.0000000000
141932  47.457  23.093  28.587 0.0000000000
141172  45.761  22.140  27.517 0.0000000000
140420  46.018  20.721  25.280 0.0000000000
139649  46.911  19.746  23.756 0.0000000000
135822  45.914  16.689  19.535 0.0000000000
148245  49.134  29.637  15.648 0.0000000000
148259  48.055  29.602  14.530 0.0000000000
148273  47.164  29.763  12.504 0.0000000000
147529  46.763  29.828  10.834 0.0000000000
194819  47.564  29.362  11.302 0.0000000000
146073  47.120  26.965  11.969 0.0000000000
144537  46.923  25.824  11.269 0.0000000000
142854  47.485  23.612  21.084 0.0000000000
142861  49.208  23.332  20.197 0.0000000000
142882  46.777  23.654  18.937 0.0000000000
143671  46.310  24.026  16.636 0.0000000000
143705  46.128  24.214  15.037 0.0000000000
138930  43.160  20.364  6.331 0.0000000000
140544  43.484  21.436  7.441 0.0000000000
140555  43.239  22.119  4.675 0.0000000000
141337  43.263  22.809  3.466 0.0000000000
142146  42.838  25.301  3.024 0.0000000000
143776  42.963  25.326  5.917 0.0000000000
142142  41.730  23.315  4.583 0.0000000000
141333  41.407  22.185  6.275 0.0000000000
138909  39.616  19.449  7.641 0.0000000000
136000  41.948  16.675  8.789 0.0000000000
138737  41.698  20.098  25.748 0.0000000000
138741  43.008  19.942  24.122 0.0000000000
138755  42.206  19.363  23.284 0.0000000000
136841  42.954  17.591  22.346 0.0000000000
133819  44.160  15.667  21.011 0.0000000000
148231  52.051  29.003  16.019 0.0000000000
146764  52.276  28.940  15.106 0.0000000000
200492  52.450  27.633  14.009 0.0000000000
203147  42.955  19.795  14.001 0.0000000000
140490  43.582  20.999  13.836 0.0000000000
138857  43.067  19.355  11.674 0.0000000000
137932  43.076  19.048  9.925 0.0000000000
137970  42.934  19.373  7.967 0.0000000000
136028  45.106  17.783  7.479 0.0000000000
137050  44.045  18.647  6.423 0.0000000000
138929  43.394  19.601  6.673 0.0000000000
138940  43.428  19.947  4.158 0.0000000000
213913  43.095  19.007  3.271 0.0000000000
136066  43.072  18.281  3.541 0.0000000000
135030  42.921  16.614  4.676 0.0000000000
143576  52.253  25.078  26.786 0.0000000000
142807  50.707  23.730  25.291 0.0000000000
141939  48.281  22.859  27.231 0.0000000000
141984  49.295  23.002  25.670 0.0000000000
142001  48.389  22.975  23.406 0.0000000000
142856  45.924  23.506  21.064 0.0000000000
142019  44.331  22.825  19.533 0.0000000000
141250  42.939  21.550  17.795 0.0000000000
138746  45.367  18.878  23.823 0.0000000000
138757  46.611  18.695  23.289 0.0000000000
138761  44.679  19.430  21.882 0.0000000000
136856  45.390  17.544  20.151 0.0000000000
136851  44.588  18.127  20.471 0.0000000000
138764  43.352  19.682  20.522 0.0000000000
139661  42.750  20.444  19.534 0.0000000000
139679  42.432  20.593  17.893 0.0000000000
139696  42.402  20.182  15.706 0.0000000000
137883  42.152  18.523  14.268 0.0000000000
198869  43.552  17.132  12.182 0.0000000000
133938  44.699  15.916  11.350 0.0000000000
134902  45.558  16.306  13.398 0.0000000000
222325  45.898  15.839  11.527 0.0000000000
138732  40.585  19.756  26.398 0.0000000000
138739  39.946  19.405  26.006 0.0000000000
136819  38.335  17.646  25.633 0.0000000000
149028  46.395  29.961  18.203 0.0000000000
149045  44.001  29.962  16.246 0.0000000000
149096  44.222  30.539  9.964 0.0000000000
148306  43.856  29.245  9.899 0.0000000000
146790  43.232  27.995  13.072 0.0000000000
146808  45.591  28.644  11.873 0.0000000000
146772  44.477  27.597  13.077 0.0000000000
146051  43.512  26.915  14.152 0.0000000000
144453  50.193  24.861  18.762 0.0000000000
142879  50.256  22.824  18.894 0.0000000000
143653  51.470  23.522  18.187 0.0000000000
145241  50.328  25.196  17.526 0.0000000000
145258  51.405  25.050  15.814 0.0000000000
145285  51.079  25.578  14.466 0.0000000000
145305  50.653  25.954  12.758 0.0000000000
199313  44.290  21.826  13.280 0.0000000000
218526  45.164  22.848  13.753 0.0000000000
142963  46.114  23.147  12.999 0.0000000000
141313  44.829  22.026  9.016 0.0000000000
142100  45.962  22.497  10.440 0.0000000000
201439  47.158  23.750  12.544 0.0000000000
144527  48.414  24.634  12.443 0.0000000000
144535  49.638  25.498  11.597 0.0000000000
145321  49.834  26.165  10.251 0.0000000000
145329  48.714  25.872  9.563 0.0000000000
144553  46.742  25.364  9.598 0.0000000000
143743  45.310  24.696  10.874 0.0000000000
143001  43.293  24.352  7.790 0.0000000000
195993  43.789  23.975  9.012 0.0000000000
142978  44.319  23.813  11.192 0.0000000000
142101  43.191  22.889  10.961 0.0000000000
134963  40.627  16.782  10.011 0.0000000000
149845  41.264  30.654  9.911 0.0000000000
149836  41.683  30.968  10.562 0.0000000000
140395  43.358  21.141  27.082 0.0000000000
140411  43.823  21.036  26.124 0.0000000000
139641  43.194  20.626  25.959 0.0000000000
146801  51.680  28.839  12.357 0.0000000000
147509  50.894  29.187  12.390 0.0000000000
222357  50.235  28.839  11.770 0.0000000000
147543  49.802  28.246  11.519 0.0000000000
231485  50.338  28.173  11.645 0.0000000000
203413  43.543  21.962  16.615 0.0000000000
207029  44.428  22.798  16.617 0.0000000000
141268  43.674  21.778  15.365 0.0000000000
138001  41.802  18.959  3.252 0.0000000000
138948  41.533  19.560  3.171 0.0000000000
137992  41.982  19.046  4.570 0.0000000000
138942  41.835  19.732  4.708 0.0000000000
137066  41.997  18.259  5.403 0.0000000000
222337  41.726  17.679  6.135 0.0000000000
229875  41.999  17.625  5.576 0.0000000000
146738  48.767  27.035  18.464 0.0000000000
146737  49.290  27.601  17.951 0.0000000000
146745  50.257  27.547  16.911 0.0000000000
145252  49.729  26.237  17.430 0.0000000000
208396  44.824  16.557  9.945 0.0000000000
202050  44.367  17.008  9.724 0.0000000000
134977  44.680  16.909  9.312 0.0000000000
137073  46.369  19.041  3.553 0.0000000000
136063  45.735  18.787  3.649 0.0000000000
146052  42.751  26.980  14.450 0.0000000000
140431  46.287  20.656  23.419 0.0000000000
141215  47.097  20.997  23.920 0.0000000000
140434  45.441  21.146  22.759 0.0000000000
141222  44.745  21.555  22.089 0.0000000000
140437  44.226  21.131  21.781 0.0000000000
221169  45.349  16.484  21.196 0.0000000000
135812  45.748  16.721  21.776 0.0000000000
134805  45.887  16.868  21.043 0.0000000000
135870  44.323  17.716  16.708 0.0000000000
135856  44.005  17.803  17.136 0.0000000000
136902  43.519  17.696  16.519 0.0000000000
199025  42.927  17.956  16.753 0.0000000000
135883  43.354  17.319  15.365 0.0000000000
229118  44.035  17.138  15.395 0.0000000000
148260  46.778  29.728  13.768 0.0000000000
148261  46.149  29.770  14.023 0.0000000000
224228  44.940  29.578  13.893 0.0000000000
148275  45.598  29.654  13.369 0.0000000000
198939  45.691  30.138  11.460 0.0000000000
194324  45.808  30.053  12.081 0.0000000000
144538  45.713  25.187  12.199 0.0000000000
144529  45.465  25.480  12.912 0.0000000000
143735  44.791  24.465  12.210 0.0000000000
142835  50.574  23.809  22.876 0.0000000000
142842  51.132  24.322  22.584 0.0000000000
142844  50.219  23.603  21.766 0.0000000000
143703  47.533  24.690  15.737 0.0000000000
144483  48.366  24.830  16.051 0.0000000000
144498  48.251  25.114  15.263 0.0000000000
227739  48.568  25.104  14.588 0.0000000000
144513  47.911  25.012  14.518 0.0000000000
139757  42.972  20.156  8.767 0.0000000000
139756  43.354  20.514  9.272 0.0000000000
139764  43.151  20.704  8.550 0.0000000000
143006  45.613  24.877  6.039 0.0000000000
142125  45.987  24.013  6.971 0.0000000000
143000  46.200  24.344  7.563 0.0000000000
142994  46.758  24.398  8.467 0.0000000000
143004  45.914  24.854  7.353 0.0000000000
143765  45.501  25.023  7.750 0.0000000000
143770  45.364  25.233  6.889 0.0000000000
140541  40.562  21.036  8.415 0.0000000000
141323  41.218  22.073  8.281 0.0000000000
140535  40.226  21.081  9.059 0.0000000000
204553  40.631  21.562  9.442 0.0000000000
148318  41.285  29.012  9.370 0.0000000000
148309  40.922  28.705  10.006 0.0000000000
148308  41.740  28.865  9.913 0.0000000000
147534  41.410  28.629  12.124 0.0000000000
148297  42.042  28.886  10.996 0.0000000000
141942  45.964  22.640  27.929 0.0000000000
141173  45.126  22.181  27.449 0.0000000000
140421  45.282  20.750  25.465 0.0000000000
140410  45.304  21.211  26.144 0.0000000000
191361  46.367  20.096  24.835 0.0000000000
140424  46.933  20.063  24.304 0.0000000000
231897  46.439  19.879  24.566 0.0000000000
148244  50.228  29.859  15.559 0.0000000000
148233  49.793  29.490  16.082 0.0000000000
148270  49.153  29.785  13.400 0.0000000000
148258  48.851  29.697  14.324 0.0000000000
148271  48.314  29.401  13.588 0.0000000000
191436  47.515  29.362  13.700 0.0000000000
148272  47.844  29.477  12.630 0.0000000000
148285  47.602  29.912  11.395 0.0000000000
148284  48.142  29.226  12.209 0.0000000000
146072  48.393  27.191  11.567 0.0000000000
146806  48.054  27.908  12.189 0.0000000000
145313  47.713  26.922  11.741 0.0000000000
145315  46.723  26.310  12.080 0.0000000000
145314  47.433  26.234  11.312 0.0000000000
142873  46.316  23.556  19.995 0.0000000000
192151  47.256  23.582  19.909 0.0000000000
142883  46.045  23.677  19.170 0.0000000000
142931  45.365  23.442  16.571 0.0000000000
142918  45.995  23.725  17.337 0.0000000000
142930  45.779  23.788  16.212 0.0000000000
143690  46.196  24.223  15.816 0.0000000000
142937  45.655  23.905  15.485 0.0000000000
139778  43.355  20.967  4.701 0.0000000000
140550  43.218  21.265  5.809 0.0000000000
141344  42.777  22.279  3.321 0.0000000000
212435  43.122  22.287  3.707 0.0000000000
141338  42.975  22.544  3.315 0.0000000000
142140  42.946  23.878  2.862 0.0000000000
200516  42.315  23.575  3.439 0.0000000000
142135  41.992  24.269  4.216 0.0000000000
139779  41.489  20.347  6.110 0.0000000000
198331  41.310  21.311  6.111 0.0000000000
139772  40.923  20.593  6.966 0.0000000000
138920  40.855  19.785  7.272 0.0000000000
209095  40.482  18.510  7.386 0.0000000000
224675  41.866  16.760  7.495 0.0000000000
136019  41.723  16.815  8.138 0.0000000000
220755  41.456  19.775  25.108 0.0000000000
138748  42.207  19.605  24.006 0.0000000000
138749  41.571  19.408  23.698 0.0000000000
136834  42.458  18.261  22.621 0.0000000000
223374  42.818  17.013  21.996 0.0000000000
134794  44.357  16.570  21.934 0.0000000000
134806  43.724  16.115  21.408 0.0000000000
146751  51.639  27.920  15.981 0.0000000000
146759  52.080  27.933  15.435 0.0000000000
147492  52.477  28.441  14.547 0.0000000000
146023  52.242  27.451  14.839 0.0000000000
137905  42.706  18.761  12.602 0.0000000000
205807  42.801  19.372  12.782 0.0000000000
137913  42.905  18.747  11.949 0.0000000000
137005  43.830  18.056  9.054 0.0000000000
137931  43.332  18.395  10.172 0.0000000000
137955  43.511  18.657  8.775 0.0000000000
137942  43.144  19.065  9.216 0.0000000000
137969  43.395  18.818  7.925 0.0000000000
136027  45.868  17.534  7.358 0.0000000000
136037  45.596  18.064  6.673 0.0000000000
137049  44.692  18.717  5.793 0.0000000000
137981  43.582  18.878  6.965 0.0000000000
137065  44.185  18.907  5.241 0.0000000000
137991  43.713  19.281  5.627 0.0000000000
137999  44.099  19.391  4.068 0.0000000000
135034  44.579  18.118  3.141 0.0000000000
138005  43.705  19.138  3.655 0.0000000000
137084  43.842  18.483  3.100 0.0000000000
136065  43.732  17.696  3.416 0.0000000000
136057  43.258  17.229  4.012 0.0000000000
143560  51.073  24.336  28.374 0.0000000000
144367  51.991  25.383  27.444 0.0000000000
142782  51.376  24.203  27.130 0.0000000000
142806  51.535  24.145  25.866 0.0000000000
142783  50.648  23.735  26.564 0.0000000000
141940  47.492  22.643  27.588 0.0000000000
141931  48.134  22.947  28.689 0.0000000000
198433  48.018  22.199  26.120 0.0000000000
141213  47.915  21.640  24.540 0.0000000000
141206  48.438  21.893  25.108 0.0000000000
141993  48.978  22.121  24.610 0.0000000000
141997  48.729  22.553  24.140 0.0000000000
142002  47.656  22.861  23.206 0.0000000000
142839  47.362  23.367  22.456 0.0000000000
142006  46.673  23.085  22.197 0.0000000000
141227  43.942  22.225  20.673 0.0000000000
142016  44.460  22.825  20.294 0.0000000000
141229  43.897  22.335  19.895 0.0000000000
142030  43.751  22.554  18.473 0.0000000000
141240  42.865  21.530  18.475 0.0000000000
211118  43.039  19.571  23.497 0.0000000000
138747  44.227  19.633  23.887 0.0000000000
137799  45.070  18.467  23.586 0.0000000000
137811  46.446  17.856  22.212 0.0000000000
137797  46.250  18.066  23.178 0.0000000000
137806  46.451  18.176  22.737 0.0000000000
137807  45.986  18.875  22.434 0.0000000000
137812  46.022  18.374  21.904 0.0000000000
135823  45.837  17.078  20.013 0.0000000000
135829  45.443  17.101  19.252 0.0000000000
136867  43.618  18.040  19.022 0.0000000000
136857  44.254  17.995  19.626 0.0000000000
137821  43.639  18.582  19.940 0.0000000000
137817  43.986  18.856  20.782 0.0000000000
137818  43.301  19.213  20.095 0.0000000000
139658  42.993  20.346  20.211 0.0000000000
137822  42.948  19.129  19.383 0.0000000000
137858  42.112  18.888  16.718 0.0000000000
223571  42.084  19.521  18.084 0.0000000000
138798  42.085  19.574  16.755 0.0000000000
139684  42.385  20.276  17.234 0.0000000000
231904  42.124  19.783  16.101 0.0000000000
138811  42.259  19.302  15.033 0.0000000000
137875  42.170  18.677  14.938 0.0000000000
135933  43.545  16.679  13.400 0.0000000000
135934  42.991  17.367  13.470 0.0000000000
134916  43.838  16.479  12.671 0.0000000000
134928  44.051  16.647  11.982 0.0000000000
133924  44.436  16.143  11.924 0.0000000000
134889  46.350  16.784  13.976 0.0000000000
133936  46.222  16.072  11.929 0.0000000000
134940  47.053  15.897  11.172 0.0000000000
139622  40.252  20.801  27.965 0.0000000000
138720  39.091  19.754  27.146 0.0000000000
199593  40.002  19.671  26.664 0.0000000000
137775  39.501  18.950  26.004 0.0000000000
137790  39.317  18.442  25.056 0.0000000000
137786  39.308  18.380  25.757 0.0000000000
148212  46.618  29.699  17.664 0.0000000000
148213  45.904  29.833  17.942 0.0000000000
149015  45.854  30.260  18.476 0.0000000000
149029  45.349  30.051  18.085 0.0000000000
193164  44.677  30.079  17.890 0.0000000000
148226  44.635  29.808  16.473 0.0000000000
149071  44.081  30.117  13.705 0.0000000000
149089  43.821  30.731  11.960 0.0000000000
149834  43.329  31.019  10.550 0.0000000000
149088  44.512  30.503  10.902 0.0000000000
147544  45.022  29.692  10.610 0.0000000000
148305  44.647  29.666  10.079 0.0000000000
147532  44.180  28.960  11.270 0.0000000000
148295  43.419  28.791  11.274 0.0000000000
147515  43.630  28.459  12.170 0.0000000000
146786  46.346  28.695  11.309 0.0000000000
147530  46.125  29.444  11.123 0.0000000000
145308  45.060  26.394  13.457 0.0000000000
146065  45.027  27.136  13.123 0.0000000000
146050  44.369  26.860  13.804 0.0000000000
145301  44.026  26.323  14.390 0.0000000000
145286  43.891  25.695  14.592 0.0000000000
144514  44.169  25.207  14.159 0.0000000000
142964  43.733  23.703  13.144 0.0000000000
145208  50.372  25.580  23.093 0.0000000000
143635  50.492  24.044  20.968 0.0000000000
144441  50.579  24.548  21.284 0.0000000000
144446  50.139  24.617  20.379 0.0000000000
144449  49.870  24.932  19.836 0.0000000000
197427  50.474  24.193  19.213 0.0000000000
192530  48.275  23.445  19.098 0.0000000000
142871  49.283  23.166  19.409 0.0000000000
142880  49.084  23.219  18.782 0.0000000000
143667  50.713  23.488  16.995 0.0000000000
142916  51.126  23.126  17.855 0.0000000000
201022  51.390  23.666  17.236 0.0000000000
144460  51.328  24.196  17.812 0.0000000000
143684  51.305  23.907  16.532 0.0000000000
144480  51.055  25.048  16.360 0.0000000000
143701  51.319  23.941  16.108 0.0000000000
223244  50.016  25.279  14.334 0.0000000000
144510  50.653  25.207  14.754 0.0000000000
144519  50.381  25.469  14.051 0.0000000000
145299  50.832  25.856  13.666 0.0000000000
144525  50.229  25.525  13.192 0.0000000000
191332  43.557  20.652  12.765 0.0000000000
141277  43.930  21.568  13.811 0.0000000000
140504  43.959  21.044  12.184 0.0000000000
141293  44.931  21.751  11.228 0.0000000000
141282  44.670  22.006  12.709 0.0000000000
222914  45.099  22.027  12.153 0.0000000000
142081  45.422  22.829  13.167 0.0000000000
142087  45.753  22.430  11.999 0.0000000000
141321  43.993  21.943  7.871 0.0000000000
141320  44.708  22.374  8.180 0.0000000000
142106  46.307  23.305  9.759 0.0000000000
142107  45.953  22.686  9.610 0.0000000000
142099  46.290  23.055  10.649 0.0000000000
196752  46.709  23.435  12.400 0.0000000000
142969  46.836  23.472  11.388 0.0000000000
143727  47.885  23.957  12.208 0.0000000000
142968  47.341  23.719  11.790 0.0000000000
143741  48.614  24.732  9.962 0.0000000000
143732  48.819  24.137  11.283 0.0000000000
143740  49.278  24.897  10.364 0.0000000000
144543  50.001  25.766  10.420 0.0000000000
144544  49.494  25.616  9.896 0.0000000000
145328  49.072  26.099  9.821 0.0000000000
194212  48.357  25.657  9.306 0.0000000000
143754  46.269  25.028  8.736 0.0000000000
144557  46.616  25.155  9.125 0.0000000000
144554  46.046  25.022  10.036 0.0000000000
143749  45.617  24.787  9.748 0.0000000000
231592  42.510  24.656  6.198 0.0000000000
143771  43.419  24.990  6.917 0.0000000000
200218  42.837  24.261  6.981 0.0000000000
142114  42.695  23.169  8.928 0.0000000000
198840  43.220  23.716  8.618 0.0000000000
142996  43.095  23.362  9.432 0.0000000000
142990  43.683  23.629  9.829 0.0000000000
142108  42.976  23.113  10.169 0.0000000000
142985  43.744  23.307  11.090 0.0000000000
142102  42.567  22.617  10.603 0.0000000000
140521  40.169  21.244  10.502 0.0000000000
206322  40.858  21.343  10.861 0.0000000000
227979  40.586  17.374  8.987 0.0000000000
148329  40.275  29.295  9.000 0.0000000000
149104  41.589  30.144  9.325 0.0000000000
149103  42.027  30.085  9.015 0.0000000000
141197  44.857  21.729  27.059 0.0000000000
229753  44.397  21.825  27.439 0.0000000000
211348  44.491  20.818  25.496 0.0000000000
148255  51.700  30.052  14.146 0.0000000000
223260  50.714  29.872  13.953 0.0000000000
148282  49.381  29.818  12.723 0.0000000000
147511  49.051  29.572  12.187 0.0000000000
147512  48.437  29.448  12.076 0.0000000000
147526  48.876  28.931  11.890 0.0000000000
146804  49.290  28.237  11.538 0.0000000000
146078  48.239  26.462  11.021 0.0000000000
142885  44.718  23.382  18.553 0.0000000000
222145  45.188  23.571  18.350 0.0000000000
142903  44.865  23.382  17.803 0.0000000000
142058  44.985  22.986  16.274 0.0000000000
142063  44.940  22.916  15.598 0.0000000000
138946  42.944  20.284  2.956 0.0000000000
139782  43.009  21.250  3.677 0.0000000000
139800  42.297  20.147  2.915 0.0000000000
139793  42.317  20.877  3.499 0.0000000000
207970  42.080  21.323  4.051 0.0000000000
139783  41.829  20.549  4.698 0.0000000000
138931  41.777  19.762  5.876 0.0000000000
137983  41.129  19.084  6.464 0.0000000000
137052  40.923  18.520  6.972 0.0000000000
137051  41.387  18.389  6.268 0.0000000000
199653  41.796  17.059  6.763 0.0000000000
135011  42.219  16.392  7.100 0.0000000000
137788  40.261  18.862  24.171 0.0000000000
137792  41.126  19.057  23.355 0.0000000000
137803  40.810  18.552  23.053 0.0000000000
147473  50.920  28.288  16.715 0.0000000000
146017  50.430  27.097  16.492 0.0000000000
146016  51.046  27.018  16.068 0.0000000000
136970  43.280  17.634  11.123 0.0000000000
136971  43.026  18.178  11.543 0.0000000000
135983  44.002  17.365  10.095 0.0000000000
135999  44.142  17.461  9.351 0.0000000000
137004  44.243  17.697  8.644 0.0000000000
137047  45.924  18.632  5.915 0.0000000000
137062  46.099  18.925  4.610 0.0000000000
137063  45.486  19.151  4.630 0.0000000000
206154  45.374  19.211  3.826 0.0000000000
137082  45.251  18.817  3.307 0.0000000000
136064  45.264  18.276  3.294 0.0000000000
197150  49.410  23.660  28.533 0.0000000000
141208  47.478  21.328  25.378 0.0000000000
141207  47.962  21.462  25.196 0.0000000000
141211  47.959  21.000  24.923 0.0000000000
141214  47.599  21.155  24.309 0.0000000000
141217  46.930  21.870  23.522 0.0000000000
142007  46.029  22.851  22.037 0.0000000000
141220  45.863  22.173  22.520 0.0000000000
141224  44.287  21.900  21.374 0.0000000000
141228  43.514  21.701  20.207 0.0000000000
135791  45.517  17.073  22.939 0.0000000000
136831  45.411  17.428  23.253 0.0000000000
135790  46.005  17.064  22.849 0.0000000000
135799  46.117  16.989  22.337 0.0000000000
136849  46.086  17.373  21.351 0.0000000000
135840  45.400  17.284  18.215 0.0000000000
136881  45.044  17.512  18.594 0.0000000000
135841  44.442  17.726  17.857 0.0000000000
136882  43.815  17.952  18.359 0.0000000000
136868  42.968  18.210  18.618 0.0000000000
137830  42.603  18.774  18.740 0.0000000000
136895  42.623  18.246  17.404 0.0000000000
136904  42.424  18.366  16.733 0.0000000000
136903  42.625  17.988  15.937 0.0000000000
225505  42.283  17.784  15.224 0.0000000000
135885  42.567  17.519  15.344 0.0000000000
135915  43.349  17.054  14.083 0.0000000000
134891  44.349  16.316  13.855 0.0000000000
134901  46.444  16.627  13.229 0.0000000000
135944  48.075  16.765  12.271 0.0000000000
194431  47.402  29.842  15.639 0.0000000000
206355  47.377  29.793  16.275 0.0000000000
219797  46.897  29.714  15.363 0.0000000000
192576  46.375  29.620  15.555 0.0000000000
148237  45.717  29.644  15.815 0.0000000000
148251  44.591  29.702  15.722 0.0000000000
148250  45.227  29.582  15.318 0.0000000000
148276  44.711  29.827  13.360 0.0000000000
149080  44.591  30.149  12.652 0.0000000000
198801  44.555  30.323  11.787 0.0000000000
194043  45.367  30.139  11.480 0.0000000000
148293  45.723  30.289  10.761 0.0000000000
147531  45.465  29.602  11.369 0.0000000000
206919  46.196  26.449  12.645 0.0000000000
146063  46.181  27.289  12.234 0.0000000000
145307  45.702  26.089  13.099 0.0000000000
144530  44.725  25.232  13.354 0.0000000000
143721  44.256  24.674  13.596 0.0000000000
143729  44.604  24.605  12.902 0.0000000000
143736  44.192  24.170  12.579 0.0000000000
142971  43.752  23.513  12.450 0.0000000000
143627  52.288  24.876  23.814 0.0000000000
144428  51.250  25.083  23.338 0.0000000000
143630  51.850  24.520  22.858 0.0000000000
143633  50.741  24.214  21.768 0.0000000000
142859  50.147  23.646  20.524 0.0000000000
143669  47.866  24.211  17.126 0.0000000000
143655  49.118  23.643  17.777 0.0000000000
143687  48.690  24.376  16.738 0.0000000000
144482  49.219  24.541  16.219 0.0000000000
144481  50.138  24.269  16.011 0.0000000000
143702  51.017  24.034  15.849 0.0000000000
144512  49.273  25.102  15.034 0.0000000000
203427  49.285  25.173  14.218 0.0000000000
226034  48.854  25.263  13.219 0.0000000000
139738  43.706  20.489  10.945 0.0000000000
140512  44.061  20.948  11.332 0.0000000000
140520  43.940  21.002  10.614 0.0000000000
140526  44.367  21.384  10.197 0.0000000000
142127  44.472  23.087  5.986 0.0000000000
141327  44.571  22.715  7.237 0.0000000000
142120  45.518  23.098  7.476 0.0000000000
142119  45.984  23.470  7.864 0.0000000000
142112  46.411  23.562  8.894 0.0000000000
142976  47.564  23.779  10.028 0.0000000000
142988  47.058  23.931  8.893 0.0000000000
142982  47.536  24.300  9.081 0.0000000000
143752  47.579  25.066  8.780 0.0000000000
143753  47.085  25.013  8.798 0.0000000000
143759  45.791  24.929  8.322 0.0000000000
224309  44.987  25.182  8.394 0.0000000000
141329  41.152  22.235  7.505 0.0000000000
142128  42.369  23.279  7.330 0.0000000000
228170  41.612  22.722  7.682 0.0000000000
141322  41.870  22.288  8.652 0.0000000000
141314  41.938  22.134  9.384 0.0000000000
206319  42.069  22.188  10.087 0.0000000000
141308  41.312  21.826  9.795 0.0000000000
140529  40.154  21.178  9.783 0.0000000000
145999  48.705  26.615  19.005 0.0000000000
148319  40.598  28.810  9.213 0.0000000000
200678  41.945  28.424  12.832 0.0000000000
146791  42.417  28.030  13.379 0.0000000000
141171  46.232  22.402  27.995 0.0000000000
225394  46.307  22.101  27.129 0.0000000000
141196  45.487  21.661  26.820 0.0000000000
141195  46.147  21.672  26.542 0.0000000000
221490  46.749  21.285  25.596 0.0000000000
140423  47.173  20.422  24.680 0.0000000000
140428  46.953  20.190  23.935 0.0000000000
140432  46.088  20.354  23.132 0.0000000000
134819  45.548  16.400  19.765 0.0000000000
134824  45.949  16.449  19.004 0.0000000000
135839  46.188  16.948  18.247 0.0000000000
135854  46.201  17.505  17.545 0.0000000000
135869  45.116  17.609  16.601 0.0000000000
135895  45.260  17.018  15.266 0.0000000000
148234  48.800  29.894  16.143 0.0000000000
195664  48.390  29.975  15.681 0.0000000000
148257  49.497  29.640  14.971 0.0000000000
148246  48.575  29.834  15.115 0.0000000000
148247  47.948  29.943  15.339 0.0000000000
191738  47.296  29.642  14.784 0.0000000000
148286  46.442  29.951  11.410 0.0000000000
147513  47.117  30.133  11.253 0.0000000000
147528  47.397  29.942  10.794 0.0000000000
197979  47.129  29.265  10.950 0.0000000000
147527  48.336  28.893  12.067 0.0000000000
146807  47.357  28.077  11.906 0.0000000000
218766  45.805  25.051  11.572 0.0000000000
142845  48.975  23.532  22.170 0.0000000000
197608  49.156  23.626  21.463 0.0000000000
142862  47.962  23.632  20.396 0.0000000000
191874  48.261  23.517  19.729 0.0000000000
142881  47.484  23.581  18.725 0.0000000000
219192  46.282  23.698  18.591 0.0000000000
231931  46.858  23.749  17.830 0.0000000000
143657  47.299  23.835  17.447 0.0000000000
143670  47.037  24.190  16.838 0.0000000000
143689  46.863  24.422  16.153 0.0000000000
139771  43.054  20.647  7.254 0.0000000000
140540  43.009  20.894  7.824 0.0000000000
140545  43.168  21.130  7.044 0.0000000000
140549  43.313  21.780  6.338 0.0000000000
140556  42.973  21.809  3.923 0.0000000000
141332  43.635  22.587  5.378 0.0000000000
142134  43.937  23.591  4.467 0.0000000000
189173  43.946  24.890  4.052 0.0000000000
190447  44.213  25.810  4.407 0.0000000000
143775  44.846  25.877  5.696 0.0000000000
189174  43.208  25.883  3.951 0.0000000000
143010  42.195  24.786  5.258 0.0000000000
142136  41.754  23.715  5.445 0.0000000000
141340  41.514  22.055  4.908 0.0000000000
142137  41.492  22.978  5.792 0.0000000000
142130  41.421  22.703  6.836 0.0000000000
140546  40.983  21.352  7.407 0.0000000000
139766  40.431  20.242  7.943 0.0000000000
137958  39.145  19.272  7.834 0.0000000000
136001  41.188  17.059  8.699 0.0000000000
137040  40.943  17.951  7.413 0.0000000000
136020  41.011  17.472  7.967 0.0000000000
134980  41.610  16.508  9.235 0.0000000000
139634  42.034  20.342  26.752 0.0000000000
196788  42.404  20.432  25.763 0.0000000000
138736  42.116  19.985  24.838 0.0000000000
138754  42.913  19.128  23.122 0.0000000000
231637  41.630  19.254  23.068 0.0000000000
136833  43.469  18.125  22.800 0.0000000000
135800  44.768  16.950  22.441 0.0000000000
200031  44.877  16.284  21.537 0.0000000000
133818  44.854  15.899  20.937 0.0000000000
148232  51.098  29.414  15.945 0.0000000000
224946  51.325  29.564  15.582 0.0000000000
147481  52.005  28.566  16.393 0.0000000000
147486  52.148  28.972  15.767 0.0000000000
222270  52.044  29.947  15.130 0.0000000000
147493  52.342  29.511  14.375 0.0000000000
147507  52.218  28.991  13.025 0.0000000000
146785  52.064  28.146  12.738 0.0000000000
139701  42.891  20.528  14.895 0.0000000000
140484  43.466  21.498  14.873 0.0000000000
139707  43.299  20.386  13.965 0.0000000000
139716  43.175  20.043  12.917 0.0000000000
212205  43.299  19.947  11.780 0.0000000000
136982  43.175  18.377  10.876 0.0000000000
219093  43.138  19.120  11.024 0.0000000000
138869  43.389  19.827  11.151 0.0000000000
138881  43.149  19.729  9.983 0.0000000000
138894  42.989  19.603  8.980 0.0000000000
138908  42.879  19.755  8.301 0.0000000000
136017  45.414  17.245  8.115 0.0000000000
136018  44.757  17.460  8.326 0.0000000000
137022  44.443  17.962  7.904 0.0000000000
137036  45.029  18.224  6.617 0.0000000000
137037  44.473  18.191  6.974 0.0000000000
137038  43.915  18.311  7.390 0.0000000000
138918  43.229  19.297  7.479 0.0000000000
138919  43.015  19.900  7.547 0.0000000000
202069  43.184  20.003  5.291 0.0000000000
138000  43.597  20.020  3.162 0.0000000000
138006  42.793  19.755  2.960 0.0000000000
137085  42.191  19.063  2.999 0.0000000000
137076  42.420  18.373  3.697 0.0000000000
136046  42.375  16.849  4.833 0.0000000000
136058  42.757  17.425  4.129 0.0000000000
135029  43.462  16.394  4.637 0.0000000000
144390  52.185  25.416  25.310 0.0000000000
143593  52.067  24.718  25.175 0.0000000000
142824  51.607  24.166  24.624 0.0000000000
142830  50.778  23.632  23.525 0.0000000000
222605  48.022  23.133  28.933 0.0000000000
142773  49.061  23.090  28.255 0.0000000000
142772  49.840  23.566  28.160 0.0000000000
141961  48.906  23.073  26.785 0.0000000000
142784  49.800  23.288  27.197 0.0000000000
142808  49.958  23.209  24.892 0.0000000000
142826  49.979  23.051  24.098 0.0000000000
142837  48.924  23.262  22.811 0.0000000000
142846  48.069  23.532  21.773 0.0000000000
142855  46.594  23.565  21.139 0.0000000000
142864  45.679  23.511  20.471 0.0000000000
142011  45.644  23.195  21.473 0.0000000000
142865  45.048  23.298  20.349 0.0000000000
142875  44.781  23.223  19.235 0.0000000000
142029  44.244  22.951  18.844 0.0000000000
142044  43.866  22.497  17.747 0.0000000000
210427  43.088  21.491  17.026 0.0000000000
198831  43.000  20.351  24.921 0.0000000000
139645  44.938  19.981  24.291 0.0000000000
137798  45.838  17.848  23.465 0.0000000000
220269  46.356  18.537  23.626 0.0000000000
190708  46.446  19.621  24.374 0.0000000000
139648  47.072  19.283  23.959 0.0000000000
139650  46.898  19.409  23.511 0.0000000000
138759  45.132  19.660  22.353 0.0000000000
202237  45.920  16.849  20.201 0.0000000000
135819  45.914  17.139  20.732 0.0000000000
136850  45.685  17.716  20.858 0.0000000000
214356  45.132  17.469  19.545 0.0000000000
137816  45.286  18.374  21.131 0.0000000000
137813  44.861  18.935  21.600 0.0000000000
138763  43.950  19.522  21.252 0.0000000000
139653  44.467  20.419  22.140 0.0000000000
140438  43.792  20.699  21.359 0.0000000000
140440  43.307  20.945  20.456 0.0000000000
140446  42.718  20.968  19.309 0.0000000000
137831  42.120  19.172  18.384 0.0000000000
139670  42.498  20.534  18.911 0.0000000000
140454  42.545  21.061  18.747 0.0000000000
140463  42.544  21.083  18.189 0.0000000000
139690  42.771  20.884  16.698 0.0000000000
190749  42.830  20.819  15.859 0.0000000000
206542  42.516  20.003  15.060 0.0000000000
138822  42.575  19.105  14.008 0.0000000000
136946  42.528  18.261  13.058 0.0000000000
136935  42.146  17.932  14.194 0.0000000000
135946  42.842  17.762  12.915 0.0000000000
229725  43.064  17.545  12.361 0.0000000000
135955  43.713  17.139  11.524 0.0000000000
134927  44.249  16.510  11.231 0.0000000000
134942  45.169  16.110  10.356 0.0000000000
134875  44.780  16.642  14.533 0.0000000000
134890  45.102  16.336  13.989 0.0000000000
134903  44.637  15.974  13.294 0.0000000000
134913  45.862  16.299  12.584 0.0000000000
134914  45.003  15.954  12.635 0.0000000000
133937  45.268  15.845  11.440 0.0000000000
133966  45.716  15.828  10.431 0.0000000000
193790  42.266  20.963  27.798 0.0000000000
139621  41.666  20.496  27.764 0.0000000000
139635  41.327  20.091  26.582 0.0000000000
198089  41.008  19.899  25.625 0.0000000000
221871  40.316  19.990  27.139 0.0000000000
138738  40.361  19.564  25.415 0.0000000000
137789  39.687  18.645  24.507 0.0000000000
136809  38.716  18.137  25.984 0.0000000000
136825  38.941  17.911  25.299 0.0000000000
229389  38.847  17.722  24.805 0.0000000000
149046  43.405  30.211  16.417 0.0000000000
149054  44.070  29.967  15.357 0.0000000000
149055  43.482  30.027  15.772 0.0000000000
149056  42.960  30.109  15.397 0.0000000000
149835  42.475  31.105  10.432 0.0000000000
149843  43.138  30.731  9.666 0.0000000000
148316  43.487  29.829  9.383 0.0000000000
149095  44.988  30.249  10.153 0.0000000000
148315  44.354  29.951  9.729 0.0000000000
148296  42.865  29.036  10.867 0.0000000000
215043  42.740  28.478  12.521 0.0000000000
146774  42.968  27.490  13.804 0.0000000000
146788  44.829  28.333  12.183 0.0000000000
146787  45.665  27.644  12.453 0.0000000000
228396  45.064  27.807  12.575 0.0000000000
146789  44.065  28.081  12.735 0.0000000000
146773  43.813  27.570  13.596 0.0000000000
146035  43.203  26.223  14.643 0.0000000000
202033  43.741  24.112  13.717 0.0000000000
144432  50.220  25.134  22.385 0.0000000000
145229  48.724  26.152  20.077 0.0000000000
145235  49.102  26.054  18.964 0.0000000000
145234  49.547  25.617  18.614 0.0000000000
142852  49.925  23.463  21.065 0.0000000000
142860  49.904  23.297  20.285 0.0000000000
142869  50.388  23.210  19.856 0.0000000000
142898  49.726  23.046  18.302 0.0000000000
142896  51.078  22.951  18.560 0.0000000000
143644  51.219  23.407  18.858 0.0000000000
144452  51.275  24.097  18.532 0.0000000000
144461  50.288  24.948  18.193 0.0000000000
145242  49.611  25.913  18.045 0.0000000000
145251  50.462  25.637  16.898 0.0000000000
145259  50.661  26.064  16.236 0.0000000000
226951  51.675  26.129  15.311 0.0000000000
144495  51.026  24.565  15.229 0.0000000000
144509  51.352  25.017  15.039 0.0000000000
145284  51.599  25.764  14.736 0.0000000000
146049  51.994  26.822  13.798 0.0000000000
145304  51.418  26.551  13.132 0.0000000000
146070  51.156  27.107  12.332 0.0000000000
230084  43.879  21.917  14.980 0.0000000000
141267  44.307  22.308  14.749 0.0000000000
142075  44.759  22.634  14.175 0.0000000000
227886  44.166  21.616  12.666 0.0000000000
142076  44.782  22.430  13.366 0.0000000000
142946  45.224  23.243  14.332 0.0000000000
206673  45.734  23.575  14.132 0.0000000000
143713  46.155  23.950  14.284 0.0000000000
143720  46.716  23.942  13.724 0.0000000000
140539  43.581  21.249  8.277 0.0000000000
140538  44.176  21.683  8.682 0.0000000000
141307  44.918  21.793  9.776 0.0000000000
141312  45.473  22.289  9.329 0.0000000000
141306  45.541  22.061  10.110 0.0000000000
141299  45.534  21.998  10.881 0.0000000000
142086  46.242  23.000  12.186 0.0000000000
142962  46.686  23.599  13.099 0.0000000000
143719  47.284  24.273  13.797 0.0000000000
143726  47.747  24.435  13.123 0.0000000000
144522  48.228  24.957  13.226 0.0000000000
226180  48.634  25.114  12.652 0.0000000000
143733  48.248  23.793  11.038 0.0000000000
144536  49.087  24.966  11.670 0.0000000000
145306  49.080  25.166  12.397 0.0000000000
144534  50.137  25.618  12.238 0.0000000000
145312  50.353  26.226  11.841 0.0000000000
146071  50.290  26.848  11.323 0.0000000000
145327  49.838  26.754  10.660 0.0000000000
146077  48.931  26.603  10.567 0.0000000000
145323  48.168  25.914  10.458 0.0000000000
144552  47.610  25.445  9.185 0.0000000000
144545  47.749  25.767  9.934 0.0000000000
144546  46.880  25.572  10.243 0.0000000000
144547  46.028  25.086  10.794 0.0000000000
212827  43.945  25.632  6.329 0.0000000000
143767  44.057  25.126  7.493 0.0000000000
143760  44.373  24.941  8.480 0.0000000000
142121  42.754  23.568  8.031 0.0000000000
142995  43.753  24.380  8.311 0.0000000000
142989  44.389  24.392  9.367 0.0000000000
214473  44.839  24.435  9.873 0.0000000000
143750  44.836  24.294  10.610 0.0000000000
143744  44.793  24.205  11.266 0.0000000000
142979  43.759  23.405  11.735 0.0000000000
142095  43.242  22.882  11.570 0.0000000000
141301  42.106  22.060  10.921 0.0000000000
142096  42.676  22.438  11.362 0.0000000000
135020  42.664  16.310  5.626 0.0000000000
135010  42.580  15.962  6.556 0.0000000000
133922  45.469  16.053  11.988 0.0000000000
133923  44.789  15.867  11.977 0.0000000000
133951  46.521  15.741  11.339 0.0000000000
133953  45.208  15.875  10.888 0.0000000000
134795  43.219  16.528  21.806 0.0000000000
134892  43.802  16.468  13.773 0.0000000000
134915  44.358  15.919  12.612 0.0000000000
134943  44.700  16.251  10.698 0.0000000000
134960  45.463  16.204  9.847 0.0000000000
134990  44.973  16.991  8.761 0.0000000000
135777  38.820  17.362  24.377 0.0000000000
135801  43.727  16.977  22.213 0.0000000000
135882  44.747  17.383  15.671 0.0000000000
135896  44.416  16.937  15.030 0.0000000000
135897  43.679  17.086  14.811 0.0000000000
135898  42.841  17.328  14.736 0.0000000000
135899  42.235  17.598  14.764 0.0000000000
135945  43.348  17.200  12.838 0.0000000000
135982  44.245  16.713  10.387 0.0000000000
136029  41.508  17.373  7.518 0.0000000000
136047  42.479  17.749  4.868 0.0000000000
136810  38.038  18.031  26.165 0.0000000000
136832  44.388  17.482  22.711 0.0000000000
136835  41.163  18.435  22.579 0.0000000000
136840  46.410  17.470  22.776 0.0000000000
136846  46.366  17.378  21.999 0.0000000000
136883  42.397  18.575  18.059 0.0000000000
136914  42.231  18.316  15.417 0.0000000000
136924  42.134  18.092  14.798 0.0000000000
136934  42.428  17.865  13.579 0.0000000000
136947  42.257  18.306  13.703 0.0000000000
136958  43.144  17.591  11.800 0.0000000000
136981  43.148  17.582  10.323 0.0000000000
137083  44.556  18.753  3.246 0.0000000000
137777  38.391  18.535  26.485 0.0000000000
137784  40.285  19.180  24.711 0.0000000000
137785  39.767  18.955  25.348 0.0000000000
137793  40.517  18.771  23.615 0.0000000000
137801  42.092  18.904  22.851 0.0000000000
137802  41.428  18.894  22.730 0.0000000000
137840  42.046  19.051  17.811 0.0000000000
137849  42.013  19.106  17.240 0.0000000000
137866  42.138  18.947  15.534 0.0000000000
137894  42.592  18.820  13.353 0.0000000000
137941  43.435  18.510  9.485 0.0000000000
137956  43.053  19.188  8.524 0.0000000000
137971  40.535  19.127  7.243 0.0000000000
138007  41.550  19.513  2.359 0.0000000000
138011  41.977  19.718  2.446 0.0000000000
138733  39.421  19.394  26.599 0.0000000000
138734  38.687  19.299  26.720 0.0000000000
138742  41.508  19.587  24.442 0.0000000000
138743  40.847  19.273  24.092 0.0000000000
138752  46.938  19.005  23.665 0.0000000000
138753  43.944  19.120  23.539 0.0000000000
138758  46.658  19.142  23.061 0.0000000000
138767  42.858  19.806  19.874 0.0000000000
138776  42.669  19.893  19.115 0.0000000000
138777  42.229  19.891  18.532 0.0000000000
138785  42.238  20.063  17.972 0.0000000000
138793  42.095  19.580  17.542 0.0000000000
138823  42.343  19.013  14.561 0.0000000000
138834  42.929  19.511  13.450 0.0000000000
138845  43.059  19.725  12.269 0.0000000000
138870  43.124  19.444  10.528 0.0000000000
138880  43.411  20.071  10.493 0.0000000000
138947  43.290  20.403  3.270 0.0000000000
138951  42.306  20.080  2.502 0.0000000000
138952  42.057  20.017  2.361 0.0000000000
138953  41.748  19.777  2.287 0.0000000000
139644  46.917  19.727  24.208 0.0000000000
139652  45.684  20.022  22.807 0.0000000000
139655  44.104  20.012  21.687 0.0000000000
139657  43.527  20.239  20.889 0.0000000000
139691  42.394  20.269  16.387 0.0000000000
139715  43.494  20.542  13.376 0.0000000000
139723  43.421  20.328  12.249 0.0000000000
139749  43.087  19.991  9.430 0.0000000000
139792  42.804  20.682  3.262 0.0000000000
139799  42.510  20.251  2.804 0.0000000000
140409  46.020  21.186  25.898 0.0000000000
140419  47.497  20.798  25.059 0.0000000000
140430  46.592  20.879  23.653 0.0000000000
140441  42.916  20.819  19.847 0.0000000000
140445  43.107  21.276  19.718 0.0000000000
140455  42.279  20.586  18.416 0.0000000000
140470  42.717  20.976  17.478 0.0000000000
140474  43.219  21.397  16.271 0.0000000000
140480  42.735  20.511  15.325 0.0000000000
140485  43.237  20.884  14.484 0.0000000000
140496  43.821  21.221  13.109 0.0000000000
140503  44.547  21.643  12.186 0.0000000000
140519  44.436  21.389  10.935 0.0000000000
140527  43.799  20.921  9.846 0.0000000000
140528  40.699  21.470  10.171 0.0000000000
140532  44.331  21.433  9.431 0.0000000000
140534  40.717  21.612  8.751 0.0000000000
140557  42.037  21.960  3.967 0.0000000000
141174  43.938  21.541  27.278 0.0000000000
141194  46.839  21.708  26.336 0.0000000000
141219  45.939  21.413  22.948 0.0000000000
141221  45.302  21.914  22.323 0.0000000000
141231  42.954  21.423  19.079 0.0000000000
141239  43.365  21.947  18.796 0.0000000000
141249  43.359  22.015  18.118 0.0000000000
141258  43.477  21.988  17.376 0.0000000000
141263  43.618  21.879  15.911 0.0000000000
141271  43.807  21.896  14.406 0.0000000000
141276  44.301  22.126  13.960 0.0000000000
141286  45.187  22.464  12.650 0.0000000000
141287  44.895  21.777  11.764 0.0000000000
141300  44.921  21.770  10.537 0.0000000000
141941  46.727  22.801  28.232 0.0000000000
141943  45.436  22.510  27.707 0.0000000000
141962  46.785  22.288  27.310 0.0000000000
141992  49.445  22.459  24.657 0.0000000000
141994  48.426  21.892  24.602 0.0000000000
141996  49.431  22.568  24.114 0.0000000000
141998  47.983  22.466  24.032 0.0000000000
141999  47.486  22.112  23.752 0.0000000000
142004  46.458  22.367  22.681 0.0000000000
142008  45.404  22.627  21.909 0.0000000000
142009  44.823  22.308  21.700 0.0000000000
142013  44.532  22.583  21.028 0.0000000000
142015  44.834  23.094  20.797 0.0000000000
142020  43.823  22.417  19.157 0.0000000000
142052  44.345  22.944  17.380 0.0000000000
142053  43.890  22.503  16.970 0.0000000000
142059  43.975  22.378  16.247 0.0000000000
142064  44.527  22.581  15.336 0.0000000000
142070  44.796  22.870  14.881 0.0000000000
142088  43.250  22.918  12.268 0.0000000000
142093  46.257  22.963  11.437 0.0000000000
142094  45.925  22.383  11.222 0.0000000000
142113  45.889  23.124  8.778 0.0000000000
142115  42.281  22.718  9.122 0.0000000000
142133  45.066  24.351  5.151 0.0000000000
142141  42.531  24.917  3.272 0.0000000000
142143  41.448  22.694  5.000 0.0000000000
142147  42.386  25.530  3.066 0.0000000000
142764  51.351  24.104  28.094 0.0000000000
142765  50.435  23.860  28.393 0.0000000000
142766  48.614  23.169  29.058 0.0000000000
142825  50.863  23.550  24.280 0.0000000000
142829  51.744  24.125  23.654 0.0000000000
142831  49.904  23.174  23.428 0.0000000000
142832  49.258  22.981  23.457 0.0000000000
142834  51.604  24.260  23.061 0.0000000000
142838  48.181  23.296  22.637 0.0000000000
142843  50.715  23.981  21.990 0.0000000000
142847  47.028  23.554  21.752 0.0000000000
142848  46.271  23.421  21.616 0.0000000000
142853  49.477  23.242  20.792 0.0000000000
142857  45.319  23.377  20.937 0.0000000000
142863  46.940  23.581  20.531 0.0000000000
142866  44.761  23.195  19.829 0.0000000000
142870  50.114  23.025  19.615 0.0000000000
142872  47.439  23.574  19.314 0.0000000000
142874  45.410  23.441  19.713 0.0000000000
142878  50.761  22.951  19.210 0.0000000000
142897  50.606  22.892  18.299 0.0000000000
142899  47.596  23.685  18.119 0.0000000000
142900  46.835  23.653  18.347 0.0000000000
142901  46.211  23.753  17.982 0.0000000000
142902  45.546  23.609  17.878 0.0000000000
142917  46.565  23.914  17.331 0.0000000000
142920  44.882  23.218  16.984 0.0000000000
142945  45.665  23.743  14.727 0.0000000000
142953  46.152  23.585  13.650 0.0000000000
142954  45.651  23.171  13.691 0.0000000000
142983  47.052  23.498  9.770 0.0000000000
142984  44.096  24.028  10.406 0.0000000000
143007  42.318  23.836  6.350 0.0000000000
143009  44.890  25.425  4.814 0.0000000000
143013  42.218  25.314  3.847 0.0000000000
143016  42.339  25.466  3.020 0.0000000000
143017  42.303  25.436  2.950 0.0000000000
143559  51.721  24.564  28.045 0.0000000000
143561  50.128  24.100  28.641 0.0000000000
143563  48.184  23.364  28.946 0.0000000000
143566  51.983  25.024  27.566 0.0000000000
143567  51.922  24.610  27.501 0.0000000000
143577  52.091  24.633  26.414 0.0000000000
143592  52.341  25.104  25.753 0.0000000000
143614  52.158  25.052  24.681 0.0000000000
143615  52.247  24.614  24.051 0.0000000000
143632  51.125  24.353  22.561 0.0000000000
143640  50.677  23.466  19.531 0.0000000000
143641  50.328  24.117  19.877 0.0000000000
143654  50.252  23.180  17.727 0.0000000000
143656  48.154  23.943  17.738 0.0000000000
143686  50.686  23.773  16.305 0.0000000000
143704  46.793  24.459  15.376 0.0000000000
143711  47.441  24.671  14.972 0.0000000000
143722  43.794  24.611  14.134 0.0000000000
143747  48.961  25.650  9.584 0.0000000000
143758  46.538  24.758  8.552 0.0000000000
143764  46.060  24.712  7.875 0.0000000000
143784  42.513  25.750  3.488 0.0000000000
143785  42.399  25.619  3.022 0.0000000000
144360  51.658  24.936  28.131 0.0000000000
144361  50.796  24.806  28.403 0.0000000000
144366  52.214  25.380  26.964 0.0000000000
144368  51.266  25.359  27.818 0.0000000000
144376  52.320  25.444  26.200 0.0000000000
144408  52.098  25.283  24.399 0.0000000000
144427  52.221  24.871  23.333 0.0000000000
144431  51.695  24.565  22.762 0.0000000000
144436  50.673  24.678  21.776 0.0000000000
144445  50.398  24.348  20.793 0.0000000000
144450  49.238  25.654  19.812 0.0000000000
144469  51.168  24.445  16.895 0.0000000000
144479  51.333  24.307  16.183 0.0000000000
144494  51.274  24.473  15.643 0.0000000000
144496  50.224  24.758  15.508 0.0000000000
144526  49.716  25.172  12.687 0.0000000000
144542  49.995  25.931  11.344 0.0000000000
144550  49.524  25.997  9.862 0.0000000000
144551  49.132  25.915  9.625 0.0000000000
145163  52.129  25.615  25.800 0.0000000000
145231  49.594  25.402  19.247 0.0000000000
145232  48.944  26.152  19.468 0.0000000000
145243  48.944  26.302  18.439 0.0000000000
145270  51.592  25.405  15.228 0.0000000000
145298  51.506  26.158  14.073 0.0000000000
145311  50.875  26.449  12.404 0.0000000000
145320  50.061  26.206  10.887 0.0000000000
145322  48.707  26.181  10.095 0.0000000000
146012  49.606  27.173  17.393 0.0000000000
146033  51.946  26.675  14.424 0.0000000000
146034  51.813  26.452  15.030 0.0000000000
146062  52.164  27.387  13.290 0.0000000000
146076  49.439  26.834  10.681 0.0000000000
146082  49.483  26.397  10.141 0.0000000000
146730  48.853  27.606  18.608 0.0000000000
146802  51.538  27.979  12.089 0.0000000000
146803  50.734  27.589  11.734 0.0000000000
146818  50.050  27.511  11.317 0.0000000000
146820  49.118  27.434  11.147 0.0000000000
147499  52.533  28.845  13.776 0.0000000000
147508  51.790  29.541  12.758 0.0000000000
147525  49.491  28.952  11.803 0.0000000000
148214  45.297  29.722  17.570 0.0000000000
148224  46.057  29.670  17.188 0.0000000000
148236  46.867  29.660  16.011 0.0000000000
148238  45.096  29.648  16.009 0.0000000000
148262  45.413  29.611  14.437 0.0000000000
148268  51.226  29.852  13.192 0.0000000000
148269  50.037  29.738  13.383 0.0000000000
148281  50.209  29.387  12.874 0.0000000000
148294  44.281  29.191  10.445 0.0000000000
148304  45.239  30.256  10.266 0.0000000000
148310  40.001  29.087  10.170 0.0000000000
148314  44.781  30.205  10.148 0.0000000000
148317  42.326  29.527  9.194 0.0000000000
148327  41.473  29.565  9.244 0.0000000000
149014  46.650  30.343  18.520 0.0000000000
149040  44.666  29.843  17.210 0.0000000000
149041  43.731  30.156  16.942 0.0000000000
149047  43.013  30.160  16.041 0.0000000000
149063  43.554  30.050  15.002 0.0000000000
149102  42.952  30.166  9.017 0.0000000000
149109  41.046  29.841  8.874 0.0000000000
149111  39.580  29.761  8.868 0.0000000000
149779  43.333  30.551  16.908 0.0000000000
189171  43.605  25.723  3.678 0.0000000000
189172  42.754  25.753  3.190 0.0000000000
189175  42.684  25.739  4.536 0.0000000000
190355  43.649  25.922  5.081 0.0000000000
190859  42.439  25.515  2.918 0.0000000000
192625  47.367  16.582  12.380 0.0000000000
192771  49.944  23.484  25.849 0.0000000000
192888  44.580  22.320  27.637 0.0000000000
193081  46.743  23.623  19.472 0.0000000000
193177  42.968  20.176  14.492 0.0000000000
193359  49.869  23.940  16.517 0.0000000000
194671  43.218  20.046  13.559 0.0000000000
196012  48.597  23.711  20.961 0.0000000000
196129  46.250  23.581  20.664 0.0000000000
196939  44.929  24.430  11.621 0.0000000000
197330  43.747  20.158  24.324 0.0000000000
197651  47.658  23.680  10.862 0.0000000000
198406  46.253  19.004  24.095 0.0000000000
198600  44.535  22.610  15.930 0.0000000000
198659  41.865  30.996  11.254 0.0000000000
198920  42.616  19.558  14.527 0.0000000000
199314  45.739  22.767  12.601 0.0000000000
201174  49.541  25.348  10.692 0.0000000000
202020  51.428  26.011  15.623 0.0000000000
202290  45.726  23.675  18.495 0.0000000000
202821  43.559  21.427  14.270 0.0000000000
203626  51.969  28.515  16.161 0.0000000000
203741  47.262  23.923  13.108 0.0000000000
203797  46.314  25.309  11.489 0.0000000000
204133  42.251  16.540  6.387 0.0000000000
204816  43.068  18.777  11.391 0.0000000000
204832  42.955  18.157  17.989 0.0000000000
206600  44.668  17.991  23.217 0.0000000000
208109  45.365  23.352  15.901 0.0000000000
208200  52.024  29.119  16.393 0.0000000000
208563  46.758  20.267  24.712 0.0000000000
209059  45.084  25.792  13.374 0.0000000000
211369  52.410  28.193  13.375 0.0000000000
212721  42.872  18.602  22.903 0.0000000000
214305  43.637  20.591  10.372 0.0000000000
215551  47.747  24.789  13.842 0.0000000000
218320  43.816  30.854  11.050 0.0000000000
218741  52.289  28.183  15.028 0.0000000000
218942  44.451  29.827  14.105 0.0000000000
219449  47.150  20.295  24.200 0.0000000000
220235  43.782  30.221  9.303 0.0000000000
220457  42.829  22.645  12.572 0.0000000000
220511  51.668  27.405  12.722 0.0000000000
220643  48.624  22.616  25.892 0.0000000000
221639  44.100  30.079  17.453 0.0000000000
221910  44.196  29.951  16.897 0.0000000000
222453  46.712  20.710  25.145 0.0000000000
222976  50.913  24.971  22.783 0.0000000000
223536  42.059  19.226  16.126 0.0000000000
223589  50.504  23.849  22.286 0.0000000000
223699  43.022  20.993  15.144 0.0000000000
224895  43.581  23.314  10.539 0.0000000000
224901  45.800  23.656  16.816 0.0000000000
225345  49.001  22.281  25.063 0.0000000000
225478  44.417  17.146  9.323 0.0000000000
225531  46.309  24.513  8.137 0.0000000000
225536  50.689  26.823  11.914 0.0000000000
225589  44.681  25.583  6.820 0.0000000000
225730  48.178  23.524  18.603 0.0000000000
226143  43.038  19.481  9.519 0.0000000000
226362  48.304  25.800  9.473 0.0000000000
227061  42.358  19.347  18.811 0.0000000000
227285  43.091  18.871  10.512 0.0000000000
227434  44.678  24.992  8.842 0.0000000000
227579  43.425  17.860  16.954 0.0000000000
227936  47.712  29.718  11.185 0.0000000000
227956  51.982  25.704  24.566 0.0000000000
227974  42.329  18.654  13.837 0.0000000000
228207  43.025  17.754  16.272 0.0000000000
228457  44.192  16.225  12.326 0.0000000000
228771  45.229  29.865  13.079 0.0000000000
229924  42.222  22.506  9.618 0.0000000000
230367  46.378  22.765  28.288 0.0000000000
230700  42.163  19.587  15.585 0.0000000000
230841  42.885  19.206  12.257 0.0000000000
231114  46.572  26.897  12.167 0.0000000000
231291  49.759  23.434  21.806 0.0000000000
231477  47.428  24.577  14.346 0.0000000000
231503  52.007  27.163  15.245 0.0000000000
231539  47.957  24.561  9.121 0.0000000000
231800  44.321  25.644  4.162 0.0000000000
231896  48.634  24.110  17.365 0.0000000000
232039  43.705  30.662  9.759 0.0000000000
