#!ascii label  , from subject sub-v2s11x28694_ses-1 vox2ras=TkReg
1469
220063  35.095  -62.442  -22.731 0.3000000119
33241  32.821  -55.718  -18.457 0.6000000238
37821  29.792  -51.983  -18.859 0.6999999881
37812  28.908  -51.821  -18.327 0.6999999881
229164  34.607  -61.917  -22.675 0.4000000060
27693  35.788  -58.948  -18.407 0.4000000060
203008  35.988  -61.250  -22.877 0.5000000000
23162  36.580  -61.869  -22.855 0.5000000000
220079  33.380  -55.472  -17.821 0.6999999881
33261  31.202  -55.116  -20.221 0.6999999881
191694  31.938  -55.362  -20.219 0.5000000000
36610  31.090  -53.036  -20.169 0.6000000238
36597  30.360  -52.799  -19.393 0.6000000238
37820  30.984  -51.724  -19.342 0.6999999881
225986  29.795  -51.258  -18.594 0.6999999881
25314  34.927  -60.458  -22.261 0.5000000000
26496  35.815  -59.465  -18.801 0.4000000060
24171  35.160  -60.586  -22.569 0.6000000238
28781  35.357  -57.854  -17.647 0.4000000060
29974  35.207  -57.162  -17.402 0.5000000000
26513  36.698  -59.778  -22.086 0.6000000238
29975  34.591  -57.036  -17.123 0.6000000238
197725  34.024  -55.619  -17.379 0.6000000238
25311  36.921  -59.884  -22.694 0.6000000238
33240  33.866  -55.355  -17.826 0.6000000238
34341  32.364  -55.071  -20.829 0.6000000238
35469  31.814  -53.702  -20.486 0.6000000238
37819  31.881  -51.527  -19.856 0.6999999881
36596  31.459  -52.295  -19.967 0.6999999881
37810  31.548  -51.012  -19.255 0.6999999881
37811  30.616  -51.168  -18.593 0.6999999881
40176  30.137  -49.718  -18.360 0.6999999881
210364  31.670  -50.126  -18.703 0.6999999881
40175  31.014  -50.014  -18.370 0.6999999881
207987  31.157  -48.839  -18.374 0.6999999881
199771  31.994  -49.210  -18.615 0.6999999881
197704  34.451  -60.641  -22.165 0.5000000000
25303  35.032  -60.611  -20.374 0.5000000000
25299  34.991  -60.545  -19.597 0.5000000000
28794  35.897  -57.918  -18.045 0.4000000060
25306  36.101  -60.069  -21.843 0.5000000000
29982  35.802  -57.252  -17.749 0.5000000000
32140  35.263  -55.886  -17.679 0.6000000238
26512  37.326  -59.483  -22.310 0.6000000238
26508  37.383  -59.680  -21.407 0.5000000000
27698  38.567  -58.380  -20.677 0.5000000000
33259  33.419  -54.840  -20.077 0.6999999881
34340  32.911  -54.858  -20.786 0.6000000238
210331  33.013  -55.477  -19.701 0.6999999881
36595  32.191  -52.334  -20.126 0.6000000238
35456  32.334  -53.613  -20.093 0.6000000238
37818  32.153  -51.548  -19.854 0.6000000238
37826  31.985  -52.162  -20.240 0.6000000238
38997  32.476  -50.586  -19.000 0.6000000238
38998  31.929  -50.513  -19.058 0.6999999881
42639  30.712  -48.329  -18.213 0.6999999881
40173  32.989  -49.839  -18.838 0.6000000238
42638  31.664  -48.466  -18.386 0.6999999881
227750  32.453  -49.658  -18.796 0.6999999881
28801  36.514  -58.435  -18.613 0.4000000060
25301  36.082  -60.137  -21.014 0.5000000000
26500  36.077  -59.875  -19.491 0.4000000060
29981  36.364  -57.377  -18.110 0.5000000000
210840  35.803  -55.995  -17.859 0.6000000238
192065  37.183  -59.255  -20.104 0.4000000060
32151  34.943  -55.203  -17.984 0.6000000238
26504  36.960  -59.565  -20.672 0.4000000060
26494  37.218  -58.872  -19.562 0.4000000060
27699  38.085  -58.730  -20.400 0.4000000060
28805  38.686  -57.684  -19.749 0.4000000060
33248  34.125  -54.631  -19.269 0.6999999881
34339  33.645  -54.399  -20.387 0.6000000238
35455  33.112  -53.781  -19.860 0.6000000238
36583  32.545  -52.046  -19.126 0.6000000238
36582  32.705  -52.911  -19.390 0.6000000238
37808  32.592  -51.101  -19.123 0.6000000238
43811  31.614  -47.187  -18.375 0.6999999881
43815  32.506  -47.496  -18.778 0.6999999881
210269  33.016  -49.397  -19.012 0.6000000238
226154  33.130  -48.353  -19.167 0.6000000238
27691  36.876  -58.683  -18.962 0.4000000060
28800  37.360  -57.639  -18.818 0.4000000060
32150  35.582  -55.392  -18.111 0.6999999881
28799  37.866  -57.659  -19.093 0.4000000060
33247  34.631  -54.692  -18.650 0.8000000119
29995  39.021  -57.321  -20.334 0.5000000000
34338  34.102  -54.262  -20.101 0.6999999881
35454  33.982  -53.863  -19.951 0.6000000238
228643  33.019  -52.476  -18.701 0.5000000000
35442  33.447  -53.186  -19.178 0.6000000238
44939  30.979  -46.851  -17.956 0.6999999881
41440  33.445  -49.583  -18.240 0.6000000238
39003  32.954  -50.316  -18.771 0.6000000238
44947  31.896  -46.673  -18.701 0.8000000119
46004  31.602  -46.102  -18.457 0.8000000119
41444  33.339  -49.513  -18.996 0.6000000238
42636  33.499  -48.989  -19.256 0.6000000238
31088  37.319  -56.543  -18.701 0.5000000000
31082  36.233  -56.527  -18.001 0.6000000238
31087  37.915  -56.363  -18.939 0.5000000000
210055  38.703  -54.814  -19.974 0.6999999881
31086  38.553  -56.311  -19.283 0.4000000060
34329  34.580  -54.323  -19.752 0.6999999881
35453  34.481  -53.929  -19.844 0.6999999881
36581  33.676  -52.568  -18.272 0.6000000238
35441  34.237  -53.282  -19.291 0.6000000238
37801  33.523  -51.384  -17.535 0.6000000238
221319  31.594  -45.685  -18.030 0.6000000238
204511  33.293  -50.602  -18.109 0.6000000238
44946  32.821  -46.940  -18.830 0.6999999881
46022  32.160  -46.128  -18.755 0.6999999881
42635  33.932  -48.595  -19.265 0.6999999881
43809  34.325  -48.136  -19.507 0.6999999881
44945  33.756  -47.227  -19.173 0.6999999881
32158  37.332  -55.124  -19.608 0.5000000000
32159  36.485  -55.281  -18.848 0.6000000238
32160  35.892  -55.049  -18.712 0.6000000238
33266  38.028  -54.178  -20.592 0.6999999881
32164  38.052  -54.988  -19.769 0.6000000238
33257  35.599  -54.659  -19.394 0.6999999881
33275  39.390  -54.332  -20.449 0.6999999881
197944  39.705  -55.014  -20.572 0.6999999881
33258  35.063  -54.495  -19.517 0.6999999881
192184  34.972  -54.090  -19.685 0.6999999881
35440  34.875  -53.343  -19.187 0.6000000238
48132  31.973  -44.191  -17.319 0.5000000000
38993  33.633  -51.123  -16.918 0.6000000238
36568  33.768  -51.895  -17.718 0.6000000238
48142  32.776  -44.299  -18.169 0.6000000238
48131  32.268  -44.053  -17.663 0.5000000000
40170  33.417  -50.085  -17.593 0.6000000238
38994  33.408  -51.002  -17.454 0.6000000238
47053  33.436  -45.762  -18.992 0.6000000238
49302  33.371  -43.882  -18.549 0.5000000000
49301  33.868  -43.600  -18.936 0.5000000000
41439  33.699  -49.025  -17.742 0.6999999881
221750  33.898  -48.689  -18.498 0.6999999881
195190  34.641  -47.673  -19.033 0.6999999881
231653  34.380  -47.409  -19.618 0.6999999881
47051  35.217  -45.798  -19.526 0.5000000000
43804  34.251  -48.148  -18.609 0.6999999881
44936  35.299  -46.594  -19.409 0.6000000238
33256  36.152  -54.781  -19.376 0.6000000238
33267  37.399  -54.558  -20.314 0.6999999881
33255  36.733  -54.855  -19.503 0.6000000238
34357  37.734  -53.274  -21.088 0.6999999881
34337  35.490  -54.157  -19.759 0.6999999881
36579  35.264  -52.751  -18.417 0.6999999881
35439  35.399  -53.358  -19.272 0.6999999881
36580  34.581  -52.762  -18.336 0.6000000238
49276  32.214  -43.643  -17.201 0.4000000060
36567  34.278  -52.247  -17.500 0.5000000000
196077  33.359  -42.388  -18.702 0.4000000060
41437  33.626  -49.493  -17.011 0.6000000238
40167  33.610  -50.059  -16.730 0.6000000238
48151  34.282  -44.941  -19.216 0.5000000000
231700  33.852  -44.195  -18.938 0.5000000000
46019  34.977  -46.487  -19.556 0.5000000000
48150  35.145  -44.907  -19.511 0.4000000060
195977  34.114  -47.661  -17.356 0.6000000238
223122  34.854  -47.167  -18.450 0.6999999881
44937  34.929  -47.024  -19.090 0.6000000238
47043  35.891  -46.024  -18.863 0.5000000000
34358  37.202  -53.283  -21.047 0.6000000238
34347  36.549  -53.852  -20.727 0.6999999881
34348  36.030  -53.865  -20.077 0.6999999881
36618  39.014  -51.630  -20.762 0.6999999881
35466  37.582  -52.604  -20.665 0.6999999881
35468  35.795  -53.421  -19.764 0.6000000238
36594  35.912  -52.564  -18.666 0.6000000238
37799  34.652  -51.868  -16.797 0.6000000238
36566  35.149  -52.268  -17.456 0.5000000000
37800  34.002  -51.666  -17.100 0.6000000238
231965  33.766  -49.652  -16.479 0.6000000238
38988  33.944  -50.608  -16.415 0.6000000238
49310  35.290  -44.138  -19.549 0.4000000060
49300  34.561  -43.438  -19.296 0.5000000000
50527  33.906  -42.859  -19.003 0.4000000060
223331  33.908  -48.230  -16.346 0.6000000238
50539  35.591  -43.330  -19.576 0.4000000060
46003  34.448  -46.618  -17.545 0.6000000238
47034  35.349  -45.892  -18.078 0.5000000000
35467  36.884  -52.907  -20.520 0.6999999881
213380  36.320  -53.200  -20.097 0.6000000238
36606  38.128  -52.120  -19.973 0.6999999881
35451  36.817  -52.459  -19.592 0.6000000238
35452  36.200  -52.795  -19.367 0.6000000238
36604  39.348  -51.424  -20.233 0.6999999881
209275  35.785  -52.399  -17.822 0.5000000000
38987  34.643  -50.902  -16.036 0.6000000238
37798  35.570  -51.591  -16.640 0.6000000238
40166  33.981  -49.890  -16.167 0.5000000000
42621  33.932  -48.527  -15.865 0.6000000238
44925  34.265  -47.007  -16.743 0.6000000238
46002  34.757  -46.006  -17.305 0.5000000000
36576  37.853  -51.769  -18.334 0.6999999881
36577  37.369  -51.713  -17.848 0.6999999881
36564  36.795  -51.699  -17.098 0.6000000238
37797  36.313  -51.410  -16.534 0.5000000000
38978  35.033  -50.603  -15.461 0.6000000238
37773  35.215  -51.104  -15.724 0.6000000238
40159  34.303  -49.579  -15.520 0.6000000238
192531  34.019  -47.883  -15.740 0.6000000238
45995  34.522  -46.272  -16.537 0.5000000000
30002  40.223  -57.357  -22.294 0.5000000000
32171  39.960  -55.692  -21.573 0.5000000000
32174  40.829  -55.480  -23.134 0.5000000000
198986  40.229  -55.715  -22.141 0.5000000000
32167  40.096  -54.968  -21.055 0.6999999881
35491  40.780  -52.723  -22.304 0.6999999881
208073  40.178  -55.061  -21.908 0.5000000000
33283  40.319  -54.329  -22.632 0.5000000000
34355  39.669  -53.501  -21.056 0.6999999881
34354  40.086  -53.469  -21.339 0.6999999881
35478  39.161  -52.620  -21.184 0.6999999881
22180  36.013  -62.833  -22.693 0.3000000119
206864  30.685  -54.609  -20.385 0.6000000238
38999  30.264  -50.611  -18.292 0.6999999881
43813  30.143  -47.765  -17.965 0.6999999881
31094  39.054  -56.511  -20.007 0.6000000238
202074  33.121  -51.155  -18.132 0.6000000238
43814  34.145  -47.867  -19.573 0.6999999881
48153  32.884  -44.992  -18.797 0.6000000238
46020  34.221  -46.703  -19.440 0.6999999881
205785  33.645  -45.193  -19.003 0.6000000238
197817  34.471  -47.557  -19.531 0.6999999881
49290  32.931  -43.487  -18.125 0.5000000000
50514  32.964  -42.746  -18.165 0.5000000000
47050  36.390  -45.573  -19.442 0.5000000000
36607  37.490  -52.265  -19.821 0.6999999881
36565  36.072  -51.877  -17.181 0.5000000000
190872  34.236  -48.879  -15.326 0.6000000238
43787  34.176  -47.243  -15.781 0.6000000238
205533  36.768  -52.302  -18.629 0.6000000238
38979  34.465  -50.249  -15.799 0.6000000238
192060  42.094  -51.645  -23.013 0.6000000238
229839  45.360  -51.110  -21.507 0.6000000238
37825  45.948  -50.749  -20.478 0.4000000060
35482  43.645  -50.831  -23.200 0.5000000000
36628  41.470  -51.934  -22.251 0.6000000238
32131  33.189  -55.973  -16.879 0.5000000000
37824  46.742  -50.831  -19.995 0.4000000060
212044  33.519  -55.620  -17.285 0.5000000000
32144  32.250  -55.840  -17.513 0.5000000000
213994  44.247  -50.964  -23.265 0.5000000000
37814  47.425  -50.929  -18.630 0.4000000060
32143  32.970  -55.737  -17.371 0.5000000000
33251  30.859  -55.655  -19.562 0.5000000000
36613  44.710  -51.006  -21.590 0.6000000238
33250  32.097  -55.486  -19.264 0.5000000000
35483  42.741  -51.547  -22.538 0.5000000000
35485  40.171  -52.206  -21.836 0.6000000238
37791  47.981  -51.548  -16.687 0.4000000060
37790  48.062  -52.016  -16.535 0.4000000060
36601  44.336  -51.052  -20.472 0.4000000060
33243  29.075  -55.194  -17.902 0.5000000000
36614  43.831  -51.271  -20.979 0.5000000000
33252  29.800  -55.763  -19.335 0.5000000000
34331  28.048  -54.412  -18.761 0.5000000000
35484  41.899  -51.868  -22.076 0.6000000238
36616  40.756  -51.563  -21.404 0.6000000238
34361  39.712  -52.439  -21.428 0.6000000238
35457  30.275  -53.892  -19.920 0.5000000000
36584  27.782  -53.260  -18.987 0.5000000000
35432  27.932  -53.802  -18.144 0.4000000060
35462  42.180  -52.492  -20.525 0.5000000000
225039  42.861  -52.233  -20.707 0.5000000000
35475  41.475  -51.959  -21.288 0.6000000238
35464  40.843  -52.510  -20.349 0.6000000238
36617  40.218  -51.445  -21.047 0.6000000238
35465  39.735  -51.540  -20.007 0.6000000238
35486  39.407  -51.665  -21.080 0.6000000238
199705  45.687  -50.489  -18.800 0.4000000060
37792  47.252  -50.978  -16.921 0.4000000060
37822  28.674  -52.473  -18.597 0.5000000000
36585  27.533  -52.640  -18.593 0.5000000000
37802  26.963  -52.093  -18.061 0.4000000060
36598  28.975  -53.054  -19.119 0.6000000238
195087  27.763  -53.100  -17.945 0.4000000060
35461  43.327  -52.080  -20.339 0.6000000238
35448  42.179  -53.212  -19.696 0.6000000238
34345  41.045  -53.314  -19.746 0.6000000238
35449  39.829  -52.443  -19.293 0.6000000238
37766  47.008  -51.790  -15.763 0.4000000060
212373  27.733  -51.537  -18.809 0.5000000000
37803  26.669  -51.823  -18.336 0.4000000060
40171  26.706  -50.704  -17.793 0.4000000060
36589  44.162  -50.959  -19.418 0.6000000238
37817  44.767  -50.446  -18.902 0.4000000060
35447  42.939  -53.329  -19.104 0.6000000238
36602  43.752  -51.646  -19.909 0.6000000238
200857  42.898  -52.828  -19.973 0.5000000000
34335  41.194  -53.964  -19.017 0.6000000238
231063  42.253  -53.696  -19.105 0.5000000000
194811  39.454  -52.693  -18.754 0.6000000238
37764  48.796  -51.526  -15.572 0.4000000060
37793  46.214  -50.904  -17.435 0.4000000060
39001  28.426  -50.526  -18.795 0.6000000238
231452  27.362  -50.438  -18.803 0.5000000000
41443  27.337  -49.704  -17.420 0.5000000000
40168  26.707  -50.341  -16.972 0.5000000000
36573  44.091  -51.172  -18.553 0.4000000060
200159  45.301  -50.677  -18.081 0.4000000060
36574  43.853  -52.233  -18.223 0.5000000000
34324  42.832  -53.704  -17.849 0.5000000000
34319  41.896  -54.044  -17.336 0.5000000000
34327  40.700  -53.930  -18.440 0.6000000238
35437  39.587  -53.115  -17.921 0.6000000238
35438  38.856  -52.385  -18.520 0.6000000238
37767  45.818  -51.743  -15.543 0.4000000060
221168  46.245  -51.872  -16.002 0.4000000060
229149  46.406  -51.873  -15.426 0.4000000060
37740  47.395  -51.268  -14.355 0.4000000060
41447  29.630  -49.183  -18.275 0.6000000238
38973  44.673  -50.908  -16.092 0.4000000060
195037  46.078  -51.440  -16.630 0.4000000060
41441  28.609  -48.923  -17.790 0.6000000238
42634  27.632  -48.779  -17.287 0.5000000000
41438  27.095  -49.313  -16.880 0.4000000060
37795  44.548  -50.872  -17.478 0.4000000060
35434  43.382  -53.052  -17.839 0.5000000000
34321  40.628  -54.005  -17.021 0.5000000000
34322  39.940  -53.552  -17.041 0.6000000238
192801  39.001  -52.864  -17.571 0.6000000238
36562  38.252  -52.373  -17.889 0.6000000238
37741  45.606  -51.412  -14.117 0.4000000060
42641  29.288  -48.805  -17.805 0.6000000238
42633  28.217  -48.560  -17.375 0.5000000000
42622  26.830  -48.063  -16.912 0.5000000000
38984  44.236  -50.848  -16.353 0.4000000060
36550  43.463  -51.843  -16.798 0.4000000060
36561  43.171  -52.702  -17.065 0.5000000000
34312  41.624  -53.906  -16.698 0.5000000000
35429  39.295  -53.203  -16.766 0.5000000000
38948  46.385  -50.870  -13.821 0.4000000060
43805  29.751  -47.453  -17.445 0.6000000238
43797  29.688  -47.341  -16.488 0.5000000000
43788  28.809  -47.326  -15.894 0.5000000000
35418  42.592  -53.122  -16.631 0.5000000000
34313  40.935  -53.987  -16.570 0.4000000060
35412  38.800  -53.395  -15.494 0.4000000060
35423  38.101  -52.818  -16.598 0.4000000060
36553  37.648  -52.226  -16.906 0.6000000238
40136  45.791  -50.134  -13.160 0.4000000060
38962  44.915  -51.362  -14.368 0.4000000060
44940  30.365  -47.133  -17.722 0.6000000238
231952  43.706  -50.691  -15.250 0.4000000060
46005  31.137  -46.168  -17.692 0.5000000000
44932  30.136  -46.912  -17.044 0.5000000000
44927  29.521  -47.132  -15.795 0.5000000000
44914  29.151  -46.708  -15.589 0.4000000060
44926  30.058  -46.697  -15.990 0.4000000060
35408  41.728  -53.112  -15.674 0.5000000000
35409  41.000  -53.289  -15.566 0.5000000000
225808  40.120  -53.253  -14.937 0.6000000238
35413  38.169  -53.080  -15.843 0.4000000060
35414  37.611  -52.876  -15.531 0.4000000060
36547  36.777  -51.725  -15.695 0.4000000060
35402  38.142  -53.252  -14.989 0.5000000000
47035  31.464  -45.469  -17.393 0.5000000000
47036  31.070  -45.780  -16.786 0.6000000238
48118  31.320  -44.715  -16.364 0.4000000060
37759  36.238  -51.854  -14.423 0.5000000000
37772  35.742  -51.298  -15.491 0.5000000000
231147  38.076  -52.648  -13.308 0.5000000000
35401  38.917  -53.303  -14.748 0.5000000000
35403  37.545  -53.005  -14.902 0.5000000000
212259  36.710  -52.324  -14.215 0.5000000000
38938  44.493  -50.526  -13.459 0.4000000060
42617  34.117  -48.185  -15.186 0.5000000000
38966  35.479  -50.973  -15.143 0.4000000060
37760  35.823  -51.391  -14.861 0.5000000000
198959  36.990  -52.529  -13.702 0.5000000000
36528  37.706  -52.898  -13.658 0.5000000000
49277  31.837  -44.094  -16.553 0.4000000060
41427  34.309  -48.568  -14.647 0.4000000060
41421  34.597  -49.531  -13.980 0.4000000060
40163  34.810  -49.978  -15.079 0.5000000000
38967  35.341  -50.368  -14.769 0.5000000000
224854  35.932  -51.326  -14.258 0.5000000000
38954  35.661  -50.870  -14.480 0.5000000000
37744  36.158  -51.573  -13.700 0.5000000000
38941  35.487  -50.835  -13.009 0.5000000000
227963  35.288  -50.706  -13.490 0.4000000060
35458  29.291  -53.607  -19.606 0.5000000000
39000  29.194  -51.033  -18.577 0.6000000238
33262  30.032  -55.492  -20.182 0.6000000238
214013  29.461  -50.309  -18.551 0.6000000238
29976  34.026  -56.937  -16.903 0.5000000000
48143  32.015  -44.497  -17.869 0.5000000000
36563  37.716  -51.708  -17.614 0.6000000238
36554  36.852  -51.601  -16.449 0.4000000060
34330  28.535  -55.016  -18.839 0.5000000000
34343  28.827  -54.780  -19.581 0.5000000000
35459  28.325  -54.018  -19.398 0.5000000000
37813  26.958  -52.230  -18.634 0.4000000060
37789  26.708  -51.618  -17.537 0.4000000060
36590  43.775  -51.988  -19.006 0.6000000238
39002  27.445  -50.833  -18.854 0.6000000238
205416  26.576  -51.414  -17.900 0.4000000060
38983  44.644  -50.766  -16.767 0.4000000060
40178  28.020  -49.987  -18.767 0.6000000238
41442  27.836  -49.116  -17.853 0.5000000000
40169  26.451  -49.910  -16.504 0.5000000000
38980  26.280  -51.539  -16.308 0.5000000000
42628  27.329  -48.459  -16.973 0.5000000000
42632  28.970  -48.416  -17.363 0.5000000000
42627  28.032  -48.302  -16.863 0.5000000000
43798  29.171  -47.700  -16.287 0.5000000000
34308  39.955  -53.634  -15.954 0.5000000000
43800  27.533  -47.984  -16.693 0.5000000000
36552  42.320  -52.742  -16.014 0.5000000000
44931  30.593  -46.363  -16.849 0.6000000238
36546  37.244  -52.187  -15.960 0.3000000119
40152  34.849  -50.043  -13.806 0.4000000060
192628  35.131  -68.791  -14.303 0.3000000119
14438  34.037  -69.304  -15.615 0.3000000119
14437  34.564  -69.522  -15.429 0.3000000119
12596  34.568  -70.991  -17.804 0.3000000119
13520  34.426  -69.942  -16.436 0.3000000119
12584  34.534  -71.247  -17.038 0.3000000119
212603  33.720  -71.757  -18.870 0.3000000119
10980  34.420  -71.483  -18.404 0.3000000119
9233  36.149  -72.703  -16.442 0.3000000119
193988  34.517  -72.652  -16.954 0.3000000119
10235  34.759  -73.634  -18.791 0.3000000119
11006  33.882  -72.596  -19.282 0.3000000119
9250  35.532  -73.105  -17.342 0.3000000119
10990  37.066  -72.139  -18.364 0.3000000119
212855  35.944  -73.539  -18.219 0.3000000119
9298  35.816  -73.707  -19.233 0.4000000060
10251  35.336  -73.705  -19.876 0.4000000060
10288  35.406  -72.819  -21.012 0.4000000060
11041  34.642  -71.804  -21.536 0.3000000119
223190  37.803  -69.933  -19.606 0.3000000119
11005  36.848  -71.762  -19.624 0.4000000060
193330  36.519  -71.782  -20.357 0.4000000060
10272  35.718  -73.130  -20.428 0.4000000060
13568  37.180  -70.537  -18.792 0.3000000119
191945  35.822  -71.627  -21.034 0.4000000060
17476  36.721  -67.327  -19.116 0.4000000060
14499  37.551  -69.399  -19.097 0.4000000060
11046  34.748  -71.240  -21.802 0.4000000060
12642  35.801  -69.743  -21.817 0.3000000119
14498  38.278  -68.831  -19.606 0.4000000060
11779  37.363  -70.822  -20.145 0.3000000119
219384  37.210  -70.634  -20.601 0.4000000060
17475  37.654  -67.394  -19.381 0.4000000060
14523  37.559  -68.935  -21.187 0.5000000000
11039  36.501  -70.740  -20.934 0.4000000060
25319  37.418  -60.325  -23.059 0.5000000000
226903  37.167  -66.830  -19.321 0.4000000060
11788  35.950  -70.064  -21.413 0.4000000060
199510  36.370  -63.623  -22.745 0.3000000119
23168  37.992  -61.962  -23.347 0.4000000060
230726  36.670  -66.799  -22.427 0.3000000119
199656  34.199  -57.593  -16.942 0.4000000060
29960  33.564  -57.320  -16.772 0.4000000060
202809  39.384  -57.337  -20.965 0.4000000060
28815  39.662  -57.653  -21.582 0.4000000060
27702  38.592  -58.391  -21.512 0.4000000060
15489  38.935  -68.334  -19.841 0.4000000060
210845  37.996  -69.373  -20.458 0.3000000119
13591  37.594  -69.545  -20.746 0.5000000000
28821  39.179  -58.172  -21.880 0.4000000060
26511  37.886  -59.012  -22.552 0.4000000060
17490  37.902  -66.721  -19.509 0.4000000060
23161  37.346  -61.816  -23.184 0.4000000060
222054  37.014  -68.873  -21.452 0.4000000060
25325  38.550  -60.724  -23.338 0.5000000000
14545  36.063  -68.871  -22.287 0.5000000000
22182  38.221  -62.598  -23.508 0.4000000060
22178  37.365  -63.401  -23.091 0.4000000060
16486  37.025  -67.193  -22.292 0.3000000119
21274  37.083  -64.178  -22.840 0.4000000060
32132  32.531  -56.026  -16.856 0.4000000060
194018  39.419  -55.886  -20.494 0.4000000060
226981  39.055  -67.012  -19.856 0.4000000060
15499  38.983  -68.382  -20.214 0.4000000060
27706  39.428  -58.529  -22.621 0.4000000060
27712  39.124  -59.062  -22.955 0.5000000000
16438  39.468  -67.110  -20.190 0.4000000060
191958  38.702  -68.457  -20.782 0.4000000060
26516  39.517  -59.563  -23.401 0.5000000000
19319  38.927  -65.220  -19.897 0.4000000060
18436  39.951  -65.551  -20.469 0.4000000060
17502  39.555  -66.837  -20.506 0.4000000060
231928  39.189  -66.898  -21.126 0.5000000000
17516  38.281  -66.836  -21.815 0.5000000000
28824  40.538  -58.138  -23.591 0.4000000060
26522  39.854  -59.894  -23.521 0.5000000000
21242  39.451  -63.857  -19.817 0.4000000060
18461  37.711  -66.463  -22.226 0.5000000000
24184  38.813  -61.111  -23.023 0.4000000060
19352  37.773  -65.817  -22.439 0.4000000060
221614  38.895  -63.760  -22.999 0.4000000060
21272  38.279  -63.698  -23.211 0.4000000060
22176  38.373  -63.051  -23.403 0.4000000060
221671  40.614  -56.725  -22.988 0.4000000060
32179  41.262  -55.703  -23.514 0.3000000119
18447  40.063  -65.773  -20.660 0.4000000060
19340  40.222  -65.353  -20.863 0.4000000060
28828  40.713  -58.445  -23.813 0.4000000060
37776  26.782  -51.572  -16.442 0.4000000060
22138  40.599  -62.675  -19.562 0.4000000060
20280  40.444  -64.260  -20.613 0.4000000060
18459  39.201  -65.475  -21.790 0.5000000000
19351  38.807  -64.845  -22.308 0.5000000000
28827  41.120  -58.182  -23.687 0.5000000000
25322  40.094  -60.247  -23.476 0.4000000060
22147  41.064  -63.068  -19.899 0.4000000060
19368  37.963  -65.071  -22.748 0.4000000060
23165  39.249  -61.173  -22.894 0.4000000060
22175  39.312  -62.816  -22.751 0.4000000060
24176  39.964  -61.206  -23.017 0.4000000060
33289  41.267  -54.146  -23.778 0.4000000060
30005  41.172  -56.974  -23.519 0.3000000119
20292  40.679  -64.031  -20.815 0.4000000060
21251  41.071  -63.764  -20.992 0.4000000060
207187  41.583  -56.867  -23.668 0.3000000119
22153  41.363  -62.950  -20.199 0.4000000060
22152  41.487  -62.644  -20.520 0.4000000060
21262  40.911  -63.552  -21.060 0.4000000060
21263  40.352  -63.578  -21.751 0.5000000000
24155  42.046  -61.497  -19.354 0.4000000060
23139  42.037  -61.828  -20.050 0.4000000060
224891  40.759  -62.162  -21.768 0.4000000060
23159  40.343  -61.649  -22.492 0.4000000060
25321  40.613  -60.145  -23.368 0.4000000060
34367  40.769  -52.946  -23.154 0.4000000060
23147  41.300  -62.012  -21.137 0.4000000060
12646  30.381  -71.317  -22.973 0.3000000119
10215  37.288  -72.496  -17.078 0.3000000119
12603  37.166  -70.953  -18.421 0.3000000119
14500  36.696  -69.579  -18.523 0.4000000060
20284  37.631  -64.812  -19.507 0.4000000060
19320  38.200  -65.363  -19.701 0.4000000060
21243  37.972  -63.340  -19.339 0.4000000060
22139  39.620  -62.528  -19.326 0.4000000060
222987  42.295  -55.712  -23.722 0.3000000119
24150  41.856  -61.404  -19.145 0.4000000060
33288  41.983  -53.815  -23.901 0.4000000060
32177  42.997  -55.202  -23.528 0.4000000060
30004  41.809  -57.247  -23.342 0.4000000060
26498  42.870  -59.958  -19.590 0.4000000060
218718  42.081  -60.705  -20.428 0.4000000060
25305  41.831  -60.366  -21.109 0.4000000060
25309  41.447  -60.078  -22.158 0.4000000060
205603  41.727  -58.772  -22.890 0.3000000119
28823  41.746  -58.018  -23.100 0.4000000060
207337  42.779  -60.228  -20.043 0.4000000060
24177  37.921  -60.832  -23.314 0.4000000060
34370  42.061  -52.780  -23.678 0.4000000060
14454  33.570  -69.002  -16.540 0.3000000119
196275  34.647  -70.347  -16.084 0.3000000119
12604  34.562  -70.645  -18.482 0.3000000119
13602  30.517  -71.074  -22.566 0.3000000119
12641  30.766  -71.513  -22.373 0.3000000119
210468  34.163  -72.307  -17.344 0.3000000119
10194  36.532  -72.651  -17.525 0.3000000119
9251  35.260  -73.518  -17.666 0.4000000060
215073  35.042  -73.209  -20.514 0.4000000060
194988  36.558  -72.663  -18.940 0.3000000119
11003  37.050  -71.747  -18.971 0.3000000119
10271  36.465  -72.633  -19.729 0.4000000060
11035  36.381  -71.640  -20.714 0.4000000060
13552  36.637  -70.214  -18.008 0.3000000119
18427  36.209  -65.974  -18.737 0.4000000060
16465  38.655  -67.782  -21.177 0.4000000060
17517  37.653  -67.060  -22.168 0.5000000000
229227  37.051  -65.853  -22.659 0.3000000119
15516  37.593  -67.989  -21.702 0.5000000000
229400  39.077  -63.374  -19.590 0.4000000060
22167  39.918  -62.905  -22.318 0.4000000060
25315  41.096  -60.123  -22.968 0.4000000060
35487  45.210  -52.446  -22.792 0.4000000060
35488  44.509  -52.223  -23.388 0.4000000060
35472  46.373  -52.772  -21.278 0.4000000060
37828  46.869  -51.223  -20.778 0.3000000119
35481  45.554  -51.810  -22.643 0.5000000000
36627  44.045  -51.287  -23.487 0.4000000060
35490  43.016  -51.504  -23.489 0.4000000060
33222  43.014  -54.957  -14.620 0.3000000119
32101  43.361  -55.248  -15.204 0.3000000119
34293  47.788  -54.734  -13.961 0.3000000119
34310  47.861  -53.663  -16.833 0.3000000119
35426  48.280  -53.135  -16.934 0.3000000119
36572  48.411  -51.311  -18.149 0.3000000119
211792  44.960  -54.666  -14.762 0.3000000119
33207  46.026  -54.615  -14.216 0.3000000119
34282  46.900  -54.221  -13.465 0.3000000119
33212  42.020  -54.872  -13.896 0.3000000119
34298  43.053  -54.234  -13.622 0.3000000119
35407  48.512  -53.507  -15.671 0.3000000119
208460  48.988  -52.097  -15.587 0.3000000119
34284  45.250  -53.692  -13.609 0.3000000119
35380  47.291  -53.656  -13.043 0.3000000119
34292  48.289  -54.395  -14.265 0.3000000119
213789  44.371  -52.504  -12.464 0.3000000119
35367  44.981  -52.979  -12.776 0.3000000119
36478  47.823  -52.278  -11.874 0.3000000119
37711  45.606  -51.825  -12.178 0.3000000119
37710  46.348  -51.774  -11.892 0.3000000119
35384  43.610  -53.316  -12.751 0.3000000119
35378  48.901  -53.329  -13.145 0.3000000119
36510  49.407  -52.344  -12.963 0.3000000119
37739  48.481  -51.361  -14.157 0.3000000119
37700  44.591  -51.382  -11.794 0.3000000119
36492  48.433  -52.855  -12.036 0.3000000119
38934  50.017  -50.807  -12.287 0.3000000119
37680  45.704  -50.946  -11.632 0.3000000119
37678  47.212  -51.285  -11.363 0.3000000119
37696  48.125  -51.863  -11.646 0.3000000119
40111  48.183  -50.025  -11.774 0.3000000119
38947  47.731  -50.880  -14.046 0.3000000119
37724  49.147  -51.530  -13.350 0.3000000119
37725  48.774  -50.828  -13.887 0.3000000119
40135  46.757  -50.065  -13.570 0.3000000119
40137  45.006  -50.055  -13.162 0.3000000119
41403  46.283  -49.483  -13.367 0.3000000119
41404  45.423  -49.487  -13.151 0.3000000119
204627  44.346  -49.045  -13.197 0.3000000119
36611  47.409  -51.929  -20.607 0.3000000119
36620  46.143  -51.971  -21.906 0.4000000060
36558  48.612  -52.042  -17.528 0.3000000119
36523  49.340  -51.902  -14.186 0.3000000119
34362  45.831  -52.863  -22.009 0.5000000000
33209  44.330  -54.404  -14.430 0.3000000119
35379  48.128  -53.542  -13.110 0.3000000119
34306  47.553  -54.674  -15.492 0.3000000119
35433  47.989  -53.713  -17.941 0.3000000119
36571  48.531  -52.254  -18.415 0.3000000119
35381  46.378  -53.495  -13.158 0.3000000119
34285  44.092  -53.442  -13.388 0.3000000119
35397  49.147  -53.121  -14.542 0.3000000119
36494  46.126  -52.372  -12.327 0.3000000119
215275  46.676  -50.624  -11.373 0.3000000119
41377  47.026  -49.235  -11.598 0.3000000119
199276  49.680  -52.276  -11.726 0.3000000119
38895  44.819  -50.302  -11.449 0.3000000119
40091  49.192  -50.468  -11.299 0.3000000119
28822  42.399  -57.504  -22.771 0.3000000119
28817  42.643  -57.702  -21.848 0.4000000060
29993  43.965  -57.210  -20.293 0.4000000060
29996  44.272  -56.529  -20.647 0.4000000060
32173  43.383  -55.687  -22.713 0.3000000119
31095  45.142  -55.985  -20.709 0.4000000060
31092  45.570  -56.244  -20.158 0.3000000119
31100  43.851  -56.019  -22.060 0.4000000060
32169  45.120  -55.534  -21.104 0.4000000060
32165  45.986  -55.615  -20.177 0.3000000119
192580  44.221  -54.788  -22.559 0.3000000119
32170  44.681  -55.463  -21.554 0.4000000060
33272  45.922  -55.048  -20.684 0.4000000060
34364  44.847  -53.322  -22.785 0.3000000119
33280  45.112  -54.182  -22.205 0.4000000060
34359  46.164  -53.694  -21.282 0.4000000060
33281  44.101  -54.316  -23.330 0.3000000119
34368  43.525  -53.369  -23.615 0.3000000119
35492  42.848  -52.405  -23.774 0.3000000119
33285  42.670  -54.367  -23.780 0.3000000119
33277  45.268  -54.893  -21.577 0.4000000060
31097  44.056  -56.258  -21.305 0.4000000060
15467  36.215  -68.347  -17.741 0.3000000119
27701  42.435  -58.987  -21.176 0.3000000119
231984  38.113  -67.684  -15.539 0.3000000119
15443  37.944  -68.520  -16.171 0.3000000119
15458  36.351  -68.620  -17.138 0.3000000119
16427  36.374  -67.487  -18.538 0.3000000119
29998  43.053  -57.154  -21.245 0.3000000119
26505  42.618  -59.699  -20.572 0.3000000119
18376  36.991  -66.319  -15.349 0.3000000119
17454  36.233  -67.033  -16.932 0.3000000119
18377  36.484  -66.327  -15.952 0.3000000119
18414  35.931  -66.204  -18.258 0.3000000119
19303  36.959  -65.030  -19.203 0.3000000119
28813  43.310  -57.482  -20.561 0.3000000119
20179  37.119  -64.507  -14.158 0.3000000119
228168  36.491  -65.872  -15.595 0.3000000119
19261  36.475  -65.018  -15.026 0.3000000119
18400  36.053  -66.413  -17.492 0.3000000119
18388  36.182  -66.328  -16.646 0.3000000119
20265  36.053  -64.506  -18.602 0.3000000119
20199  35.707  -64.191  -15.383 0.3000000119
20228  35.595  -64.483  -16.410 0.3000000119
19295  35.604  -64.951  -18.014 0.3000000119
196250  35.572  -64.565  -16.981 0.3000000119
21228  37.254  -63.618  -18.966 0.3000000119
22140  38.943  -62.420  -19.039 0.3000000119
196693  40.827  -61.152  -19.216 0.3000000119
20180  36.380  -64.237  -14.355 0.3000000119
21229  36.680  -63.579  -18.552 0.3000000119
21216  35.940  -63.720  -17.885 0.3000000119
23123  38.390  -61.928  -18.816 0.3000000119
28809  43.516  -57.959  -19.873 0.3000000119
194255  35.439  -63.362  -16.058 0.3000000119
22079  35.361  -63.158  -14.822 0.3000000119
230472  35.548  -63.129  -16.632 0.3000000119
22116  35.900  -63.152  -17.386 0.3000000119
23124  37.619  -62.177  -18.625 0.3000000119
24151  39.856  -60.867  -18.738 0.3000000119
201235  42.252  -59.768  -18.975 0.3000000119
27694  43.262  -58.653  -19.425 0.3000000119
28808  44.200  -57.596  -19.618 0.3000000119
27705  42.023  -58.954  -21.999 0.3000000119
23091  35.720  -62.511  -16.807 0.3000000119
23104  37.108  -61.978  -18.154 0.3000000119
24152  39.153  -61.347  -18.729 0.3000000119
26492  41.766  -59.718  -18.776 0.3000000119
229453  36.148  -67.178  -17.513 0.3000000119
16379  37.640  -67.496  -15.553 0.3000000119
15445  36.599  -68.152  -16.601 0.3000000119
9232  36.679  -72.738  -16.426 0.3000000119
9234  35.717  -72.787  -16.663 0.3000000119
9248  36.840  -72.785  -16.893 0.3000000119
9249  35.962  -72.859  -17.120 0.3000000119
9266  36.273  -72.821  -17.306 0.3000000119
9267  35.896  -73.123  -17.657 0.3000000119
9268  35.545  -73.547  -17.972 0.3000000119
9282  36.242  -73.065  -18.071 0.3000000119
9283  36.148  -73.532  -18.661 0.3000000119
9284  35.633  -73.817  -18.594 0.4000000060
9285  35.173  -73.881  -18.338 0.4000000060
9299  35.209  -73.961  -19.071 0.4000000060
10178  35.976  -72.860  -16.139 0.3000000119
10180  34.863  -72.797  -16.608 0.3000000119
10193  37.451  -72.735  -16.704 0.3000000119
10195  35.402  -73.097  -17.015 0.3000000119
10196  34.921  -73.177  -17.330 0.4000000060
10216  36.974  -72.208  -17.925 0.3000000119
10217  34.822  -73.422  -18.076 0.4000000060
10232  36.883  -72.348  -18.652 0.3000000119
10233  36.566  -72.683  -18.268 0.3000000119
10234  36.389  -73.068  -18.630 0.3000000119
10236  34.363  -73.269  -19.197 0.3000000119
10249  36.741  -72.185  -19.329 0.3000000119
10250  36.315  -73.219  -19.179 0.3000000119
10252  34.752  -73.645  -19.485 0.4000000060
10253  34.307  -73.235  -19.790 0.4000000060
10273  34.382  -73.109  -20.493 0.4000000060
10286  36.389  -72.251  -20.479 0.4000000060
10287  36.033  -72.647  -20.852 0.4000000060
10294  34.958  -72.319  -21.200 0.3000000119
10295  34.486  -72.393  -21.457 0.3000000119
10957  34.748  -72.486  -16.278 0.3000000119
10966  34.393  -72.851  -17.724 0.3000000119
10979  34.137  -72.259  -18.039 0.3000000119
10991  34.330  -72.906  -18.553 0.3000000119
11004  36.955  -71.920  -19.122 0.3000000119
11022  37.055  -71.411  -19.708 0.4000000060
11023  36.830  -71.535  -19.907 0.4000000060
11024  36.589  -71.959  -19.923 0.4000000060
11034  36.676  -71.311  -20.418 0.4000000060
11036  35.559  -72.173  -21.094 0.4000000060
11040  36.021  -70.964  -20.981 0.4000000060
11743  34.255  -72.015  -16.652 0.3000000119
11752  34.172  -71.745  -17.499 0.3000000119
11758  37.186  -71.505  -18.642 0.3000000119
11759  37.238  -71.127  -18.814 0.3000000119
11768  37.222  -71.163  -19.555 0.3000000119
11780  37.018  -71.079  -20.271 0.3000000119
11783  36.791  -70.925  -20.724 0.4000000060
11785  31.289  -71.685  -22.386 0.3000000119
11786  35.966  -70.588  -21.180 0.4000000060
11789  35.443  -70.221  -21.530 0.4000000060
12566  34.640  -71.429  -16.398 0.3000000119
12595  36.970  -70.716  -18.148 0.3000000119
12605  34.190  -70.953  -18.879 0.3000000119
12616  37.331  -70.887  -19.453 0.3000000119
12626  37.581  -70.621  -19.935 0.3000000119
12633  37.511  -70.306  -20.461 0.4000000060
12634  37.247  -70.060  -20.865 0.5000000000
12635  36.796  -69.864  -21.145 0.5000000000
12638  36.856  -70.422  -20.974 0.4000000060
12639  36.410  -70.218  -21.179 0.4000000060
12640  36.267  -69.689  -21.433 0.4000000060
12643  35.279  -69.998  -22.304 0.3000000119
12645  30.946  -71.441  -22.970 0.3000000119
13489  35.152  -69.650  -15.244 0.3000000119
13504  34.915  -70.186  -15.676 0.3000000119
13505  34.419  -69.798  -15.868 0.3000000119
13519  34.600  -70.688  -16.583 0.3000000119
13537  34.593  -70.644  -17.300 0.3000000119
13567  37.376  -70.539  -19.241 0.3000000119
13569  37.013  -70.167  -18.658 0.3000000119
13579  37.721  -70.261  -19.820 0.3000000119
13586  37.766  -69.949  -20.264 0.3000000119
13592  37.151  -69.417  -21.130 0.5000000000
13599  36.638  -69.290  -21.427 0.4000000060
13600  36.194  -69.257  -21.899 0.3000000119
14424  34.801  -69.163  -14.933 0.3000000119
14453  34.011  -69.432  -16.207 0.3000000119
14474  34.133  -69.387  -17.000 0.3000000119
14486  36.506  -69.506  -17.860 0.3000000119
14509  38.577  -68.915  -19.936 0.3000000119
14516  38.467  -68.936  -20.374 0.4000000060
14522  38.119  -68.979  -20.860 0.5000000000
14529  37.355  -68.409  -21.567 0.4000000060
14530  36.609  -68.861  -21.902 0.4000000060
14532  30.816  -70.050  -22.176 0.3000000119
14544  36.557  -68.331  -22.318 0.5000000000
15413  34.492  -68.582  -14.675 0.3000000119
15444  37.183  -68.352  -16.308 0.3000000119
15475  37.695  -68.688  -19.341 0.4000000060
15476  36.950  -68.823  -18.892 0.4000000060
15477  36.446  -68.795  -18.289 0.3000000119
15488  39.422  -67.815  -20.046 0.4000000060
15506  38.013  -68.343  -21.291 0.4000000060
15515  37.969  -67.790  -21.579 0.5000000000
15517  37.144  -67.975  -22.097 0.5000000000
16378  38.720  -67.620  -15.451 0.3000000119
16393  38.409  -68.096  -15.768 0.3000000119
16394  37.688  -67.963  -15.846 0.3000000119
16395  37.003  -67.530  -16.021 0.3000000119
16396  36.477  -67.496  -16.583 0.3000000119
16407  36.236  -67.805  -17.167 0.3000000119
16416  36.207  -67.648  -17.900 0.3000000119
16425  37.292  -68.094  -19.174 0.4000000060
16426  36.605  -68.116  -18.781 0.4000000060
16439  39.093  -67.847  -19.788 0.4000000060
16440  38.327  -68.110  -19.554 0.4000000060
16453  39.401  -67.348  -20.350 0.4000000060
16454  39.186  -67.861  -20.524 0.4000000060
16464  39.254  -67.192  -20.852 0.4000000060
16477  38.133  -67.370  -21.704 0.5000000000
16478  37.604  -67.579  -22.026 0.5000000000
16487  36.536  -67.298  -22.509 0.3000000119
16496  36.070  -67.448  -22.781 0.3000000119
17433  37.386  -66.992  -15.456 0.3000000119
17464  36.161  -66.951  -18.105 0.3000000119
17477  36.326  -66.742  -18.670 0.4000000060
17488  39.691  -66.132  -20.380 0.4000000060
17489  38.598  -67.300  -19.720 0.4000000060
17491  37.309  -66.216  -19.362 0.4000000060
17508  39.788  -66.302  -20.613 0.4000000060
17509  39.500  -66.479  -21.106 0.5000000000
17510  38.748  -67.133  -21.309 0.5000000000
17521  37.196  -66.669  -22.297 0.3000000119
17522  36.843  -66.504  -22.355 0.3000000119
17523  36.339  -66.850  -22.643 0.3000000119
18389  35.758  -65.702  -17.044 0.3000000119
18401  35.675  -65.628  -17.806 0.3000000119
18415  35.776  -65.456  -18.389 0.3000000119
18426  36.747  -65.730  -19.151 0.3000000119
18437  39.252  -65.782  -20.005 0.4000000060
18438  38.800  -65.971  -19.850 0.4000000060
18439  38.051  -66.056  -19.629 0.4000000060
18453  39.821  -65.952  -21.025 0.4000000060
18454  39.452  -66.083  -21.364 0.4000000060
18460  38.560  -66.122  -21.922 0.5000000000
18472  37.157  -66.145  -22.491 0.4000000060
18473  36.819  -66.118  -22.569 0.3000000119
19260  37.122  -65.184  -14.590 0.3000000119
19271  36.731  -65.655  -15.069 0.3000000119
19272  36.275  -65.321  -15.559 0.3000000119
19273  35.860  -64.964  -16.031 0.3000000119
19278  36.100  -65.645  -16.219 0.3000000119
19279  35.689  -65.065  -16.686 0.3000000119
19286  35.584  -65.052  -17.371 0.3000000119
19304  36.229  -65.171  -18.794 0.3000000119
19305  35.719  -64.858  -18.491 0.3000000119
19317  40.011  -65.036  -20.519 0.4000000060
19318  39.493  -64.920  -20.220 0.4000000060
19321  37.455  -65.517  -19.480 0.4000000060
19330  40.246  -65.201  -20.732 0.4000000060
19341  39.913  -65.486  -21.231 0.4000000060
19349  40.259  -64.817  -21.108 0.5000000000
19350  39.681  -64.854  -21.756 0.5000000000
19369  37.296  -65.581  -22.709 0.3000000119
20198  36.125  -64.469  -14.914 0.3000000119
20213  35.996  -64.754  -15.461 0.3000000119
20214  35.493  -63.995  -15.998 0.3000000119
20239  35.593  -64.439  -17.505 0.3000000119
20251  36.226  -63.914  -18.310 0.3000000119
20252  35.757  -64.338  -18.079 0.3000000119
20264  36.689  -64.111  -18.703 0.3000000119
20281  39.777  -64.370  -20.218 0.4000000060
20282  39.116  -64.491  -19.903 0.4000000060
20283  38.393  -64.639  -19.618 0.4000000060
20298  40.645  -64.085  -20.949 0.4000000060
20307  40.170  -64.216  -21.681 0.4000000060
20308  39.242  -64.197  -22.396 0.4000000060
20320  38.647  -63.375  -23.199 0.4000000060
20321  38.529  -64.286  -22.910 0.4000000060
20322  37.847  -64.465  -23.007 0.4000000060
20323  37.148  -64.715  -22.780 0.4000000060
20324  36.806  -64.682  -22.593 0.4000000060
21171  35.738  -63.829  -14.679 0.3000000119
21185  35.482  -63.557  -15.391 0.3000000119
21200  35.512  -63.878  -16.826 0.3000000119
21208  35.674  -63.909  -17.554 0.3000000119
21239  41.217  -63.051  -20.156 0.4000000060
21240  40.880  -63.520  -20.433 0.4000000060
21241  39.930  -63.708  -19.989 0.4000000060
21244  37.784  -64.066  -19.481 0.4000000060
21249  41.047  -63.492  -20.648 0.4000000060
21252  40.678  -63.951  -21.055 0.4000000060
21264  39.533  -63.575  -22.472 0.4000000060
21273  37.612  -63.945  -23.016 0.4000000060
21275  36.001  -63.982  -22.669 0.3000000119
21276  35.639  -63.332  -22.606 0.3000000119
22080  35.172  -62.737  -14.538 0.3000000119
22092  35.287  -62.831  -15.389 0.3000000119
22125  37.072  -62.558  -18.415 0.3000000119
22126  36.384  -63.241  -18.145 0.3000000119
22137  41.796  -62.297  -19.325 0.4000000060
22141  37.582  -62.833  -18.854 0.3000000119
22142  36.926  -63.091  -18.560 0.3000000119
22145  41.813  -62.481  -20.065 0.4000000060
22146  41.651  -62.656  -19.662 0.4000000060
22148  39.803  -63.159  -19.752 0.4000000060
22149  39.031  -62.887  -19.393 0.3000000119
22157  41.116  -62.845  -21.115 0.4000000060
22166  40.535  -62.926  -21.691 0.5000000000
22168  34.279  -62.399  -22.489 0.4000000060
22174  39.702  -62.037  -22.606 0.4000000060
22177  37.887  -63.194  -23.399 0.4000000060
22179  36.755  -63.165  -22.863 0.3000000119
22181  38.531  -62.434  -23.344 0.4000000060
22183  37.725  -62.642  -23.374 0.4000000060
23076  36.046  -61.758  -16.959 0.3000000119
23103  37.680  -61.500  -18.440 0.3000000119
23105  36.538  -62.548  -17.917 0.3000000119
23119  41.892  -61.934  -19.278 0.4000000060
23120  41.656  -61.946  -19.099 0.4000000060
23121  40.865  -61.926  -19.358 0.3000000119
23122  39.346  -61.999  -18.967 0.3000000119
23131  41.952  -62.083  -19.526 0.4000000060
23132  41.377  -62.637  -19.288 0.4000000060
23146  41.756  -61.816  -20.437 0.4000000060
23154  40.178  -62.311  -22.175 0.4000000060
23160  39.028  -62.036  -22.823 0.4000000060
23163  35.720  -61.908  -22.815 0.3000000119
23164  34.882  -61.539  -22.729 0.4000000060
23166  38.676  -61.685  -22.911 0.4000000060
23167  38.408  -61.927  -23.165 0.4000000060
24131  37.145  -61.330  -17.858 0.3000000119
24144  39.051  -60.672  -18.419 0.3000000119
24154  42.214  -60.954  -19.365 0.4000000060
24159  42.081  -61.427  -19.551 0.4000000060
24165  42.055  -61.212  -20.137 0.4000000060
24166  41.422  -61.307  -21.134 0.4000000060
24167  34.275  -60.908  -21.476 0.5000000000
24169  41.408  -60.724  -21.594 0.4000000060
24170  40.998  -61.339  -21.954 0.4000000060
24172  34.585  -60.790  -22.600 0.5000000000
24175  40.568  -60.968  -22.828 0.4000000060
24178  37.286  -60.952  -23.173 0.4000000060
24179  36.627  -61.107  -22.949 0.5000000000
24180  35.892  -60.627  -22.726 0.6000000238
24181  35.307  -61.042  -22.751 0.6000000238
24182  39.796  -60.711  -23.279 0.4000000060
24183  39.350  -60.706  -23.069 0.4000000060
24185  38.282  -61.338  -23.202 0.5000000000
25290  42.473  -60.466  -19.369 0.3000000119
25291  42.206  -60.936  -19.301 0.4000000060
25292  41.340  -60.705  -19.035 0.3000000119
25294  35.416  -60.090  -19.163 0.5000000000
25297  36.134  -60.139  -20.229 0.5000000000
25298  35.575  -60.332  -19.883 0.5000000000
25300  42.213  -60.867  -20.004 0.4000000060
25302  35.557  -60.379  -20.724 0.5000000000
25304  42.342  -60.263  -20.523 0.4000000060
25307  35.476  -60.279  -21.654 0.5000000000
25308  34.858  -60.536  -21.401 0.5000000000
25310  41.046  -60.593  -22.471 0.4000000060
25312  36.270  -60.151  -22.497 0.6000000238
25313  35.569  -60.305  -22.350 0.6000000238
25316  40.293  -60.623  -23.259 0.4000000060
25317  38.764  -60.206  -23.339 0.4000000060
25318  38.099  -60.244  -23.253 0.4000000060
25320  36.686  -60.420  -22.927 0.5000000000
25323  39.628  -60.391  -23.345 0.4000000060
25324  39.128  -60.530  -23.137 0.5000000000
26484  35.354  -59.258  -18.190 0.4000000060
26491  42.747  -59.772  -19.242 0.3000000119
26495  36.601  -59.300  -19.241 0.4000000060
26497  35.089  -59.776  -18.575 0.4000000060
26499  36.640  -59.613  -19.954 0.4000000060
26501  43.009  -59.240  -19.663 0.3000000119
26502  42.935  -59.559  -20.067 0.4000000060
26503  37.756  -59.428  -20.792 0.4000000060
26506  41.990  -59.688  -21.391 0.3000000119
26507  37.829  -59.377  -21.596 0.5000000000
26509  36.574  -59.782  -21.279 0.5000000000
26510  38.423  -59.014  -22.925 0.4000000060
26514  41.598  -59.448  -22.469 0.4000000060
26515  41.389  -59.760  -22.957 0.4000000060
26517  38.932  -59.646  -23.225 0.5000000000
26518  38.255  -59.623  -23.119 0.5000000000
26519  37.612  -59.709  -22.870 0.5000000000
26520  41.062  -59.673  -23.443 0.4000000060
26521  40.427  -59.583  -23.665 0.4000000060
26523  39.340  -60.124  -23.366 0.5000000000
27674  35.474  -58.560  -17.980 0.4000000060
27685  36.020  -58.440  -18.408 0.4000000060
27692  36.283  -58.914  -18.721 0.4000000060
27695  37.821  -58.471  -19.789 0.4000000060
27696  43.086  -58.756  -19.952 0.3000000119
27697  42.838  -58.909  -20.494 0.3000000119
27700  37.614  -58.947  -20.127 0.4000000060
27703  38.198  -58.827  -21.145 0.5000000000
27704  42.441  -58.427  -21.703 0.3000000119
27707  38.513  -58.465  -22.461 0.4000000060
27708  38.156  -58.727  -21.889 0.6000000238
27709  41.420  -59.231  -23.293 0.4000000060
27710  40.296  -58.683  -23.740 0.4000000060
27711  39.757  -58.952  -23.334 0.4000000060
27713  41.426  -58.511  -23.556 0.4000000060
27714  41.026  -58.969  -23.722 0.5000000000
27715  40.468  -58.930  -23.809 0.5000000000
27716  40.068  -59.266  -23.720 0.5000000000
28792  36.882  -57.546  -18.441 0.4000000060
28793  36.443  -57.981  -18.352 0.4000000060
28804  43.834  -58.137  -19.189 0.3000000119
28806  38.162  -57.945  -19.478 0.4000000060
28807  37.467  -58.200  -19.196 0.4000000060
28810  43.085  -58.190  -20.333 0.3000000119
28811  38.757  -57.934  -20.315 0.5000000000
28812  38.412  -58.224  -20.010 0.4000000060
28814  42.824  -58.098  -21.038 0.3000000119
28816  39.009  -57.904  -21.024 0.4000000060
28818  42.133  -58.240  -22.388 0.3000000119
28819  40.293  -57.886  -22.971 0.4000000060
28820  39.827  -58.026  -22.346 0.4000000060
28825  39.967  -58.358  -23.016 0.4000000060
28826  41.372  -57.886  -23.436 0.5000000000
29985  37.741  -57.074  -18.938 0.5000000000
29986  37.208  -57.152  -18.668 0.4000000060
29988  44.710  -57.380  -19.264 0.3000000119
29989  38.732  -57.017  -19.701 0.4000000060
29990  38.309  -57.239  -19.301 0.4000000060
29991  45.020  -56.738  -19.664 0.3000000119
29992  44.505  -56.934  -20.004 0.4000000060
29994  39.527  -56.749  -20.672 0.4000000060
29997  43.688  -56.799  -20.920 0.4000000060
29999  40.205  -56.424  -21.994 0.5000000000
30000  43.434  -56.487  -21.599 0.4000000060
30001  42.906  -56.920  -22.088 0.4000000060
30003  42.543  -56.721  -22.955 0.4000000060
30006  40.735  -57.513  -23.214 0.4000000060
30007  42.056  -56.387  -23.548 0.3000000119
30008  41.295  -57.502  -23.407 0.3000000119
30009  40.990  -57.846  -23.548 0.4000000060
31064  33.498  -56.502  -16.759 0.5000000000
31065  32.781  -56.435  -16.616 0.4000000060
31077  34.943  -56.446  -17.342 0.6000000238
31078  34.202  -56.299  -17.122 0.5000000000
31081  36.798  -56.866  -18.404 0.5000000000
31083  35.608  -56.546  -17.563 0.5000000000
31089  36.882  -55.949  -18.392 0.5000000000
31093  44.819  -56.357  -20.365 0.4000000060
31096  44.588  -55.958  -21.008 0.4000000060
31098  39.806  -56.246  -21.167 0.5000000000
31099  44.316  -55.882  -21.619 0.4000000060
31101  43.149  -56.263  -22.364 0.3000000119
31102  40.684  -55.981  -22.619 0.5000000000
31103  42.703  -55.933  -23.059 0.4000000060
31104  41.058  -56.192  -23.307 0.4000000060
31105  41.568  -56.253  -23.659 0.3000000119
32090  41.636  -55.226  -14.339 0.3000000119
32102  42.287  -55.009  -14.534 0.3000000119
32141  34.620  -55.727  -17.507 0.6000000238
32142  33.682  -55.942  -17.004 0.5000000000
32149  36.180  -55.660  -18.246 0.6000000238
32152  32.033  -55.841  -18.261 0.5000000000
32157  38.030  -55.659  -19.185 0.6000000238
32163  38.473  -55.474  -19.491 0.6000000238
32166  45.692  -55.718  -20.761 0.4000000060
32168  38.934  -55.701  -19.855 0.6999999881
32172  44.197  -55.425  -22.161 0.4000000060
32175  40.370  -55.266  -22.637 0.5000000000
32176  43.785  -55.081  -22.957 0.3000000119
32178  41.728  -55.608  -23.703 0.3000000119
33208  45.153  -54.402  -14.319 0.3000000119
33210  43.435  -54.565  -14.182 0.3000000119
33211  42.681  -54.678  -14.053 0.3000000119
33220  44.518  -54.945  -14.960 0.3000000119
33221  43.776  -54.919  -14.749 0.3000000119
33239  34.358  -55.188  -17.864 0.6000000238
33246  35.276  -54.856  -18.674 0.8000000119
33249  33.605  -55.248  -18.787 0.6999999881
33260  32.770  -55.442  -20.648 0.6999999881
33263  29.066  -55.300  -19.644 0.5000000000
33265  46.179  -54.886  -20.143 0.3000000119
33268  36.838  -54.534  -20.405 0.6000000238
33269  36.383  -54.314  -19.934 0.6999999881
33270  30.510  -55.172  -20.580 0.6000000238
33273  45.660  -55.232  -21.124 0.4000000060
33274  40.030  -54.272  -20.780 0.6999999881
33276  45.818  -54.520  -21.168 0.4000000060
33278  44.640  -54.872  -22.071 0.4000000060
33279  40.272  -54.226  -21.382 0.5000000000
33282  40.571  -53.955  -23.397 0.5000000000
33284  43.401  -54.372  -23.617 0.3000000119
33286  42.024  -54.846  -23.838 0.3000000119
33287  41.066  -54.948  -23.593 0.3000000119
34281  47.695  -54.346  -13.420 0.3000000119
34283  46.008  -54.085  -13.582 0.3000000119
34286  43.384  -53.770  -13.173 0.3000000119
34294  47.243  -54.751  -13.895 0.3000000119
34295  46.628  -54.568  -13.906 0.3000000119
34296  45.415  -54.156  -13.878 0.3000000119
34297  43.826  -53.960  -13.830 0.3000000119
34301  48.121  -54.274  -15.137 0.3000000119
34302  47.669  -54.810  -14.706 0.3000000119
34303  47.296  -54.995  -14.473 0.3000000119
34305  48.070  -54.066  -16.021 0.3000000119
34307  40.617  -53.743  -16.009 0.4000000060
34314  40.314  -53.834  -16.466 0.5000000000
34315  39.788  -53.591  -16.395 0.5000000000
34318  42.478  -53.918  -17.398 0.5000000000
34320  41.241  -54.069  -17.208 0.5000000000
34325  42.210  -54.041  -17.943 0.5000000000
34326  41.406  -54.278  -18.096 0.5000000000
34328  40.325  -53.608  -17.737 0.6000000238
34333  42.595  -53.786  -18.492 0.5000000000
34334  41.889  -54.051  -18.731 0.5000000000
34336  40.520  -53.366  -19.189 0.6000000238
34342  29.732  -55.063  -20.170 0.5000000000
34344  41.646  -53.689  -19.485 0.6000000238
34346  40.334  -52.345  -19.849 0.6000000238
34349  32.305  -54.641  -20.876 0.6000000238
34350  31.527  -54.603  -20.503 0.6000000238
34351  29.219  -54.327  -19.720 0.5000000000
34353  46.339  -53.464  -20.628 0.4000000060
34356  38.591  -53.446  -21.152 0.6999999881
34360  45.643  -53.978  -21.754 0.5000000000
34363  45.440  -53.421  -22.385 0.4000000060
34365  44.263  -53.324  -23.314 0.3000000119
34366  41.504  -52.199  -23.216 0.6000000238
34369  42.770  -53.515  -23.878 0.3000000119
34371  41.265  -53.278  -23.530 0.4000000060
35363  48.784  -53.175  -12.432 0.3000000119
35364  47.837  -53.052  -12.674 0.3000000119
35365  46.817  -52.937  -12.582 0.3000000119
35366  45.813  -53.016  -12.664 0.3000000119
35377  49.386  -52.920  -12.727 0.3000000119
35382  45.515  -53.456  -13.130 0.3000000119
35383  44.773  -53.291  -13.374 0.3000000119
35388  49.298  -52.848  -13.737 0.3000000119
35389  48.896  -53.710  -13.931 0.3000000119
35390  48.351  -54.183  -13.509 0.3000000119
35391  44.676  -53.744  -13.953 0.3000000119
35393  38.329  -53.197  -14.179 0.5000000000
35394  37.769  -53.126  -14.396 0.5000000000
35398  48.714  -53.712  -14.811 0.3000000119
35399  40.686  -52.949  -15.083 0.5000000000
35400  39.663  -53.189  -14.537 0.6000000238
35406  49.048  -52.885  -15.354 0.3000000119
35410  40.296  -53.460  -15.472 0.6000000238
35411  39.547  -53.484  -15.312 0.5000000000
35417  48.380  -53.312  -16.452 0.3000000119
35419  41.996  -53.453  -16.288 0.5000000000
35420  41.321  -53.665  -16.096 0.5000000000
35421  39.318  -53.627  -15.990 0.4000000060
35422  38.704  -53.215  -16.268 0.5000000000
35427  42.816  -53.457  -17.258 0.5000000000
35428  42.284  -53.766  -16.888 0.5000000000
35430  38.514  -52.902  -17.069 0.4000000060
35431  38.007  -52.439  -17.238 0.6000000238
35435  43.184  -53.498  -18.380 0.6000000238
35436  40.057  -53.252  -18.540 0.6000000238
35443  27.851  -53.939  -18.992 0.5000000000
35444  47.967  -53.027  -18.573 0.3000000119
35446  43.494  -52.888  -18.643 0.5000000000
35450  39.196  -51.832  -19.454 0.6999999881
35463  41.409  -52.852  -20.289 0.6000000238
35470  31.233  -53.747  -20.448 0.6000000238
35473  43.233  -51.418  -21.578 0.5000000000
35474  42.412  -51.956  -21.453 0.5000000000
35476  40.779  -51.836  -20.908 0.6000000238
35477  40.210  -51.565  -20.491 0.6000000238
35479  38.383  -52.349  -21.275 0.6999999881
35480  37.759  -52.711  -21.129 0.6999999881
35489  43.711  -52.256  -23.647 0.4000000060
35493  42.244  -51.877  -23.518 0.4000000060
36463  49.479  -51.918  -11.519 0.3000000119
36476  49.145  -52.286  -11.634 0.3000000119
36477  48.658  -52.545  -11.743 0.3000000119
36490  49.697  -52.586  -12.118 0.3000000119
36491  49.301  -52.896  -11.834 0.3000000119
36493  46.953  -52.227  -12.099 0.3000000119
36495  45.277  -52.473  -12.445 0.3000000119
36514  37.201  -52.382  -13.176 0.5000000000
36515  36.747  -52.254  -13.256 0.5000000000
36527  38.533  -52.817  -13.534 0.5000000000
36529  37.197  -52.744  -14.404 0.5000000000
36530  36.501  -52.145  -13.710 0.5000000000
36532  49.285  -52.381  -14.834 0.3000000119
36533  49.157  -51.766  -15.117 0.3000000119
36537  37.157  -52.483  -15.240 0.5000000000
36538  36.691  -52.162  -14.889 0.5000000000
36540  48.787  -52.695  -16.171 0.3000000119
36541  45.653  -51.801  -16.141 0.4000000060
36543  42.055  -52.379  -15.432 0.5000000000
36544  41.396  -52.715  -15.168 0.5000000000
36545  37.681  -52.568  -16.230 0.6000000238
36549  48.424  -52.557  -16.617 0.3000000119
36557  48.452  -52.403  -16.916 0.3000000119
36559  48.233  -51.123  -17.341 0.3000000119
36560  43.742  -52.160  -17.495 0.4000000060
36569  27.661  -53.268  -18.596 0.4000000060
36570  27.408  -52.597  -18.223 0.4000000060
36575  38.296  -51.862  -18.613 0.6999999881
36578  36.514  -52.101  -17.809 0.6000000238
36586  47.976  -52.476  -18.968 0.3000000119
36588  44.954  -50.673  -19.948 0.4000000060
36591  38.558  -51.736  -19.247 0.6999999881
36592  37.993  -51.846  -19.120 0.6999999881
36593  37.465  -51.971  -18.848 0.6999999881
36599  47.709  -51.869  -20.034 0.3000000119
36600  45.210  -50.937  -20.926 0.6000000238
36603  39.705  -51.279  -20.681 0.6000000238
36605  38.761  -51.749  -20.096 0.6999999881
36608  31.985  -52.743  -20.547 0.6000000238
36609  31.686  -52.813  -20.570 0.6000000238
36612  46.806  -51.945  -21.261 0.3000000119
36615  41.247  -51.713  -21.732 0.6000000238
36619  38.243  -52.143  -20.835 0.6999999881
36621  44.711  -51.416  -22.472 0.5000000000
36622  44.073  -50.941  -22.378 0.5000000000
36623  40.894  -51.620  -21.728 0.6000000238
36624  40.391  -51.557  -21.454 0.6000000238
36625  39.962  -51.353  -21.069 0.6000000238
36626  44.771  -51.509  -23.242 0.4000000060
36629  40.817  -51.866  -22.025 0.6000000238
37676  49.369  -51.428  -11.484 0.3000000119
37677  48.900  -51.608  -11.534 0.3000000119
37679  46.459  -51.221  -11.454 0.3000000119
37681  45.040  -50.854  -11.620 0.3000000119
37695  49.750  -51.608  -11.692 0.3000000119
37697  47.134  -51.772  -11.542 0.3000000119
37698  45.873  -51.415  -11.748 0.3000000119
37699  45.263  -51.389  -11.815 0.3000000119
37709  50.011  -51.729  -11.946 0.3000000119
37712  44.861  -51.869  -12.220 0.3000000119
37723  49.719  -51.722  -12.459 0.3000000119
37731  35.943  -51.387  -13.002 0.5000000000
37751  48.925  -51.538  -14.919 0.4000000060
37752  48.132  -51.410  -14.961 0.4000000060
37753  47.003  -51.595  -14.994 0.4000000060
37754  46.110  -51.586  -14.849 0.4000000060
37755  45.405  -51.465  -14.987 0.4000000060
37756  44.722  -51.279  -15.278 0.4000000060
37765  47.892  -51.574  -15.682 0.4000000060
37768  45.215  -51.445  -15.775 0.4000000060
37771  36.201  -51.659  -15.238 0.5000000000
37777  48.322  -51.940  -16.133 0.4000000060
37778  47.589  -51.670  -16.153 0.4000000060
37779  47.029  -51.531  -16.359 0.4000000060
37780  45.188  -51.158  -16.493 0.4000000060
37783  36.369  -51.249  -15.984 0.5000000000
37784  35.790  -51.172  -16.122 0.6000000238
37785  34.978  -51.378  -16.246 0.6000000238
37786  34.258  -51.316  -16.512 0.6000000238
37794  45.280  -50.934  -17.203 0.4000000060
37796  43.937  -51.247  -17.169 0.4000000060
37804  47.447  -50.705  -17.755 0.4000000060
37805  46.476  -50.358  -18.232 0.4000000060
37806  44.526  -50.816  -18.175 0.4000000060
37807  44.139  -51.401  -17.858 0.4000000060
37809  32.138  -50.955  -19.555 0.6000000238
37815  46.544  -50.681  -19.115 0.4000000060
37816  45.715  -50.486  -19.551 0.4000000060
37827  47.395  -51.352  -20.252 0.4000000060
37829  46.073  -51.276  -21.403 0.6000000238
38890  48.982  -50.946  -11.374 0.3000000119
38891  48.055  -51.075  -11.588 0.3000000119
38892  47.024  -50.377  -11.331 0.3000000119
38893  46.105  -50.603  -11.504 0.3000000119
38894  45.483  -50.259  -11.545 0.3000000119
38908  49.511  -50.947  -11.554 0.3000000119
38921  50.039  -50.927  -11.948 0.3000000119
38935  48.136  -50.469  -13.847 0.3000000119
38936  47.114  -50.576  -13.730 0.3000000119
38937  46.107  -50.615  -13.460 0.4000000060
38942  34.938  -50.422  -13.234 0.4000000060
38949  45.116  -51.248  -13.572 0.3000000119
38950  43.785  -50.479  -14.466 0.4000000060
38955  35.317  -50.426  -14.036 0.5000000000
38974  44.081  -50.858  -15.722 0.4000000060
38985  43.746  -50.898  -16.222 0.4000000060
38989  33.464  -50.619  -17.101 0.6000000238
38990  26.381  -51.342  -17.091 0.5000000000
38991  26.234  -51.040  -16.458 0.5000000000
38992  44.124  -50.879  -16.769 0.4000000060
38995  26.911  -51.065  -18.506 0.4000000060
38996  32.918  -50.723  -18.685 0.6000000238
40092  48.596  -50.471  -11.348 0.3000000119
40093  47.224  -49.881  -11.442 0.3000000119
40094  46.052  -50.045  -11.453 0.3000000119
40095  45.080  -49.846  -11.394 0.3000000119
40096  44.571  -49.869  -11.410 0.3000000119
40109  49.664  -50.302  -11.770 0.3000000119
40110  49.173  -49.992  -11.508 0.3000000119
40138  44.199  -49.705  -13.274 0.3000000119
40144  34.550  -49.797  -13.306 0.4000000060
40158  34.557  -49.318  -14.701 0.5000000000
40172  33.259  -50.026  -18.582 0.6000000238
40174  32.357  -50.087  -18.856 0.6999999881
40177  29.083  -49.823  -18.560 0.6000000238
40179  27.432  -50.017  -18.307 0.5000000000
41357  46.562  -49.541  -11.414 0.3000000119
41376  47.930  -49.495  -12.010 0.3000000119
41405  44.762  -49.483  -13.080 0.3000000119
41422  34.385  -48.922  -14.095 0.4000000060
41432  33.894  -49.243  -16.117 0.6000000238
41445  31.087  -49.397  -18.365 0.6999999881
41446  30.416  -48.952  -18.341 0.6999999881
41448  28.858  -49.370  -18.202 0.6000000238
41449  28.105  -49.422  -18.285 0.6000000238
42597  45.798  -48.774  -13.303 0.3000000119
42625  33.783  -48.801  -16.659 0.6000000238
42626  28.774  -48.211  -16.746 0.5000000000
42629  33.672  -49.179  -19.030 0.6000000238
42630  32.151  -48.028  -18.480 0.6999999881
42631  29.458  -48.026  -17.725 0.6000000238
42637  32.675  -48.867  -19.089 0.6000000238
42640  29.931  -48.494  -18.066 0.6000000238
43789  27.963  -47.511  -16.014 0.5000000000
43790  27.158  -47.587  -16.333 0.5000000000
43796  34.046  -47.697  -16.478 0.6000000238
43799  28.434  -47.908  -16.297 0.5000000000
43806  29.372  -47.972  -16.903 0.5000000000
43810  33.883  -48.339  -19.425 0.6999999881
43812  31.096  -47.660  -18.109 0.6999999881
44930  34.396  -47.363  -17.922 0.6000000238
44938  31.384  -46.569  -18.277 0.6999999881
44944  34.655  -46.968  -19.474 0.6999999881
45996  30.545  -45.977  -16.064 0.4000000060
46011  35.881  -46.112  -19.323 0.5000000000
46012  35.558  -46.509  -18.940 0.6000000238
46018  35.520  -46.264  -19.484 0.5000000000
46021  33.143  -46.371  -18.911 0.6999999881
46026  35.953  -45.873  -19.487 0.5000000000
47028  31.345  -45.223  -16.769 0.4000000060
47042  36.302  -45.734  -19.079 0.5000000000
47044  32.210  -44.960  -18.488 0.6000000238
47045  31.757  -45.111  -17.995 0.5000000000
47052  34.337  -45.855  -19.361 0.5000000000
47054  32.506  -45.552  -18.762 0.6999999881
47055  31.865  -45.537  -18.578 0.6000000238
48152  33.432  -44.524  -18.830 0.6000000238
48159  35.999  -44.870  -19.694 0.4000000060
49291  32.505  -43.726  -17.776 0.5000000000
50515  32.497  -43.114  -17.697 0.4000000060
50528  33.334  -43.139  -18.622 0.4000000060
191122  36.653  -66.486  -19.116 0.4000000060
191170  42.615  -55.269  -15.137 0.3000000119
191279  40.002  -61.583  -18.989 0.3000000119
192139  39.217  -66.637  -19.961 0.4000000060
192307  36.581  -64.309  -22.675 0.4000000060
192864  36.527  -66.913  -16.315 0.3000000119
192964  30.691  -71.323  -23.762 0.3000000119
193149  33.908  -48.310  -17.321 0.6000000238
193552  38.608  -63.846  -19.580 0.4000000060
194318  44.484  -50.968  -14.066 0.4000000060
194648  45.754  -51.211  -13.553 0.4000000060
195086  38.036  -69.425  -19.582 0.4000000060
195105  44.270  -50.929  -14.875 0.4000000060
195587  49.349  -50.239  -13.505 0.3000000119
195888  35.785  -53.024  -19.275 0.6000000238
195918  37.123  -62.613  -23.035 0.4000000060
196301  36.339  -68.086  -18.284 0.3000000119
197191  41.926  -60.507  -19.113 0.3000000119
197377  35.786  -50.929  -13.730 0.5000000000
198435  43.424  -52.577  -19.468 0.6000000238
198607  40.436  -64.701  -20.869 0.4000000060
198657  33.469  -47.831  -19.294 0.6999999881
199408  40.427  -53.398  -21.919 0.6999999881
200574  35.205  -71.647  -21.341 0.4000000060
200621  38.096  -69.540  -20.011 0.4000000060
200698  45.512  -51.392  -22.034 0.5000000000
200751  35.101  -46.627  -18.221 0.6999999881
200957  48.281  -53.129  -17.356 0.3000000119
201825  37.528  -69.943  -19.132 0.3000000119
202349  33.116  -51.813  -18.264 0.6000000238
203035  39.878  -57.003  -21.381 0.4000000060
203362  40.409  -54.785  -23.248 0.5000000000
203439  40.497  -53.481  -22.892 0.6999999881
203852  40.072  -62.147  -19.227 0.4000000060
204268  36.282  -68.958  -17.650 0.3000000119
204278  38.560  -63.194  -19.467 0.4000000060
204866  37.443  -55.830  -18.904 0.5000000000
205071  38.803  -62.916  -23.070 0.4000000060
205145  34.943  -63.138  -22.561 0.3000000119
205389  37.238  -51.785  -17.111 0.4000000060
205466  34.536  -70.039  -17.172 0.3000000119
205739  44.991  -48.923  -13.202 0.3000000119
205816  36.163  -72.136  -20.941 0.4000000060
205937  39.287  -67.353  -19.933 0.4000000060
206644  41.151  -63.377  -20.663 0.4000000060
206870  34.406  -44.174  -19.361 0.4000000060
206910  36.351  -72.737  -16.946 0.3000000119
207613  37.139  -72.566  -17.100 0.3000000119
207694  45.367  -50.770  -13.264 0.3000000119
207697  44.536  -54.182  -22.665 0.3000000119
208194  31.603  -44.707  -17.237 0.5000000000
208469  40.617  -63.194  -19.976 0.4000000060
208577  36.988  -55.418  -19.017 0.6000000238
209037  31.195  -50.564  -18.547 0.6999999881
209049  36.473  -62.485  -22.793 0.3000000119
209063  47.649  -50.501  -11.539 0.3000000119
209362  31.757  -49.721  -18.594 0.6999999881
209546  36.935  -58.095  -18.702 0.4000000060
209728  44.254  -53.047  -12.884 0.3000000119
210849  26.942  -51.610  -18.733 0.4000000060
211674  37.906  -72.201  -16.802 0.3000000119
211955  28.227  -54.624  -19.329 0.5000000000
212073  40.857  -53.971  -17.678 0.5000000000
213040  40.429  -64.675  -20.796 0.4000000060
213551  27.604  -52.400  -18.757 0.5000000000
213641  47.560  -52.594  -12.316 0.3000000119
213932  46.564  -49.981  -11.387 0.3000000119
215199  37.300  -52.095  -16.554 0.6000000238
215250  46.935  -50.986  -13.991 0.3000000119
215547  37.155  -54.025  -20.897 0.6000000238
217909  39.433  -61.530  -22.740 0.4000000060
218344  46.399  -51.298  -14.203 0.4000000060
218448  48.338  -52.855  -17.961 0.3000000119
218632  39.176  -55.186  -20.278 0.6999999881
218887  39.929  -51.658  -21.348 0.6000000238
218962  34.170  -54.965  -18.352 0.6000000238
219019  40.736  -60.486  -23.025 0.4000000060
219155  35.696  -64.479  -15.863 0.3000000119
219418  34.021  -72.212  -18.597 0.3000000119
219563  34.994  -49.909  -14.409 0.5000000000
219613  47.253  -50.812  -11.329 0.3000000119
219790  30.592  -46.650  -17.490 0.6000000238
219816  36.641  -64.691  -14.612 0.3000000119
219890  35.411  -70.979  -21.339 0.4000000060
219981  38.434  -65.455  -22.258 0.5000000000
220148  36.480  -59.839  -20.600 0.5000000000
222985  49.362  -53.090  -12.306 0.3000000119
223086  38.997  -66.646  -21.412 0.5000000000
224158  36.069  -73.375  -19.864 0.4000000060
224881  37.164  -64.373  -19.141 0.3000000119
225121  38.641  -66.621  -19.755 0.4000000060
225223  41.730  -60.960  -20.736 0.4000000060
225700  39.589  -66.608  -20.328 0.4000000060
226031  49.592  -50.909  -13.005 0.3000000119
226048  37.790  -61.398  -23.324 0.4000000060
226223  37.407  -65.068  -22.847 0.4000000060
226246  39.076  -63.359  -22.923 0.4000000060
226422  47.906  -53.712  -17.323 0.3000000119
226518  36.915  -63.816  -22.873 0.4000000060
227066  37.987  -62.426  -18.812 0.3000000119
227206  38.132  -56.756  -19.125 0.4000000060
227348  36.959  -68.502  -21.893 0.5000000000
227445  39.477  -53.170  -17.297 0.5000000000
227680  35.004  -72.007  -21.196 0.3000000119
228190  36.909  -59.241  -19.687 0.4000000060
228198  41.423  -61.670  -19.117 0.4000000060
228367  39.854  -55.577  -20.943 0.4000000060
228715  36.231  -72.865  -20.336 0.4000000060
228868  36.861  -66.810  -15.807 0.3000000119
229018  43.823  -55.579  -22.461 0.4000000060
229307  36.718  -62.845  -18.266 0.3000000119
229500  38.778  -54.224  -20.437 0.6999999881
230336  36.525  -71.123  -20.667 0.4000000060
230364  41.202  -52.360  -22.525 0.6000000238
230381  41.945  -56.009  -23.695 0.3000000119
230541  42.543  -60.496  -19.581 0.4000000060
230917  35.918  -54.371  -19.741 0.6999999881
231180  38.334  -62.712  -19.109 0.3000000119
231756  35.185  -62.727  -14.892 0.3000000119
231831  36.622  -64.638  -18.888 0.3000000119
232202  34.737  -73.483  -20.064 0.4000000060
