#!ascii label  , from subject sub-v2s11x28687_ses-1 vox2ras=TkReg
1689
72420  -10.917  -29.662  41.969 0.0000000000
81741  -31.697  -23.770  30.439 0.0000000000
91600  -30.737  -17.221  27.694 0.0000000000
204487  -26.774  -18.960  35.502 0.0000000000
103052  -37.868  -9.403  16.635 0.0000000000
100823  -33.106  -10.751  20.615 0.0000000000
82783  -33.234  -21.681  36.655 0.0000000000
216505  -29.288  -21.947  32.649 0.0000000000
105054  -43.645  -7.663  18.833 0.0000000000
111436  -46.139  -2.476  19.595 0.0000000000
116424  -47.759  1.739  18.400 0.0000000000
97375  -34.064  -12.647  28.576 0.0000000000
97418  -30.708  -12.819  24.535 0.0000000000
100726  -36.348  -10.884  25.710 0.0000000000
102976  -40.098  -9.248  22.432 0.0000000000
85535  -19.727  -20.835  34.043 0.0000000000
68774  -8.677  -32.229  45.926 0.0000000000
192779  -32.623  -19.569  29.680 0.0000000000
93962  -33.549  -15.144  32.169 0.0000000000
86946  -22.072  -20.226  31.252 0.0000000000
86990  -26.521  -19.980  28.422 0.0000000000
116473  -45.054  1.687  12.449 0.0000000000
120308  -49.347  4.537  15.243 0.0000000000
98592  -35.736  -11.836  18.157 0.0000000000
100853  -41.944  -11.919  19.990 0.0000000000
74872  -12.436  -28.519  38.486 0.0000000000
60966  -4.862  -38.118  42.511 0.0000000000
193997  -44.851  -4.808  19.033 0.0000000000
98493  -35.381  -11.871  26.830 0.0000000000
80605  -18.129  -23.957  32.956 0.0000000000
71235  -10.142  -30.978  43.941 0.0000000000
84294  -31.612  -21.800  27.460 0.0000000000
84227  -32.360  -21.888  30.261 0.0000000000
88132  -24.314  -18.984  33.396 0.0000000000
86962  -23.998  -19.477  29.601 0.0000000000
86923  -26.825  -19.022  32.431 0.0000000000
80673  -30.268  -23.582  31.090 0.0000000000
82906  -29.093  -22.584  29.722 0.0000000000
208170  -30.032  -23.271  28.913 0.0000000000
85474  -25.245  -19.929  37.337 0.0000000000
180905  -22.996  -19.712  34.755 0.0000000000
111470  -40.613  -2.773  15.829 0.0000000000
115415  -44.003  0.397  13.434 0.0000000000
118407  -48.186  3.136  17.292 0.0000000000
99631  -31.588  -11.784  22.147 0.0000000000
99676  -35.114  -10.887  19.004 0.0000000000
101958  -41.190  -10.463  21.306 0.0000000000
80555  -15.293  -24.359  36.090 0.0000000000
80543  -14.226  -23.876  37.995 0.0000000000
79435  -13.565  -24.640  40.227 0.0000000000
74915  -13.164  -27.951  36.516 0.0000000000
62161  -6.361  -37.456  41.330 0.0000000000
188606  -32.525  -23.298  32.730 0.0000000000
84176  -32.875  -21.856  32.428 0.0000000000
85501  -33.995  -20.372  36.276 0.0000000000
86825  -29.476  -19.652  37.343 0.0000000000
85539  -28.738  -20.108  34.263 0.0000000000
84098  -30.453  -21.359  35.956 0.0000000000
81638  -30.837  -22.229  34.580 0.0000000000
104053  -40.417  -8.176  18.605 0.0000000000
107182  -41.316  -6.009  18.368 0.0000000000
110385  -42.649  -3.297  18.491 0.0000000000
113453  -43.713  -1.098  17.754 0.0000000000
215226  -44.863  0.393  16.892 0.0000000000
211481  -46.949  -0.342  19.450 0.0000000000
95132  -31.645  -14.294  29.103 0.0000000000
95165  -29.825  -14.780  26.027 0.0000000000
97404  -32.394  -12.624  26.905 0.0000000000
98516  -33.308  -11.492  25.297 0.0000000000
101918  -34.400  -10.041  23.331 0.0000000000
215051  -36.660  -9.314  21.660 0.0000000000
102953  -38.150  -9.475  23.679 0.0000000000
85465  -18.028  -20.962  36.018 0.0000000000
80573  -16.683  -24.322  34.385 0.0000000000
120332  -48.439  4.513  11.047 0.0000000000
68762  -7.412  -32.100  46.522 0.0000000000
87013  -32.162  -20.529  26.545 0.0000000000
89302  -31.890  -18.416  28.627 0.0000000000
88156  -32.607  -20.148  31.655 0.0000000000
197360  -32.151  -18.028  30.941 0.0000000000
94001  -31.484  -15.974  30.103 0.0000000000
96280  -33.305  -13.792  31.082 0.0000000000
85602  -28.387  -20.632  30.750 0.0000000000
85494  -22.037  -19.990  36.087 0.0000000000
85569  -20.787  -20.606  32.607 0.0000000000
117440  -45.900  1.848  15.635 0.0000000000
118432  -46.983  2.970  14.060 0.0000000000
119385  -47.617  3.895  12.486 0.0000000000
121295  -49.778  5.312  14.243 0.0000000000
70061  -9.770  -31.345  39.361 0.0000000000
67621  -9.182  -32.606  40.834 0.0000000000
100891  -36.212  -10.713  17.021 0.0000000000
100828  -37.907  -10.914  20.066 0.0000000000
187167  -38.954  -12.012  19.165 0.0000000000
101994  -39.986  -10.313  18.740 0.0000000000
103032  -43.031  -9.311  18.933 0.0000000000
73658  -11.212  -28.685  40.068 0.0000000000
66488  -8.161  -34.056  42.989 0.0000000000
204152  -6.700  -35.003  43.775 0.0000000000
181663  -5.381  -35.062  44.211 0.0000000000
71249  -10.666  -30.405  43.077 0.0000000000
197755  -31.240  -22.818  29.223 0.0000000000
82948  -31.505  -22.564  28.845 0.0000000000
82909  -32.281  -22.942  30.833 0.0000000000
88121  -24.954  -18.950  33.848 0.0000000000
88143  -25.421  -19.074  32.612 0.0000000000
88134  -26.448  -18.761  33.481 0.0000000000
80691  -30.956  -23.879  30.388 0.0000000000
81739  -30.324  -23.357  30.038 0.0000000000
81740  -31.148  -23.579  30.035 0.0000000000
80710  -30.440  -23.212  28.683 0.0000000000
86822  -26.828  -19.471  37.265 0.0000000000
85453  -26.146  -19.724  37.878 0.0000000000
86860  -26.266  -19.322  36.335 0.0000000000
86877  -24.808  -19.512  35.132 0.0000000000
114452  -42.897  -0.408  13.960 0.0000000000
90459  -31.330  -18.357  26.926 0.0000000000
191556  -30.377  -17.502  26.283 0.0000000000
100804  -32.588  -11.001  21.670 0.0000000000
98558  -32.374  -12.585  20.111 0.0000000000
100846  -34.069  -10.744  19.725 0.0000000000
77302  -15.133  -26.033  35.286 0.0000000000
80548  -14.558  -24.072  37.249 0.0000000000
78450  -14.169  -25.810  35.872 0.0000000000
78437  -13.870  -25.763  37.199 0.0000000000
76101  -13.782  -27.242  35.802 0.0000000000
81641  -32.740  -21.896  35.106 0.0000000000
84128  -33.306  -21.168  34.715 0.0000000000
214234  -33.764  -20.937  36.399 0.0000000000
86810  -30.044  -19.877  38.027 0.0000000000
85454  -29.839  -20.436  36.846 0.0000000000
85435  -30.906  -20.693  37.657 0.0000000000
81606  -32.708  -22.150  37.149 0.0000000000
82796  -31.460  -22.188  36.310 0.0000000000
81628  -31.793  -22.414  35.485 0.0000000000
80592  -31.886  -22.862  33.800 0.0000000000
105053  -42.021  -7.573  18.769 0.0000000000
106107  -41.102  -7.021  18.639 0.0000000000
214749  -42.386  -6.838  18.796 0.0000000000
215442  -45.629  -3.620  19.435 0.0000000000
109305  -43.828  -4.062  19.137 0.0000000000
111442  -44.246  -2.640  19.058 0.0000000000
112480  -43.313  -1.889  18.068 0.0000000000
112474  -44.855  -1.595  18.800 0.0000000000
113448  -45.330  -0.614  18.649 0.0000000000
113443  -46.279  -1.363  19.492 0.0000000000
96302  -32.801  -13.259  28.910 0.0000000000
96308  -32.088  -13.468  27.914 0.0000000000
97392  -33.290  -12.871  27.613 0.0000000000
99582  -35.823  -11.362  26.213 0.0000000000
98517  -34.056  -11.442  25.827 0.0000000000
99603  -34.638  -10.940  25.194 0.0000000000
100742  -34.017  -10.806  24.092 0.0000000000
101885  -35.408  -10.366  24.917 0.0000000000
101899  -36.259  -9.594  23.796 0.0000000000
101887  -36.918  -9.947  24.936 0.0000000000
85491  -20.033  -20.102  35.411 0.0000000000
86837  -19.484  -20.086  36.603 0.0000000000
207643  -18.893  -20.963  34.688 0.0000000000
80586  -17.140  -24.158  33.810 0.0000000000
121309  -49.773  5.737  11.844 0.0000000000
188062  -49.830  5.919  10.646 0.0000000000
68763  -8.194  -32.371  46.535 0.0000000000
85659  -32.285  -21.059  28.377 0.0000000000
84295  -31.952  -21.522  26.837 0.0000000000
85679  -32.551  -20.351  28.301 0.0000000000
88193  -32.367  -19.277  27.739 0.0000000000
192407  -32.415  -18.826  29.358 0.0000000000
86896  -33.612  -20.379  34.224 0.0000000000
86925  -32.930  -20.659  32.772 0.0000000000
88124  -32.976  -19.478  33.691 0.0000000000
182579  -33.772  -15.786  33.338 0.0000000000
91520  -32.830  -17.245  32.359 0.0000000000
185007  -32.731  -16.481  32.161 0.0000000000
92764  -31.901  -17.119  30.440 0.0000000000
93975  -32.529  -15.519  31.712 0.0000000000
95111  -32.313  -14.810  31.063 0.0000000000
95095  -33.403  -14.745  31.784 0.0000000000
86963  -25.552  -19.360  29.380 0.0000000000
200822  -28.958  -21.106  33.282 0.0000000000
86911  -28.500  -20.387  32.308 0.0000000000
85570  -28.872  -21.167  31.943 0.0000000000
82925  -28.345  -22.548  28.583 0.0000000000
85470  -22.851  -19.969  36.801 0.0000000000
86922  -22.380  -19.729  32.765 0.0000000000
191374  -21.253  -20.221  33.165 0.0000000000
85582  -21.108  -20.695  31.857 0.0000000000
84207  -20.495  -22.058  31.360 0.0000000000
116426  -46.004  1.085  17.671 0.0000000000
116432  -45.385  1.149  16.402 0.0000000000
116434  -46.297  1.746  16.933 0.0000000000
119366  -48.448  3.752  16.321 0.0000000000
118425  -47.458  3.147  15.893 0.0000000000
119373  -47.971  3.577  14.802 0.0000000000
118443  -47.228  3.575  12.951 0.0000000000
215588  -48.425  4.089  13.961 0.0000000000
120321  -48.544  4.434  13.068 0.0000000000
120313  -49.813  4.976  14.762 0.0000000000
96325  -29.829  -13.828  25.045 0.0000000000
94050  -29.684  -15.443  25.040 0.0000000000
99713  -36.330  -11.470  16.447 0.0000000000
100877  -35.278  -10.360  17.288 0.0000000000
102993  -38.504  -9.115  21.862 0.0000000000
101954  -37.220  -10.087  20.781 0.0000000000
184977  -38.540  -9.638  21.197 0.0000000000
100834  -41.775  -11.775  20.371 0.0000000000
99650  -39.764  -11.943  20.078 0.0000000000
99683  -40.715  -11.703  19.713 0.0000000000
100862  -39.074  -11.615  18.910 0.0000000000
100865  -40.927  -11.258  19.067 0.0000000000
103030  -41.225  -9.408  18.837 0.0000000000
101998  -42.428  -10.485  18.922 0.0000000000
187722  -13.223  -27.132  39.161 0.0000000000
76020  -13.070  -27.638  40.130 0.0000000000
74840  -12.205  -27.874  40.433 0.0000000000
73680  -11.867  -29.046  38.939 0.0000000000
72472  -10.984  -30.063  39.031 0.0000000000
72488  -11.965  -29.804  38.035 0.0000000000
65455  -8.352  -34.763  40.423 0.0000000000
66498  -8.479  -33.447  41.864 0.0000000000
64385  -7.580  -35.351  41.180 0.0000000000
60976  -5.698  -38.088  41.973 0.0000000000
63316  -6.394  -36.493  43.170 0.0000000000
63303  -5.941  -36.320  43.575 0.0000000000
64359  -5.856  -35.645  44.211 0.0000000000
62128  -5.174  -36.822  43.259 0.0000000000
84025  -32.431  -20.786  39.063 0.0000000000
106113  -45.481  -7.094  19.247 0.0000000000
107173  -44.689  -6.040  19.033 0.0000000000
108238  -45.844  -5.376  19.346 0.0000000000
98473  -34.407  -12.209  27.280 0.0000000000
84171  -19.513  -22.092  32.800 0.0000000000
82841  -18.646  -22.655  33.379 0.0000000000
72365  -11.219  -30.256  45.782 0.0000000000
69995  -9.554  -31.422  45.474 0.0000000000
82964  -31.304  -22.195  28.052 0.0000000000
84264  -32.090  -21.629  28.820 0.0000000000
85621  -32.951  -20.770  30.063 0.0000000000
95090  -34.701  -14.616  32.739 0.0000000000
88140  -23.095  -19.462  31.981 0.0000000000
86960  -22.730  -20.125  30.147 0.0000000000
205090  -23.878  -19.338  31.125 0.0000000000
88164  -25.275  -19.165  31.053 0.0000000000
180216  -26.720  -19.145  30.214 0.0000000000
82859  -29.653  -22.664  32.227 0.0000000000
84191  -29.294  -22.318  31.235 0.0000000000
81720  -29.447  -23.066  30.530 0.0000000000
81760  -29.317  -22.965  29.150 0.0000000000
80740  -29.538  -23.968  27.517 0.0000000000
85450  -24.496  -20.494  37.535 0.0000000000
85496  -23.258  -19.984  36.283 0.0000000000
86838  -24.228  -19.960  36.256 0.0000000000
86908  -23.135  -19.528  33.450 0.0000000000
110400  -39.909  -3.779  16.057 0.0000000000
115416  -44.463  0.894  13.532 0.0000000000
117417  -49.115  2.245  18.964 0.0000000000
117423  -48.112  2.369  18.151 0.0000000000
98529  -30.945  -12.465  23.462 0.0000000000
98590  -34.999  -12.231  18.377 0.0000000000
98579  -35.560  -11.487  18.506 0.0000000000
104013  -41.211  -8.759  22.271 0.0000000000
103009  -40.240  -9.868  21.736 0.0000000000
102999  -42.448  -9.227  21.702 0.0000000000
82779  -15.689  -22.138  36.993 0.0000000000
82767  -14.876  -22.017  37.895 0.0000000000
82739  -13.987  -22.203  39.537 0.0000000000
79465  -13.885  -24.653  38.983 0.0000000000
77260  -13.623  -26.431  38.051 0.0000000000
74885  -12.744  -28.272  37.707 0.0000000000
73716  -12.482  -29.461  36.890 0.0000000000
73717  -12.848  -29.016  36.384 0.0000000000
81707  -32.070  -23.957  31.107 0.0000000000
82877  -32.611  -22.786  31.591 0.0000000000
82860  -32.853  -22.516  32.839 0.0000000000
85541  -33.328  -21.058  33.872 0.0000000000
86842  -27.844  -19.176  36.740 0.0000000000
86861  -28.233  -19.314  35.430 0.0000000000
85475  -29.062  -20.237  35.911 0.0000000000
85499  -29.503  -20.798  35.607 0.0000000000
84127  -29.521  -21.638  34.506 0.0000000000
84084  -30.929  -21.608  36.822 0.0000000000
82795  -30.609  -21.894  35.589 0.0000000000
82829  -29.860  -21.976  33.631 0.0000000000
80610  -30.382  -23.232  33.110 0.0000000000
80630  -30.924  -23.760  32.093 0.0000000000
86790  -28.537  -19.436  38.840 0.0000000000
183629  -38.653  -8.875  17.731 0.0000000000
104069  -38.038  -8.262  16.678 0.0000000000
203872  -39.475  -7.829  18.122 0.0000000000
106120  -40.150  -6.502  18.040 0.0000000000
108243  -40.336  -5.354  17.942 0.0000000000
108235  -43.122  -5.203  18.886 0.0000000000
109314  -42.082  -4.734  18.478 0.0000000000
109322  -40.933  -4.071  17.653 0.0000000000
111455  -41.570  -2.855  17.343 0.0000000000
112495  -41.911  -1.627  16.851 0.0000000000
113469  -43.171  -0.704  16.736 0.0000000000
185907  -43.584  0.034  16.059 0.0000000000
114415  -44.422  -0.218  17.379 0.0000000000
210483  -45.654  0.305  18.183 0.0000000000
116416  -47.110  0.592  18.796 0.0000000000
215251  -48.138  -1.083  20.301 0.0000000000
116411  -49.154  1.377  19.717 0.0000000000
94008  -30.718  -15.812  28.436 0.0000000000
94027  -30.095  -15.891  27.125 0.0000000000
96306  -30.905  -14.160  27.444 0.0000000000
96322  -31.188  -13.404  26.452 0.0000000000
97414  -31.323  -12.679  25.537 0.0000000000
211040  -33.690  -12.006  26.422 0.0000000000
198736  -32.713  -11.774  25.555 0.0000000000
210454  -31.775  -12.026  24.846 0.0000000000
99610  -32.343  -11.448  23.687 0.0000000000
100773  -32.886  -10.920  22.821 0.0000000000
100792  -33.502  -10.195  21.896 0.0000000000
100807  -34.449  -10.161  20.944 0.0000000000
190794  -35.249  -9.598  22.510 0.0000000000
102972  -37.261  -9.055  22.888 0.0000000000
102974  -39.000  -9.096  22.783 0.0000000000
102954  -39.916  -9.045  23.928 0.0000000000
103971  -41.103  -8.355  23.303 0.0000000000
180738  -17.603  -21.219  36.708 0.0000000000
82827  -18.137  -22.512  34.260 0.0000000000
82816  -17.275  -22.982  35.163 0.0000000000
82793  -16.651  -22.228  36.231 0.0000000000
80561  -15.920  -24.266  35.292 0.0000000000
90460  -31.569  -18.647  27.193 0.0000000000
91585  -31.567  -17.741  28.589 0.0000000000
84192  -32.670  -22.250  31.524 0.0000000000
86952  -32.932  -20.636  31.012 0.0000000000
199007  -32.702  -20.025  30.843 0.0000000000
210297  -32.643  -18.992  31.809 0.0000000000
89285  -32.299  -18.873  30.308 0.0000000000
90395  -32.129  -18.393  29.794 0.0000000000
91571  -31.670  -17.673  29.154 0.0000000000
92773  -31.237  -16.513  29.105 0.0000000000
95121  -31.477  -14.996  29.452 0.0000000000
96285  -32.371  -13.890  30.144 0.0000000000
96295  -33.599  -13.105  29.847 0.0000000000
95104  -34.324  -14.079  31.510 0.0000000000
96288  -34.456  -13.311  30.523 0.0000000000
86909  -27.610  -19.576  33.534 0.0000000000
86935  -27.486  -19.217  31.261 0.0000000000
86966  -27.808  -20.270  29.561 0.0000000000
185975  -28.934  -22.047  30.064 0.0000000000
203558  -28.327  -21.634  28.921 0.0000000000
183360  -21.503  -19.878  36.947 0.0000000000
85517  -20.374  -20.301  34.655 0.0000000000
85520  -22.207  -20.220  35.461 0.0000000000
85538  -21.347  -20.327  34.528 0.0000000000
85554  -20.276  -20.832  33.337 0.0000000000
214153  -19.926  -22.051  32.186 0.0000000000
115403  -44.257  0.842  15.113 0.0000000000
116460  -44.532  1.289  14.315 0.0000000000
116461  -44.944  1.714  14.129 0.0000000000
118416  -46.994  2.684  16.269 0.0000000000
117445  -46.393  2.602  14.472 0.0000000000
117457  -45.948  2.398  13.248 0.0000000000
118445  -46.029  2.535  11.995 0.0000000000
118446  -46.557  2.831  11.496 0.0000000000
208745  -47.334  3.303  10.710 0.0000000000
119389  -48.026  4.191  11.380 0.0000000000
121306  -49.253  5.119  12.689 0.0000000000
71285  -9.992  -30.493  40.344 0.0000000000
71271  -9.511  -31.000  41.487 0.0000000000
70060  -9.434  -31.723  40.171 0.0000000000
92805  -29.596  -16.280  26.218 0.0000000000
102018  -37.722  -9.970  16.873 0.0000000000
100826  -35.378  -10.225  20.106 0.0000000000
100849  -36.306  -10.956  19.489 0.0000000000
99664  -36.999  -12.049  18.924 0.0000000000
101972  -39.286  -10.892  20.574 0.0000000000
100851  -38.409  -11.417  19.716 0.0000000000
99678  -36.971  -12.225  18.560 0.0000000000
99695  -37.830  -11.264  18.318 0.0000000000
185826  -37.897  -10.442  17.711 0.0000000000
103041  -38.842  -9.425  17.985 0.0000000000
103028  -40.031  -9.348  18.626 0.0000000000
195865  -41.317  -8.669  18.824 0.0000000000
104044  -43.760  -8.448  18.986 0.0000000000
73618  -12.393  -28.935  42.811 0.0000000000
74814  -12.336  -28.318  41.741 0.0000000000
73643  -11.032  -29.404  40.836 0.0000000000
71300  -10.395  -30.122  39.431 0.0000000000
70073  -10.898  -31.121  38.465 0.0000000000
68814  -8.993  -32.179  42.081 0.0000000000
68803  -8.648  -32.500  43.167 0.0000000000
67582  -8.428  -33.024  44.332 0.0000000000
63328  -6.811  -36.216  42.236 0.0000000000
65427  -7.239  -34.815  43.823 0.0000000000
66462  -7.715  -33.835  44.764 0.0000000000
66451  -7.155  -33.475  45.338 0.0000000000
66459  -6.293  -33.925  44.936 0.0000000000
59800  -4.275  -38.785  42.739 0.0000000000
212827  -4.330  -36.378  43.108 0.0000000000
73603  -11.754  -29.280  43.267 0.0000000000
72419  -10.616  -30.226  42.316 0.0000000000
81763  -31.366  -23.160  29.983 0.0000000000
82927  -31.467  -22.726  29.677 0.0000000000
82908  -31.784  -23.200  30.348 0.0000000000
88107  -26.011  -18.899  34.818 0.0000000000
88122  -25.881  -18.706  34.041 0.0000000000
88108  -26.730  -19.027  34.889 0.0000000000
80692  -31.544  -23.947  30.422 0.0000000000
81762  -30.992  -22.998  29.414 0.0000000000
86841  -26.981  -19.355  36.641 0.0000000000
88094  -26.075  -19.022  35.629 0.0000000000
88093  -25.410  -19.258  35.379 0.0000000000
114446  -42.936  -0.365  14.597 0.0000000000
91601  -31.092  -17.878  27.302 0.0000000000
91609  -31.005  -17.937  26.596 0.0000000000
183827  -30.645  -17.337  26.912 0.0000000000
99641  -32.475  -11.199  20.979 0.0000000000
99647  -32.380  -11.906  20.515 0.0000000000
99648  -32.719  -11.354  20.184 0.0000000000
99659  -33.021  -11.697  19.585 0.0000000000
99660  -33.674  -11.446  19.376 0.0000000000
100845  -33.339  -11.016  19.907 0.0000000000
77301  -14.794  -26.752  35.188 0.0000000000
78461  -14.512  -26.272  35.568 0.0000000000
77300  -14.205  -26.873  35.545 0.0000000000
77287  -13.835  -26.599  35.959 0.0000000000
81630  -32.785  -21.910  35.655 0.0000000000
82809  -33.025  -21.486  35.549 0.0000000000
82798  -33.568  -21.184  36.526 0.0000000000
86793  -30.742  -19.911  38.938 0.0000000000
85434  -30.383  -20.529  37.533 0.0000000000
85411  -31.132  -20.519  38.449 0.0000000000
81607  -32.916  -22.176  36.729 0.0000000000
189139  -32.510  -22.350  36.754 0.0000000000
81618  -32.919  -21.990  36.115 0.0000000000
81640  -32.474  -22.245  35.089 0.0000000000
86775  -30.850  -19.833  39.737 0.0000000000
194326  -43.121  -7.392  18.725 0.0000000000
194192  -42.529  -7.368  18.826 0.0000000000
106109  -42.875  -6.943  18.761 0.0000000000
110373  -45.908  -3.118  19.552 0.0000000000
196559  -45.402  -3.178  19.343 0.0000000000
111444  -45.530  -2.495  19.285 0.0000000000
191918  -44.693  -2.235  18.945 0.0000000000
112476  -45.873  -1.852  19.379 0.0000000000
113449  -45.692  -1.096  19.096 0.0000000000
112469  -46.362  -1.969  19.616 0.0000000000
97356  -33.505  -13.022  29.095 0.0000000000
97374  -33.407  -12.945  28.341 0.0000000000
97393  -33.961  -12.635  27.779 0.0000000000
99595  -35.735  -10.948  25.763 0.0000000000
99581  -35.337  -11.050  25.989 0.0000000000
215948  -35.386  -10.631  25.414 0.0000000000
100744  -35.042  -10.663  25.058 0.0000000000
101886  -35.829  -10.616  25.344 0.0000000000
197825  -36.105  -9.980  24.771 0.0000000000
101868  -36.501  -10.348  25.367 0.0000000000
85516  -19.539  -20.619  34.657 0.0000000000
85490  -19.040  -20.471  35.154 0.0000000000
85534  -19.099  -21.178  34.196 0.0000000000
122273  -50.223  6.030  12.297 0.0000000000
121313  -49.822  5.809  11.203 0.0000000000
122284  -50.302  6.073  11.641 0.0000000000
69983  -9.679  -31.424  46.719 0.0000000000
69982  -9.122  -31.583  46.800 0.0000000000
69981  -8.534  -31.804  46.893 0.0000000000
68764  -8.677  -32.120  46.461 0.0000000000
85660  -32.815  -20.711  28.777 0.0000000000
86991  -32.562  -19.919  29.029 0.0000000000
87000  -32.558  -19.732  28.252 0.0000000000
88181  -32.561  -19.192  29.206 0.0000000000
88125  -33.271  -19.942  33.945 0.0000000000
209878  -33.250  -19.389  34.292 0.0000000000
92719  -33.384  -15.740  32.439 0.0000000000
92733  -32.639  -15.920  31.890 0.0000000000
93976  -32.986  -15.348  31.930 0.0000000000
95094  -32.634  -15.009  31.604 0.0000000000
85600  -21.744  -20.803  30.744 0.0000000000
85618  -21.913  -21.210  30.084 0.0000000000
84159  -29.106  -21.644  32.931 0.0000000000
85557  -28.751  -21.219  32.662 0.0000000000
84173  -29.080  -21.703  32.357 0.0000000000
196505  -22.293  -20.118  32.078 0.0000000000
86931  -21.623  -20.252  31.894 0.0000000000
85583  -21.489  -20.503  31.333 0.0000000000
85599  -21.212  -21.013  31.106 0.0000000000
116477  -44.987  1.282  11.616 0.0000000000
116423  -47.122  1.474  18.060 0.0000000000
116427  -46.598  1.475  17.484 0.0000000000
116428  -47.040  1.958  17.602 0.0000000000
119367  -49.050  4.280  16.086 0.0000000000
206558  -48.262  3.718  15.739 0.0000000000
119371  -48.672  4.098  15.563 0.0000000000
119374  -48.403  3.969  14.511 0.0000000000
119375  -48.762  4.328  14.876 0.0000000000
120312  -49.273  4.675  14.546 0.0000000000
96330  -30.196  -13.292  24.766 0.0000000000
96329  -29.704  -14.007  24.401 0.0000000000
181609  -30.411  -13.472  23.991 0.0000000000
189450  -35.587  -11.621  17.876 0.0000000000
98599  -35.846  -12.290  17.703 0.0000000000
99711  -35.430  -10.657  17.254 0.0000000000
99693  -35.726  -11.524  17.618 0.0000000000
102994  -39.068  -9.141  22.229 0.0000000000
103007  -39.143  -9.572  21.642 0.0000000000
99652  -41.260  -11.961  20.075 0.0000000000
100852  -41.444  -11.703  19.611 0.0000000000
99682  -40.199  -11.612  19.293 0.0000000000
213619  -41.888  -11.599  19.551 0.0000000000
100866  -41.745  -11.018  19.097 0.0000000000
100867  -42.395  -11.338  19.497 0.0000000000
76053  -13.122  -27.527  38.811 0.0000000000
77230  -13.290  -27.084  39.807 0.0000000000
74873  -12.748  -28.029  39.032 0.0000000000
74856  -12.532  -27.987  39.717 0.0000000000
74855  -12.055  -28.370  39.264 0.0000000000
73692  -12.160  -29.226  38.282 0.0000000000
65448  -7.914  -34.805  41.063 0.0000000000
59802  -5.283  -38.308  42.202 0.0000000000
62140  -5.887  -37.063  42.939 0.0000000000
60967  -5.508  -37.689  42.503 0.0000000000
62129  -5.801  -36.725  43.292 0.0000000000
60955  -5.163  -37.343  42.846 0.0000000000
98460  -35.930  -12.441  27.921 0.0000000000
82857  -19.133  -22.711  32.536 0.0000000000
72381  -10.955  -30.334  44.304 0.0000000000
72374  -11.629  -29.908  45.274 0.0000000000
71227  -10.503  -30.768  44.576 0.0000000000
71226  -10.029  -31.094  45.111 0.0000000000
195303  -9.876  -31.284  44.426 0.0000000000
81797  -30.875  -22.769  27.623 0.0000000000
84263  -31.795  -22.169  29.251 0.0000000000
201445  -31.739  -22.025  28.621 0.0000000000
84245  -32.237  -21.753  29.491 0.0000000000
84246  -32.529  -21.216  29.079 0.0000000000
195782  -32.565  -21.258  29.773 0.0000000000
88141  -23.668  -19.251  32.301 0.0000000000
204774  -23.609  -19.387  31.708 0.0000000000
88152  -24.263  -19.265  31.829 0.0000000000
88144  -26.048  -19.011  32.150 0.0000000000
88153  -25.175  -19.148  31.869 0.0000000000
88154  -26.003  -18.975  31.403 0.0000000000
88165  -26.014  -19.031  30.646 0.0000000000
86949  -26.770  -18.959  30.945 0.0000000000
82875  -29.735  -22.843  31.691 0.0000000000
81705  -29.578  -22.879  31.056 0.0000000000
81721  -29.848  -23.226  30.786 0.0000000000
81761  -29.866  -23.160  29.392 0.0000000000
81738  -29.502  -23.081  29.956 0.0000000000
80709  -29.574  -23.383  28.644 0.0000000000
80725  -29.817  -23.539  28.243 0.0000000000
80741  -30.106  -23.568  27.827 0.0000000000
85432  -26.308  -19.934  38.584 0.0000000000
85452  -25.378  -19.824  37.816 0.0000000000
183804  -25.014  -20.219  38.195 0.0000000000
85473  -24.870  -20.239  37.184 0.0000000000
85472  -24.388  -20.322  36.919 0.0000000000
86839  -24.871  -19.986  36.557 0.0000000000
88120  -24.208  -19.153  34.019 0.0000000000
88104  -23.685  -19.462  34.542 0.0000000000
88131  -23.671  -19.124  33.031 0.0000000000
88130  -22.953  -19.313  32.708 0.0000000000
110410  -40.263  -3.281  15.814 0.0000000000
98535  -31.179  -12.065  22.819 0.0000000000
98534  -30.768  -12.762  22.767 0.0000000000
98541  -31.125  -12.511  22.060 0.0000000000
99661  -34.388  -11.126  19.180 0.0000000000
98578  -34.705  -11.667  18.781 0.0000000000
103994  -42.416  -7.927  22.638 0.0000000000
104014  -41.954  -8.590  22.017 0.0000000000
204177  -43.218  -11.164  21.036 0.0000000000
82791  -15.556  -22.844  36.822 0.0000000000
82778  -15.062  -22.314  37.249 0.0000000000
81612  -15.345  -23.624  36.556 0.0000000000
80547  -14.222  -24.502  37.482 0.0000000000
81602  -14.669  -23.422  37.576 0.0000000000
81590  -14.144  -22.903  38.662 0.0000000000
81581  -13.708  -23.451  39.592 0.0000000000
80537  -13.996  -24.029  38.696 0.0000000000
77273  -13.191  -27.111  36.951 0.0000000000
208629  -13.796  -26.022  37.758 0.0000000000
76069  -13.037  -27.622  37.502 0.0000000000
74900  -12.667  -27.997  36.946 0.0000000000
184205  -12.820  -28.386  36.570 0.0000000000
81688  -32.396  -23.349  32.038 0.0000000000
81672  -32.803  -23.062  32.823 0.0000000000
84129  -33.523  -20.804  35.259 0.0000000000
84147  -33.726  -20.866  34.469 0.0000000000
85522  -33.723  -20.565  35.143 0.0000000000
86843  -28.601  -19.477  36.657 0.0000000000
184768  -28.540  -19.394  36.091 0.0000000000
86844  -29.364  -19.825  36.641 0.0000000000
85477  -30.102  -20.958  36.432 0.0000000000
84097  -29.959  -21.111  35.758 0.0000000000
84112  -29.651  -21.323  35.135 0.0000000000
82794  -30.169  -21.675  35.366 0.0000000000
84048  -32.194  -21.100  38.269 0.0000000000
81614  -31.131  -22.254  35.720 0.0000000000
207557  -30.923  -22.005  35.810 0.0000000000
81625  -30.649  -22.378  35.063 0.0000000000
81636  -30.214  -21.861  34.359 0.0000000000
186086  -30.547  -21.892  34.103 0.0000000000
81669  -29.979  -22.434  33.170 0.0000000000
81654  -30.830  -22.025  33.856 0.0000000000
81671  -32.303  -23.070  33.314 0.0000000000
80612  -31.597  -22.932  32.910 0.0000000000
80632  -32.154  -23.552  32.207 0.0000000000
80653  -31.560  -23.983  31.488 0.0000000000
86791  -29.393  -19.509  38.656 0.0000000000
86808  -28.645  -19.283  38.125 0.0000000000
86824  -28.676  -19.274  37.337 0.0000000000
104052  -39.787  -8.290  18.263 0.0000000000
104051  -39.082  -8.285  17.963 0.0000000000
105064  -40.090  -7.708  18.339 0.0000000000
107170  -41.457  -6.571  18.512 0.0000000000
186206  -40.336  -7.043  18.321 0.0000000000
106121  -40.807  -6.461  18.245 0.0000000000
107181  -40.211  -5.984  18.008 0.0000000000
207393  -40.760  -5.860  18.135 0.0000000000
108236  -44.458  -5.365  19.011 0.0000000000
185292  -43.413  -5.879  18.825 0.0000000000
183177  -43.814  -5.307  18.952 0.0000000000
110378  -43.115  -3.739  18.936 0.0000000000
216098  -42.873  -4.220  18.843 0.0000000000
110377  -42.453  -4.045  18.611 0.0000000000
109313  -41.374  -4.593  18.113 0.0000000000
110383  -41.473  -3.845  17.902 0.0000000000
110393  -41.099  -3.440  17.407 0.0000000000
110394  -41.692  -3.336  17.700 0.0000000000
112481  -43.930  -1.516  18.415 0.0000000000
202551  -42.399  -1.733  17.345 0.0000000000
112489  -42.979  -1.506  17.555 0.0000000000
113468  -42.444  -1.038  16.418 0.0000000000
114422  -43.674  -0.143  16.528 0.0000000000
113460  -44.193  -0.591  17.677 0.0000000000
114404  -46.514  -0.233  19.153 0.0000000000
114412  -45.524  -0.118  18.390 0.0000000000
186006  -46.683  0.273  18.872 0.0000000000
115362  -46.553  0.667  18.526 0.0000000000
114405  -47.132  0.085  19.287 0.0000000000
115358  -49.235  0.859  20.075 0.0000000000
201911  -31.284  -14.547  28.700 0.0000000000
95141  -30.430  -14.949  27.959 0.0000000000
95142  -31.143  -14.433  28.116 0.0000000000
97390  -31.888  -13.124  27.280 0.0000000000
96315  -31.322  -13.512  27.034 0.0000000000
97403  -31.745  -12.943  26.561 0.0000000000
97409  -31.320  -13.080  26.005 0.0000000000
97415  -31.829  -12.482  26.026 0.0000000000
201909  -34.784  -11.864  26.928 0.0000000000
180393  -34.735  -11.619  26.642 0.0000000000
98509  -33.384  -11.815  25.953 0.0000000000
98523  -32.431  -11.726  25.019 0.0000000000
98522  -32.041  -11.809  24.336 0.0000000000
99600  -32.750  -11.400  24.580 0.0000000000
100758  -34.478  -10.473  23.863 0.0000000000
100757  -33.390  -10.906  23.540 0.0000000000
187562  -33.937  -10.435  23.396 0.0000000000
100774  -33.451  -10.535  22.723 0.0000000000
101937  -34.129  -10.064  22.585 0.0000000000
101938  -34.822  -9.800  22.154 0.0000000000
101919  -34.828  -9.857  22.877 0.0000000000
102952  -37.443  -9.322  23.614 0.0000000000
102951  -36.881  -9.402  23.470 0.0000000000
103967  -37.831  -9.051  23.263 0.0000000000
103989  -37.988  -8.916  22.788 0.0000000000
103969  -38.906  -9.217  23.405 0.0000000000
102922  -40.596  -9.339  24.872 0.0000000000
102937  -40.564  -8.786  24.177 0.0000000000
183489  -40.475  -8.740  23.473 0.0000000000
103972  -41.750  -8.014  23.375 0.0000000000
86836  -18.649  -20.329  36.281 0.0000000000
86818  -18.120  -20.571  36.824 0.0000000000
85443  -17.672  -20.859  37.336 0.0000000000
84096  -17.469  -21.443  36.115 0.0000000000
81668  -18.410  -23.330  33.177 0.0000000000
82828  -18.508  -22.328  33.810 0.0000000000
81652  -18.157  -23.021  33.777 0.0000000000
81635  -17.520  -23.312  34.653 0.0000000000
81634  -17.013  -23.584  34.979 0.0000000000
82805  -16.979  -22.616  35.668 0.0000000000
81624  -16.745  -23.277  35.441 0.0000000000
81623  -16.202  -23.589  35.642 0.0000000000
80572  -16.278  -24.339  34.813 0.0000000000
68761  -6.830  -32.190  46.111 0.0000000000
84311  -31.688  -21.762  25.846 0.0000000000
213699  -32.196  -19.941  26.720 0.0000000000
89309  -32.189  -18.796  28.165 0.0000000000
89318  -31.869  -18.874  27.470 0.0000000000
90442  -31.727  -18.555  27.923 0.0000000000
90441  -31.391  -18.330  27.641 0.0000000000
181711  -31.715  -17.996  28.695 0.0000000000
188218  -32.697  -22.396  31.855 0.0000000000
82891  -32.579  -22.699  31.393 0.0000000000
84193  -32.796  -21.802  31.742 0.0000000000
88147  -32.707  -20.165  32.324 0.0000000000
86937  -32.868  -20.846  31.376 0.0000000000
197000  -32.734  -20.353  31.295 0.0000000000
88155  -32.605  -19.743  31.186 0.0000000000
193907  -32.464  -17.701  31.581 0.0000000000
90376  -32.781  -18.232  32.206 0.0000000000
90382  -32.488  -18.632  31.277 0.0000000000
89276  -32.447  -19.163  30.872 0.0000000000
90387  -32.186  -18.596  30.680 0.0000000000
198771  -31.977  -18.313  30.304 0.0000000000
92763  -31.664  -16.340  30.452 0.0000000000
91552  -31.553  -17.315  29.792 0.0000000000
181549  -31.364  -16.603  29.765 0.0000000000
92774  -31.382  -17.092  29.228 0.0000000000
198750  -31.294  -16.260  29.423 0.0000000000
94000  -31.265  -15.722  29.247 0.0000000000
95112  -32.630  -14.137  30.810 0.0000000000
96286  -33.001  -13.458  30.464 0.0000000000
96294  -32.867  -13.336  29.690 0.0000000000
96287  -33.740  -13.300  30.616 0.0000000000
95097  -35.106  -14.268  32.593 0.0000000000
95096  -34.559  -14.350  32.058 0.0000000000
96276  -34.837  -13.919  31.790 0.0000000000
97343  -34.970  -12.661  29.913 0.0000000000
86961  -23.336  -19.798  29.867 0.0000000000
86974  -22.866  -20.333  29.369 0.0000000000
86975  -23.546  -20.064  29.155 0.0000000000
86879  -28.242  -19.495  34.610 0.0000000000
86895  -28.248  -19.681  33.986 0.0000000000
85584  -28.503  -20.516  31.458 0.0000000000
186065  -28.053  -19.794  31.682 0.0000000000
86936  -28.008  -19.905  30.980 0.0000000000
86950  -27.447  -19.373  30.563 0.0000000000
86951  -27.938  -20.023  30.296 0.0000000000
82890  -29.242  -22.514  30.485 0.0000000000
84210  -29.074  -21.885  30.859 0.0000000000
85468  -21.640  -19.932  36.456 0.0000000000
186574  -21.203  -19.846  36.081 0.0000000000
85493  -21.486  -20.066  35.783 0.0000000000
86856  -22.843  -19.862  35.581 0.0000000000
85495  -22.689  -19.914  36.210 0.0000000000
86875  -22.416  -20.211  34.790 0.0000000000
86892  -21.540  -20.162  33.994 0.0000000000
85555  -20.621  -20.533  33.125 0.0000000000
85568  -20.265  -21.105  32.697 0.0000000000
84172  -19.865  -21.788  32.523 0.0000000000
84188  -20.222  -21.662  32.048 0.0000000000
115377  -44.024  0.437  16.261 0.0000000000
115391  -44.137  0.717  15.665 0.0000000000
183938  -44.446  0.776  16.044 0.0000000000
116443  -45.353  1.401  15.807 0.0000000000
116442  -44.825  1.437  15.456 0.0000000000
116452  -44.766  1.731  14.846 0.0000000000
117443  -45.333  1.969  14.532 0.0000000000
118402  -48.453  2.917  17.846 0.0000000000
117427  -47.340  2.504  17.287 0.0000000000
118406  -47.776  2.943  17.122 0.0000000000
118428  -46.996  2.833  14.769 0.0000000000
118424  -46.957  2.789  15.539 0.0000000000
212196  -45.983  2.302  13.730 0.0000000000
117451  -46.369  2.654  13.762 0.0000000000
118441  -46.184  2.707  12.664 0.0000000000
118436  -46.439  2.796  13.189 0.0000000000
119381  -47.684  3.907  13.080 0.0000000000
118447  -47.072  3.419  12.149 0.0000000000
118450  -47.138  3.418  11.276 0.0000000000
119388  -47.624  3.835  11.732 0.0000000000
119391  -47.686  3.743  10.978 0.0000000000
119386  -47.969  4.260  12.119 0.0000000000
120323  -49.596  5.181  13.834 0.0000000000
120326  -48.843  4.691  12.751 0.0000000000
121303  -49.750  5.472  13.219 0.0000000000
179082  -49.919  5.707  13.860 0.0000000000
70049  -9.737  -30.917  39.942 0.0000000000
204672  -9.557  -31.413  39.880 0.0000000000
68844  -9.674  -32.046  39.569 0.0000000000
95153  -30.086  -15.027  26.779 0.0000000000
92796  -29.871  -16.306  26.739 0.0000000000
94026  -29.813  -15.622  26.491 0.0000000000
197381  -36.587  -11.012  16.633 0.0000000000
100901  -37.577  -10.587  16.245 0.0000000000
100892  -37.241  -10.593  16.911 0.0000000000
101952  -35.680  -9.766  21.274 0.0000000000
100808  -35.185  -10.046  20.785 0.0000000000
101970  -37.850  -10.567  20.610 0.0000000000
101968  -36.681  -10.132  20.336 0.0000000000
101983  -36.830  -10.658  19.752 0.0000000000
179776  -36.844  -11.412  19.329 0.0000000000
100850  -37.490  -11.248  19.518 0.0000000000
101957  -40.440  -10.393  21.297 0.0000000000
100809  -39.807  -10.605  20.937 0.0000000000
99667  -39.362  -12.035  19.585 0.0000000000
99649  -39.174  -11.809  19.869 0.0000000000
99666  -38.784  -11.900  19.337 0.0000000000
99665  -37.841  -11.681  19.056 0.0000000000
215155  -38.408  -11.859  19.024 0.0000000000
186392  -37.256  -11.888  18.255 0.0000000000
99680  -38.454  -11.718  18.807 0.0000000000
101993  -39.215  -10.670  18.641 0.0000000000
100879  -38.519  -11.060  18.438 0.0000000000
102009  -38.570  -10.070  18.098 0.0000000000
102010  -39.370  -9.766  18.354 0.0000000000
187302  -42.437  -9.550  18.873 0.0000000000
103031  -41.859  -9.009  18.842 0.0000000000
191562  -42.543  -8.610  18.851 0.0000000000
198390  -43.205  -8.674  18.910 0.0000000000
202437  -11.648  -28.328  40.412 0.0000000000
74826  -12.654  -27.832  41.349 0.0000000000
73644  -11.427  -28.862  40.800 0.0000000000
197513  -11.809  -28.654  41.439 0.0000000000
73657  -10.919  -29.289  40.266 0.0000000000
72445  -10.657  -29.764  40.446 0.0000000000
72458  -10.740  -29.733  39.735 0.0000000000
71320  -11.363  -30.850  38.076 0.0000000000
195084  -11.103  -30.598  38.674 0.0000000000
70038  -9.222  -31.659  41.485 0.0000000000
70029  -9.340  -31.609  42.140 0.0000000000
180582  -9.089  -32.361  41.479 0.0000000000
66497  -8.168  -33.941  42.237 0.0000000000
67599  -8.335  -32.934  42.876 0.0000000000
67587  -8.366  -33.580  43.310 0.0000000000
184123  -8.328  -33.609  43.999 0.0000000000
62162  -6.896  -37.492  40.730 0.0000000000
63338  -7.057  -36.262  41.429 0.0000000000
62152  -6.560  -36.758  41.523 0.0000000000
63289  -6.320  -35.603  43.554 0.0000000000
182404  -6.611  -35.816  42.953 0.0000000000
204349  -6.893  -35.033  43.331 0.0000000000
65420  -7.519  -34.341  44.247 0.0000000000
65413  -7.297  -34.136  44.525 0.0000000000
66461  -7.255  -33.800  44.905 0.0000000000
65412  -6.969  -34.227  44.544 0.0000000000
65419  -5.933  -35.126  44.225 0.0000000000
65410  -6.170  -34.525  44.467 0.0000000000
211520  -5.757  -34.634  44.324 0.0000000000
195223  -5.835  -33.476  44.719 0.0000000000
183987  -3.967  -38.391  43.025 0.0000000000
60954  -4.532  -37.219  42.893 0.0000000000
71236  -10.617  -30.605  43.799 0.0000000000
81782  -31.123  -22.780  28.466 0.0000000000
82928  -31.892  -22.399  30.035 0.0000000000
88142  -24.514  -19.123  32.584 0.0000000000
188697  -25.649  -18.892  33.253 0.0000000000
88145  -26.186  -19.119  32.815 0.0000000000
80674  -30.713  -23.889  30.791 0.0000000000
80690  -30.303  -23.547  30.547 0.0000000000
179467  -30.491  -23.179  29.442 0.0000000000
212851  -30.970  -22.981  28.759 0.0000000000
86789  -27.694  -19.478  38.748 0.0000000000
86806  -26.858  -19.519  38.005 0.0000000000
86821  -26.054  -19.727  37.157 0.0000000000
86840  -25.468  -19.880  36.815 0.0000000000
86858  -24.819  -19.721  35.788 0.0000000000
86859  -25.462  -19.556  36.150 0.0000000000
88106  -25.294  -19.045  34.653 0.0000000000
112505  -41.232  -1.835  15.729 0.0000000000
114453  -43.375  0.058  13.689 0.0000000000
90476  -31.573  -18.681  26.560 0.0000000000
99632  -32.216  -11.520  21.716 0.0000000000
208566  -31.463  -12.160  21.742 0.0000000000
198493  -32.169  -11.847  21.093 0.0000000000
97445  -32.003  -12.556  20.857 0.0000000000
79508  -15.215  -24.978  35.663 0.0000000000
80554  -14.889  -24.185  36.602 0.0000000000
79507  -14.589  -25.173  35.841 0.0000000000
79491  -14.420  -24.719  36.670 0.0000000000
79506  -14.070  -25.406  36.468 0.0000000000
79490  -14.068  -25.100  37.299 0.0000000000
78449  -13.852  -26.131  36.542 0.0000000000
199708  -13.535  -26.722  36.591 0.0000000000
76100  -13.320  -27.267  36.341 0.0000000000
73718  -13.518  -28.547  36.356 0.0000000000
74916  -13.867  -28.000  36.117 0.0000000000
81656  -32.681  -22.505  34.335 0.0000000000
82844  -32.930  -22.451  33.645 0.0000000000
82818  -32.995  -21.452  34.935 0.0000000000
82819  -33.275  -21.110  35.379 0.0000000000
85478  -33.884  -20.728  36.342 0.0000000000
86826  -30.007  -20.132  37.391 0.0000000000
85455  -30.203  -20.843  37.029 0.0000000000
85456  -30.662  -21.071  37.143 0.0000000000
82769  -32.075  -21.857  37.267 0.0000000000
81605  -32.094  -22.170  36.984 0.0000000000
81615  -31.632  -22.283  35.986 0.0000000000
81627  -31.245  -22.502  35.336 0.0000000000
80578  -31.264  -22.345  33.999 0.0000000000
80567  -31.526  -22.642  34.908 0.0000000000
215391  -32.305  -22.673  34.601 0.0000000000
86792  -30.086  -19.659  38.720 0.0000000000
104041  -41.046  -8.120  18.801 0.0000000000
105051  -40.722  -7.559  18.729 0.0000000000
105052  -41.440  -7.550  18.728 0.0000000000
106108  -41.871  -7.025  18.695 0.0000000000
205529  -42.073  -6.249  18.603 0.0000000000
109307  -45.121  -4.352  19.137 0.0000000000
109306  -44.205  -4.742  19.052 0.0000000000
110381  -45.090  -3.711  19.206 0.0000000000
110380  -44.394  -3.449  19.125 0.0000000000
111440  -43.198  -3.018  18.796 0.0000000000
111447  -42.932  -2.598  18.330 0.0000000000
111441  -43.631  -2.353  18.752 0.0000000000
112473  -44.280  -1.908  18.803 0.0000000000
112482  -44.427  -1.306  18.559 0.0000000000
113447  -44.785  -0.811  18.514 0.0000000000
183124  -45.198  -1.133  18.824 0.0000000000
113450  -46.168  -0.739  19.312 0.0000000000
113444  -46.812  -0.860  19.608 0.0000000000
96301  -32.143  -13.614  28.677 0.0000000000
96300  -31.619  -14.025  28.377 0.0000000000
97373  -32.739  -13.189  28.140 0.0000000000
97391  -32.563  -12.934  27.476 0.0000000000
97405  -33.107  -12.587  27.052 0.0000000000
190240  -35.220  -11.405  26.406 0.0000000000
206780  -34.581  -11.393  26.251 0.0000000000
98518  -34.712  -11.113  25.833 0.0000000000
99594  -34.054  -11.187  25.324 0.0000000000
99601  -33.436  -11.173  24.797 0.0000000000
99602  -34.067  -11.029  24.720 0.0000000000
100743  -34.607  -10.821  24.550 0.0000000000
101897  -34.906  -10.044  23.589 0.0000000000
101920  -35.375  -9.695  23.097 0.0000000000
101898  -35.544  -9.947  23.960 0.0000000000
101900  -36.895  -9.729  24.110 0.0000000000
102933  -37.687  -9.867  24.239 0.0000000000
86855  -19.301  -20.223  35.854 0.0000000000
204951  -18.599  -20.516  35.624 0.0000000000
84125  -18.290  -21.035  35.091 0.0000000000
81667  -17.760  -23.723  33.458 0.0000000000
79539  -16.759  -24.836  34.017 0.0000000000
121312  -49.330  5.352  11.344 0.0000000000
120336  -48.898  4.957  10.805 0.0000000000
121315  -49.403  5.472  10.678 0.0000000000
121316  -49.545  5.753  9.998 0.0000000000
67555  -7.776  -32.524  46.312 0.0000000000
84282  -31.990  -21.230  27.703 0.0000000000
180732  -32.332  -20.642  27.763 0.0000000000
87007  -32.274  -20.263  27.196 0.0000000000
201787  -32.113  -19.651  27.200 0.0000000000
86999  -32.446  -19.964  27.721 0.0000000000
88188  -32.592  -19.205  28.503 0.0000000000
89303  -32.320  -18.781  28.845 0.0000000000
215540  -33.158  -20.762  33.306 0.0000000000
85571  -32.858  -21.263  32.205 0.0000000000
86912  -33.219  -20.436  33.546 0.0000000000
88136  -33.030  -20.053  33.169 0.0000000000
88135  -32.756  -19.595  32.834 0.0000000000
91514  -33.285  -16.849  33.607 0.0000000000
91513  -33.106  -17.089  32.957 0.0000000000
214138  -32.462  -16.992  31.731 0.0000000000
91527  -32.233  -17.242  31.172 0.0000000000
91536  -31.969  -17.658  30.616 0.0000000000
92748  -32.195  -16.828  30.985 0.0000000000
191631  -32.082  -16.416  30.931 0.0000000000
93985  -32.165  -15.634  31.165 0.0000000000
93992  -31.769  -15.345  30.588 0.0000000000
95102  -32.976  -14.416  31.343 0.0000000000
95103  -33.652  -14.107  31.517 0.0000000000
96277  -35.405  -13.605  32.151 0.0000000000
88174  -24.737  -19.368  29.468 0.0000000000
85540  -29.067  -20.880  33.912 0.0000000000
85556  -28.631  -20.302  33.608 0.0000000000
194426  -28.612  -20.600  32.967 0.0000000000
85585  -28.899  -21.185  31.173 0.0000000000
81759  -29.085  -22.761  28.933 0.0000000000
82926  -28.818  -22.503  28.984 0.0000000000
183150  -22.433  -19.754  36.573 0.0000000000
86893  -22.641  -19.884  33.992 0.0000000000
203774  -22.085  -20.198  34.203 0.0000000000
86921  -21.835  -20.098  32.648 0.0000000000
86920  -21.320  -20.364  32.434 0.0000000000
84189  -20.768  -21.390  31.578 0.0000000000
84208  -20.969  -21.760  30.904 0.0000000000
115373  -45.499  1.019  17.132 0.0000000000
115379  -45.040  0.715  16.710 0.0000000000
179907  -46.039  1.358  17.183 0.0000000000
116433  -45.819  1.434  16.687 0.0000000000
117432  -46.122  1.810  16.325 0.0000000000
118418  -47.987  3.346  16.778 0.0000000000
118426  -47.930  3.419  16.152 0.0000000000
119370  -47.886  3.546  15.498 0.0000000000
118433  -47.587  3.186  14.383 0.0000000000
118437  -46.858  3.157  13.417 0.0000000000
118438  -47.468  3.574  13.653 0.0000000000
119379  -48.135  4.043  13.462 0.0000000000
119382  -47.986  4.272  12.803 0.0000000000
120316  -48.742  4.377  13.641 0.0000000000
120317  -49.222  4.731  13.963 0.0000000000
68845  -10.281  -32.022  38.936 0.0000000000
68857  -10.090  -32.780  38.897 0.0000000000
96320  -30.083  -14.006  25.717 0.0000000000
189072  -29.497  -14.883  25.392 0.0000000000
95179  -29.403  -14.334  25.238 0.0000000000
95189  -29.309  -14.622  24.725 0.0000000000
99712  -35.775  -11.352  16.865 0.0000000000
100890  -35.540  -10.390  17.177 0.0000000000
102992  -37.199  -9.184  21.980 0.0000000000
101953  -36.481  -9.734  21.105 0.0000000000
103005  -37.194  -9.551  21.311 0.0000000000
101955  -37.872  -9.905  20.992 0.0000000000
101971  -38.575  -10.495  20.708 0.0000000000
190241  -41.543  -10.992  20.760 0.0000000000
100810  -40.372  -10.936  20.664 0.0000000000
100833  -40.978  -11.419  20.338 0.0000000000
99651  -40.490  -11.845  20.057 0.0000000000
99668  -39.967  -11.990  19.748 0.0000000000
100864  -40.314  -11.053  18.945 0.0000000000
101995  -40.595  -10.535  18.872 0.0000000000
179838  -40.581  -9.727  18.858 0.0000000000
101996  -41.144  -10.315  18.886 0.0000000000
101997  -41.817  -9.971  18.837 0.0000000000
207877  -42.911  -9.992  18.946 0.0000000000
78375  -13.638  -25.639  39.598 0.0000000000
78374  -13.463  -25.754  40.196 0.0000000000
77212  -13.204  -26.524  40.319 0.0000000000
188416  -13.051  -27.553  40.773 0.0000000000
74839  -11.704  -28.227  39.884 0.0000000000
73671  -11.521  -28.853  39.549 0.0000000000
72459  -11.318  -29.489  39.306 0.0000000000
72487  -11.451  -30.219  38.392 0.0000000000
72499  -11.727  -30.383  37.707 0.0000000000
66514  -8.683  -34.031  40.362 0.0000000000
196798  -8.906  -33.049  41.385 0.0000000000
66505  -8.323  -34.243  41.053 0.0000000000
195880  -7.916  -34.317  41.704 0.0000000000
65441  -7.784  -34.539  42.547 0.0000000000
60977  -6.045  -37.803  41.662 0.0000000000
62151  -6.274  -37.127  42.162 0.0000000000
62141  -6.321  -36.940  42.903 0.0000000000
62130  -6.183  -36.641  43.322 0.0000000000
63288  -6.127  -35.939  43.695 0.0000000000
64360  -6.323  -35.326  43.797 0.0000000000
63287  -5.893  -36.071  43.809 0.0000000000
63286  -5.368  -36.114  43.832 0.0000000000
85389  -32.041  -20.505  39.459 0.0000000000
82771  -33.280  -21.456  37.990 0.0000000000
106111  -44.203  -7.248  18.964 0.0000000000
191141  -44.167  -6.556  18.852 0.0000000000
106112  -44.816  -6.778  19.085 0.0000000000
111437  -46.611  -3.041  19.816 0.0000000000
111438  -47.087  -2.486  20.077 0.0000000000
112471  -47.482  -2.020  20.186 0.0000000000
183803  -34.718  -12.459  28.855 0.0000000000
97394  -34.740  -12.313  27.996 0.0000000000
98459  -35.436  -12.269  27.758 0.0000000000
98474  -35.118  -12.075  27.296 0.0000000000
98494  -35.906  -12.124  26.872 0.0000000000
98511  -35.842  -11.793  26.584 0.0000000000
100727  -37.134  -10.626  25.588 0.0000000000
84157  -19.346  -21.703  33.165 0.0000000000
84156  -18.891  -22.003  33.435 0.0000000000
82842  -19.067  -22.354  33.064 0.0000000000
82856  -18.772  -22.867  32.950 0.0000000000
71220  -10.104  -31.045  45.804 0.0000000000
68775  -9.105  -31.821  45.718 0.0000000000
82974  -31.087  -22.318  27.148 0.0000000000
84281  -31.761  -21.573  28.220 0.0000000000
86980  -32.784  -20.125  29.841 0.0000000000
182207  -33.983  -14.761  32.354 0.0000000000
86932  -22.634  -19.845  31.616 0.0000000000
86947  -22.629  -19.905  30.883 0.0000000000
86933  -23.135  -19.534  31.313 0.0000000000
86948  -23.215  -19.611  30.604 0.0000000000
88162  -23.871  -19.303  30.301 0.0000000000
183656  -24.636  -19.224  31.340 0.0000000000
208316  -24.466  -19.196  30.041 0.0000000000
187088  -25.239  -19.087  30.176 0.0000000000
86964  -26.035  -19.113  29.946 0.0000000000
196538  -26.496  -19.395  29.318 0.0000000000
190825  -29.522  -22.333  32.705 0.0000000000
84174  -29.352  -22.177  32.070 0.0000000000
82874  -29.446  -22.571  31.489 0.0000000000
195777  -29.353  -22.753  30.779 0.0000000000
82907  -29.267  -22.872  30.197 0.0000000000
187959  -29.784  -23.328  30.372 0.0000000000
81737  -29.131  -22.761  29.533 0.0000000000
181313  -23.964  -20.471  37.254 0.0000000000
85497  -23.788  -20.215  36.597 0.0000000000
86857  -23.561  -19.799  35.995 0.0000000000
188101  -23.370  -19.650  35.274 0.0000000000
86876  -24.147  -19.723  35.348 0.0000000000
86894  -23.204  -19.582  34.094 0.0000000000
86907  -22.612  -19.664  33.264 0.0000000000
205612  -22.681  -19.732  32.252 0.0000000000
109331  -39.676  -4.192  16.324 0.0000000000
116472  -44.613  1.262  12.947 0.0000000000
117416  -48.415  2.014  18.708 0.0000000000
117424  -48.742  2.649  18.458 0.0000000000
120304  -49.672  4.687  15.820 0.0000000000
196912  -30.751  -12.801  23.931 0.0000000000
97424  -30.631  -13.126  23.355 0.0000000000
98580  -36.005  -11.854  18.698 0.0000000000
104012  -40.614  -9.118  22.456 0.0000000000
102996  -40.413  -9.528  22.108 0.0000000000
102997  -40.989  -9.422  22.009 0.0000000000
102998  -41.500  -9.122  21.855 0.0000000000
103010  -41.514  -9.856  21.595 0.0000000000
101959  -41.931  -10.609  21.209 0.0000000000
100811  -42.206  -11.288  20.858 0.0000000000
216402  -42.763  -11.348  20.874 0.0000000000
100835  -42.486  -11.644  20.455 0.0000000000
182066  -43.037  -11.522  19.913 0.0000000000
81611  -14.883  -23.663  37.009 0.0000000000
82756  -14.516  -22.444  38.299 0.0000000000
79450  -13.739  -24.688  39.639 0.0000000000
199146  -13.906  -25.467  37.895 0.0000000000
198655  -13.873  -25.275  38.623 0.0000000000
78410  -13.692  -25.780  38.937 0.0000000000
77247  -13.423  -26.933  38.559 0.0000000000
200854  -13.241  -27.426  38.217 0.0000000000
73693  -12.478  -28.827  37.854 0.0000000000
73703  -12.554  -28.711  37.075 0.0000000000
58662  -5.279  -39.549  42.026 0.0000000000
81722  -31.928  -23.935  30.676 0.0000000000
81742  -31.999  -23.681  30.718 0.0000000000
204957  -32.510  -23.203  31.608 0.0000000000
81689  -32.654  -22.826  32.101 0.0000000000
82861  -32.894  -22.074  32.831 0.0000000000
82845  -33.041  -21.956  33.452 0.0000000000
84161  -33.084  -21.573  33.264 0.0000000000
85542  -33.808  -20.726  34.393 0.0000000000
85479  -34.143  -20.505  36.869 0.0000000000
88084  -27.332  -19.045  35.805 0.0000000000
88095  -27.483  -19.141  35.006 0.0000000000
86880  -28.595  -20.213  34.964 0.0000000000
85498  -29.005  -20.839  35.259 0.0000000000
85521  -29.019  -20.786  34.547 0.0000000000
84111  -29.177  -21.039  34.805 0.0000000000
84126  -29.184  -21.209  34.141 0.0000000000
84145  -29.557  -21.912  33.594 0.0000000000
84047  -31.514  -20.910  37.933 0.0000000000
84069  -31.186  -21.244  37.284 0.0000000000
82781  -31.170  -22.018  36.411 0.0000000000
82780  -30.841  -21.657  36.180 0.0000000000
82806  -29.938  -21.784  34.759 0.0000000000
193550  -29.713  -21.848  34.149 0.0000000000
82843  -29.698  -22.249  33.126 0.0000000000
81686  -29.781  -22.846  32.838 0.0000000000
81687  -29.942  -23.219  32.346 0.0000000000
80629  -30.259  -23.597  32.665 0.0000000000
80590  -30.900  -22.311  33.293 0.0000000000
207211  -30.710  -23.448  32.677 0.0000000000
80651  -30.297  -23.624  31.854 0.0000000000
80652  -30.811  -23.932  31.348 0.0000000000
80675  -31.434  -24.075  30.810 0.0000000000
86807  -27.684  -19.270  38.119 0.0000000000
86823  -27.662  -19.149  37.373 0.0000000000
103053  -38.214  -8.870  16.913 0.0000000000
104061  -38.479  -8.230  17.371 0.0000000000
105063  -39.620  -7.320  18.037 0.0000000000
106128  -38.767  -6.955  17.228 0.0000000000
190130  -43.665  -6.363  18.783 0.0000000000
107171  -42.785  -5.974  18.736 0.0000000000
108234  -42.407  -5.403  18.641 0.0000000000
191143  -43.630  -4.741  19.032 0.0000000000
108245  -41.702  -5.412  18.447 0.0000000000
108244  -41.027  -5.328  18.148 0.0000000000
109312  -40.619  -4.680  17.849 0.0000000000
109320  -39.771  -4.444  16.902 0.0000000000
109332  -40.097  -3.933  16.626 0.0000000000
110392  -40.526  -3.461  16.926 0.0000000000
111463  -41.046  -2.494  16.589 0.0000000000
111446  -42.185  -2.858  17.893 0.0000000000
112487  -41.405  -2.295  16.955 0.0000000000
112494  -41.331  -1.971  16.417 0.0000000000
113467  -41.705  -1.407  16.074 0.0000000000
113479  -42.268  -0.986  15.660 0.0000000000
113480  -42.976  -0.366  16.098 0.0000000000
113493  -42.765  -0.585  15.189 0.0000000000
114423  -44.222  0.073  16.849 0.0000000000
115371  -44.695  0.153  17.079 0.0000000000
114411  -45.032  -0.277  18.185 0.0000000000
115367  -45.249  0.155  17.919 0.0000000000
115372  -45.093  0.410  17.299 0.0000000000
115368  -46.025  0.696  18.176 0.0000000000
211980  -46.987  0.945  18.386 0.0000000000
116417  -47.459  1.089  18.625 0.0000000000
112470  -46.898  -1.764  19.840 0.0000000000
184304  -47.629  -1.274  20.125 0.0000000000
114399  -47.374  -0.495  19.690 0.0000000000
115363  -47.736  0.582  19.234 0.0000000000
116410  -48.560  0.895  19.578 0.0000000000
116418  -48.101  1.322  18.956 0.0000000000
117404  -49.424  1.939  19.562 0.0000000000
92788  -30.656  -16.590  28.194 0.0000000000
209558  -30.353  -16.484  27.602 0.0000000000
94019  -30.260  -15.822  27.846 0.0000000000
194090  -30.193  -15.231  27.379 0.0000000000
95154  -30.387  -14.564  27.143 0.0000000000
96307  -31.483  -13.769  27.687 0.0000000000
96314  -30.759  -13.914  26.771 0.0000000000
96313  -30.195  -14.242  26.482 0.0000000000
96321  -30.718  -13.609  26.037 0.0000000000
97408  -30.872  -13.100  25.601 0.0000000000
97413  -30.735  -12.900  25.146 0.0000000000
97406  -33.790  -12.575  27.136 0.0000000000
97411  -32.990  -12.205  26.508 0.0000000000
98510  -34.134  -11.663  26.313 0.0000000000
98508  -32.509  -12.051  26.011 0.0000000000
98515  -31.952  -12.080  25.459 0.0000000000
97419  -31.302  -12.501  24.973 0.0000000000
98521  -31.289  -12.356  24.247 0.0000000000
98530  -31.584  -11.963  23.594 0.0000000000
99620  -31.805  -11.594  22.898 0.0000000000
99611  -33.026  -11.140  24.087 0.0000000000
99622  -32.822  -11.154  23.382 0.0000000000
99621  -32.418  -11.251  22.904 0.0000000000
100790  -32.474  -11.076  22.269 0.0000000000
100805  -32.981  -10.633  21.378 0.0000000000
100806  -33.665  -10.255  21.121 0.0000000000
100824  -33.864  -10.484  20.410 0.0000000000
101950  -34.203  -9.880  21.657 0.0000000000
101951  -34.968  -9.852  21.451 0.0000000000
101940  -36.069  -9.391  21.778 0.0000000000
180743  -35.865  -9.529  23.260 0.0000000000
101921  -35.817  -9.350  22.553 0.0000000000
102991  -36.540  -9.180  22.296 0.0000000000
102973  -37.872  -8.961  22.243 0.0000000000
104011  -38.507  -8.783  22.452 0.0000000000
102975  -39.574  -9.191  22.609 0.0000000000
188335  -37.605  -10.303  24.964 0.0000000000
101888  -38.172  -9.997  24.824 0.0000000000
102934  -38.366  -9.708  24.142 0.0000000000
101871  -39.979  -9.957  25.140 0.0000000000
102936  -39.274  -9.184  24.260 0.0000000000
103954  -39.029  -9.144  24.141 0.0000000000
103970  -39.233  -9.030  23.878 0.0000000000
181963  -39.860  -9.054  23.457 0.0000000000
103991  -40.152  -9.055  22.943 0.0000000000
103992  -40.858  -8.660  22.853 0.0000000000
84142  -18.729  -21.705  33.888 0.0000000000
84141  -18.379  -21.989  34.206 0.0000000000
183512  -18.000  -21.913  34.747 0.0000000000
81651  -17.579  -23.528  34.052 0.0000000000
82817  -17.741  -22.680  34.729 0.0000000000
84110  -17.697  -21.572  35.486 0.0000000000
181606  -17.166  -21.922  35.855 0.0000000000
84095  -16.838  -21.452  36.459 0.0000000000
82792  -16.153  -22.617  36.578 0.0000000000
81613  -15.983  -23.309  36.314 0.0000000000
81622  -15.729  -23.955  35.914 0.0000000000
79538  -16.122  -24.882  34.471 0.0000000000
79537  -15.671  -25.259  34.999 0.0000000000
79523  -15.615  -24.958  35.345 0.0000000000
122291  -50.281  6.207  10.991 0.0000000000
122294  -50.114  6.329  10.312 0.0000000000
88197  -31.895  -19.215  27.147 0.0000000000
89327  -31.771  -18.949  26.715 0.0000000000
91584  -31.130  -17.294  28.447 0.0000000000
84211  -32.654  -21.897  30.960 0.0000000000
85587  -32.835  -21.214  31.629 0.0000000000
85586  -32.881  -21.373  31.269 0.0000000000
213505  -32.724  -21.322  30.367 0.0000000000
86967  -32.927  -20.342  30.468 0.0000000000
88166  -32.630  -19.666  30.259 0.0000000000
89261  -32.742  -18.991  32.524 0.0000000000
88146  -32.586  -19.622  31.894 0.0000000000
187374  -32.531  -19.453  30.627 0.0000000000
88175  -32.478  -19.176  29.785 0.0000000000
89294  -32.359  -18.802  29.779 0.0000000000
90407  -32.143  -18.464  29.213 0.0000000000
91553  -31.816  -17.841  30.044 0.0000000000
91572  -31.874  -18.000  29.415 0.0000000000
90406  -31.811  -18.040  28.957 0.0000000000
199425  -31.672  -17.639  28.859 0.0000000000
92783  -31.440  -17.195  28.861 0.0000000000
92782  -31.108  -16.581  28.750 0.0000000000
94009  -31.123  -15.806  28.922 0.0000000000
95131  -31.188  -14.927  28.948 0.0000000000
186887  -32.056  -14.583  30.424 0.0000000000
202104  -31.823  -14.380  29.791 0.0000000000
96293  -32.215  -13.734  29.425 0.0000000000
97357  -34.132  -12.761  29.325 0.0000000000
189877  -33.981  -14.368  31.803 0.0000000000
96281  -34.046  -13.717  31.113 0.0000000000
96283  -35.161  -13.296  31.361 0.0000000000
96282  -34.577  -13.603  31.147 0.0000000000
97342  -34.280  -12.980  29.947 0.0000000000
210848  -34.653  -12.597  29.478 0.0000000000
86878  -27.257  -19.644  34.277 0.0000000000
189572  -26.946  -19.157  33.114 0.0000000000
86910  -28.258  -19.926  33.009 0.0000000000
187319  -27.494  -19.187  32.005 0.0000000000
86934  -26.772  -18.909  31.688 0.0000000000
86965  -27.300  -19.634  29.851 0.0000000000
86979  -27.236  -19.933  29.003 0.0000000000
84190  -29.132  -21.767  31.638 0.0000000000
85603  -28.650  -21.370  30.457 0.0000000000
84244  -28.715  -22.242  29.097 0.0000000000
84226  -28.522  -21.520  29.662 0.0000000000
85620  -28.275  -20.774  30.019 0.0000000000
184772  -28.201  -20.952  29.192 0.0000000000
85640  -27.731  -20.544  28.833 0.0000000000
85445  -21.111  -19.654  37.217 0.0000000000
201066  -20.726  -19.714  35.948 0.0000000000
85471  -23.337  -20.179  36.738 0.0000000000
86874  -21.864  -20.375  34.737 0.0000000000
85519  -21.700  -20.386  35.307 0.0000000000
198255  -20.833  -20.304  34.344 0.0000000000
85536  -20.331  -20.561  33.913 0.0000000000
85553  -19.798  -21.137  33.474 0.0000000000
84158  -19.808  -21.423  32.987 0.0000000000
82858  -19.653  -22.390  32.244 0.0000000000
194895  -43.335  -0.035  15.124 0.0000000000
115402  -43.386  0.221  14.478 0.0000000000
206406  -43.922  0.660  14.707 0.0000000000
115392  -44.532  1.006  15.567 0.0000000000
116451  -44.505  1.248  15.009 0.0000000000
208381  -44.260  0.815  14.034 0.0000000000
116466  -44.812  1.257  13.659 0.0000000000
116467  -45.061  1.661  13.341 0.0000000000
117422  -47.523  2.129  17.857 0.0000000000
117433  -46.613  2.185  16.597 0.0000000000
186886  -46.513  2.250  15.920 0.0000000000
117441  -46.495  2.314  15.174 0.0000000000
117444  -45.888  2.116  14.872 0.0000000000
183921  -45.907  2.279  14.191 0.0000000000
117450  -45.505  2.038  13.758 0.0000000000
117462  -45.645  2.268  12.515 0.0000000000
117467  -46.064  2.253  11.375 0.0000000000
118442  -46.738  3.089  12.783 0.0000000000
192201  -46.531  2.900  12.225 0.0000000000
117473  -46.331  2.298  10.807 0.0000000000
119392  -48.128  4.030  10.611 0.0000000000
120325  -48.374  4.531  12.467 0.0000000000
120330  -48.740  4.907  12.227 0.0000000000
120333  -48.792  4.942  11.545 0.0000000000
121308  -49.238  5.316  12.036 0.0000000000
121307  -49.768  5.578  12.496 0.0000000000
122261  -50.580  6.337  12.801 0.0000000000
72432  -10.436  -30.146  41.489 0.0000000000
71261  -10.089  -30.610  41.841 0.0000000000
71284  -9.712  -30.905  40.700 0.0000000000
70039  -9.441  -31.307  40.968 0.0000000000
67632  -9.348  -32.304  40.199 0.0000000000
67643  -9.546  -32.987  39.547 0.0000000000
67631  -9.090  -33.519  39.904 0.0000000000
92797  -30.223  -16.736  27.127 0.0000000000
91608  -29.993  -16.905  26.569 0.0000000000
96335  -30.081  -14.221  23.644 0.0000000000
100825  -34.596  -10.212  20.216 0.0000000000
100847  -34.846  -10.553  19.592 0.0000000000
101967  -35.937  -10.004  20.580 0.0000000000
100827  -36.139  -10.371  19.974 0.0000000000
100848  -35.580  -10.602  19.608 0.0000000000
99662  -35.854  -11.105  19.094 0.0000000000
98571  -36.091  -11.427  18.855 0.0000000000
99677  -36.507  -12.245  18.696 0.0000000000
103008  -39.774  -9.985  21.428 0.0000000000
101956  -39.198  -10.136  21.034 0.0000000000
100829  -38.343  -10.899  20.269 0.0000000000
100831  -39.808  -11.249  20.465 0.0000000000
100830  -38.899  -11.206  20.224 0.0000000000
98581  -36.270  -12.290  18.267 0.0000000000
99694  -36.826  -11.939  17.864 0.0000000000
100878  -37.042  -10.969  17.555 0.0000000000
212352  -38.058  -9.939  17.574 0.0000000000
102019  -38.231  -9.492  17.432 0.0000000000
103042  -39.449  -8.965  18.141 0.0000000000
103043  -40.095  -8.714  18.430 0.0000000000
103029  -40.678  -8.846  18.742 0.0000000000
104042  -41.808  -8.169  18.776 0.0000000000
194338  -42.401  -7.902  18.760 0.0000000000
100854  -43.678  -11.238  19.506 0.0000000000
73617  -11.556  -29.231  42.433 0.0000000000
74803  -12.700  -28.562  42.355 0.0000000000
73631  -11.345  -29.174  41.521 0.0000000000
72433  -10.764  -29.709  41.150 0.0000000000
72444  -10.317  -30.124  40.727 0.0000000000
71299  -10.056  -30.456  39.649 0.0000000000
214920  -9.937  -30.825  39.313 0.0000000000
71310  -10.400  -30.545  38.992 0.0000000000
70072  -10.251  -31.222  38.867 0.0000000000
73702  -12.385  -29.359  37.632 0.0000000000
192804  -10.299  -30.664  42.555 0.0000000000
71260  -9.817  -31.083  42.325 0.0000000000
70019  -9.533  -31.555  42.893 0.0000000000
67611  -8.594  -32.810  42.128 0.0000000000
70028  -9.046  -32.081  42.692 0.0000000000
70018  -9.135  -32.003  43.444 0.0000000000
70008  -9.219  -31.878  44.296 0.0000000000
68787  -8.748  -32.445  44.685 0.0000000000
68781  -8.685  -32.340  45.351 0.0000000000
63339  -7.496  -35.976  40.930 0.0000000000
64378  -7.228  -35.639  41.844 0.0000000000
64379  -7.404  -35.128  42.455 0.0000000000
63317  -6.664  -36.153  42.715 0.0000000000
64372  -6.958  -35.566  42.766 0.0000000000
65433  -7.890  -34.560  43.353 0.0000000000
66470  -8.022  -34.069  44.258 0.0000000000
67581  -8.200  -33.530  44.660 0.0000000000
67566  -8.349  -32.797  45.617 0.0000000000
67565  -7.996  -33.096  45.780 0.0000000000
67564  -7.584  -33.069  45.794 0.0000000000
67563  -6.956  -33.137  45.682 0.0000000000
65411  -6.584  -34.362  44.530 0.0000000000
66450  -6.617  -33.531  45.373 0.0000000000
68772  -6.726  -32.688  45.796 0.0000000000
67562  -6.408  -33.010  45.548 0.0000000000
59801  -4.915  -38.880  42.392 0.0000000000
58652  -4.541  -39.674  42.505 0.0000000000
60965  -4.306  -37.964  42.834 0.0000000000
62127  -4.617  -36.688  43.234 0.0000000000
63302  -4.712  -36.205  43.573 0.0000000000
60968  -5.943  -37.387  42.397 0.0000000000
60986  -6.633  -38.231  40.904 0.0000000000
62116  -5.685  -36.422  43.579 0.0000000000
62142  -6.597  -36.690  42.624 0.0000000000
63304  -6.195  -36.229  43.441 0.0000000000
64349  -6.323  -34.953  44.127 0.0000000000
64350  -6.710  -34.748  44.141 0.0000000000
64351  -7.112  -34.577  44.201 0.0000000000
64357  -4.858  -35.573  43.937 0.0000000000
64358  -5.616  -35.680  44.112 0.0000000000
64367  -7.026  -35.115  43.342 0.0000000000
64368  -7.510  -34.795  43.537 0.0000000000
64373  -7.465  -34.961  43.096 0.0000000000
65428  -7.770  -34.521  43.878 0.0000000000
66452  -7.643  -33.461  45.335 0.0000000000
66458  -5.825  -34.079  44.498 0.0000000000
66460  -6.817  -33.871  44.959 0.0000000000
66479  -8.155  -34.108  43.663 0.0000000000
66506  -8.598  -33.640  41.152 0.0000000000
67554  -7.247  -32.641  46.001 0.0000000000
67556  -7.977  -32.770  46.108 0.0000000000
67572  -6.140  -33.309  45.190 0.0000000000
67573  -8.089  -33.374  45.297 0.0000000000
67574  -8.427  -32.962  45.034 0.0000000000
67588  -8.360  -33.009  43.597 0.0000000000
67598  -8.346  -33.464  42.586 0.0000000000
68773  -8.282  -32.576  46.086 0.0000000000
68782  -9.125  -31.913  45.083 0.0000000000
68793  -8.717  -32.494  43.921 0.0000000000
68824  -9.271  -31.827  40.795 0.0000000000
69973  -8.873  -31.166  47.233 0.0000000000
69990  -9.171  -31.780  46.305 0.0000000000
69991  -9.661  -31.456  46.129 0.0000000000
70001  -9.572  -31.537  44.889 0.0000000000
70009  -9.709  -31.451  43.701 0.0000000000
70048  -9.518  -31.307  40.410 0.0000000000
71221  -10.669  -30.734  45.420 0.0000000000
71248  -10.080  -30.914  43.193 0.0000000000
71272  -9.981  -30.532  41.069 0.0000000000
71286  -10.329  -30.129  40.042 0.0000000000
72373  -11.080  -30.306  44.971 0.0000000000
72473  -11.583  -29.634  38.655 0.0000000000
73632  -12.084  -28.841  42.055 0.0000000000
73670  -11.068  -29.203  39.785 0.0000000000
74815  -12.917  -28.058  42.059 0.0000000000
74825  -11.941  -28.233  41.037 0.0000000000
76035  -13.045  -27.615  39.461 0.0000000000
76086  -12.960  -27.538  36.790 0.0000000000
77248  -13.600  -26.286  38.614 0.0000000000
77259  -13.389  -27.018  37.771 0.0000000000
77274  -13.665  -26.483  37.288 0.0000000000
78349  -13.262  -26.000  40.909 0.0000000000
78392  -13.289  -26.241  39.809 0.0000000000
78409  -13.330  -26.410  39.194 0.0000000000
78424  -13.786  -25.888  38.321 0.0000000000
79480  -14.031  -24.709  38.136 0.0000000000
79524  -15.892  -24.747  34.971 0.0000000000
80530  -13.856  -24.061  39.341 0.0000000000
80560  -15.554  -24.534  35.634 0.0000000000
80566  -31.238  -22.601  34.804 0.0000000000
80579  -31.499  -22.686  34.259 0.0000000000
80580  -31.885  -22.873  34.470 0.0000000000
80591  -31.482  -22.522  33.401 0.0000000000
80611  -31.085  -22.792  32.862 0.0000000000
80613  -32.143  -23.233  32.703 0.0000000000
80631  -31.463  -23.376  32.513 0.0000000000
80654  -32.129  -23.813  31.680 0.0000000000
81582  -13.907  -22.824  39.226 0.0000000000
81595  -14.107  -23.453  38.512 0.0000000000
81596  -14.385  -23.110  38.146 0.0000000000
81603  -15.032  -23.069  37.143 0.0000000000
81604  -31.632  -22.168  36.796 0.0000000000
81616  -32.120  -22.360  36.483 0.0000000000
81617  -32.538  -22.341  36.327 0.0000000000
81626  -30.852  -22.502  35.169 0.0000000000
81629  -32.425  -22.296  35.693 0.0000000000
81633  -16.503  -23.862  35.168 0.0000000000
81637  -30.531  -22.053  34.700 0.0000000000
81639  -32.057  -22.527  35.046 0.0000000000
81650  -17.096  -23.827  34.422 0.0000000000
81653  -30.404  -22.318  33.366 0.0000000000
81655  -32.306  -22.866  33.998 0.0000000000
81657  -32.905  -21.967  34.472 0.0000000000
81670  -30.057  -23.150  32.984 0.0000000000
81706  -29.970  -23.155  31.436 0.0000000000
81708  -32.320  -23.617  31.399 0.0000000000
81723  -32.223  -23.679  31.006 0.0000000000
82766  -14.657  -22.655  37.666 0.0000000000
82768  -31.416  -21.810  37.021 0.0000000000
82770  -32.892  -21.873  37.681 0.0000000000
82797  -33.161  -21.609  36.100 0.0000000000
82804  -16.480  -22.970  36.011 0.0000000000
82807  -30.358  -22.156  35.056 0.0000000000
82808  -30.725  -22.319  35.357 0.0000000000
82810  -33.372  -21.274  35.910 0.0000000000
82830  -33.061  -21.675  34.209 0.0000000000
82876  -32.495  -23.251  31.313 0.0000000000
84049  -32.655  -21.037  38.798 0.0000000000
84083  -30.549  -21.268  36.616 0.0000000000
84109  -17.425  -22.235  35.226 0.0000000000
84113  -33.643  -20.972  35.980 0.0000000000
84143  -19.169  -21.334  33.571 0.0000000000
84144  -29.293  -21.567  33.564 0.0000000000
84146  -33.233  -21.286  33.915 0.0000000000
84160  -29.403  -21.923  33.062 0.0000000000
84175  -32.784  -22.385  32.351 0.0000000000
85410  -30.558  -20.217  38.181 0.0000000000
85412  -31.803  -20.692  38.717 0.0000000000
85431  -25.546  -19.910  38.507 0.0000000000
85448  -23.338  -20.095  37.410 0.0000000000
85451  -24.880  -20.302  37.684 0.0000000000
85467  -21.029  -19.731  36.537 0.0000000000
85476  -29.710  -20.513  36.158 0.0000000000
85492  -20.875  -20.044  35.529 0.0000000000
85500  -33.775  -20.616  35.799 0.0000000000
85515  -18.495  -21.430  34.408 0.0000000000
85518  -21.135  -20.270  35.016 0.0000000000
85537  -20.871  -20.335  33.770 0.0000000000
85558  -33.074  -21.171  33.095 0.0000000000
85581  -20.608  -21.096  32.182 0.0000000000
85601  -22.257  -20.542  30.477 0.0000000000
85604  -32.977  -21.019  30.699 0.0000000000
85641  -32.685  -20.668  29.423 0.0000000000
86809  -29.466  -19.515  38.041 0.0000000000
86862  -28.658  -20.192  35.561 0.0000000000
86906  -22.003  -19.887  33.454 0.0000000000
86924  -28.036  -19.670  32.335 0.0000000000
86938  -32.742  -20.687  31.844 0.0000000000
88105  -24.515  -19.411  34.573 0.0000000000
88109  -33.495  -18.919  34.818 0.0000000000
88119  -23.678  -19.219  33.767 0.0000000000
88123  -26.572  -18.951  34.181 0.0000000000
88133  -24.975  -18.984  33.109 0.0000000000
88163  -24.548  -19.108  30.672 0.0000000000
89269  -32.616  -19.292  31.318 0.0000000000
91593  -31.189  -17.929  28.109 0.0000000000
91594  -31.595  -18.186  28.321 0.0000000000
91620  -29.851  -16.948  25.865 0.0000000000
92709  -33.204  -16.479  32.983 0.0000000000
92747  -32.304  -16.119  31.409 0.0000000000
94040  -29.644  -15.521  25.816 0.0000000000
95083  -34.199  -14.919  32.832 0.0000000000
95122  -31.608  -15.096  29.977 0.0000000000
95130  -30.960  -15.080  28.562 0.0000000000
95178  -29.343  -14.170  24.846 0.0000000000
96326  -30.362  -13.372  25.397 0.0000000000
97410  -32.279  -12.427  26.413 0.0000000000
98491  -33.573  -12.317  26.742 0.0000000000
98492  -34.163  -12.008  26.768 0.0000000000
98542  -31.804  -12.037  21.469 0.0000000000
99604  -35.140  -10.744  25.598 0.0000000000
99612  -33.565  -10.979  24.300 0.0000000000
99663  -36.477  -11.686  19.073 0.0000000000
99679  -37.719  -11.625  18.793 0.0000000000
99681  -39.522  -11.930  19.304 0.0000000000
99692  -35.421  -10.842  17.407 0.0000000000
100759  -35.019  -10.475  24.353 0.0000000000
100791  -32.923  -10.685  22.121 0.0000000000
100812  -42.630  -10.874  21.156 0.0000000000
100832  -40.268  -11.572  20.286 0.0000000000
100863  -39.734  -11.275  18.943 0.0000000000
100868  -43.128  -10.719  19.252 0.0000000000
100875  -35.040  -10.070  17.464 0.0000000000
100876  -35.011  -10.160  17.463 0.0000000000
100889  -34.966  -9.993  17.322 0.0000000000
100900  -35.860  -10.942  16.875 0.0000000000
101891  -39.972  -9.427  24.470 0.0000000000
101939  -35.441  -9.616  21.944 0.0000000000
101969  -37.337  -10.596  20.208 0.0000000000
102007  -35.278  -9.929  17.413 0.0000000000
102008  -35.531  -10.353  17.232 0.0000000000
102935  -38.912  -9.357  24.338 0.0000000000
102938  -41.181  -8.799  24.559 0.0000000000
102971  -36.426  -9.332  23.025 0.0000000000
102995  -39.752  -9.470  22.032 0.0000000000
103006  -37.855  -9.362  21.559 0.0000000000
103952  -38.488  -9.448  23.600 0.0000000000
103953  -38.814  -9.174  23.994 0.0000000000
103968  -38.468  -9.247  23.070 0.0000000000
103990  -39.439  -9.109  23.206 0.0000000000
103993  -41.499  -8.178  22.673 0.0000000000
104043  -43.038  -7.984  18.749 0.0000000000
106110  -43.533  -6.960  18.768 0.0000000000
106119  -39.666  -6.754  17.909 0.0000000000
107172  -44.045  -5.919  18.859 0.0000000000
108237  -45.138  -5.432  19.111 0.0000000000
108259  -39.328  -4.646  16.317 0.0000000000
109303  -42.682  -4.677  18.772 0.0000000000
109304  -43.200  -4.435  19.003 0.0000000000
109308  -45.592  -4.176  19.338 0.0000000000
109321  -40.377  -4.167  17.259 0.0000000000
110379  -43.701  -3.184  19.098 0.0000000000
110384  -42.041  -3.589  18.138 0.0000000000
110401  -40.231  -3.448  16.369 0.0000000000
111443  -44.937  -2.868  19.083 0.0000000000
111454  -40.974  -2.866  16.962 0.0000000000
111462  -40.577  -2.916  16.403 0.0000000000
111471  -40.938  -2.402  15.433 0.0000000000
112475  -45.376  -1.726  19.051 0.0000000000
112479  -42.577  -2.113  17.814 0.0000000000
112488  -41.986  -2.240  17.368 0.0000000000
112504  -40.977  -2.420  16.080 0.0000000000
113445  -48.010  -0.562  20.109 0.0000000000
113454  -44.285  -0.921  18.158 0.0000000000
113458  -42.645  -1.238  17.048 0.0000000000
113459  -43.271  -0.971  17.262 0.0000000000
114394  -48.596  -0.974  20.460 0.0000000000
114403  -45.871  -0.428  18.851 0.0000000000
114410  -44.581  -0.425  17.944 0.0000000000
114414  -43.855  -0.502  17.159 0.0000000000
114416  -44.822  -0.014  17.644 0.0000000000
114435  -43.286  -0.116  15.653 0.0000000000
114436  -43.706  0.311  15.696 0.0000000000
114447  -43.809  0.487  15.145 0.0000000000
115361  -46.115  0.158  18.583 0.0000000000
115369  -46.541  1.067  18.065 0.0000000000
115378  -44.609  0.500  16.565 0.0000000000
115393  -44.921  0.940  16.052 0.0000000000
115409  -43.863  0.567  14.161 0.0000000000
115410  -44.252  0.938  14.582 0.0000000000
116419  -48.778  1.653  19.255 0.0000000000
116453  -45.269  1.811  15.230 0.0000000000
117426  -46.817  2.061  17.138 0.0000000000
117428  -47.896  2.672  17.583 0.0000000000
117434  -47.022  2.528  16.831 0.0000000000
117456  -45.445  2.016  13.060 0.0000000000
118417  -47.499  2.967  16.640 0.0000000000
118429  -47.415  3.290  15.161 0.0000000000
119357  -48.954  3.880  16.915 0.0000000000
119378  -48.056  3.668  14.099 0.0000000000
120305  -50.125  4.896  16.265 0.0000000000
120311  -48.780  4.408  14.238 0.0000000000
120318  -49.559  5.009  14.291 0.0000000000
120322  -49.170  4.818  13.305 0.0000000000
120329  -48.364  4.560  11.801 0.0000000000
122260  -50.067  5.978  12.867 0.0000000000
122285  -50.797  6.416  11.390 0.0000000000
179200  -33.369  -20.781  33.765 0.0000000000
180064  -45.507  0.668  17.785 0.0000000000
180246  -27.594  -19.262  32.762 0.0000000000
182479  -32.648  -22.927  33.429 0.0000000000
186525  -43.185  -11.496  20.576 0.0000000000
186644  -48.351  3.851  15.167 0.0000000000
186944  -13.759  -25.178  39.260 0.0000000000
187738  -32.093  -22.343  36.028 0.0000000000
187907  -42.632  -6.523  18.737 0.0000000000
189200  -20.066  -22.325  31.815 0.0000000000
190224  -32.382  -16.537  31.523 0.0000000000
190234  -40.788  -9.962  21.716 0.0000000000
190349  -12.910  -27.892  38.315 0.0000000000
191322  -39.391  -11.560  20.256 0.0000000000
191975  -43.132  -6.457  18.765 0.0000000000
192908  -45.084  -2.183  19.028 0.0000000000
193132  -45.721  1.481  16.142 0.0000000000
193527  -14.808  -24.654  36.053 0.0000000000
193731  -40.920  -10.778  20.856 0.0000000000
193855  -31.898  -22.952  33.229 0.0000000000
194718  -32.448  -19.188  30.187 0.0000000000
195076  -7.573  -34.918  41.792 0.0000000000
195393  -16.735  -24.003  34.767 0.0000000000
196043  -46.606  -2.350  19.822 0.0000000000
197107  -44.591  -4.195  19.094 0.0000000000
198139  -41.944  -9.322  21.675 0.0000000000
198617  -45.475  -4.800  19.093 0.0000000000
200949  -36.095  -11.068  17.027 0.0000000000
201907  -32.125  -11.429  22.382 0.0000000000
204100  -41.873  -4.156  18.239 0.0000000000
204794  -30.224  -21.959  33.664 0.0000000000
205026  -8.284  -33.889  41.601 0.0000000000
205041  -14.864  -25.681  35.547 0.0000000000
205051  -8.970  -33.287  40.667 0.0000000000
205576  -33.840  -15.088  32.593 0.0000000000
205694  -17.882  -23.040  34.316 0.0000000000
205947  -31.781  -22.286  36.553 0.0000000000
206424  -13.249  -27.271  40.396 0.0000000000
206602  -13.669  -25.155  39.980 0.0000000000
207339  -31.991  -18.188  30.610 0.0000000000
207504  -39.171  -6.999  17.741 0.0000000000
210301  -5.135  -36.471  43.539 0.0000000000
210499  -8.617  -32.474  42.566 0.0000000000
210637  -29.471  -21.726  34.001 0.0000000000
210880  -26.948  -19.292  33.718 0.0000000000
211227  -31.407  -15.594  29.575 0.0000000000
212113  -27.930  -18.982  36.172 0.0000000000
212146  -40.836  -8.535  23.709 0.0000000000
212322  -28.232  -19.829  33.575 0.0000000000
212840  -40.726  -3.778  17.307 0.0000000000
213604  -11.601  -29.853  45.748 0.0000000000
213889  -12.807  -28.622  42.788 0.0000000000
214025  -38.098  -10.285  25.138 0.0000000000
214276  -15.108  -25.357  35.568 0.0000000000
214380  -13.733  -25.143  39.639 0.0000000000
214465  -9.211  -32.924  40.238 0.0000000000
214655  -37.010  -10.242  25.295 0.0000000000
215281  -42.471  -11.677  19.973 0.0000000000
216082  -31.698  -23.813  31.989 0.0000000000
