#!ascii label  , from subject sub-v2s11x28687_ses-1 vox2ras=TkReg
374
105684  -30.381  -8.348  -31.829 0.0000000000
109979  -29.444  -4.671  -34.854 0.0000000000
185434  -33.605  4.796  -35.904 0.0000000000
116986  -34.480  1.159  -35.746 0.0000000000
113047  -34.024  -1.735  -33.487 0.0000000000
108774  -34.853  -5.448  -31.180 0.0000000000
123820  -33.685  6.614  -35.761 0.0000000000
114021  -33.689  -0.647  -34.298 0.0000000000
113074  -30.907  -1.671  -34.906 0.0000000000
107783  -29.486  -6.339  -33.731 0.0000000000
108836  -31.810  -5.010  -32.874 0.0000000000
106694  -32.457  -6.737  -31.339 0.0000000000
100323  -25.314  -11.262  -32.530 0.0000000000
105737  -27.354  -7.556  -34.265 0.0000000000
178032  -34.513  10.765  -34.693 0.0000000000
178360  -35.136  9.436  -33.659 0.0000000000
124781  -35.267  8.147  -33.474 0.0000000000
122792  -34.331  5.809  -33.490 0.0000000000
120808  -35.273  4.523  -33.940 0.0000000000
119892  -34.034  3.072  -36.424 0.0000000000
118916  -35.340  2.427  -34.640 0.0000000000
115927  -36.106  0.349  -35.323 0.0000000000
114005  -37.159  -1.334  -35.313 0.0000000000
111977  -36.936  -2.822  -34.064 0.0000000000
110981  -31.405  -3.389  -33.750 0.0000000000
194425  -34.117  -3.311  -31.874 0.0000000000
114033  -30.841  -1.042  -35.313 0.0000000000
113084  -30.044  -1.897  -36.305 0.0000000000
106709  -29.639  -7.215  -32.786 0.0000000000
106711  -30.812  -6.625  -32.398 0.0000000000
105686  -31.557  -7.440  -31.648 0.0000000000
95891  -25.442  -15.076  -29.337 0.0000000000
96994  -25.732  -13.732  -29.624 0.0000000000
98130  -25.947  -12.808  -30.713 0.0000000000
106745  -27.082  -7.091  -34.954 0.0000000000
105735  -26.246  -8.346  -35.155 0.0000000000
125759  -35.231  8.726  -33.389 0.0000000000
122821  -33.361  6.134  -36.226 0.0000000000
197522  -34.043  6.119  -33.722 0.0000000000
122791  -34.601  5.589  -34.614 0.0000000000
121798  -34.876  5.062  -34.187 0.0000000000
121797  -34.531  4.795  -34.913 0.0000000000
117994  -34.580  2.236  -36.599 0.0000000000
118928  -34.970  2.376  -36.309 0.0000000000
117979  -35.282  1.721  -36.498 0.0000000000
117980  -35.800  1.398  -35.144 0.0000000000
115925  -35.330  0.605  -36.460 0.0000000000
114002  -33.834  -1.267  -33.958 0.0000000000
114956  -35.402  -0.778  -35.332 0.0000000000
113988  -35.508  -1.315  -33.957 0.0000000000
113031  -36.775  -2.224  -34.395 0.0000000000
111975  -34.874  -2.225  -32.799 0.0000000000
110993  -29.085  -3.871  -35.887 0.0000000000
214031  -30.101  -3.384  -34.943 0.0000000000
109981  -30.456  -4.161  -33.951 0.0000000000
108818  -32.682  -4.977  -31.953 0.0000000000
109949  -32.922  -4.430  -32.044 0.0000000000
109919  -33.973  -4.469  -31.364 0.0000000000
109922  -35.896  -4.231  -32.269 0.0000000000
108796  -36.135  -4.802  -32.384 0.0000000000
100325  -26.570  -11.713  -31.810 0.0000000000
102605  -25.236  -10.734  -33.958 0.0000000000
193038  -27.322  -10.697  -32.027 0.0000000000
102608  -27.529  -9.802  -32.460 0.0000000000
115941  -32.532  0.751  -35.622 0.0000000000
115942  -33.825  0.618  -35.110 0.0000000000
114987  -32.862  0.176  -34.999 0.0000000000
114035  -32.009  -0.995  -34.516 0.0000000000
113045  -32.542  -1.842  -33.526 0.0000000000
107802  -29.575  -5.662  -33.903 0.0000000000
108851  -30.335  -4.766  -33.820 0.0000000000
107785  -30.666  -5.702  -33.129 0.0000000000
108816  -31.722  -5.675  -32.403 0.0000000000
107746  -33.505  -5.779  -30.990 0.0000000000
100301  -26.554  -12.320  -31.470 0.0000000000
108863  -28.013  -5.830  -35.564 0.0000000000
107800  -28.200  -6.803  -35.192 0.0000000000
106730  -28.632  -7.100  -33.745 0.0000000000
105702  -28.832  -8.155  -32.891 0.0000000000
130451  -34.253  12.239  -34.440 0.0000000000
177924  -33.963  10.787  -34.239 0.0000000000
203076  -34.590  10.093  -34.203 0.0000000000
177922  -35.589  9.270  -33.622 0.0000000000
125760  -36.115  8.454  -33.466 0.0000000000
124771  -35.964  7.674  -33.524 0.0000000000
123806  -34.251  6.909  -34.566 0.0000000000
123796  -34.296  6.398  -33.121 0.0000000000
122775  -35.716  6.639  -33.276 0.0000000000
121785  -35.864  5.527  -33.451 0.0000000000
121775  -36.058  4.865  -33.277 0.0000000000
119861  -35.711  3.774  -33.357 0.0000000000
120831  -33.404  3.905  -36.082 0.0000000000
120818  -34.598  3.607  -35.130 0.0000000000
119872  -35.411  3.249  -34.004 0.0000000000
118905  -36.009  2.769  -33.166 0.0000000000
117954  -36.201  2.298  -32.999 0.0000000000
115911  -36.648  -0.590  -34.654 0.0000000000
190566  -35.398  -0.076  -35.757 0.0000000000
114957  -36.777  -0.985  -35.419 0.0000000000
112041  -29.727  -2.549  -36.054 0.0000000000
113061  -31.289  -2.183  -34.239 0.0000000000
112016  -32.199  -2.472  -33.325 0.0000000000
109971  -31.968  -4.381  -33.009 0.0000000000
206158  -32.791  -3.336  -32.543 0.0000000000
111974  -33.971  -2.722  -32.500 0.0000000000
111949  -35.901  -3.070  -32.638 0.0000000000
110953  -37.178  -3.182  -34.120 0.0000000000
104671  -26.679  -8.623  -33.737 0.0000000000
104651  -27.711  -8.737  -32.876 0.0000000000
207780  -29.570  -8.967  -32.248 0.0000000000
105704  -30.187  -7.688  -32.348 0.0000000000
211483  -30.706  -7.232  -32.309 0.0000000000
105685  -30.955  -7.747  -31.926 0.0000000000
104637  -31.471  -7.985  -31.623 0.0000000000
203589  -26.140  -15.043  -29.151 0.0000000000
95908  -25.231  -14.366  -29.658 0.0000000000
96976  -25.987  -14.395  -29.391 0.0000000000
121815  -33.345  5.439  -36.264 0.0000000000
122809  -33.855  5.880  -35.695 0.0000000000
121816  -34.144  5.249  -35.357 0.0000000000
200754  -33.958  1.747  -36.112 0.0000000000
201166  -34.898  1.709  -36.632 0.0000000000
117978  -34.965  1.926  -36.574 0.0000000000
116987  -35.300  1.205  -36.755 0.0000000000
116972  -35.455  0.999  -36.452 0.0000000000
212365  -35.100  0.592  -36.687 0.0000000000
114003  -34.811  -1.098  -34.127 0.0000000000
113029  -34.819  -1.660  -33.354 0.0000000000
113030  -35.744  -1.756  -33.529 0.0000000000
112002  -34.215  -2.087  -32.939 0.0000000000
109994  -29.227  -4.446  -35.396 0.0000000000
109995  -29.734  -4.274  -35.209 0.0000000000
109980  -29.845  -4.370  -34.315 0.0000000000
108793  -33.715  -5.108  -31.100 0.0000000000
109918  -33.271  -4.706  -31.558 0.0000000000
108794  -34.374  -4.887  -31.010 0.0000000000
209766  -34.908  -4.790  -31.377 0.0000000000
108795  -35.466  -4.970  -31.682 0.0000000000
185536  -35.769  -5.543  -31.978 0.0000000000
197053  -35.407  -5.658  -31.450 0.0000000000
179217  -26.754  -10.842  -32.055 0.0000000000
199996  -31.897  0.225  -35.378 0.0000000000
114034  -31.349  -0.961  -34.803 0.0000000000
114020  -32.268  -1.322  -33.993 0.0000000000
114019  -31.557  -1.458  -34.256 0.0000000000
185114  -28.920  -5.945  -34.190 0.0000000000
107784  -30.062  -6.012  -33.386 0.0000000000
107762  -31.385  -6.338  -32.137 0.0000000000
107743  -31.896  -6.117  -31.906 0.0000000000
107763  -32.458  -5.717  -31.958 0.0000000000
107745  -32.940  -6.189  -31.407 0.0000000000
107721  -33.401  -6.369  -30.910 0.0000000000
106695  -32.996  -6.775  -30.986 0.0000000000
95906  -24.038  -14.812  -30.221 0.0000000000
94793  -24.240  -15.438  -29.930 0.0000000000
99187  -25.878  -12.475  -31.291 0.0000000000
99188  -27.122  -12.437  -31.220 0.0000000000
107816  -28.354  -6.251  -35.275 0.0000000000
106746  -27.861  -7.065  -34.869 0.0000000000
105738  -28.019  -7.253  -34.047 0.0000000000
105721  -28.429  -7.650  -33.419 0.0000000000
104690  -27.800  -7.689  -33.617 0.0000000000
177927  -34.039  11.128  -34.402 0.0000000000
178098  -34.346  11.474  -34.774 0.0000000000
129543  -35.064  11.931  -34.836 0.0000000000
178257  -34.835  9.618  -33.849 0.0000000000
178138  -34.921  9.982  -33.905 0.0000000000
202808  -35.046  10.044  -34.562 0.0000000000
177923  -35.286  9.546  -34.015 0.0000000000
125739  -35.634  8.882  -33.340 0.0000000000
192109  -35.556  8.389  -33.351 0.0000000000
178469  -35.806  8.214  -33.405 0.0000000000
124770  -35.584  7.686  -33.456 0.0000000000
124810  -33.816  7.219  -35.090 0.0000000000
123787  -35.307  6.896  -33.345 0.0000000000
122780  -35.289  6.177  -33.495 0.0000000000
122781  -35.890  6.222  -33.327 0.0000000000
195952  -35.589  4.918  -33.508 0.0000000000
121774  -35.650  4.397  -33.420 0.0000000000
119860  -35.453  3.957  -33.822 0.0000000000
118943  -33.344  2.825  -36.670 0.0000000000
119891  -33.506  3.305  -36.761 0.0000000000
120817  -34.068  3.655  -35.608 0.0000000000
119880  -34.468  3.013  -35.915 0.0000000000
118915  -35.200  2.321  -35.553 0.0000000000
189343  -35.072  2.884  -34.696 0.0000000000
188512  -35.717  3.197  -33.362 0.0000000000
118917  -35.626  2.619  -33.837 0.0000000000
117966  -35.938  2.146  -33.672 0.0000000000
116988  -35.826  0.907  -35.092 0.0000000000
199592  -36.036  1.475  -34.367 0.0000000000
116974  -35.982  0.793  -34.632 0.0000000000
202023  -36.358  0.418  -33.423 0.0000000000
201388  -36.267  0.234  -34.613 0.0000000000
114971  -33.578  -0.088  -34.784 0.0000000000
114972  -34.564  -0.349  -35.014 0.0000000000
114004  -36.332  -1.157  -35.416 0.0000000000
114958  -37.082  -1.257  -35.361 0.0000000000
114006  -37.363  -1.548  -35.249 0.0000000000
111978  -37.654  -2.772  -34.500 0.0000000000
197585  -29.564  -2.269  -36.617 0.0000000000
112013  -30.405  -3.142  -34.568 0.0000000000
112014  -30.984  -2.874  -34.131 0.0000000000
112015  -31.646  -2.682  -33.755 0.0000000000
110982  -31.971  -3.197  -33.314 0.0000000000
212923  -31.377  -5.054  -33.149 0.0000000000
109969  -30.823  -4.517  -33.555 0.0000000000
109970  -31.396  -4.570  -33.266 0.0000000000
109950  -33.541  -4.010  -31.871 0.0000000000
110949  -32.900  -3.944  -32.405 0.0000000000
110950  -33.401  -3.377  -32.311 0.0000000000
110971  -33.127  -2.857  -32.694 0.0000000000
110951  -34.841  -3.017  -32.324 0.0000000000
216241  -34.555  -3.385  -31.727 0.0000000000
109951  -36.648  -3.935  -33.057 0.0000000000
110929  -36.493  -3.568  -32.847 0.0000000000
103636  -28.542  -9.611  -32.309 0.0000000000
103635  -27.946  -9.335  -32.507 0.0000000000
104652  -28.465  -8.797  -32.520 0.0000000000
103618  -29.615  -9.487  -32.029 0.0000000000
114045  -31.116  -0.382  -35.400 0.0000000000
113085  -30.482  -1.460  -35.757 0.0000000000
106731  -29.264  -6.896  -33.428 0.0000000000
106732  -29.909  -6.643  -33.163 0.0000000000
106710  -30.266  -6.938  -32.617 0.0000000000
106692  -31.199  -7.029  -32.032 0.0000000000
216358  -32.551  -7.151  -31.009 0.0000000000
105664  -31.896  -7.874  -31.363 0.0000000000
95890  -24.819  -15.452  -29.525 0.0000000000
98129  -25.217  -12.808  -30.834 0.0000000000
98112  -25.605  -13.194  -30.189 0.0000000000
96995  -26.350  -13.314  -29.643 0.0000000000
106761  -26.939  -6.957  -35.595 0.0000000000
106760  -26.447  -7.375  -35.955 0.0000000000
106744  -26.552  -7.477  -35.327 0.0000000000
105736  -26.724  -7.802  -34.755 0.0000000000
202986  -34.648  8.979  -33.571 0.0000000000
202838  -35.086  9.013  -33.471 0.0000000000
125758  -34.705  8.551  -33.618 0.0000000000
124780  -34.779  7.839  -33.829 0.0000000000
123821  -34.111  6.477  -35.113 0.0000000000
122810  -34.270  5.916  -35.013 0.0000000000
120807  -34.835  4.308  -34.631 0.0000000000
118944  -34.085  2.750  -36.557 0.0000000000
118927  -34.603  2.507  -36.560 0.0000000000
117965  -35.564  1.640  -35.611 0.0000000000
118929  -35.700  1.966  -34.520 0.0000000000
116973  -35.710  0.828  -35.744 0.0000000000
115909  -35.972  0.130  -35.654 0.0000000000
114022  -34.423  -0.848  -34.610 0.0000000000
114945  -35.768  -1.132  -34.956 0.0000000000
113989  -36.440  -1.781  -35.004 0.0000000000
113990  -37.357  -1.870  -35.004 0.0000000000
111976  -35.812  -2.513  -33.176 0.0000000000
112026  -29.337  -3.162  -35.926 0.0000000000
110994  -29.773  -3.613  -35.317 0.0000000000
110979  -30.093  -3.764  -34.550 0.0000000000
110980  -30.669  -3.522  -34.003 0.0000000000
108817  -32.188  -5.187  -32.338 0.0000000000
109948  -32.366  -4.520  -32.474 0.0000000000
110926  -34.322  -3.821  -31.595 0.0000000000
110927  -35.016  -3.623  -31.851 0.0000000000
109921  -35.292  -4.239  -31.688 0.0000000000
108819  -36.722  -4.539  -33.353 0.0000000000
101481  -26.047  -11.084  -32.308 0.0000000000
101480  -25.555  -10.785  -32.996 0.0000000000
101502  -26.311  -10.312  -32.649 0.0000000000
102607  -26.928  -9.784  -32.849 0.0000000000
102587  -27.718  -10.313  -32.187 0.0000000000
102588  -28.423  -10.359  -32.084 0.0000000000
117002  -33.028  1.304  -36.014 0.0000000000
117003  -33.382  0.900  -35.696 0.0000000000
212659  -33.043  -0.169  -34.699 0.0000000000
114986  -31.963  -0.398  -34.864 0.0000000000
114970  -32.788  -0.574  -34.449 0.0000000000
114001  -33.044  -1.237  -33.895 0.0000000000
113046  -33.287  -1.843  -33.506 0.0000000000
108849  -29.018  -5.232  -34.372 0.0000000000
108850  -29.669  -4.971  -34.085 0.0000000000
108834  -30.166  -5.337  -33.559 0.0000000000
108815  -31.270  -5.427  -32.941 0.0000000000
107761  -31.043  -6.003  -32.632 0.0000000000
108792  -33.125  -5.484  -31.590 0.0000000000
108773  -34.136  -5.584  -30.955 0.0000000000
107724  -35.110  -6.154  -31.230 0.0000000000
107723  -34.525  -6.124  -30.881 0.0000000000
106675  -32.938  -7.308  -30.678 0.0000000000
93638  -23.789  -15.941  -29.991 0.0000000000
100351  -24.661  -11.604  -32.626 0.0000000000
99186  -25.023  -12.455  -31.437 0.0000000000
99211  -25.450  -12.044  -31.747 0.0000000000
100324  -25.764  -11.599  -32.002 0.0000000000
215824  -26.850  -12.124  -31.488 0.0000000000
108865  -28.671  -4.885  -35.069 0.0000000000
108848  -28.536  -5.675  -34.776 0.0000000000
106748  -28.829  -6.602  -34.038 0.0000000000
107799  -27.548  -6.769  -35.294 0.0000000000
106747  -28.346  -6.865  -34.518 0.0000000000
105722  -29.050  -7.509  -33.141 0.0000000000
105703  -29.449  -7.917  -32.607 0.0000000000
177929  -33.710  12.358  -34.241 0.0000000000
202892  -34.243  10.503  -34.252 0.0000000000
203060  -34.366  10.216  -34.137 0.0000000000
214089  -35.249  10.266  -34.678 0.0000000000
178373  -35.958  9.061  -33.453 0.0000000000
126717  -36.200  9.013  -33.750 0.0000000000
124782  -36.263  7.699  -33.682 0.0000000000
123789  -36.245  7.048  -33.473 0.0000000000
124791  -34.211  7.578  -34.340 0.0000000000
123795  -34.695  7.060  -34.031 0.0000000000
183311  -35.085  7.308  -33.512 0.0000000000
123788  -35.810  7.046  -33.395 0.0000000000
122776  -36.073  6.598  -33.273 0.0000000000
121786  -36.388  5.922  -33.317 0.0000000000
194440  -35.171  5.322  -33.681 0.0000000000
120830  -33.015  4.023  -36.943 0.0000000000
120841  -33.006  4.704  -36.563 0.0000000000
120832  -34.041  4.404  -35.488 0.0000000000
208129  -34.526  4.188  -35.222 0.0000000000
119871  -35.133  3.679  -34.498 0.0000000000
119881  -34.668  2.896  -35.173 0.0000000000
189156  -36.204  3.483  -32.907 0.0000000000
117967  -36.268  1.738  -33.440 0.0000000000
116955  -36.615  1.191  -32.439 0.0000000000
115924  -34.574  0.520  -35.389 0.0000000000
115908  -35.553  0.344  -35.870 0.0000000000
194575  -36.073  -0.465  -35.573 0.0000000000
115910  -36.424  -0.495  -35.370 0.0000000000
113073  -30.420  -2.207  -35.582 0.0000000000
112027  -30.105  -2.960  -35.316 0.0000000000
112028  -30.548  -2.420  -34.650 0.0000000000
113062  -31.896  -1.952  -33.770 0.0000000000
112000  -32.865  -2.434  -33.194 0.0000000000
109982  -30.998  -3.963  -33.510 0.0000000000
110969  -31.681  -3.874  -33.263 0.0000000000
110970  -32.328  -3.762  -32.872 0.0000000000
185790  -32.514  -2.990  -32.936 0.0000000000
112001  -33.563  -2.354  -33.118 0.0000000000
110928  -35.793  -3.669  -32.381 0.0000000000
110952  -36.639  -3.131  -33.629 0.0000000000
104670  -26.372  -8.683  -34.578 0.0000000000
105720  -26.797  -8.156  -34.175 0.0000000000
103634  -27.337  -9.268  -32.836 0.0000000000
104650  -27.121  -8.767  -33.203 0.0000000000
104672  -27.306  -8.180  -33.501 0.0000000000
104673  -28.127  -8.212  -33.122 0.0000000000
104653  -29.200  -8.566  -32.435 0.0000000000
104654  -29.805  -8.413  -32.254 0.0000000000
95907  -24.732  -14.909  -29.767 0.0000000000
98113  -26.320  -12.974  -30.310 0.0000000000
101501  -25.005  -11.373  -33.470 0.0000000000
102586  -27.087  -10.251  -32.289 0.0000000000
102609  -28.027  -9.865  -32.289 0.0000000000
103637  -29.102  -9.236  -32.277 0.0000000000
103655  -26.724  -9.178  -33.278 0.0000000000
104636  -31.065  -8.433  -31.441 0.0000000000
105687  -32.073  -7.259  -31.273 0.0000000000
106693  -31.785  -6.707  -31.641 0.0000000000
107722  -33.906  -6.243  -30.812 0.0000000000
107744  -32.291  -6.276  -31.630 0.0000000000
107760  -30.436  -6.300  -32.848 0.0000000000
107801  -28.560  -6.448  -34.779 0.0000000000
108835  -30.893  -5.074  -33.355 0.0000000000
108837  -37.261  -4.322  -34.402 0.0000000000
108864  -28.345  -5.546  -35.282 0.0000000000
109920  -34.637  -4.330  -31.468 0.0000000000
115926  -35.890  0.567  -35.440 0.0000000000
178431  -35.861  9.443  -34.022 0.0000000000
182407  -25.148  -11.637  -32.136 0.0000000000
189040  -27.236  -11.210  -31.734 0.0000000000
191984  -25.048  -13.783  -30.058 0.0000000000
202694  -34.842  9.767  -33.998 0.0000000000
214300  -33.769  5.329  -35.807 0.0000000000
214805  -26.110  -12.113  -31.755 0.0000000000
