#!ascii label  , from subject sub-v2s11x28717_ses-1 vox2ras=TkReg
850
25508  -23.959  -54.240  -16.123 0.6999999881
26665  -24.619  -53.714  -16.988 0.6000000238
26666  -25.251  -53.865  -17.344 0.6000000238
25531  -26.466  -55.263  -18.444 0.4000000060
23549  -16.376  -56.715  -15.190 0.6999999881
24440  -16.625  -55.902  -15.957 0.6999999881
23575  -15.825  -57.383  -17.056 0.6999999881
24457  -15.994  -56.613  -16.598 0.6000000238
22754  -16.012  -57.655  -17.073 0.6999999881
23584  -15.559  -56.764  -18.130 0.6000000238
205588  -17.004  -56.821  -17.573 0.6000000238
24473  -16.721  -56.486  -17.973 0.6000000238
24475  -19.081  -55.269  -16.874 0.6000000238
181646  -17.583  -56.122  -17.684 0.6000000238
25527  -17.730  -55.122  -18.445 0.5000000000
202504  -19.429  -54.649  -17.188 0.5000000000
25529  -19.144  -54.393  -17.826 0.5000000000
27715  -20.778  -53.275  -17.720 0.6000000238
27707  -22.445  -53.359  -16.700 0.6000000238
27717  -22.184  -53.080  -17.308 0.6000000238
27729  -23.350  -52.879  -17.706 0.6000000238
177453  -24.060  -53.035  -17.684 0.6000000238
24433  -16.933  -55.614  -15.273 0.6000000238
25504  -16.888  -55.065  -16.635 0.6000000238
25503  -16.068  -55.663  -17.348 0.6000000238
24481  -15.405  -56.224  -18.445 0.6000000238
24505  -15.263  -55.515  -19.222 0.6000000238
23595  -15.733  -56.576  -18.520 0.6000000238
24495  -16.949  -55.490  -18.779 0.6000000238
25539  -17.375  -54.922  -19.044 0.6000000238
26684  -18.603  -54.087  -18.988 0.6000000238
26675  -20.151  -53.699  -18.140 0.6000000238
26685  -19.600  -53.767  -18.652 0.6999999881
27725  -20.627  -53.171  -18.476 0.6000000238
27726  -21.249  -52.897  -18.228 0.6000000238
210933  -25.097  -53.221  -18.077 0.5000000000
27731  -25.864  -53.618  -18.492 0.5000000000
25469  -16.940  -54.435  -14.419 0.6000000238
205938  -17.407  -54.567  -16.067 0.6000000238
196220  -17.220  -54.308  -16.667 0.6000000238
26659  -16.408  -54.574  -17.914 0.6000000238
25526  -15.559  -55.134  -18.318 0.6000000238
26671  -15.879  -54.431  -18.535 0.6000000238
26681  -15.006  -54.904  -19.661 0.6000000238
25548  -15.503  -55.110  -20.028 0.6000000238
25538  -16.357  -55.439  -19.303 0.6000000238
25549  -16.793  -54.650  -19.722 0.6000000238
26683  -17.922  -54.284  -19.268 0.6999999881
28784  -22.372  -52.472  -18.273 0.6000000238
28785  -23.070  -52.567  -18.254 0.6000000238
26687  -26.195  -54.004  -18.823 0.4000000060
27681  -17.277  -53.207  -14.608 0.6000000238
208516  -17.331  -54.226  -14.819 0.6000000238
26646  -17.717  -53.945  -15.981 0.6000000238
26672  -16.721  -53.746  -18.027 0.6000000238
27723  -16.035  -53.716  -18.753 0.5000000000
27735  -14.897  -54.220  -19.862 0.6000000238
26693  -15.834  -54.589  -20.328 0.6999999881
27750  -19.448  -52.792  -19.921 0.6000000238
26697  -19.319  -53.400  -19.450 0.6000000238
27738  -19.832  -53.087  -19.374 0.6000000238
210755  -20.936  -52.863  -18.704 0.6000000238
28793  -22.061  -52.245  -18.810 0.6000000238
28796  -24.306  -52.458  -18.933 0.6000000238
26698  -26.367  -53.785  -19.495 0.4000000060
189213  -25.355  -53.158  -18.576 0.5000000000
28727  -16.402  -52.543  -14.208 0.5000000000
28744  -17.900  -52.427  -15.037 0.6000000238
26624  -17.889  -53.558  -15.336 0.6000000238
198530  -18.006  -53.091  -16.579 0.6000000238
27713  -17.276  -53.468  -17.403 0.5000000000
27714  -17.748  -53.082  -17.170 0.5000000000
27737  -16.838  -53.151  -18.518 0.5000000000
27747  -15.233  -53.480  -19.855 0.6000000238
28815  -14.923  -53.025  -20.828 0.6000000238
27746  -14.935  -53.763  -20.415 0.6999999881
26705  -16.711  -53.867  -20.790 0.6999999881
26706  -17.432  -53.590  -20.440 0.6999999881
28816  -18.409  -52.475  -21.068 0.6000000238
27748  -18.195  -53.240  -20.003 0.6999999881
27760  -18.807  -52.757  -20.407 0.6000000238
28818  -19.874  -52.404  -20.482 0.6000000238
28804  -19.983  -52.653  -19.760 0.6000000238
28806  -21.724  -51.940  -19.399 0.6000000238
29890  -22.428  -51.867  -19.296 0.6000000238
28797  -24.866  -52.474  -19.353 0.5000000000
27752  -25.965  -53.249  -19.874 0.4000000060
179289  -17.569  -51.972  -14.807 0.6000000238
29845  -18.144  -51.722  -15.081 0.6000000238
28770  -18.274  -52.657  -16.079 0.5000000000
28776  -18.251  -52.675  -16.850 0.6000000238
28781  -17.968  -52.553  -17.632 0.5000000000
28780  -17.428  -52.611  -18.317 0.6000000238
28791  -18.345  -51.962  -18.607 0.5000000000
210049  -16.633  -52.718  -19.382 0.6000000238
28802  -16.941  -52.283  -19.474 0.5000000000
28801  -16.034  -52.787  -19.862 0.5000000000
29929  -14.976  -52.097  -21.701 0.5000000000
27756  -15.001  -53.387  -20.979 0.6000000238
29947  -15.249  -51.823  -22.131 0.5000000000
27771  -15.509  -52.390  -22.024 0.5000000000
28831  -15.827  -53.042  -21.708 0.6000000238
29949  -16.864  -51.982  -22.715 0.4000000060
28832  -17.588  -52.769  -21.403 0.6999999881
29950  -17.914  -51.990  -22.548 0.4000000060
209354  -19.451  -52.185  -21.487 0.5000000000
28834  -19.702  -52.326  -21.139 0.6000000238
29932  -20.535  -52.089  -21.925 0.5000000000
205687  -20.311  -52.142  -20.690 0.6000000238
29933  -21.063  -52.015  -21.823 0.5000000000
29899  -22.181  -51.596  -19.951 0.6000000238
27751  -25.413  -52.889  -20.317 0.5000000000
29916  -21.229  -51.811  -21.031 0.6000000238
29918  -22.783  -51.567  -20.572 0.6000000238
28820  -24.548  -52.203  -20.420 0.6000000238
31015  -18.070  -51.115  -14.975 0.5000000000
28759  -18.516  -52.085  -15.937 0.5000000000
28777  -18.587  -52.149  -17.156 0.5000000000
29882  -18.954  -51.628  -18.227 0.4000000060
29896  -17.859  -51.573  -19.743 0.4000000060
29895  -17.131  -51.743  -19.859 0.5000000000
29912  -15.735  -51.856  -20.751 0.5000000000
29913  -16.652  -51.541  -20.462 0.5000000000
31125  -17.308  -51.129  -23.030 0.4000000060
29975  -16.258  -51.591  -22.839 0.4000000060
29977  -17.717  -51.563  -22.959 0.4000000060
29978  -18.560  -51.540  -22.933 0.5000000000
29951  -18.873  -51.757  -22.462 0.5000000000
29979  -19.853  -51.403  -23.007 0.5000000000
29931  -19.932  -52.101  -21.838 0.5000000000
29954  -20.906  -52.011  -22.617 0.5000000000
28848  -24.444  -52.222  -21.859 0.5000000000
28837  -24.957  -52.494  -21.520 0.5000000000
29935  -22.357  -51.726  -21.469 0.6000000238
29920  -24.173  -51.941  -20.781 0.5000000000
29914  -17.469  -51.312  -20.248 0.4000000060
31082  -17.788  -50.768  -20.637 0.5000000000
31095  -16.596  -50.666  -21.632 0.5000000000
32315  -16.433  -49.753  -22.311 0.5000000000
31126  -18.420  -51.151  -23.289 0.4000000060
211632  -20.672  -51.853  -23.039 0.5000000000
208853  -24.043  -51.890  -22.223 0.5000000000
28849  -24.852  -52.579  -22.277 0.3000000119
29980  -20.435  -51.552  -23.430 0.5000000000
29955  -21.418  -52.055  -22.370 0.5000000000
182346  -23.469  -51.815  -22.170 0.5000000000
32283  -17.299  -50.361  -21.305 0.4000000060
32331  -16.303  -50.247  -22.657 0.4000000060
33540  -17.096  -49.178  -21.954 0.4000000060
33590  -18.749  -49.373  -23.172 0.4000000060
32348  -17.648  -50.075  -23.071 0.4000000060
32335  -19.842  -50.584  -23.475 0.4000000060
33574  -19.880  -49.724  -23.290 0.4000000060
31140  -20.402  -51.192  -23.861 0.5000000000
28860  -24.199  -52.493  -23.456 0.4000000060
28861  -24.681  -52.780  -23.110 0.4000000060
200111  -21.331  -52.094  -23.004 0.5000000000
29958  -23.755  -52.082  -22.901 0.5000000000
196204  -21.341  -51.860  -23.645 0.5000000000
29983  -22.511  -52.309  -23.410 0.5000000000
29957  -22.960  -52.175  -22.767 0.5000000000
180200  -19.888  -48.997  -23.010 0.4000000060
32336  -20.366  -50.333  -23.544 0.4000000060
28874  -24.218  -52.619  -24.395 0.4000000060
29984  -23.188  -52.364  -23.310 0.5000000000
31141  -20.994  -51.335  -24.055 0.5000000000
29996  -21.996  -52.120  -23.819 0.5000000000
33575  -20.516  -49.376  -23.180 0.4000000060
28873  -23.673  -52.300  -24.320 0.4000000060
30009  -24.804  -52.055  -24.906 0.3000000119
32352  -21.202  -50.615  -23.780 0.5000000000
31143  -22.244  -51.029  -24.363 0.5000000000
29997  -22.564  -52.289  -24.139 0.5000000000
34756  -20.970  -48.716  -23.009 0.4000000060
30008  -23.829  -51.771  -24.652 0.3000000119
207486  -24.668  -51.644  -24.696 0.3000000119
33576  -21.345  -49.302  -23.225 0.4000000060
31153  -22.770  -51.362  -24.744 0.5000000000
33593  -22.553  -49.605  -23.851 0.4000000060
190744  -22.310  -50.295  -24.141 0.5000000000
32354  -22.854  -50.609  -24.643 0.5000000000
34757  -21.762  -48.464  -22.928 0.4000000060
31145  -24.733  -50.966  -24.251 0.3000000119
31146  -25.326  -51.431  -23.853 0.3000000119
32365  -24.146  -49.831  -24.538 0.4000000060
34779  -22.131  -49.093  -23.427 0.4000000060
32355  -22.882  -49.961  -24.340 0.4000000060
35937  -22.463  -47.289  -22.496 0.5000000000
31144  -24.530  -50.061  -24.205 0.3000000119
31130  -25.243  -50.670  -23.358 0.4000000060
202428  -25.993  -49.948  -22.357 0.4000000060
205411  -25.733  -51.042  -23.147 0.4000000060
35957  -22.950  -47.854  -23.319 0.4000000060
33605  -23.867  -49.292  -24.504 0.5000000000
33595  -24.511  -49.347  -24.321 0.4000000060
187039  -23.185  -48.201  -23.846 0.5000000000
34792  -23.525  -48.700  -24.249 0.5000000000
183197  -23.939  -48.119  -24.018 0.5000000000
33596  -24.977  -48.739  -24.053 0.4000000060
33577  -25.379  -49.194  -23.195 0.4000000060
33578  -25.892  -49.046  -22.775 0.4000000060
31109  -26.379  -50.210  -22.102 0.3000000119
35938  -23.097  -47.292  -22.900 0.5000000000
35958  -23.531  -47.622  -23.632 0.5000000000
34783  -26.130  -48.048  -23.851 0.4000000060
35962  -26.848  -48.028  -23.653 0.3000000119
39706  -23.304  -45.165  -22.516 0.5000000000
35961  -25.757  -47.397  -24.059 0.4000000060
34782  -25.290  -47.930  -23.992 0.4000000060
177985  -26.340  -48.541  -23.249 0.4000000060
33579  -26.459  -48.906  -22.350 0.4000000060
33554  -27.116  -48.866  -22.051 0.3000000119
37216  -22.790  -46.682  -22.418 0.5000000000
35959  -24.241  -47.455  -24.019 0.5000000000
187618  -24.655  -48.019  -24.286 0.5000000000
37218  -24.097  -46.297  -23.457 0.5000000000
37234  -26.174  -46.900  -23.981 0.4000000060
194464  -27.241  -47.464  -23.790 0.4000000060
190732  -23.503  -44.440  -22.553 0.5000000000
34736  -27.577  -48.423  -22.407 0.3000000119
38469  -23.765  -45.786  -22.874 0.5000000000
38486  -24.588  -46.119  -23.835 0.5000000000
38487  -25.187  -46.036  -23.855 0.5000000000
35960  -24.957  -47.248  -24.258 0.5000000000
37232  -24.425  -46.745  -23.986 0.5000000000
38488  -27.113  -46.437  -23.203 0.4000000060
40862  -23.105  -43.812  -22.262 0.5000000000
177564  -25.459  -44.722  -22.964 0.5000000000
37219  -27.540  -46.938  -23.426 0.3000000119
35939  -27.534  -47.911  -23.157 0.3000000119
184836  -23.687  -43.770  -22.578 0.5000000000
40863  -24.802  -44.428  -22.853 0.5000000000
39708  -24.499  -45.124  -23.115 0.5000000000
27719  -23.591  -53.222  -17.160 0.6000000238
26667  -26.038  -54.554  -17.658 0.5000000000
25519  -18.758  -54.977  -17.511 0.6000000238
25557  -15.052  -54.657  -20.186 0.6999999881
28794  -22.757  -52.249  -18.767 0.6000000238
26704  -15.450  -54.175  -20.695 0.6999999881
29900  -23.385  -51.794  -19.960 0.6000000238
27759  -17.951  -53.026  -20.703 0.6999999881
187106  -18.197  -52.320  -21.639 0.5000000000
28819  -20.770  -51.934  -20.437 0.6000000238
31079  -15.329  -51.707  -21.498 0.5000000000
211155  -15.916  -50.658  -22.355 0.5000000000
181337  -16.864  -52.627  -21.835 0.4000000060
29937  -23.980  -51.717  -21.525 0.5000000000
32333  -18.501  -50.533  -23.398 0.4000000060
31128  -19.896  -51.117  -23.412 0.5000000000
33571  -17.042  -49.186  -22.483 0.4000000060
181062  -24.118  -50.534  -24.590 0.4000000060
32337  -25.260  -49.935  -23.110 0.4000000060
32317  -26.765  -49.546  -21.977 0.3000000119
39707  -23.919  -45.102  -22.891 0.5000000000
39709  -25.179  -45.295  -23.322 0.5000000000
19043  -20.147  -59.774  -19.386 0.5000000000
21030  -21.648  -57.707  -19.883 0.5000000000
20067  -20.764  -58.646  -19.495 0.5000000000
16947  -22.585  -61.777  -17.897 0.5000000000
179413  -21.981  -60.721  -19.074 0.5000000000
19044  -22.050  -59.748  -19.169 0.4000000060
19023  -19.986  -60.433  -18.718 0.5000000000
21014  -21.932  -58.309  -18.717 0.6000000238
20049  -20.935  -58.825  -18.750 0.6000000238
18005  -22.343  -60.866  -17.997 0.5000000000
20051  -22.202  -59.174  -18.679 0.5000000000
16950  -24.890  -62.214  -17.181 0.4000000060
189690  -18.304  -62.243  -17.012 0.6999999881
17981  -19.221  -61.468  -17.027 0.6999999881
20032  -20.902  -59.260  -17.922 0.6999999881
20998  -21.859  -58.237  -17.980 0.5000000000
20997  -21.532  -58.145  -17.761 0.6999999881
18006  -22.696  -61.190  -17.473 0.5000000000
19010  -22.596  -60.421  -17.516 0.5000000000
20035  -22.458  -59.392  -17.566 0.5000000000
17985  -25.065  -61.056  -16.645 0.5000000000
16934  -23.908  -61.822  -17.072 0.5000000000
16910  -15.485  -62.308  -15.289 0.5000000000
208850  -16.509  -62.542  -15.889 0.6999999881
16912  -17.257  -61.728  -15.884 0.6999999881
15889  -17.018  -62.608  -16.384 0.6999999881
17969  -18.255  -61.305  -16.233 0.6999999881
17982  -19.670  -61.050  -17.380 0.6000000238
20985  -21.749  -57.980  -17.397 0.6999999881
20984  -21.435  -57.923  -17.059 0.6000000238
18990  -23.742  -60.612  -16.611 0.5000000000
20023  -23.166  -59.630  -16.711 0.6000000238
20005  -22.895  -58.794  -16.798 0.6000000238
17972  -24.396  -60.905  -16.546 0.5000000000
20025  -25.907  -59.921  -17.022 0.5000000000
16900  -15.710  -61.706  -15.025 0.5000000000
17958  -16.363  -61.352  -15.203 0.6999999881
197380  -19.567  -60.566  -16.588 0.6999999881
19989  -19.186  -59.323  -16.036 0.6999999881
18958  -18.414  -60.145  -15.968 0.6999999881
20020  -20.745  -59.424  -17.190 0.8000000119
20961  -20.723  -58.267  -15.899 0.6999999881
198977  -23.028  -57.833  -16.413 0.6000000238
21888  -22.365  -57.526  -16.842 0.6999999881
20007  -24.124  -59.499  -16.410 0.6999999881
20972  -23.330  -58.534  -16.431 0.6000000238
20024  -25.364  -59.885  -16.727 0.6000000238
20008  -24.761  -59.745  -16.549 0.6000000238
20989  -26.074  -59.295  -17.572 0.6000000238
18920  -13.823  -60.445  -13.953 0.5000000000
18922  -15.211  -60.274  -14.182 0.6000000238
17945  -14.595  -61.364  -14.644 0.5000000000
18939  -15.494  -60.653  -14.665 0.6000000238
18955  -16.668  -60.677  -15.363 0.6000000238
18956  -17.303  -60.561  -15.692 0.6999999881
21874  -19.005  -58.082  -15.731 0.6999999881
19988  -17.825  -59.619  -15.776 0.6000000238
20003  -19.949  -59.518  -16.188 0.6999999881
21875  -19.728  -57.825  -15.618 0.6999999881
21878  -21.805  -57.332  -16.501 0.6999999881
21890  -24.389  -58.213  -16.206 0.6999999881
20988  -25.735  -58.773  -17.278 0.6999999881
186713  -24.981  -58.461  -16.477 0.6999999881
19944  -14.553  -59.411  -13.289 0.5000000000
19959  -15.754  -59.372  -14.302 0.6000000238
19986  -16.696  -59.543  -15.683 0.6000000238
198053  -17.055  -59.369  -15.881 0.6000000238
22740  -20.914  -57.298  -15.632 0.8000000119
23560  -20.454  -56.212  -15.474 0.5000000000
22737  -18.965  -57.433  -15.681 0.6000000238
180254  -22.450  -56.766  -15.848 0.6999999881
185521  -22.311  -55.885  -15.455 0.6999999881
23577  -25.287  -56.612  -16.132 0.6999999881
23565  -24.289  -56.513  -15.646 0.6999999881
21912  -26.333  -58.117  -18.051 0.5000000000
22772  -26.066  -57.358  -17.464 0.6999999881
193305  -26.290  -56.674  -17.891 0.5000000000
20920  -14.069  -58.984  -12.848 0.5000000000
20921  -14.794  -58.807  -13.062 0.5000000000
21828  -15.752  -57.965  -13.479 0.6000000238
20936  -15.311  -59.261  -13.559 0.6000000238
190292  -16.265  -58.449  -15.318 0.6000000238
194068  -16.405  -58.677  -15.949 0.6000000238
21860  -16.216  -58.152  -15.972 0.6000000238
20956  -16.714  -58.912  -16.145 0.6000000238
22755  -16.811  -57.852  -16.942 0.6000000238
189626  -21.299  -55.132  -15.553 0.6000000238
24443  -20.229  -55.675  -15.605 0.5000000000
22756  -17.355  -57.416  -16.729 0.5000000000
25494  -23.237  -54.933  -15.612 0.6000000238
25493  -22.487  -54.783  -15.579 0.6000000238
25497  -25.060  -55.330  -15.957 0.6000000238
25496  -24.364  -55.274  -15.693 0.6000000238
25530  -26.219  -55.248  -17.874 0.5000000000
21826  -14.385  -58.396  -12.542 0.5000000000
22691  -15.221  -57.473  -12.822 0.6000000238
178981  -16.246  -57.796  -14.967 0.6000000238
24441  -19.259  -56.131  -15.958 0.5000000000
24459  -17.922  -56.384  -17.024 0.5000000000
26636  -21.671  -54.135  -15.943 0.4000000060
25507  -21.087  -54.483  -15.937 0.5000000000
25505  -19.711  -54.931  -16.522 0.5000000000
26653  -25.073  -54.179  -16.704 0.6000000238
22676  -14.024  -57.212  -12.074 0.5000000000
22678  -15.234  -56.870  -12.749 0.6000000238
23532  -15.973  -56.405  -13.281 0.6000000238
22709  -16.313  -57.073  -14.639 0.6000000238
27706  -21.741  -53.433  -16.857 0.5000000000
26662  -20.430  -53.848  -17.316 0.4000000060
186809  -13.591  -56.547  -11.949 0.5000000000
23521  -14.313  -56.488  -12.093 0.5000000000
200333  -15.489  -55.742  -12.814 0.6000000238
23543  -16.434  -56.371  -14.326 0.6000000238
199145  -13.067  -56.021  -12.259 0.5000000000
24402  -13.808  -55.881  -12.268 0.5000000000
24417  -14.989  -55.366  -12.735 0.6000000238
24424  -16.432  -55.654  -14.030 0.6000000238
24415  -12.450  -55.118  -12.819 0.5000000000
24416  -13.234  -55.239  -12.538 0.5000000000
25451  -14.551  -54.760  -12.958 0.5000000000
26585  -15.617  -54.507  -13.309 0.6000000238
25454  -16.105  -54.809  -13.451 0.6000000238
26581  -12.632  -54.331  -13.715 0.5000000000
26603  -13.980  -53.648  -13.620 0.5000000000
26601  -12.313  -54.189  -14.293 0.5000000000
200270  -16.543  -53.943  -14.084 0.5000000000
212836  -13.465  -53.662  -13.926 0.5000000000
26604  -14.684  -53.677  -13.465 0.5000000000
27679  -12.179  -53.384  -14.976 0.5000000000
27680  -12.863  -52.989  -14.800 0.5000000000
27662  -14.385  -53.202  -13.782 0.5000000000
185238  -16.063  -53.508  -13.892 0.4000000060
28739  -12.713  -52.360  -15.173 0.5000000000
28741  -13.991  -52.266  -14.487 0.5000000000
29827  -15.307  -51.902  -14.182 0.4000000060
28726  -15.766  -52.477  -14.064 0.4000000060
29840  -13.749  -51.699  -14.823 0.4000000060
29841  -14.545  -51.686  -14.605 0.4000000060
29842  -15.739  -51.362  -14.541 0.4000000060
26650  -22.690  -53.843  -16.222 0.6000000238
25511  -25.897  -55.174  -17.137 0.5000000000
24486  -26.518  -55.955  -18.178 0.4000000060
23557  -18.576  -56.489  -16.056 0.6000000238
29828  -16.080  -51.901  -14.258 0.4000000060
31014  -17.046  -51.003  -14.796 0.4000000060
18971  -20.089  -60.017  -16.735 0.6999999881
201587  -21.430  -57.186  -15.904 0.6999999881
21879  -24.020  -57.635  -15.871 0.6999999881
22743  -23.761  -57.021  -15.740 0.6999999881
22738  -19.615  -57.179  -15.607 0.6000000238
21873  -17.570  -58.312  -16.009 0.6000000238
23578  -25.731  -56.931  -16.647 0.6999999881
185073  -21.582  -55.787  -15.528 0.6999999881
23564  -23.442  -56.332  -15.605 0.6999999881
24476  -25.932  -55.871  -16.893 0.6000000238
23586  -25.991  -56.489  -17.129 0.6000000238
15878  -15.137  -62.696  -15.746 0.5000000000
15879  -15.890  -62.652  -15.759 0.6999999881
15880  -16.909  -62.240  -15.838 0.6999999881
15890  -17.775  -62.462  -16.723 0.6999999881
16899  -15.020  -61.849  -14.932 0.5000000000
16909  -14.731  -62.332  -15.310 0.5000000000
16911  -16.258  -62.144  -15.464 0.6999999881
16913  -17.738  -61.643  -16.222 0.6999999881
16921  -17.478  -62.125  -16.283 0.6999999881
16922  -18.212  -61.928  -16.545 0.6999999881
16923  -18.786  -61.877  -17.012 0.6999999881
16932  -19.207  -61.668  -17.504 0.6999999881
16933  -23.195  -61.688  -17.253 0.5000000000
16935  -24.525  -61.624  -16.797 0.5000000000
16948  -23.708  -62.214  -17.395 0.5000000000
16949  -24.225  -62.579  -17.503 0.4000000060
17937  -14.231  -60.935  -14.256 0.5000000000
17946  -15.238  -61.238  -14.767 0.5000000000
17947  -15.802  -61.117  -14.890 0.5000000000
17959  -17.006  -61.234  -15.576 0.6999999881
17960  -17.567  -61.170  -15.997 0.6999999881
17970  -18.857  -61.461  -16.587 0.6999999881
17971  -19.425  -61.082  -16.744 0.6999999881
17983  -23.114  -60.846  -17.012 0.5000000000
17984  -23.804  -61.294  -16.831 0.5000000000
18025  -22.114  -61.368  -18.619 0.5000000000
18921  -14.564  -60.395  -13.981 0.5000000000
18938  -14.875  -60.781  -14.463 0.5000000000
18940  -16.120  -60.656  -14.927 0.6000000238
18957  -18.060  -60.695  -15.956 0.6999999881
18970  -18.895  -60.796  -16.259 0.6999999881
18972  -23.666  -59.924  -16.534 0.5000000000
18973  -24.269  -60.205  -16.488 0.6000000238
18974  -24.930  -60.392  -16.555 0.6000000238
18987  -20.277  -60.204  -17.470 0.6000000238
18988  -22.895  -60.012  -17.085 0.5000000000
18989  -23.287  -60.247  -16.726 0.5000000000
18991  -25.555  -60.488  -16.763 0.5000000000
19008  -20.478  -59.889  -18.278 0.5000000000
19009  -22.280  -59.843  -18.046 0.5000000000
19024  -20.478  -59.555  -18.924 0.5000000000
19025  -22.093  -60.313  -18.569 0.5000000000
19943  -13.730  -59.499  -13.238 0.5000000000
19956  -14.168  -59.917  -13.642 0.5000000000
19957  -14.896  -59.830  -13.765 0.5000000000
19958  -15.411  -59.765  -14.041 0.6000000238
19970  -15.795  -60.042  -14.612 0.6000000238
19971  -16.182  -59.506  -15.068 0.6000000238
19987  -17.238  -59.887  -15.697 0.6000000238
20002  -19.264  -60.010  -16.265 0.6999999881
20004  -20.564  -59.234  -16.536 0.6999999881
20006  -23.533  -59.234  -16.502 0.6000000238
20021  -21.107  -58.630  -17.081 0.6000000238
20022  -22.789  -59.289  -17.088 0.6000000238
20033  -21.189  -58.710  -17.658 0.6000000238
20034  -22.167  -58.843  -18.168 0.5000000000
20050  -21.361  -58.197  -18.366 0.6999999881
20066  -20.244  -59.186  -19.900 0.5000000000
20068  -22.034  -58.695  -19.258 0.5000000000
20922  -15.381  -58.593  -13.345 0.5000000000
20937  -16.061  -58.876  -14.810 0.6000000238
20947  -16.396  -59.019  -15.623 0.6000000238
20957  -17.401  -58.942  -15.925 0.6000000238
20958  -18.402  -59.112  -15.789 0.6999999881
20959  -19.213  -58.689  -15.806 0.6999999881
20960  -20.050  -58.497  -15.602 0.6999999881
20969  -19.815  -59.031  -15.832 0.6999999881
20970  -20.356  -58.893  -15.968 0.6999999881
20971  -20.928  -58.506  -16.438 0.8000000119
20973  -23.939  -58.806  -16.278 0.6000000238
20974  -24.644  -58.996  -16.472 0.6999999881
20986  -22.294  -57.983  -17.109 0.6999999881
20987  -25.307  -58.877  -16.746 0.6999999881
20999  -26.138  -58.661  -17.849 0.6000000238
21012  -21.517  -58.016  -19.325 0.6000000238
21013  -21.631  -57.981  -18.834 0.6000000238
21029  -21.362  -57.831  -19.997 0.5000000000
21031  -21.719  -58.042  -19.436 0.5000000000
21815  -13.900  -57.892  -12.280 0.5000000000
21816  -14.566  -57.713  -12.445 0.5000000000
21827  -15.034  -58.149  -12.923 0.5000000000
21843  -15.775  -58.717  -13.929 0.6000000238
21844  -16.108  -58.192  -14.402 0.6000000238
21871  -16.515  -58.433  -16.363 0.6000000238
21872  -16.830  -58.420  -16.519 0.6000000238
21876  -20.491  -57.845  -15.686 0.8000000119
21877  -21.115  -57.629  -15.959 0.6999999881
21880  -24.603  -57.520  -16.024 0.6999999881
21886  -16.375  -57.980  -16.596 0.6000000238
21887  -21.267  -57.737  -16.565 0.6999999881
21889  -23.697  -58.104  -16.182 0.6000000238
21891  -25.668  -57.650  -16.762 0.6999999881
21901  -21.784  -57.606  -17.048 0.6000000238
21902  -25.469  -58.300  -16.825 0.6999999881
21903  -25.900  -58.141  -17.393 0.5000000000
22675  -13.329  -57.200  -11.908 0.5000000000
22677  -14.737  -57.043  -12.376 0.6000000238
22692  -15.771  -57.045  -13.276 0.6000000238
22693  -16.227  -56.738  -13.817 0.6000000238
22708  -16.201  -57.470  -14.057 0.6000000238
22723  -16.160  -57.470  -15.593 0.6000000238
22735  -16.024  -57.726  -16.530 0.6000000238
22736  -18.244  -57.202  -15.995 0.6000000238
22739  -20.258  -57.285  -15.590 0.6999999881
22741  -21.924  -56.953  -15.923 0.6999999881
22742  -23.056  -56.884  -15.813 0.6999999881
22744  -24.810  -56.922  -15.821 0.6999999881
22757  -22.582  -57.172  -16.295 0.6999999881
22758  -23.378  -57.440  -16.071 0.6999999881
22759  -25.207  -57.254  -16.263 0.6999999881
22770  -15.773  -57.293  -17.589 0.6000000238
22771  -16.412  -57.377  -17.305 0.6000000238
23520  -12.351  -56.133  -12.198 0.5000000000
23522  -14.928  -56.441  -12.463 0.5000000000
23523  -15.510  -56.329  -12.873 0.6000000238
23533  -16.226  -56.060  -13.589 0.6000000238
23556  -15.991  -56.932  -15.960 0.6999999881
23558  -19.171  -56.731  -15.677 0.6000000238
23559  -19.816  -56.217  -15.646 0.6000000238
23561  -21.129  -56.292  -15.497 0.6999999881
23562  -21.927  -56.422  -15.638 0.6999999881
23563  -22.695  -56.378  -15.631 0.6999999881
23566  -24.903  -56.385  -15.776 0.6999999881
23574  -15.625  -56.974  -17.528 0.6000000238
23576  -17.963  -56.794  -16.488 0.5000000000
23585  -17.338  -57.014  -17.068 0.6000000238
23594  -15.464  -56.313  -18.521 0.6000000238
24401  -11.987  -55.595  -12.560 0.5000000000
24403  -14.137  -55.249  -12.560 0.5000000000
24404  -15.133  -55.957  -12.548 0.6000000238
24418  -15.912  -55.852  -13.095 0.6000000238
24419  -16.179  -55.418  -13.405 0.6000000238
24432  -16.666  -56.000  -14.818 0.6000000238
24439  -16.472  -56.324  -15.644 0.6999999881
24442  -19.736  -55.770  -15.826 0.5000000000
24444  -20.842  -55.662  -15.452 0.5000000000
24445  -22.019  -55.268  -15.482 0.6000000238
24446  -22.907  -55.937  -15.518 0.6999999881
24447  -23.347  -55.623  -15.559 0.6999999881
24448  -23.998  -55.812  -15.550 0.6999999881
24449  -24.688  -55.872  -15.680 0.6999999881
24458  -16.388  -55.792  -16.571 0.6999999881
24460  -18.700  -55.938  -16.526 0.6000000238
24461  -19.435  -55.562  -16.276 0.5000000000
24462  -25.254  -55.990  -16.008 0.6000000238
24463  -25.696  -56.237  -16.494 0.6000000238
24472  -15.521  -56.420  -17.861 0.6000000238
24474  -18.345  -55.635  -17.223 0.5000000000
24482  -16.252  -56.584  -18.448 0.6000000238
24483  -17.023  -55.801  -18.205 0.6000000238
24484  -18.023  -55.367  -17.853 0.6000000238
24485  -26.133  -55.894  -17.525 0.5000000000
24492  -15.467  -55.880  -18.896 0.6000000238
24493  -15.459  -56.051  -18.786 0.6000000238
24494  -16.129  -56.075  -18.846 0.6000000238
25433  -13.732  -54.673  -12.952 0.5000000000
25450  -12.930  -54.664  -13.122 0.5000000000
25452  -15.196  -54.829  -13.054 0.6000000238
25453  -15.721  -55.201  -13.032 0.6000000238
25468  -16.442  -54.579  -13.956 0.6000000238
25481  -16.677  -55.155  -14.468 0.6000000238
25482  -17.186  -54.830  -14.972 0.6000000238
25489  -17.124  -55.178  -15.802 0.6000000238
25490  -19.966  -55.228  -15.883 0.5000000000
25491  -20.577  -55.082  -15.645 0.5000000000
25492  -21.789  -54.642  -15.668 0.6000000238
25495  -23.905  -54.795  -15.789 0.6000000238
25506  -20.336  -54.668  -16.185 0.5000000000
25509  -24.618  -54.648  -16.130 0.6000000238
25510  -25.372  -54.838  -16.537 0.5000000000
25517  -15.487  -55.800  -18.114 0.6000000238
25518  -16.714  -54.841  -17.330 0.6000000238
25520  -20.054  -54.352  -16.876 0.4000000060
25521  -25.686  -54.356  -17.111 0.5000000000
25525  -15.350  -55.695  -18.785 0.6000000238
25528  -18.493  -54.729  -18.137 0.5000000000
25536  -15.170  -55.397  -19.299 0.6000000238
25537  -15.689  -55.972  -19.005 0.6000000238
25540  -18.231  -54.555  -18.745 0.6000000238
25541  -26.385  -54.608  -18.613 0.4000000060
25542  -26.714  -55.164  -19.023 0.4000000060
25547  -15.049  -55.055  -19.681 0.6000000238
26582  -13.392  -54.097  -13.470 0.5000000000
26583  -14.214  -54.155  -13.233 0.5000000000
26584  -14.969  -54.283  -13.255 0.5000000000
26602  -12.930  -53.888  -14.059 0.5000000000
26605  -15.447  -53.757  -13.560 0.5000000000
26606  -16.047  -54.164  -13.666 0.5000000000
26607  -17.088  -53.800  -14.487 0.6000000238
26623  -17.606  -53.725  -14.895 0.6000000238
26635  -17.612  -54.310  -15.343 0.6000000238
26637  -22.255  -54.242  -15.868 0.4000000060
26638  -22.930  -54.320  -15.778 0.6000000238
26639  -23.486  -54.410  -15.812 0.6000000238
26647  -20.711  -54.105  -16.605 0.4000000060
26648  -21.366  -53.891  -16.414 0.5000000000
26649  -22.015  -53.797  -16.317 0.4000000060
26651  -23.364  -53.947  -16.127 0.6000000238
26652  -24.454  -54.062  -16.488 0.6999999881
26660  -17.058  -54.081  -17.375 0.6000000238
26661  -19.770  -54.111  -17.549 0.6000000238
26663  -21.053  -53.549  -17.029 0.5000000000
26664  -23.906  -53.683  -16.650 0.6000000238
26670  -15.280  -54.815  -18.910 0.6000000238
26673  -18.980  -54.183  -18.518 0.5000000000
26674  -19.539  -54.027  -18.148 0.6000000238
26676  -25.544  -53.576  -17.961 0.5000000000
26677  -26.048  -54.132  -18.167 0.5000000000
26682  -15.337  -54.383  -19.223 0.6000000238
26686  -20.073  -53.368  -18.839 0.6000000238
26688  -26.620  -54.421  -19.195 0.4000000060
26692  -14.890  -54.523  -20.067 0.6999999881
26694  -16.782  -54.170  -20.349 0.6999999881
26695  -17.654  -53.867  -19.821 0.6999999881
26696  -18.536  -53.617  -19.388 0.6000000238
26703  -15.006  -54.041  -20.551 0.6999999881
26712  -15.235  -53.614  -21.156 0.6999999881
27659  -12.565  -53.651  -14.537 0.5000000000
27660  -13.208  -53.397  -14.322 0.5000000000
27661  -13.782  -53.245  -14.016 0.5000000000
27663  -15.003  -53.192  -13.769 0.5000000000
27664  -15.591  -53.086  -13.905 0.4000000060
27665  -16.641  -53.225  -14.208 0.6000000238
27682  -17.773  -53.099  -14.967 0.6000000238
27696  -18.029  -52.879  -15.407 0.6000000238
27704  -17.630  -53.621  -16.762 0.5000000000
27705  -17.965  -53.286  -15.995 0.6000000238
27708  -23.144  -53.459  -16.634 0.6000000238
27716  -21.455  -53.110  -17.477 0.6000000238
27718  -22.894  -53.117  -17.203 0.6000000238
27720  -24.750  -53.416  -17.667 0.5000000000
27724  -17.337  -53.071  -17.826 0.5000000000
27727  -21.941  -52.779  -17.891 0.6000000238
27728  -22.640  -52.802  -17.767 0.6000000238
27730  -24.691  -52.817  -18.224 0.6000000238
27736  -16.195  -53.152  -19.205 0.6000000238
27739  -20.519  -52.790  -19.195 0.6000000238
27740  -24.971  -52.679  -18.859 0.6000000238
27741  -25.357  -52.889  -19.424 0.5000000000
27742  -25.817  -53.495  -19.121 0.4000000060
27749  -18.921  -53.163  -19.799 0.6999999881
27757  -16.091  -53.654  -21.094 0.6999999881
27758  -17.109  -53.379  -21.010 0.6999999881
27766  -15.078  -52.938  -21.523 0.6000000238
27767  -16.697  -53.096  -21.414 0.6000000238
28723  -13.539  -52.811  -14.383 0.5000000000
28724  -14.163  -52.765  -14.115 0.5000000000
28725  -15.165  -52.615  -13.984 0.4000000060
28728  -17.436  -52.613  -14.721 0.6000000238
28740  -13.334  -52.309  -14.793 0.5000000000
28742  -14.639  -52.319  -14.182 0.4000000060
28743  -16.859  -52.099  -14.568 0.6000000238
28758  -18.255  -52.238  -15.481 0.6000000238
28771  -18.605  -52.189  -16.473 0.5000000000
28782  -18.481  -52.019  -17.878 0.4000000060
28783  -21.789  -52.567  -18.411 0.6000000238
28786  -23.837  -52.631  -18.229 0.6000000238
28789  -17.002  -52.685  -18.967 0.6000000238
28790  -17.663  -52.261  -18.930 0.5000000000
28792  -21.326  -52.496  -18.891 0.6000000238
28795  -23.480  -52.371  -18.827 0.6000000238
28800  -15.138  -53.147  -20.331 0.6000000238
28803  -17.603  -51.998  -19.499 0.4000000060
28805  -21.024  -52.225  -19.650 0.6000000238
28807  -23.121  -52.058  -19.328 0.6000000238
28808  -23.797  -52.165  -19.470 0.6000000238
28809  -24.453  -52.259  -19.717 0.6000000238
28810  -24.961  -52.505  -19.991 0.5000000000
28817  -19.443  -52.526  -20.604 0.6000000238
28821  -24.968  -52.523  -20.766 0.5000000000
28830  -14.966  -52.699  -21.392 0.5000000000
28833  -18.838  -52.186  -21.551 0.5000000000
28835  -20.162  -52.193  -21.258 0.5000000000
28836  -24.518  -52.202  -21.143 0.5000000000
28844  -14.985  -52.356  -21.750 0.5000000000
28845  -16.316  -52.432  -22.265 0.4000000060
28846  -17.702  -52.354  -22.033 0.5000000000
28847  -18.470  -52.135  -22.129 0.5000000000
28859  -23.117  -52.344  -23.905 0.5000000000
28872  -23.135  -52.170  -24.434 0.5000000000
28886  -23.601  -52.068  -24.560 0.4000000060
28887  -24.724  -52.613  -24.850 0.3000000119
29839  -13.140  -51.770  -15.164 0.4000000060
29843  -16.472  -51.339  -14.628 0.4000000060
29844  -17.619  -51.342  -14.827 0.5000000000
29859  -12.557  -51.878  -15.732 0.5000000000
29860  -18.591  -51.692  -15.538 0.6000000238
29886  -18.131  -51.801  -19.226 0.4000000060
29893  -15.409  -52.527  -20.484 0.6000000238
29894  -16.319  -52.078  -20.102 0.5000000000
29898  -21.468  -51.774  -20.187 0.6000000238
29901  -24.050  -51.919  -20.146 0.5000000000
29911  -15.117  -52.338  -21.076 0.5000000000
29915  -20.670  -52.052  -21.224 0.6000000238
29917  -21.934  -51.605  -20.787 0.6000000238
29919  -23.615  -51.724  -20.724 0.5000000000
29930  -19.233  -51.894  -21.930 0.5000000000
29934  -21.637  -51.786  -21.638 0.5000000000
29936  -23.192  -51.513  -21.471 0.5000000000
29948  -15.890  -51.981  -22.545 0.4000000060
29952  -19.641  -51.661  -22.404 0.5000000000
29953  -20.319  -51.817  -22.623 0.5000000000
29956  -22.254  -52.091  -22.759 0.5000000000
29974  -15.721  -51.365  -22.610 0.4000000060
29976  -16.900  -51.517  -22.927 0.4000000060
29981  -20.901  -51.904  -23.344 0.5000000000
29982  -21.822  -52.169  -23.222 0.5000000000
29985  -23.686  -52.388  -23.753 0.4000000060
30005  -22.251  -51.815  -24.410 0.5000000000
30006  -22.744  -51.949  -24.599 0.5000000000
30007  -23.218  -51.794  -24.824 0.3000000119
31010  -13.502  -51.106  -15.185 0.4000000060
31011  -14.744  -51.012  -14.907 0.4000000060
31012  -15.368  -50.859  -14.816 0.4000000060
31013  -15.998  -50.795  -14.773 0.4000000060
31065  -18.200  -51.117  -20.089 0.4000000060
31080  -16.120  -51.299  -21.202 0.5000000000
31081  -17.049  -51.043  -20.924 0.5000000000
31093  -15.318  -51.662  -21.958 0.5000000000
31094  -15.750  -51.018  -21.959 0.5000000000
31108  -15.931  -50.740  -22.563 0.5000000000
31110  -26.886  -50.790  -21.933 0.3000000119
31124  -16.437  -51.131  -22.912 0.4000000060
31127  -19.200  -51.191  -23.128 0.5000000000
31129  -20.762  -51.634  -23.881 0.5000000000
31131  -25.769  -50.352  -22.662 0.4000000060
31132  -26.333  -51.018  -22.606 0.4000000060
31138  -17.134  -50.502  -22.929 0.4000000060
31139  -17.877  -50.653  -23.160 0.4000000060
31142  -21.721  -51.516  -24.075 0.5000000000
31154  -23.469  -51.070  -24.871 0.4000000060
31155  -24.194  -51.316  -24.628 0.3000000119
32296  -16.308  -50.242  -22.098 0.5000000000
32297  -16.806  -49.789  -21.918 0.5000000000
32298  -17.482  -49.712  -21.694 0.4000000060
32314  -16.140  -50.204  -22.452 0.5000000000
32316  -26.158  -49.542  -22.281 0.3000000119
32318  -27.445  -49.549  -21.683 0.3000000119
32332  -16.465  -49.691  -22.425 0.4000000060
32334  -19.166  -50.705  -23.276 0.4000000060
32338  -25.697  -49.660  -22.637 0.4000000060
32347  -16.746  -49.922  -22.700 0.4000000060
32349  -18.247  -49.928  -23.274 0.4000000060
32350  -18.804  -50.097  -23.335 0.4000000060
32351  -20.739  -50.781  -23.794 0.5000000000
32353  -21.702  -50.775  -23.949 0.5000000000
32356  -24.927  -49.556  -23.793 0.4000000060
32364  -23.490  -50.067  -24.651 0.4000000060
33552  -16.795  -49.380  -22.309 0.4000000060
33573  -19.321  -49.937  -23.268 0.4000000060
33591  -20.962  -50.073  -23.523 0.4000000060
33592  -21.739  -49.954  -23.665 0.5000000000
33594  -23.187  -49.363  -24.329 0.4000000060
34758  -22.454  -47.841  -22.827 0.4000000060
34759  -25.564  -48.530  -23.409 0.4000000060
34760  -26.961  -48.415  -22.759 0.3000000119
34780  -22.546  -48.386  -23.335 0.4000000060
34781  -24.286  -48.697  -24.317 0.5000000000
37217  -23.511  -46.498  -22.937 0.5000000000
37231  -23.815  -46.991  -23.497 0.5000000000
37235  -26.910  -46.964  -23.898 0.4000000060
38468  -23.097  -45.913  -22.438 0.5000000000
38470  -24.294  -45.693  -23.299 0.5000000000
38471  -24.731  -45.655  -23.581 0.5000000000
177218  -19.180  -52.428  -21.054 0.6000000238
178517  -22.839  -48.852  -23.880 0.5000000000
178798  -26.584  -47.514  -24.050 0.4000000060
179628  -22.039  -59.239  -19.763 0.4000000060
179987  -21.932  -60.515  -19.725 0.5000000000
180754  -12.840  -56.660  -11.924 0.5000000000
181388  -16.858  -60.140  -15.517 0.6000000238
181424  -18.226  -57.851  -15.860 0.6000000238
181547  -21.326  -56.837  -15.640 0.6999999881
181711  -21.952  -46.773  -22.418 0.5000000000
181874  -20.687  -56.787  -15.489 0.5000000000
182253  -20.004  -56.720  -15.541 0.6000000238
182527  -18.834  -51.707  -16.102 0.5000000000
182550  -19.807  -60.634  -16.984 0.6999999881
183098  -13.624  -57.571  -12.020 0.5000000000
185262  -16.426  -60.101  -15.140 0.6000000238
185399  -24.317  -52.277  -22.621 0.4000000060
185770  -22.319  -58.567  -17.359 0.6000000238
186183  -14.143  -51.221  -14.953 0.4000000060
186377  -16.797  -61.803  -15.526 0.6999999881
186900  -24.881  -50.246  -23.679 0.3000000119
188079  -19.686  -60.453  -19.318 0.5000000000
188846  -21.995  -58.357  -19.765 0.4000000060
188914  -21.631  -58.045  -18.419 0.5000000000
189051  -22.696  -51.896  -22.141 0.5000000000
189830  -17.775  -60.170  -15.791 0.6999999881
190536  -14.545  -55.893  -12.423 0.5000000000
190764  -23.775  -55.283  -15.599 0.6000000238
191526  -24.232  -52.215  -24.616 0.4000000060
191680  -19.171  -53.816  -19.056 0.6000000238
192054  -15.148  -51.354  -14.612 0.4000000060
192155  -17.983  -52.301  -18.296 0.5000000000
192189  -25.076  -57.908  -16.366 0.6999999881
192397  -20.344  -52.274  -19.988 0.6000000238
192642  -16.053  -57.013  -18.032 0.6000000238
192710  -17.464  -57.901  -16.349 0.5000000000
192797  -21.988  -51.965  -22.205 0.5000000000
192831  -17.149  -52.314  -22.341 0.4000000060
195063  -18.294  -58.492  -15.885 0.6000000238
195196  -16.149  -54.171  -20.744 0.6999999881
196605  -25.604  -59.372  -17.018 0.6999999881
197163  -24.081  -44.416  -22.852 0.5000000000
197505  -16.370  -55.089  -13.809 0.6000000238
197745  -25.578  -55.576  -16.458 0.6000000238
198672  -22.716  -55.412  -15.473 0.6999999881
199305  -14.676  -52.821  -13.966 0.5000000000
199504  -16.536  -50.737  -14.825 0.4000000060
202264  -25.806  -54.055  -17.622 0.6000000238
202561  -26.226  -54.755  -18.173 0.5000000000
203374  -22.781  -58.120  -16.720 0.6000000238
203506  -15.799  -56.351  -17.193 0.6000000238
204679  -24.180  -53.369  -17.210 0.6000000238
205492  -16.100  -52.956  -14.029 0.4000000060
205854  -18.602  -59.622  -15.920 0.6999999881
206670  -19.626  -53.531  -19.102 0.6000000238
206813  -19.263  -51.396  -22.756 0.5000000000
207266  -21.730  -52.120  -22.731 0.5000000000
207996  -22.790  -51.697  -19.774 0.6000000238
209064  -16.949  -52.729  -14.414 0.5000000000
209086  -17.115  -51.549  -14.710 0.6000000238
209200  -15.530  -51.213  -22.314 0.5000000000
210620  -17.864  -51.190  -23.146 0.4000000060
210697  -12.600  -55.591  -12.471 0.5000000000
210921  -22.144  -58.739  -17.752 0.5000000000
211702  -24.263  -62.125  -17.148 0.4000000060
211896  -15.483  -53.792  -19.377 0.6000000238
211948  -24.406  -51.833  -24.708 0.3000000119
212039  -12.333  -52.847  -15.165 0.5000000000
212586  -24.296  -57.140  -15.775 0.6999999881
212766  -18.283  -56.354  -16.482 0.6000000238
212846  -16.049  -55.216  -17.814 0.6000000238
212983  -21.413  -58.133  -18.827 0.6000000238
213558  -24.909  -46.557  -24.089 0.5000000000
214348  -19.588  -58.319  -15.621 0.6999999881
214400  -25.163  -59.398  -16.694 0.6000000238
