#!ascii label  , from subject sub-v2s11x28717_ses-1 vox2ras=TkReg
2095
29444  43.601  -46.847  -14.664 0.6000000238
30602  44.147  -45.096  -14.796 0.5000000000
30563  41.695  -46.216  -13.582 0.6999999881
29399  41.380  -46.793  -13.281 0.6000000238
29400  40.937  -47.146  -13.035 0.6000000238
30565  40.574  -46.136  -12.733 0.6000000238
30583  42.793  -45.814  -14.379 0.6999999881
29422  42.597  -46.540  -14.095 0.6000000238
192552  42.304  -47.237  -13.950 0.5000000000
28313  41.672  -47.411  -13.480 0.5000000000
27317  40.802  -48.184  -13.341 0.5000000000
28315  40.534  -47.567  -13.166 0.6000000238
30566  39.699  -46.244  -12.669 0.6000000238
30603  43.444  -45.505  -14.714 0.5000000000
188775  43.887  -46.007  -14.809 0.5000000000
28355  43.003  -47.877  -14.497 0.6000000238
29402  39.314  -46.969  -12.917 0.6000000238
31635  45.291  -44.813  -14.360 0.5000000000
31621  44.755  -45.043  -13.693 0.5000000000
32646  40.435  -43.915  -12.803 0.6000000238
193990  39.700  -44.152  -12.449 0.6999999881
205616  41.962  -44.256  -14.496 0.6000000238
31623  41.432  -44.864  -13.697 0.6999999881
31624  40.880  -44.905  -13.079 0.6000000238
30549  40.165  -45.424  -12.619 0.6000000238
31611  39.585  -44.916  -12.442 0.6000000238
31637  42.969  -45.104  -14.603 0.6000000238
198933  42.337  -45.325  -14.321 0.6999999881
30550  39.278  -45.588  -12.478 0.6000000238
199705  43.986  -44.438  -14.478 0.5000000000
185827  43.062  -44.626  -14.575 0.5000000000
30567  38.824  -46.217  -12.830 0.6000000238
31655  44.364  -44.578  -14.523 0.5000000000
30568  38.193  -45.791  -13.098 0.6000000238
32657  44.268  -44.499  -13.557 0.5000000000
30585  37.862  -46.069  -13.704 0.6000000238
32675  37.026  -44.460  -14.006 0.6999999881
30586  37.304  -45.641  -14.163 0.6000000238
32692  36.639  -44.259  -14.627 0.6999999881
187881  37.005  -45.432  -14.789 0.6000000238
31659  36.685  -44.952  -15.072 0.6000000238
32722  36.775  -44.123  -16.402 0.6000000238
32708  36.562  -44.358  -15.586 0.6000000238
181465  39.358  -42.019  -20.199 0.5000000000
38333  39.261  -40.291  -20.775 0.6999999881
37110  39.311  -41.597  -20.390 0.6000000238
39705  38.481  -39.731  -20.518 0.8000000119
38336  38.827  -40.351  -20.551 0.6999999881
186894  40.295  -42.922  -12.768 0.6000000238
33708  39.316  -43.526  -12.400 0.6999999881
32674  41.576  -44.297  -14.202 0.6999999881
32659  41.213  -44.301  -13.578 0.6999999881
33723  40.987  -43.767  -13.390 0.6000000238
32647  39.142  -44.593  -12.365 0.6999999881
33709  38.700  -43.605  -12.431 0.6999999881
32690  42.201  -43.916  -14.619 0.6000000238
33758  41.947  -43.343  -14.855 0.6000000238
33710  38.305  -43.998  -12.518 0.8000000119
33738  42.985  -43.304  -13.955 0.5000000000
33757  42.505  -43.528  -14.644 0.5000000000
33725  37.756  -43.741  -12.758 0.8000000119
31625  38.097  -45.111  -12.952 0.6000000238
33721  43.464  -43.654  -13.469 0.5000000000
32672  43.150  -43.846  -14.141 0.5000000000
33726  37.295  -43.366  -13.249 0.8000000119
31626  37.660  -44.840  -13.265 0.6000000238
32643  43.880  -44.793  -12.749 0.5000000000
204707  36.936  -43.233  -13.885 0.8000000119
33741  36.629  -43.471  -14.411 0.8000000119
31639  37.276  -44.950  -13.744 0.6999999881
34833  36.520  -42.761  -15.732 0.6999999881
179644  36.543  -43.082  -14.791 0.6999999881
35950  36.604  -41.759  -16.274 0.6999999881
34839  36.606  -42.434  -16.253 0.6999999881
33759  36.510  -43.630  -15.100 0.6999999881
37082  36.993  -41.518  -16.883 0.6000000238
207702  36.653  -43.003  -16.230 0.6000000238
33771  36.552  -43.493  -15.853 0.6000000238
37095  38.039  -41.296  -18.578 0.6999999881
35958  37.371  -42.066  -17.552 0.6999999881
34838  36.974  -42.860  -16.766 0.6000000238
38328  39.230  -40.636  -19.715 0.6999999881
35964  38.017  -42.029  -18.440 0.6000000238
209510  39.355  -40.716  -20.785 0.8000000119
38327  39.578  -40.745  -20.445 0.8000000119
37094  38.906  -42.031  -19.477 0.6000000238
40952  39.369  -38.992  -20.949 0.8999999762
39697  37.713  -39.335  -20.084 0.6999999881
184394  38.972  -38.420  -21.025 0.8000000119
38335  37.934  -40.261  -20.192 0.6999999881
34776  40.259  -42.371  -12.764 0.6000000238
189472  38.990  -42.475  -12.382 0.6999999881
35897  38.833  -41.811  -12.411 0.6999999881
34796  40.698  -42.706  -13.323 0.6000000238
176630  38.443  -41.126  -12.403 0.6000000238
35933  41.729  -42.221  -14.977 0.4000000060
182679  41.473  -43.309  -14.789 0.6000000238
197975  41.037  -42.536  -14.005 0.6000000238
34778  38.829  -43.055  -12.419 0.6999999881
34825  41.820  -42.805  -15.013 0.6000000238
35898  38.284  -42.543  -12.432 0.8000000119
177345  42.698  -42.015  -13.883 0.4000000060
187174  42.629  -42.477  -14.669 0.5000000000
34824  42.234  -42.904  -14.934 0.6000000238
34798  37.388  -42.727  -13.067 0.8000000119
35894  42.490  -42.238  -12.934 0.5000000000
34813  37.015  -42.731  -13.526 0.8000000119
34775  42.689  -42.838  -12.616 0.4000000060
35924  36.545  -41.998  -14.357 0.8000000119
183488  43.601  -44.329  -12.558 0.5000000000
37076  36.534  -41.333  -15.662 0.8000000119
39649  36.798  -39.523  -16.727 0.8000000119
37083  36.601  -41.020  -16.312 0.6999999881
35934  36.589  -41.702  -15.015 0.8000000119
38306  37.400  -40.673  -17.801 0.8000000119
38298  37.002  -40.794  -16.991 0.6999999881
39678  37.559  -39.654  -18.341 0.8999999762
38317  38.042  -40.489  -18.677 0.8999999762
39688  38.616  -39.862  -19.129 0.8999999762
37090  37.390  -41.378  -17.685 0.6999999881
39703  39.352  -39.595  -20.784 0.8999999762
40935  39.379  -39.438  -20.405 0.8999999762
43355  37.361  -37.132  -20.184 0.8000000119
43356  36.834  -37.377  -19.700 0.8000000119
185045  37.846  -37.591  -20.647 0.8000000119
42127  37.371  -37.779  -20.196 0.8000000119
42136  38.619  -37.763  -21.026 0.8000000119
40953  38.593  -38.974  -20.770 0.6999999881
37037  39.874  -41.072  -12.611 0.6999999881
38236  38.831  -40.523  -12.408 0.6000000238
37036  40.478  -41.146  -13.283 0.5000000000
38237  38.180  -40.489  -12.483 0.6999999881
178263  41.508  -41.642  -14.899 0.4000000060
35922  41.226  -42.114  -14.443 0.5000000000
35911  40.710  -42.000  -13.507 0.6000000238
183406  38.097  -41.753  -12.546 0.6999999881
37066  42.418  -41.523  -15.313 0.5000000000
37047  37.584  -41.647  -12.949 0.6999999881
38255  42.946  -40.677  -14.726 0.5000000000
35932  42.189  -42.218  -15.144 0.6000000238
38245  42.571  -40.253  -13.353 0.4000000060
37045  42.711  -41.347  -13.936 0.4000000060
39599  36.513  -39.795  -14.528 0.8000000119
182130  36.716  -41.488  -13.938 0.8000000119
37035  42.183  -41.102  -12.521 0.4000000060
37068  36.494  -40.909  -14.909 0.8000000119
204459  36.478  -41.404  -14.458 0.8000000119
35923  36.806  -42.122  -13.730 0.8000000119
34759  42.490  -43.070  -11.722 0.3000000119
39648  36.909  -38.906  -17.076 0.8000000119
198352  36.621  -39.526  -16.113 0.8000000119
38286  36.526  -40.568  -15.659 0.8000000119
38299  36.674  -40.190  -16.367 0.8000000119
42118  37.915  -38.314  -18.710 0.8999999762
40911  37.274  -38.979  -17.867 0.8999999762
40922  37.965  -39.054  -18.713 0.8999999762
42117  38.537  -38.054  -19.294 0.8999999762
40936  38.691  -38.800  -19.453 0.8999999762
42126  39.304  -38.560  -20.287 0.8999999762
44568  37.185  -36.525  -20.017 0.8000000119
44569  36.822  -36.778  -19.679 0.8000000119
42125  39.481  -38.081  -20.728 0.8999999762
42135  39.410  -38.135  -20.970 0.8999999762
43365  37.998  -37.181  -20.765 0.8000000119
42140  39.093  -37.607  -21.085 0.8000000119
38234  40.138  -40.497  -12.841 0.6000000238
38235  39.526  -40.486  -12.506 0.6000000238
39568  39.396  -39.390  -12.465 0.6000000238
38257  40.847  -40.189  -13.757 0.6000000238
38269  42.298  -40.880  -15.472 0.4000000060
38270  41.877  -40.553  -15.033 0.4000000060
38256  41.397  -40.509  -14.424 0.4000000060
37058  40.930  -40.821  -13.914 0.5000000000
37039  37.847  -41.066  -12.628 0.6999999881
37067  42.151  -41.541  -15.193 0.4000000060
37048  37.381  -40.993  -13.023 0.6999999881
38268  43.038  -40.638  -15.494 0.5000000000
206279  42.461  -41.100  -15.452 0.4000000060
37059  37.004  -40.934  -13.598 0.6999999881
39595  43.190  -40.150  -14.671 0.5000000000
40857  36.558  -39.220  -14.260 0.8000000119
38258  36.874  -40.320  -13.834 0.8000000119
42087  36.579  -38.207  -16.113 0.8000000119
39615  36.498  -39.504  -14.979 0.8000000119
42096  37.136  -37.648  -17.606 0.8000000119
44556  37.727  -36.905  -18.474 0.8999999762
202558  37.443  -38.492  -18.211 0.8999999762
43341  38.372  -37.305  -19.075 0.8999999762
43354  39.043  -37.725  -19.925 0.8999999762
43353  39.297  -37.400  -20.332 1.0000000000
45780  37.043  -35.976  -20.010 0.8000000119
43362  39.357  -37.206  -20.877 1.0000000000
190780  37.651  -36.213  -20.343 0.8000000119
44580  39.122  -36.197  -21.018 1.0000000000
43364  38.560  -37.202  -21.101 0.8000000119
45787  38.457  -35.730  -20.578 0.8000000119
40824  39.855  -39.058  -12.631 0.6000000238
40825  39.269  -38.790  -12.435 0.6000000238
39598  40.743  -39.479  -13.579 0.6000000238
40826  38.527  -38.691  -12.544 0.6999999881
39613  42.037  -39.919  -15.333 0.4000000060
39614  41.621  -39.965  -14.629 0.4000000060
39597  41.172  -39.882  -14.113 0.4000000060
38285  42.765  -40.505  -15.818 0.4000000060
39570  37.470  -39.764  -12.887 0.6999999881
39626  43.743  -40.225  -16.251 0.5000000000
39627  43.101  -40.461  -16.455 0.4000000060
39584  37.061  -39.661  -13.476 0.8000000119
180827  36.531  -38.807  -14.904 0.8000000119
42039  36.913  -37.844  -13.772 0.8000000119
42072  36.829  -37.664  -16.310 0.8000000119
40884  36.539  -38.488  -15.577 0.8000000119
43318  37.052  -37.088  -17.407 0.8000000119
42086  36.813  -38.259  -16.707 0.8000000119
43327  37.323  -37.272  -18.061 0.8999999762
44567  38.841  -36.953  -19.608 0.8999999762
45767  38.043  -35.804  -18.810 0.8999999762
45779  38.664  -36.176  -19.442 1.0000000000
45778  39.349  -35.850  -19.898 1.0000000000
45785  39.425  -35.670  -20.947 1.0000000000
46968  38.212  -35.056  -20.429 0.8000000119
45781  36.748  -36.218  -19.642 0.8000000119
46972  39.436  -35.156  -21.062 1.0000000000
46967  38.925  -34.976  -20.979 0.8000000119
45786  39.068  -35.451  -21.068 0.8000000119
40855  40.689  -38.371  -13.809 0.6000000238
192969  40.242  -39.406  -12.998 0.6000000238
42007  39.864  -38.242  -12.542 0.6000000238
40839  37.778  -38.690  -12.703 0.6999999881
42009  38.206  -37.582  -12.459 0.6999999881
40868  41.984  -39.381  -15.475 0.4000000060
191168  41.673  -39.386  -14.751 0.5000000000
200625  41.228  -39.381  -14.173 0.5000000000
40840  37.296  -38.439  -13.084 0.8000000119
43255  37.668  -37.277  -12.709 0.8000000119
39628  42.638  -39.990  -15.965 0.4000000060
189806  36.953  -38.253  -13.499 0.8000000119
39663  43.935  -40.368  -17.736 0.4000000060
39647  42.955  -39.988  -16.705 0.4000000060
43281  36.625  -37.367  -15.041 0.8000000119
42054  36.725  -37.628  -14.343 0.8000000119
42073  36.611  -37.800  -15.633 0.8000000119
43310  37.011  -37.056  -16.623 0.8000000119
44541  37.596  -36.169  -18.349 0.8999999762
46925  37.468  -35.227  -17.502 0.8000000119
45766  38.561  -35.355  -19.397 1.0000000000
46938  38.436  -34.700  -18.976 1.0000000000
203988  39.387  -35.235  -19.923 1.0000000000
49502  39.718  -33.254  -21.153 1.0000000000
48215  38.711  -34.351  -20.885 0.8999999762
46956  36.804  -35.061  -19.637 0.8000000119
49485  37.372  -33.450  -19.772 0.8999999762
184388  39.330  -33.896  -21.161 1.0000000000
205599  39.085  -33.177  -21.081 1.0000000000
48198  38.025  -33.883  -20.405 1.0000000000
50762  40.451  -32.643  -21.472 1.0000000000
52043  40.793  -32.173  -21.538 1.0000000000
52044  40.224  -32.286  -21.441 1.0000000000
53208  39.272  -31.068  -20.688 1.0000000000
53206  40.817  -31.512  -21.178 1.0000000000
193315  40.345  -31.662  -21.334 1.0000000000
43236  40.106  -37.606  -12.680 0.6999999881
43237  39.598  -37.464  -12.451 0.6999999881
44434  39.450  -36.741  -12.424 0.6999999881
42038  40.737  -37.717  -13.770 0.6000000238
43254  40.417  -37.306  -13.187 0.6000000238
43238  38.858  -37.187  -12.391 0.6999999881
40854  41.197  -38.794  -14.261 0.6000000238
42052  41.883  -38.520  -15.454 0.5000000000
44455  37.724  -36.571  -12.819 0.8000000119
42084  43.307  -39.040  -17.315 0.4000000060
43256  37.371  -36.947  -13.260 0.8000000119
189065  36.826  -36.880  -14.465 0.8000000119
178865  36.689  -36.807  -15.144 0.8000000119
44517  36.896  -36.401  -16.274 0.8000000119
44505  36.773  -36.374  -15.524 0.8000000119
202904  37.271  -35.695  -17.195 0.6999999881
180180  37.050  -35.777  -16.626 0.8000000119
45752  37.498  -35.383  -18.201 0.8999999762
46911  37.715  -34.614  -17.569 0.8000000119
195584  37.965  -35.175  -18.748 0.8999999762
186161  38.008  -34.243  -17.975 1.0000000000
48158  38.250  -33.759  -18.190 1.0000000000
48177  38.982  -34.149  -19.344 1.0000000000
48157  38.805  -33.671  -18.884 1.0000000000
50711  38.597  -32.676  -18.365 1.0000000000
48197  39.615  -34.185  -20.205 1.0000000000
50726  39.192  -32.573  -19.119 1.0000000000
50744  39.862  -32.835  -19.911 1.0000000000
52008  40.191  -31.744  -20.196 1.0000000000
50761  40.783  -32.502  -21.555 1.0000000000
49484  38.306  -33.024  -20.469 1.0000000000
207025  37.417  -32.800  -19.653 1.0000000000
52029  40.816  -31.992  -21.185 1.0000000000
50745  38.862  -32.250  -20.701 1.0000000000
52045  39.113  -31.552  -20.679 1.0000000000
184584  38.703  -30.449  -20.530 1.0000000000
54307  40.709  -30.540  -21.455 1.0000000000
53207  40.232  -30.976  -21.211 1.0000000000
44433  40.084  -37.001  -12.636 0.6999999881
44435  38.744  -36.454  -12.394 0.6999999881
44473  41.192  -36.713  -14.257 0.5000000000
44454  40.553  -36.551  -13.095 0.6999999881
43239  38.193  -36.873  -12.485 0.6999999881
43267  41.173  -37.418  -14.272 0.6000000238
182792  41.794  -37.734  -15.391 0.5000000000
42053  41.486  -37.902  -14.839 0.5000000000
44456  37.337  -36.157  -13.379 0.8000000119
43268  37.119  -36.668  -13.827 0.8000000119
44474  36.955  -36.052  -14.228 0.6999999881
185577  36.950  -35.829  -15.076 0.8000000119
45726  37.076  -35.213  -16.245 0.8000000119
45708  37.102  -35.198  -15.437 0.8000000119
46912  37.447  -34.822  -17.157 0.6999999881
46899  37.304  -34.730  -16.596 0.6999999881
49426  37.917  -33.126  -17.081 0.8999999762
50686  37.977  -32.420  -16.692 0.8000000119
51970  38.096  -31.701  -16.347 0.8000000119
53124  38.276  -30.983  -16.095 0.8000000119
49445  38.225  -33.232  -17.817 0.8999999762
51969  38.375  -31.159  -16.797 0.8000000119
50699  38.251  -32.560  -17.468 0.8999999762
51978  38.584  -31.333  -17.519 0.8999999762
53123  38.520  -30.493  -16.562 0.8000000119
50698  38.609  -32.012  -17.858 0.8999999762
51993  38.887  -31.477  -18.279 1.0000000000
50725  39.688  -32.193  -19.594 1.0000000000
49482  40.235  -32.932  -20.860 1.0000000000
54294  40.632  -30.584  -20.339 1.0000000000
209619  40.979  -31.027  -21.074 1.0000000000
54295  38.103  -29.666  -20.261 1.0000000000
54306  41.420  -30.594  -21.615 1.0000000000
54308  39.300  -30.004  -20.795 1.0000000000
54293  40.971  -30.082  -20.657 1.0000000000
55406  41.849  -29.720  -21.634 1.0000000000
55408  41.105  -29.763  -22.187 1.0000000000
181886  41.153  -35.792  -13.769 0.6999999881
45646  40.876  -35.882  -13.203 0.6999999881
45627  40.431  -35.947  -12.790 0.6999999881
191595  39.981  -35.639  -12.501 0.6999999881
46803  39.256  -35.219  -12.342 0.6999999881
45687  41.676  -35.870  -14.701 0.6000000238
45629  38.642  -35.735  -12.401 0.6999999881
43280  41.503  -37.062  -14.898 0.5000000000
45630  38.053  -35.516  -12.634 0.6999999881
43295  41.966  -37.077  -15.706 0.5000000000
45647  37.614  -35.528  -13.136 0.8000000119
45648  37.181  -35.388  -13.701 0.6999999881
185180  37.143  -34.412  -14.447 0.6999999881
46824  37.207  -34.645  -13.895 0.6999999881
46864  37.133  -34.527  -15.076 0.6999999881
48119  37.273  -33.987  -15.534 0.6999999881
48131  37.606  -33.656  -16.705 0.6999999881
48132  37.380  -34.137  -16.273 0.6999999881
50675  37.881  -32.360  -15.870 0.8000000119
53101  38.134  -31.127  -15.000 0.8000000119
190702  38.620  -29.971  -14.629 0.8000000119
53113  38.290  -30.803  -15.463 0.8000000119
54215  38.576  -29.894  -15.273 0.8000000119
191532  38.646  -29.662  -15.857 0.8000000119
53148  38.861  -30.870  -17.980 1.0000000000
54238  38.709  -30.030  -17.049 0.8999999762
55315  38.823  -29.212  -16.237 0.8000000119
54255  38.907  -30.237  -17.751 1.0000000000
55331  38.824  -29.393  -16.881 0.8000000119
52009  39.515  -31.599  -19.091 1.0000000000
54277  39.176  -30.485  -18.581 1.0000000000
53168  39.883  -30.998  -19.581 1.0000000000
54276  39.759  -30.140  -19.167 1.0000000000
55379  40.588  -29.296  -20.243 1.0000000000
56434  38.723  -28.865  -21.189 1.0000000000
55392  38.428  -29.221  -20.759 1.0000000000
56432  41.195  -29.020  -21.005 1.0000000000
56444  41.803  -29.096  -21.810 1.0000000000
56445  41.803  -29.339  -22.171 1.0000000000
55391  39.818  -29.631  -21.388 1.0000000000
56470  41.929  -28.462  -22.352 1.0000000000
46844  41.103  -35.244  -13.491 0.6999999881
46822  41.075  -34.694  -12.910 0.6999999881
203220  39.504  -34.624  -12.356 0.6000000238
191193  38.959  -34.552  -12.340 0.6000000238
48018  38.354  -34.395  -12.488 0.6000000238
48042  37.974  -34.335  -13.040 0.6999999881
48071  37.297  -33.974  -14.092 0.6999999881
48043  37.473  -34.165  -13.510 0.6999999881
49365  37.423  -33.341  -14.311 0.6999999881
49385  37.465  -33.205  -14.835 0.6999999881
53090  38.160  -31.077  -14.331 0.8000000119
49401  37.409  -33.360  -15.337 0.6999999881
191740  37.990  -32.172  -15.246 0.8000000119
55295  38.749  -29.361  -14.770 0.8000000119
55302  38.802  -29.093  -15.509 0.8000000119
194691  39.057  -28.683  -16.751 0.8000000119
55349  39.176  -29.037  -18.019 0.8000000119
56387  39.411  -28.029  -16.968 0.8000000119
55367  39.594  -29.383  -18.803 1.0000000000
56388  39.246  -28.492  -17.453 0.6999999881
56416  39.731  -28.305  -18.858 1.0000000000
56402  39.495  -28.356  -18.103 0.8999999762
56425  40.235  -28.430  -19.839 1.0000000000
56433  40.663  -28.224  -20.588 1.0000000000
57519  40.677  -27.662  -20.847 1.0000000000
56435  37.963  -28.528  -20.870 1.0000000000
57518  41.534  -28.415  -21.449 1.0000000000
58631  41.689  -27.761  -21.901 1.0000000000
56446  39.680  -28.963  -21.881 1.0000000000
56447  38.511  -28.339  -21.531 1.0000000000
184282  40.919  -29.019  -22.605 1.0000000000
182672  40.002  -34.943  -12.460 0.6999999881
198148  38.793  -33.228  -12.579 0.6000000238
49339  38.157  -33.165  -13.237 0.6999999881
50654  37.971  -32.334  -14.270 0.6999999881
49364  37.813  -32.917  -13.959 0.6999999881
50668  37.927  -32.367  -14.821 0.6999999881
51935  38.104  -31.731  -13.908 0.8000000119
191141  38.426  -30.338  -14.013 0.6999999881
54206  38.766  -29.659  -14.151 0.6999999881
57453  39.178  -27.846  -15.286 0.6999999881
56362  39.217  -28.096  -15.821 0.6999999881
56374  39.322  -28.085  -16.343 0.6999999881
195648  39.598  -27.350  -17.688 0.8000000119
57463  39.490  -27.510  -16.576 0.6999999881
57498  39.856  -27.802  -19.152 0.8999999762
57511  40.122  -27.666  -19.870 1.0000000000
58626  40.102  -26.867  -19.962 1.0000000000
56448  37.611  -28.070  -21.433 1.0000000000
57529  39.541  -28.203  -22.378 1.0000000000
57552  41.525  -27.879  -23.178 1.0000000000
49315  40.804  -33.534  -12.497 0.6000000238
192981  39.794  -33.700  -12.302 0.6000000238
209062  39.257  -33.618  -12.373 0.6000000238
50614  39.821  -32.499  -12.241 0.6000000238
50615  39.138  -32.514  -12.376 0.6000000238
182875  38.915  -31.870  -12.606 0.6000000238
51914  38.347  -31.763  -13.181 0.6000000238
53078  38.697  -30.512  -13.199 0.6999999881
55275  39.050  -29.192  -13.449 0.6999999881
56341  39.100  -28.256  -14.194 0.6999999881
56342  38.930  -28.541  -14.869 0.6999999881
57435  39.423  -27.571  -14.130 0.6999999881
175512  39.413  -27.333  -14.833 0.6999999881
204874  39.461  -27.234  -15.397 0.6999999881
63334  46.237  -23.445  -16.384 0.3000000119
186396  39.542  -26.904  -16.793 0.6999999881
58578  39.544  -27.036  -16.281 0.6999999881
63353  45.823  -23.454  -18.066 0.3000000119
202289  39.579  -26.857  -17.405 0.8000000119
55396  34.934  -29.494  -21.089 0.8999999762
58613  39.873  -27.102  -18.919 1.0000000000
55395  35.594  -29.113  -21.284 1.0000000000
56436  37.104  -28.479  -21.043 1.0000000000
56437  36.241  -28.724  -21.405 1.0000000000
58632  40.767  -26.979  -21.244 1.0000000000
59888  41.664  -26.603  -23.387 1.0000000000
58644  42.062  -27.795  -22.686 1.0000000000
56472  40.867  -28.360  -22.991 1.0000000000
57530  38.248  -27.754  -21.919 1.0000000000
58666  41.282  -27.022  -23.573 1.0000000000
193234  41.005  -33.020  -12.500 0.6000000238
49316  40.262  -33.165  -12.332 0.6000000238
51896  40.900  -31.755  -12.259 0.6000000238
190053  40.104  -31.875  -12.091 0.6000000238
53065  41.337  -30.650  -12.118 0.6000000238
199539  40.464  -30.515  -11.953 0.6999999881
54166  39.709  -30.101  -12.274 0.6999999881
51898  39.349  -31.349  -12.353 0.6000000238
57441  45.985  -27.592  -14.776 0.3000000119
57432  45.675  -27.242  -14.260 0.3000000119
54181  39.316  -29.558  -12.873 0.6999999881
55285  39.262  -28.609  -13.599 0.6999999881
63320  46.172  -23.540  -15.645 0.3000000119
64487  45.790  -23.213  -15.963 0.4000000060
64500  45.434  -23.100  -16.807 0.4000000060
54323  34.026  -30.107  -21.618 0.6999999881
191013  33.630  -29.792  -21.775 0.6999999881
67046  45.564  -21.383  -18.489 0.3000000119
64511  45.225  -23.260  -17.731 0.3000000119
194627  39.495  -25.830  -16.575 0.6999999881
55409  35.044  -28.727  -21.957 0.8999999762
67067  45.852  -21.821  -18.949 0.3000000119
64522  45.124  -23.317  -18.357 0.3000000119
59819  39.577  -26.317  -17.761 0.8000000119
56449  35.636  -28.785  -21.841 0.8999999762
65815  45.170  -22.479  -18.762 0.3000000119
64523  44.686  -23.089  -18.077 0.3000000119
176802  39.657  -26.428  -18.441 0.8000000119
176125  40.155  -26.103  -20.583 1.0000000000
57531  37.320  -27.674  -21.776 1.0000000000
59856  40.957  -26.394  -21.774 1.0000000000
57554  38.974  -27.437  -22.675 1.0000000000
58645  37.917  -27.221  -22.178 1.0000000000
201702  41.609  -26.204  -22.909 1.0000000000
58667  39.860  -26.918  -23.289 1.0000000000
59889  41.620  -26.141  -24.089 1.0000000000
59892  41.083  -25.536  -24.399 1.0000000000
54165  41.141  -29.976  -12.059 0.6999999881
55259  41.032  -29.394  -12.024 0.6999999881
55293  45.046  -28.455  -14.724 0.3000000119
56339  44.873  -28.116  -14.194 0.4000000060
55260  40.550  -29.015  -12.171 0.6999999881
55261  39.856  -29.291  -12.399 0.6999999881
55274  39.433  -28.883  -12.903 0.6999999881
57418  44.765  -27.193  -13.559 0.4000000060
57422  39.715  -27.586  -13.360 0.6999999881
58547  45.878  -26.546  -14.078 0.3000000119
58535  44.307  -26.840  -13.104 0.5000000000
58538  39.942  -26.920  -13.233 0.6999999881
59765  39.902  -26.369  -13.775 0.6999999881
59763  45.431  -26.187  -13.730 0.5000000000
177007  39.606  -26.836  -14.355 0.6999999881
207595  45.767  -24.697  -14.077 0.4000000060
62123  44.229  -24.309  -13.096 0.6000000238
189014  44.977  -23.866  -13.980 0.5000000000
58557  39.576  -26.617  -15.115 0.6999999881
62162  46.357  -23.971  -15.095 0.3000000119
59783  39.548  -26.155  -15.698 0.6999999881
68202  43.362  -21.077  -17.167 0.4000000060
64457  44.059  -23.065  -14.198 0.4000000060
59796  39.537  -26.381  -16.322 0.6999999881
189019  32.918  -28.266  -21.829 0.6999999881
68201  43.996  -20.834  -17.462 0.4000000060
64488  45.151  -22.944  -15.922 0.4000000060
177643  44.575  -22.750  -15.533 0.4000000060
175793  33.114  -30.048  -21.547 0.6000000238
67047  44.790  -21.831  -18.320 0.3000000119
67032  44.460  -21.341  -17.822 0.4000000060
64501  44.775  -22.854  -16.845 0.4000000060
177087  44.115  -22.506  -15.308 0.4000000060
203594  39.488  -25.586  -16.938 0.6999999881
60948  39.375  -25.302  -16.531 0.6999999881
55411  34.121  -29.410  -21.735 0.6999999881
67033  43.869  -21.618  -17.585 0.4000000060
64502  44.310  -22.532  -16.853 0.4000000060
64489  43.587  -22.241  -15.510 0.4000000060
199838  39.594  -25.897  -18.137 0.8000000119
65796  44.579  -22.660  -18.369 0.3000000119
65797  44.428  -22.651  -17.923 0.3000000119
65768  43.861  -22.184  -16.810 0.4000000060
59828  39.647  -25.827  -18.805 0.8000000119
57532  36.563  -27.808  -21.862 1.0000000000
175198  39.698  -25.388  -19.618 0.8999999762
58668  38.547  -26.733  -22.793 1.0000000000
61029  41.702  -25.360  -24.256 1.0000000000
207829  41.808  -25.970  -23.814 1.0000000000
59890  39.610  -26.127  -23.445 1.0000000000
59891  38.142  -25.875  -22.778 1.0000000000
59893  39.417  -25.251  -23.551 1.0000000000
174737  42.460  -29.808  -12.375 0.6000000238
55256  43.186  -28.871  -12.654 0.6000000238
190583  42.508  -29.101  -12.337 0.6000000238
56316  41.933  -28.625  -12.108 0.6999999881
56330  43.784  -28.624  -13.017 0.5000000000
56314  43.278  -28.315  -12.749 0.6000000238
197479  41.450  -28.247  -12.069 0.6999999881
57434  44.616  -27.820  -13.728 0.5000000000
57420  43.723  -27.895  -12.910 0.4000000060
56317  40.759  -28.261  -12.261 0.6999999881
191967  40.196  -27.962  -12.803 0.6999999881
57401  43.279  -27.289  -12.520 0.6000000238
177653  41.023  -26.993  -12.397 0.6999999881
58517  44.051  -26.381  -12.781 0.6000000238
58537  40.396  -26.902  -12.727 0.6999999881
60899  44.660  -25.606  -12.993 0.6000000238
59737  43.970  -25.747  -12.818 0.6000000238
59741  40.616  -25.806  -12.765 0.6999999881
59764  40.348  -25.774  -13.422 0.6999999881
62122  44.827  -24.621  -13.341 0.5000000000
63280  43.608  -23.894  -12.783 0.6000000238
183582  42.547  -24.495  -12.497 0.6000000238
60915  40.022  -25.613  -14.052 0.6000000238
68187  42.485  -20.585  -16.621 0.4000000060
63306  44.698  -23.366  -14.376 0.4000000060
63292  43.653  -23.418  -13.545 0.4000000060
63281  42.984  -23.528  -13.020 0.5000000000
62125  41.992  -24.181  -12.907 0.6000000238
60928  39.822  -25.371  -14.670 0.6999999881
179935  42.988  -20.444  -16.908 0.4000000060
63293  43.028  -23.121  -13.617 0.5000000000
60936  39.689  -25.038  -15.304 0.6999999881
67016  42.577  -21.108  -16.406 0.5000000000
64458  43.367  -22.839  -14.072 0.4000000060
64471  43.677  -22.577  -14.763 0.4000000060
174782  39.437  -25.708  -16.120 0.6999999881
56450  34.249  -28.617  -21.779 0.8999999762
189117  33.596  -28.255  -21.808 0.6999999881
65784  44.116  -22.255  -17.456 0.4000000060
189823  42.941  -21.955  -15.591 0.4000000060
60969  39.240  -24.901  -17.705 0.6999999881
60962  39.270  -25.058  -17.067 0.6999999881
65769  43.335  -22.003  -16.336 0.4000000060
190675  35.452  -28.262  -21.932 0.8999999762
57533  35.868  -27.707  -21.785 0.8999999762
58646  37.077  -27.185  -21.946 1.0000000000
61002  40.651  -25.686  -21.797 1.0000000000
209054  41.728  -24.753  -24.372 1.0000000000
58669  37.595  -26.597  -22.218 1.0000000000
182675  36.767  -26.477  -21.918 1.0000000000
61032  41.631  -24.448  -24.827 1.0000000000
63417  39.602  -22.867  -23.782 0.8999999762
62271  40.315  -23.625  -24.422 1.0000000000
61034  39.341  -24.470  -23.702 1.0000000000
61030  38.241  -24.878  -23.049 1.0000000000
62264  38.708  -23.944  -23.386 1.0000000000
62265  37.530  -24.357  -22.596 1.0000000000
182509  38.005  -23.501  -22.778 1.0000000000
62266  36.864  -23.885  -21.934 0.8999999762
56315  42.675  -28.320  -12.367 0.6000000238
57403  42.020  -27.823  -12.128 0.6999999881
57404  41.270  -27.658  -12.211 0.6999999881
58518  42.861  -26.876  -12.310 0.6999999881
58520  41.463  -26.441  -12.362 0.6999999881
200346  43.576  -26.286  -12.505 0.6000000238
193925  43.307  -25.711  -12.358 0.6000000238
58521  40.754  -26.370  -12.564 0.6999999881
59739  41.858  -25.833  -12.338 0.6999999881
60889  41.464  -25.284  -12.450 0.6000000238
60900  41.113  -24.921  -12.706 0.6000000238
62127  40.779  -24.685  -13.231 0.6000000238
69352  42.626  -19.925  -16.859 0.3000000119
60886  43.600  -25.067  -12.553 0.6000000238
62114  43.272  -24.446  -12.476 0.6000000238
62139  40.459  -24.483  -13.830 0.6000000238
68188  41.993  -20.326  -16.647 0.4000000060
68204  41.285  -20.115  -16.880 0.4000000060
63282  42.227  -23.650  -13.200 0.6000000238
62138  40.995  -24.137  -13.570 0.6000000238
63294  41.778  -23.242  -13.545 0.5000000000
60927  39.918  -24.767  -14.744 0.6000000238
64460  42.026  -22.746  -13.915 0.4000000060
62150  39.795  -24.239  -15.084 0.6000000238
67018  41.308  -21.048  -16.126 0.5000000000
65743  42.637  -21.997  -14.946 0.4000000060
64472  42.968  -22.348  -14.477 0.4000000060
62163  39.520  -24.518  -15.626 0.6000000238
67003  41.820  -21.365  -15.841 0.5000000000
63335  38.949  -23.927  -16.549 0.6000000238
65755  42.332  -21.662  -15.522 0.4000000060
203470  42.128  -21.920  -14.989 0.4000000060
57534  34.721  -28.058  -21.822 0.8999999762
62210  39.383  -24.660  -19.125 0.8999999762
62199  39.308  -24.737  -18.364 0.8000000119
188311  35.157  -27.526  -21.686 0.8999999762
58648  35.608  -26.963  -21.492 0.8999999762
188696  36.045  -26.344  -21.451 0.8999999762
58647  36.314  -27.116  -21.798 0.8999999762
61015  41.612  -25.381  -23.447 1.0000000000
208412  41.182  -23.978  -24.826 1.0000000000
59871  37.218  -25.989  -22.133 1.0000000000
61016  37.286  -25.277  -22.305 0.8999999762
63418  37.186  -23.106  -22.110 1.0000000000
63419  36.393  -23.373  -21.906 1.0000000000
64600  36.333  -22.676  -22.085 1.0000000000
63420  35.770  -23.225  -21.788 0.8999999762
58519  42.297  -26.507  -12.260 0.6999999881
174504  43.116  -19.254  -17.026 0.3000000119
69367  41.989  -19.778  -17.025 0.3000000119
63296  40.546  -23.825  -14.038 0.6000000238
68190  40.722  -20.661  -16.500 0.5000000000
203440  40.498  -20.152  -16.989 0.4000000060
64461  41.402  -22.904  -13.984 0.5000000000
64473  41.673  -22.434  -14.248 0.5000000000
63307  40.792  -23.202  -14.278 0.5000000000
193124  40.172  -23.573  -14.704 0.5000000000
68189  41.468  -20.578  -16.429 0.5000000000
64474  41.139  -22.636  -14.532 0.5000000000
64475  40.525  -22.903  -14.872 0.5000000000
205085  40.626  -21.295  -16.056 0.5000000000
65745  40.919  -22.390  -15.141 0.5000000000
62164  39.163  -24.302  -16.046 0.6000000238
67004  41.191  -21.516  -15.674 0.5000000000
65757  41.196  -21.943  -15.314 0.5000000000
62191  38.948  -24.310  -17.231 0.6999999881
65772  39.393  -21.963  -16.318 0.5000000000
65759  39.848  -22.210  -15.826 0.5000000000
62200  39.024  -24.353  -17.922 0.6000000238
62225  39.597  -24.563  -20.235 0.8999999762
62236  40.384  -24.741  -21.945 0.8999999762
176991  39.979  -25.304  -20.715 0.8999999762
63399  40.993  -23.504  -23.168 0.8999999762
63416  40.820  -21.611  -24.425 0.8999999762
63423  40.855  -22.493  -24.803 0.8999999762
189914  41.441  -22.874  -24.390 0.8999999762
62249  41.382  -24.509  -23.610 1.0000000000
59872  36.560  -25.621  -21.522 0.8999999762
62250  36.676  -24.759  -21.763 0.8999999762
63401  38.412  -22.860  -22.425 0.8000000119
64599  37.201  -22.396  -22.094 0.6999999881
187362  35.937  -24.935  -21.008 0.8999999762
63402  35.984  -23.813  -21.600 0.8999999762
195005  36.228  -24.353  -21.400 0.8999999762
185754  41.951  -19.279  -17.320 0.3000000119
70486  41.632  -18.914  -17.729 0.3000000119
69369  40.790  -19.769  -17.463 0.3000000119
69382  41.016  -19.128  -17.941 0.4000000060
179713  39.996  -19.898  -17.461 0.4000000060
62149  40.135  -24.280  -14.405 0.6000000238
67019  39.514  -21.275  -16.578 0.5000000000
67034  39.151  -21.011  -17.296 0.4000000060
64476  39.943  -23.094  -15.238 0.5000000000
63322  39.430  -23.946  -15.627 0.5000000000
65786  39.062  -21.753  -16.890 0.5000000000
65758  40.550  -21.894  -15.604 0.5000000000
63323  39.036  -23.710  -16.038 0.5000000000
64504  38.923  -23.167  -16.401 0.5000000000
64514  38.838  -22.853  -17.015 0.5000000000
63344  38.813  -23.490  -17.114 0.5000000000
64524  38.741  -22.937  -17.740 0.5000000000
63364  38.710  -23.361  -18.438 0.6000000238
62211  39.078  -24.052  -18.540 0.6000000238
190022  39.165  -22.682  -19.929 0.6999999881
63377  39.342  -23.827  -20.170 0.6999999881
63385  39.369  -23.168  -20.708 0.6999999881
63400  40.312  -22.646  -22.281 0.8000000119
63384  39.837  -23.810  -21.263 0.8000000119
59873  35.734  -25.676  -20.947 0.8999999762
179107  41.684  -21.866  -24.148 0.8999999762
182943  39.630  -22.186  -23.404 0.6999999881
62251  35.668  -24.197  -20.959 0.8999999762
63403  35.444  -23.530  -21.129 0.8999999762
65897  35.780  -22.074  -22.234 1.0000000000
70496  41.426  -18.495  -18.585 0.3000000119
68216  40.378  -19.471  -18.351 0.4000000060
70510  41.606  -18.350  -19.896 0.3000000119
186471  40.604  -19.169  -19.446 0.3000000119
180470  39.509  -20.339  -17.529 0.4000000060
68217  39.766  -20.034  -18.320 0.4000000060
69396  40.209  -19.703  -19.425 0.4000000060
67035  38.899  -21.672  -17.474 0.4000000060
67049  39.284  -20.651  -18.192 0.4000000060
67069  39.223  -21.031  -18.934 0.4000000060
67050  38.974  -21.327  -18.056 0.4000000060
197956  38.964  -21.604  -18.658 0.4000000060
181970  38.885  -22.544  -19.179 0.5000000000
177296  38.767  -22.692  -18.538 0.5000000000
64569  39.831  -22.162  -21.361 0.6000000238
64582  37.859  -22.377  -22.119 0.6999999881
64583  35.249  -22.941  -21.454 0.8999999762
63404  34.883  -23.147  -20.605 0.8999999762
205513  35.523  -21.497  -22.409 0.8999999762
65898  35.009  -21.765  -22.216 0.8000000119
64584  34.697  -22.560  -21.128 0.8000000119
181654  34.936  -21.065  -22.521 0.6999999881
68298  34.602  -20.412  -22.666 0.8000000119
70511  41.280  -18.918  -20.365 0.3000000119
69395  40.939  -19.508  -20.652 0.4000000060
68233  39.718  -20.354  -19.441 0.4000000060
69409  40.366  -19.901  -20.705 0.4000000060
192288  40.017  -20.247  -20.754 0.5000000000
67103  39.679  -21.297  -20.624 0.5000000000
68252  39.961  -20.236  -21.276 0.5000000000
67086  39.203  -21.397  -19.608 0.5000000000
67102  40.550  -20.396  -22.027 0.5000000000
64568  41.183  -20.973  -23.308 0.6000000238
64597  41.276  -21.406  -24.100 0.6999999881
191483  40.933  -20.687  -23.555 0.6999999881
65871  39.345  -21.492  -22.439 0.6999999881
65872  38.277  -21.972  -21.913 0.6999999881
65895  37.236  -21.901  -22.097 0.6999999881
67123  37.524  -21.479  -21.806 0.6999999881
192973  36.162  -21.447  -22.332 0.8000000119
67151  36.404  -20.908  -22.243 0.6999999881
71702  41.890  -17.910  -19.244 0.3000000119
71715  41.794  -17.771  -20.482 0.3000000119
71726  41.493  -18.184  -21.102 0.4000000060
70519  41.509  -18.512  -21.027 0.3000000119
70534  41.137  -19.092  -21.934 0.4000000060
69408  40.936  -19.489  -21.737 0.4000000060
69427  40.311  -19.836  -21.480 0.3000000119
179412  39.902  -20.080  -21.420 0.5000000000
192113  40.151  -20.250  -21.587 0.6000000238
69428  39.765  -20.002  -21.331 0.3000000119
68270  39.892  -20.206  -21.648 0.5000000000
68271  39.156  -20.161  -21.300 0.4000000060
65869  40.471  -20.189  -22.866 0.6999999881
65894  40.641  -19.907  -23.027 0.6999999881
68282  39.800  -20.358  -21.710 0.6000000238
65870  40.493  -20.472  -23.019 0.6999999881
64598  40.254  -21.314  -23.385 0.6999999881
67122  39.055  -21.049  -21.894 0.6999999881
189288  37.768  -21.078  -21.509 0.6000000238
71739  41.087  -18.838  -21.830 0.3000000119
69426  40.852  -19.126  -21.903 0.3000000119
70535  40.170  -19.684  -21.379 0.3000000119
70521  40.572  -18.802  -21.556 0.3000000119
70522  39.828  -19.088  -20.854 0.3000000119
70523  38.718  -18.961  -19.944 0.3000000119
69410  39.206  -19.546  -20.661 0.3000000119
69429  38.681  -19.844  -20.766 0.4000000060
68283  38.502  -20.694  -21.241 0.5000000000
191663  37.804  -19.648  -20.664 0.5000000000
68272  38.051  -20.177  -20.934 0.6000000238
68284  37.354  -20.482  -21.409 0.6000000238
74153  41.920  -16.768  -19.728 0.4000000060
72932  41.187  -17.280  -20.335 0.3000000119
71727  41.300  -18.136  -21.186 0.3000000119
72944  40.623  -17.685  -20.633 0.3000000119
71728  40.606  -18.247  -21.172 0.3000000119
71717  39.804  -17.914  -20.007 0.3000000119
184361  40.023  -18.506  -20.619 0.3000000119
71729  39.209  -18.438  -19.928 0.3000000119
71730  38.254  -18.286  -19.465 0.3000000119
69411  38.121  -19.294  -20.174 0.4000000060
70536  37.386  -18.669  -20.061 0.4000000060
68273  37.100  -19.834  -20.977 0.6000000238
192854  37.202  -19.233  -20.483 0.4000000060
70537  36.739  -18.667  -20.497 0.4000000060
69430  36.572  -19.279  -20.886 0.5000000000
208919  36.887  -20.115  -21.404 0.6000000238
69469  35.138  -19.919  -22.892 0.6999999881
68299  33.661  -20.286  -22.719 0.8000000119
74154  41.277  -16.586  -19.498 0.4000000060
174176  40.339  -16.928  -19.087 0.3000000119
72933  40.100  -17.373  -19.621 0.3000000119
72934  39.166  -17.353  -19.202 0.3000000119
71718  38.740  -17.811  -19.308 0.3000000119
71731  37.517  -18.099  -19.673 0.4000000060
71740  36.983  -18.015  -20.160 0.4000000060
71741  36.460  -17.996  -20.688 0.4000000060
199464  36.636  -19.751  -21.473 0.5000000000
70547  36.351  -18.609  -21.109 0.4000000060
68285  36.637  -20.334  -21.860 0.6000000238
70558  36.348  -19.162  -21.644 0.4000000060
69458  35.704  -19.871  -22.557 0.6999999881
191851  35.841  -19.231  -22.249 0.4000000060
70564  35.621  -18.710  -22.698 0.4000000060
192618  35.461  -19.358  -22.819 0.6000000238
70565  35.321  -18.658  -23.153 0.5000000000
69470  34.949  -19.294  -23.000 0.6000000238
68315  34.307  -19.935  -22.836 0.6999999881
69471  33.954  -19.423  -22.950 0.6999999881
75307  41.762  -16.136  -19.005 0.3000000119
183874  39.552  -17.012  -18.925 0.3000000119
72935  38.314  -17.167  -18.936 0.3000000119
72945  37.779  -17.482  -19.334 0.3000000119
72946  37.141  -17.426  -19.780 0.4000000060
72954  36.652  -17.357  -20.331 0.3000000119
72962  36.093  -17.319  -20.985 0.3000000119
70548  35.920  -18.515  -21.844 0.4000000060
71748  35.729  -17.713  -21.697 0.3000000119
72963  35.723  -17.084  -21.594 0.3000000119
71757  35.756  -18.077  -22.428 0.3000000119
184571  35.624  -17.287  -22.498 0.3000000119
71763  35.490  -18.067  -22.954 0.3000000119
72977  35.383  -17.476  -23.181 0.4000000060
71764  35.199  -18.006  -23.349 0.5000000000
70566  34.603  -18.724  -23.053 0.5000000000
70567  33.327  -19.082  -23.216 0.5000000000
74132  40.344  -16.265  -18.583 0.3000000119
74155  39.507  -16.477  -18.543 0.3000000119
74156  38.803  -16.797  -18.649 0.3000000119
74157  38.071  -16.516  -18.731 0.3000000119
180345  37.329  -16.839  -19.504 0.3000000119
72955  36.406  -16.689  -20.518 0.3000000119
74182  35.962  -16.456  -21.186 0.3000000119
74183  35.726  -16.634  -21.912 0.3000000119
74190  35.653  -16.488  -22.499 0.3000000119
72979  34.577  -17.496  -23.270 0.4000000060
71765  34.271  -18.189  -23.158 0.5000000000
71774  33.834  -17.704  -23.312 0.5000000000
71766  33.554  -18.409  -23.424 0.5000000000
185852  39.497  -15.661  -18.176 0.3000000119
75308  38.565  -16.002  -18.363 0.3000000119
74158  37.511  -16.346  -19.126 0.3000000119
74169  37.025  -16.251  -19.589 0.3000000119
74170  36.597  -16.168  -20.113 0.3000000119
74176  36.312  -16.097  -20.643 0.3000000119
75335  35.922  -15.917  -21.991 0.3000000119
72978  35.199  -17.178  -23.456 0.4000000060
72989  34.785  -16.831  -23.577 0.4000000060
72991  33.463  -17.130  -23.476 0.4000000060
179103  34.076  -16.495  -23.620 0.4000000060
71775  33.087  -17.836  -23.497 0.5000000000
72992  32.548  -17.095  -23.699 0.4000000060
76461  41.412  -14.775  -18.001 0.3000000119
75288  40.408  -15.562  -18.214 0.3000000119
181021  37.737  -15.881  -18.636 0.3000000119
75309  37.238  -15.738  -19.165 0.3000000119
75323  36.759  -15.624  -19.716 0.3000000119
75331  36.218  -15.653  -21.117 0.3000000119
75342  35.740  -15.975  -22.957 0.3000000119
187334  35.408  -16.699  -23.200 0.3000000119
74198  35.223  -16.491  -23.740 0.4000000060
74211  34.872  -16.302  -23.805 0.3000000119
76463  39.875  -14.979  -17.922 0.3000000119
76464  39.149  -14.889  -17.931 0.3000000119
76465  38.498  -14.706  -18.103 0.3000000119
75289  38.739  -15.276  -18.218 0.3000000119
193360  37.494  -15.320  -18.791 0.3000000119
76498  37.104  -14.990  -19.306 0.3000000119
76499  36.591  -14.965  -20.007 0.3000000119
75324  36.474  -15.588  -20.388 0.3000000119
185217  39.522  -14.497  -17.649 0.3000000119
77751  38.245  -14.098  -18.159 0.3000000119
76482  37.979  -14.590  -18.355 0.3000000119
77767  37.266  -14.210  -19.061 0.3000000119
76512  36.424  -14.963  -20.808 0.3000000119
76519  36.231  -14.983  -21.775 0.3000000119
75341  36.029  -15.307  -22.713 0.3000000119
77750  38.944  -14.170  -17.697 0.3000000119
79127  38.590  -13.458  -17.994 0.3000000119
77766  37.648  -14.142  -18.527 0.3000000119
204387  36.928  -14.274  -19.728 0.3000000119
77781  36.576  -14.283  -20.405 0.3000000119
203064  37.349  -13.671  -18.828 0.4000000060
79128  37.853  -13.425  -18.462 0.4000000060
184876  37.112  -13.596  -19.376 0.4000000060
181253  38.997  -12.854  -17.912 0.3000000119
80511  37.659  -12.780  -18.707 0.4000000060
48213  39.529  -34.651  -20.989 1.0000000000
49501  40.202  -32.978  -21.267 1.0000000000
48214  39.325  -34.470  -21.125 0.8999999762
65896  36.597  -21.906  -22.252 0.6999999881
67152  35.758  -20.975  -22.477 0.8000000119
68297  35.396  -20.466  -22.679 0.8000000119
68296  36.022  -20.399  -22.317 0.6999999881
207023  41.246  -45.382  -13.244 0.6000000238
189011  40.895  -45.568  -12.802 0.6000000238
32648  38.543  -44.696  -12.513 0.6000000238
32671  43.777  -44.118  -13.766 0.5000000000
32658  43.746  -44.169  -13.193 0.5000000000
182098  41.090  -43.155  -13.975 0.6000000238
185345  38.831  -39.419  -19.528 0.8999999762
34812  41.372  -42.720  -14.674 0.5000000000
35910  42.506  -41.549  -13.119 0.4000000060
191523  42.620  -41.820  -14.761 0.5000000000
186866  42.160  -41.803  -12.309 0.4000000060
179474  37.089  -41.564  -13.379 0.6999999881
39664  37.132  -39.539  -17.459 0.8999999762
186503  38.731  -39.386  -12.432 0.6999999881
39581  42.902  -40.124  -13.983 0.5000000000
209747  36.815  -39.395  -13.841 0.8000000119
37023  41.825  -41.366  -11.787 0.4000000060
181664  36.565  -39.855  -15.614 0.8000000119
40827  37.691  -39.297  -12.678 0.6999999881
38284  43.074  -40.612  -16.092 0.4000000060
44542  37.271  -36.594  -17.898 0.8000000119
48216  37.840  -34.504  -20.368 0.8000000119
40838  40.361  -38.768  -13.189 0.6000000238
39645  43.875  -40.323  -17.226 0.4000000060
180760  37.028  -37.276  -13.796 0.8000000119
46965  39.590  -34.991  -20.901 1.0000000000
40883  42.318  -39.264  -16.138 0.5000000000
40869  41.560  -38.682  -14.836 0.5000000000
50763  39.478  -32.791  -21.172 1.0000000000
44453  40.905  -37.024  -13.692 0.6999999881
49464  39.060  -33.086  -19.090 1.0000000000
48196  39.883  -33.578  -20.827 1.0000000000
55390  41.201  -30.252  -21.855 1.0000000000
55407  41.760  -30.083  -21.873 1.0000000000
49412  37.719  -33.000  -16.336 0.8000000119
55380  40.267  -29.738  -19.707 1.0000000000
56375  39.017  -28.592  -16.031 0.8000000119
54254  39.120  -29.777  -18.319 1.0000000000
58602  39.653  -26.946  -18.059 0.8000000119
59870  41.817  -27.054  -22.514 1.0000000000
59844  39.821  -26.119  -19.554 1.0000000000
201489  39.796  -31.456  -12.006 0.6000000238
51913  38.734  -31.200  -12.878 0.6999999881
60913  45.974  -25.162  -14.083 0.4000000060
203216  35.210  -29.094  -21.716 1.0000000000
200521  36.073  -28.338  -21.779 1.0000000000
63290  45.338  -23.635  -14.490 0.4000000060
61033  40.663  -24.541  -24.524 1.0000000000
60914  45.494  -25.512  -13.669 0.4000000060
62136  45.087  -24.326  -13.737 0.5000000000
60898  45.007  -25.241  -13.276 0.5000000000
67015  43.050  -21.438  -16.692 0.4000000060
65770  42.713  -21.629  -16.127 0.4000000060
64446  42.441  -23.123  -13.489 0.5000000000
64602  35.122  -22.371  -21.826 0.8000000119
67005  40.114  -21.069  -16.403 0.5000000000
64503  39.275  -22.611  -16.048 0.5000000000
63354  38.815  -23.754  -17.821 0.5000000000
62226  39.283  -24.014  -19.374 0.6999999881
64537  38.853  -23.059  -19.069 0.6000000238
65835  39.096  -22.050  -19.718 0.5000000000
207588  39.530  -21.940  -20.542 0.5000000000
67068  39.598  -20.707  -20.090 0.5000000000
67150  36.790  -21.385  -22.241 0.6999999881
67124  37.001  -20.933  -21.929 0.6999999881
69457  36.248  -19.771  -22.045 0.6000000238
72947  36.841  -16.785  -19.954 0.3000000119
33778  36.906  -43.472  -16.616 0.5000000000
33787  37.284  -43.382  -17.544 0.5000000000
195137  37.079  -45.536  -16.744 0.5000000000
33777  37.109  -43.983  -17.167 0.5000000000
30618  37.116  -46.099  -15.725 0.5000000000
31687  36.815  -44.892  -16.350 0.5000000000
32721  37.011  -44.499  -16.945 0.5000000000
29464  37.384  -46.648  -15.445 0.5000000000
29446  37.906  -47.004  -14.566 0.4000000060
30605  37.217  -46.081  -14.950 0.5000000000
28336  38.413  -47.377  -14.275 0.4000000060
30604  37.590  -46.409  -14.325 0.5000000000
28316  39.802  -47.450  -13.268 0.5000000000
29425  38.196  -46.767  -13.889 0.5000000000
50730  34.754  -32.110  -18.422 0.6999999881
50731  34.009  -32.059  -18.486 0.6999999881
50729  35.577  -32.200  -18.654 0.8000000119
49486  36.669  -33.697  -19.281 0.8000000119
49466  36.021  -33.073  -18.863 0.8000000119
49465  36.840  -32.972  -19.177 0.8999999762
52014  33.816  -31.500  -18.978 0.6999999881
50728  36.325  -32.372  -18.879 0.8999999762
52011  35.696  -31.560  -18.800 0.8999999762
50727  37.019  -32.302  -19.203 0.8999999762
52031  37.241  -31.678  -19.315 0.8999999762
206662  34.342  -30.772  -19.642 0.6000000238
53173  34.457  -31.050  -19.031 0.8000000119
52010  36.433  -31.699  -18.930 0.8999999762
53170  36.765  -31.040  -19.106 0.8999999762
185151  37.464  -31.153  -19.441 0.8999999762
53194  38.116  -30.909  -19.987 0.8999999762
50653  42.782  -32.467  -14.195 0.5000000000
198147  42.170  -33.317  -13.575 0.5000000000
49314  41.676  -32.991  -12.813 0.5000000000
48069  42.106  -34.158  -14.473 0.6000000238
48039  41.754  -34.170  -13.790 0.5000000000
48040  41.367  -34.111  -13.182 0.5000000000
207449  41.375  -35.031  -13.899 0.6000000238
54312  33.836  -30.525  -21.211 0.6000000238
54299  34.855  -30.472  -19.452 0.8999999762
53197  35.529  -30.483  -19.131 0.8999999762
53172  35.228  -30.981  -18.955 0.8999999762
53196  36.261  -30.297  -19.273 0.8999999762
53195  37.216  -30.573  -19.447 0.8999999762
54296  37.759  -30.141  -19.795 0.8999999762
53089  42.829  -31.282  -13.241 0.5000000000
53063  42.559  -30.970  -12.672 0.5000000000
51933  43.212  -31.263  -14.136 0.5000000000
50611  42.115  -32.340  -12.816 0.5000000000
50612  41.361  -32.427  -12.471 0.5000000000
51944  43.027  -31.918  -14.549 0.5000000000
50632  42.538  -32.448  -13.481 0.5000000000
54311  34.862  -29.967  -20.260 0.8999999762
179906  34.344  -30.004  -20.937 0.6999999881
54298  35.484  -30.008  -19.667 0.8999999762
54297  36.119  -29.601  -19.849 0.8999999762
55394  36.758  -29.359  -20.175 0.8999999762
55393  37.509  -28.990  -20.357 0.8999999762
201686  43.283  -30.325  -13.157 0.5000000000
53064  42.049  -30.859  -12.357 0.5000000000
200288  43.544  -30.688  -14.091 0.5000000000
53099  43.699  -30.911  -14.647 0.5000000000
54310  35.480  -29.479  -20.386 0.8999999762
54309  36.107  -29.116  -20.564 0.8999999762
195876  36.718  -28.841  -20.622 0.8999999762
54180  42.999  -30.124  -12.716 0.5000000000
55284  43.836  -29.616  -13.472 0.5000000000
55273  43.641  -29.269  -13.042 0.5000000000
54191  44.064  -29.718  -14.063 0.5000000000
55272  44.220  -28.997  -13.634 0.4000000060
57536  33.219  -27.655  -21.691 0.6000000238
57537  32.471  -27.396  -21.728 0.6000000238
200861  33.565  -27.302  -21.417 0.8000000119
58651  32.792  -26.887  -21.355 0.6999999881
59875  32.151  -26.199  -21.199 0.6999999881
59860  31.423  -25.730  -21.193 0.6999999881
61008  30.567  -24.885  -21.117 0.6999999881
58634  33.548  -26.738  -21.015 0.8000000119
58650  34.325  -27.257  -21.378 0.8000000119
58635  32.764  -26.298  -20.754 0.6999999881
176251  32.087  -25.719  -20.880 0.6999999881
62240  31.335  -24.801  -20.585 0.6999999881
175567  32.020  -25.103  -20.439 0.6999999881
63390  31.239  -24.215  -20.590 0.6999999881
59858  34.482  -25.858  -20.365 0.8000000119
61005  33.779  -25.356  -20.178 0.8000000119
59874  35.414  -26.299  -20.949 0.8000000119
63389  32.144  -23.446  -20.059 0.6999999881
175628  32.930  -24.761  -19.949 0.6999999881
62239  33.707  -24.035  -19.873 0.8000000119
59857  35.163  -25.758  -20.455 0.8000000119
175369  32.765  -23.943  -19.912 0.6999999881
63387  34.388  -23.472  -19.985 0.8000000119
65856  31.843  -22.174  -20.622 0.6000000238
62237  35.244  -24.612  -20.451 0.8000000119
62238  34.600  -24.257  -19.986 0.8000000119
65855  32.827  -22.009  -20.844 0.6000000238
65876  32.412  -21.525  -21.121 0.6000000238
67154  32.002  -20.810  -21.728 0.6000000238
64570  34.208  -22.785  -20.361 0.8000000119
65875  33.230  -21.379  -21.166 0.6000000238
67127  32.927  -20.929  -21.441 0.6000000238
209390  32.547  -20.466  -22.046 0.6000000238
65854  34.077  -22.162  -20.962 0.6999999881
67126  33.622  -20.978  -21.595 0.6000000238
69459  33.594  -20.132  -22.973 0.6999999881
69460  33.307  -20.146  -22.755 0.6000000238
68300  33.083  -20.343  -22.419 0.6000000238
69472  33.241  -19.816  -23.003 0.6000000238
65874  33.865  -21.485  -21.289 0.6999999881
67125  34.311  -21.300  -21.947 0.6999999881
27331  40.496  -48.440  -13.922 0.4000000060
28317  39.108  -47.428  -13.371 0.5000000000
29403  38.716  -46.854  -13.306 0.5000000000
31671  36.890  -45.537  -15.386 0.5000000000
31672  36.689  -45.071  -15.688 0.5000000000
52030  38.023  -31.585  -19.897 0.8999999762
55294  44.393  -29.253  -14.471 0.3000000119
58633  34.313  -26.453  -20.887 0.8000000119
30634  37.088  -46.119  -16.407 0.5000000000
29447  37.540  -46.668  -14.890 0.5000000000
52012  35.004  -31.546  -18.699 0.8000000119
49363  42.139  -33.666  -13.902 0.5000000000
59859  33.611  -26.086  -20.536 0.8000000119
61006  32.820  -25.593  -20.382 0.6999999881
61004  34.737  -25.125  -20.149 0.8000000119
64572  32.443  -22.682  -20.334 0.6999999881
63388  33.331  -23.183  -19.942 0.6999999881
42085  42.703  -38.354  -16.816 0.4000000060
43316  43.419  -37.392  -17.874 0.4000000060
43309  42.460  -37.516  -16.476 0.4000000060
44532  42.936  -36.996  -17.210 0.4000000060
44504  42.122  -36.174  -15.601 0.5000000000
44531  43.334  -36.407  -17.412 0.4000000060
44540  43.756  -36.889  -18.455 0.4000000060
46881  42.126  -35.089  -15.370 0.5000000000
45666  41.845  -35.287  -14.766 0.5000000000
45725  42.633  -35.680  -16.164 0.5000000000
45741  42.972  -35.668  -16.791 0.4000000060
179653  42.715  -36.347  -16.635 0.4000000060
45750  44.206  -35.709  -18.756 0.4000000060
198463  43.824  -35.460  -17.960 0.4000000060
45764  44.710  -35.999  -19.837 0.4000000060
45706  42.513  -35.253  -15.812 0.5000000000
48156  44.067  -34.571  -17.700 0.4000000060
46924  44.150  -35.084  -18.205 0.4000000060
194997  46.959  -33.428  -21.316 0.4000000060
203968  46.035  -33.946  -20.673 0.4000000060
46923  44.573  -35.245  -19.195 0.4000000060
49511  47.499  -33.116  -22.211 0.4000000060
48212  46.376  -34.033  -21.086 0.4000000060
48118  42.369  -34.418  -15.124 0.5000000000
46880  42.617  -34.718  -15.680 0.5000000000
46897  43.320  -34.625  -16.635 0.4000000060
52073  54.726  -30.789  -23.659 0.3000000119
46910  43.231  -35.131  -16.891 0.4000000060
52074  53.523  -31.303  -23.540 0.3000000119
48154  44.837  -33.929  -18.469 0.4000000060
52084  53.938  -32.026  -24.107 0.3000000119
52086  52.380  -32.076  -23.704 0.3000000119
52078  50.581  -31.787  -23.077 0.3000000119
52064  48.915  -31.996  -22.389 0.3000000119
50760  47.104  -32.558  -21.108 0.4000000060
50741  46.615  -32.902  -20.658 0.4000000060
189523  45.215  -34.266  -19.657 0.4000000060
52088  51.070  -32.061  -23.547 0.3000000119
209677  49.250  -32.630  -22.706 0.3000000119
50776  47.553  -32.802  -22.444 0.4000000060
197477  42.843  -33.422  -15.195 0.4000000060
48116  43.079  -33.767  -15.990 0.4000000060
48140  43.712  -34.218  -17.084 0.4000000060
48129  43.398  -33.948  -16.431 0.4000000060
53240  53.922  -30.648  -23.216 0.3000000119
54335  51.225  -30.476  -21.697 0.3000000119
53242  52.401  -30.687  -23.187 0.3000000119
53244  50.977  -31.068  -22.810 0.3000000119
52055  49.303  -31.426  -21.925 0.3000000119
52040  47.890  -31.464  -20.987 0.4000000060
52042  46.963  -31.996  -20.351 0.4000000060
50724  45.583  -33.180  -19.326 0.4000000060
52076  52.010  -31.263  -23.557 0.3000000119
52063  49.598  -31.422  -22.364 0.3000000119
52057  47.909  -31.790  -21.718 0.3000000119
49383  42.744  -33.089  -14.650 0.4000000060
54291  48.653  -30.381  -19.372 0.3000000119
53145  46.345  -30.379  -18.474 0.3000000119
51991  45.722  -31.371  -18.317 0.4000000060
53147  45.398  -31.075  -17.783 0.4000000060
50696  45.042  -32.224  -17.608 0.4000000060
49410  44.177  -32.824  -16.875 0.4000000060
54321  50.378  -30.357  -20.920 0.3000000119
53188  48.934  -30.788  -19.891 0.3000000119
53165  47.341  -30.548  -19.097 0.3000000119
53191  47.021  -31.026  -19.488 0.4000000060
51992  45.369  -31.765  -17.990 0.4000000060
50697  44.567  -32.554  -17.245 0.4000000060
53203  49.050  -30.827  -20.626 0.3000000119
53190  47.554  -30.785  -19.714 0.3000000119
52026  47.185  -31.231  -20.141 0.4000000060
52007  46.039  -31.765  -18.824 0.4000000060
49443  44.976  -33.013  -17.958 0.4000000060
53234  50.712  -30.801  -22.158 0.3000000119
53204  48.364  -30.991  -20.487 0.3000000119
52028  46.191  -32.206  -19.394 0.4000000060
49463  45.250  -33.499  -18.998 0.4000000060
53111  43.948  -31.146  -15.254 0.4000000060
53110  44.320  -30.740  -15.636 0.4000000060
51943  43.519  -31.538  -14.878 0.4000000060
50667  42.984  -32.485  -14.769 0.4000000060
54236  45.914  -29.959  -17.222 0.3000000119
53122  44.528  -30.980  -16.208 0.4000000060
51968  44.055  -32.005  -16.044 0.4000000060
50674  43.055  -32.868  -15.200 0.4000000060
54253  46.128  -30.169  -17.855 0.4000000060
53133  45.211  -30.878  -17.111 0.4000000060
51977  44.677  -31.894  -16.994 0.4000000060
50685  43.806  -32.678  -16.291 0.4000000060
64573  31.421  -22.973  -20.392 0.6000000238
63392  30.422  -23.345  -20.861 0.6000000238
65877  31.505  -21.859  -21.105 0.5000000000
65857  31.168  -22.410  -20.618 0.5000000000
67155  31.352  -20.981  -21.759 0.5000000000
182458  31.910  -20.500  -21.978 0.5000000000
68316  31.699  -20.004  -22.347 0.5000000000
69473  32.658  -19.726  -22.780 0.5000000000
194316  32.527  -19.205  -23.010 0.4000000060
77812  36.160  -13.978  -22.141 0.3000000119
79190  36.250  -13.010  -22.141 0.3000000119
77813  36.077  -13.172  -23.069 0.3000000119
77798  36.850  -13.588  -20.087 0.3000000119
190204  36.586  -13.600  -20.803 0.3000000119
188990  36.385  -13.573  -21.461 0.3000000119
79199  35.813  -12.155  -23.137 0.3000000119
205239  35.660  -12.346  -23.912 0.3000000119
79163  37.023  -12.837  -19.673 0.3000000119
79178  36.674  -12.917  -20.501 0.3000000119
79179  36.392  -12.912  -21.280 0.3000000119
80579  36.231  -12.009  -22.236 0.3000000119
80586  35.569  -11.096  -23.582 0.3000000119
81962  35.250  -10.239  -24.195 0.3000000119
79146  37.287  -13.104  -18.942 0.3000000119
80567  36.828  -12.236  -20.333 0.3000000119
80568  36.430  -12.221  -21.084 0.3000000119
81923  36.540  -11.708  -20.924 0.3000000119
81940  36.310  -11.419  -21.865 0.3000000119
81953  35.737  -10.894  -23.034 0.3000000119
80529  37.322  -12.445  -19.083 0.3000000119
80548  37.090  -12.016  -19.629 0.3000000119
186524  36.512  -10.906  -21.417 0.3000000119
184799  35.883  -10.414  -22.879 0.3000000119
81887  37.452  -11.817  -19.141 0.3000000119
81903  37.319  -11.322  -19.603 0.3000000119
81922  36.996  -11.543  -20.388 0.3000000119
83179  37.123  -10.837  -20.451 0.3000000119
206326  37.607  -11.438  -19.184 0.3000000119
83162  37.520  -10.651  -19.720 0.3000000119
200962  37.798  -11.083  -19.275 0.3000000119
83161  38.162  -10.602  -19.505 0.3000000119
48195  45.455  -34.895  -20.529 0.4000000060
42095  43.638  -38.935  -17.883 0.4000000060
43326  43.981  -37.695  -18.614 0.4000000060
46952  45.320  -35.863  -20.317 0.4000000060
44553  44.738  -36.817  -19.800 0.4000000060
48218  47.900  -33.352  -22.015 0.4000000060
48210  46.673  -33.767  -21.228 0.4000000060
48194  46.085  -34.521  -20.628 0.4000000060
52081  56.183  -32.266  -24.506 0.3000000119
50786  55.906  -33.257  -25.013 0.3000000119
210034  53.516  -32.578  -24.417 0.3000000119
50791  51.924  -32.853  -23.930 0.3000000119
50784  50.021  -33.056  -23.091 0.3000000119
206887  48.681  -32.982  -22.688 0.3000000119
53246  55.733  -31.543  -24.101 0.3000000119
54341  52.795  -30.152  -22.847 0.3000000119
54304  50.165  -30.220  -20.303 0.3000000119
54318  52.341  -29.863  -21.812 0.3000000119
54214  44.458  -30.075  -15.425 0.4000000060
54226  44.645  -30.310  -16.033 0.4000000060
54237  45.396  -30.274  -16.879 0.4000000060
54251  47.313  -29.770  -18.214 0.3000000119
54274  47.694  -30.093  -18.696 0.3000000119
54204  44.276  -29.897  -14.754 0.4000000060
62242  30.452  -24.159  -20.970 0.6000000238
80528  37.876  -12.233  -18.802 0.3000000119
81886  38.038  -11.571  -18.931 0.3000000119
83138  38.474  -11.004  -19.040 0.3000000119
83160  38.902  -10.559  -19.341 0.3000000119
53239  55.599  -30.744  -23.740 0.3000000119
42071  42.229  -38.207  -16.095 0.4000000060
178450  41.960  -35.720  -15.249 0.5000000000
48139  44.279  -34.003  -17.587 0.4000000060
53233  51.445  -30.649  -22.365 0.3000000119
51955  43.786  -31.754  -15.492 0.4000000060
188666  39.195  -10.118  -19.527 0.3000000119
40910  43.823  -39.861  -17.942 0.3000000119
40909  44.270  -39.187  -18.206 0.3000000119
40947  36.921  -38.938  -19.633 0.6000000238
42128  36.754  -38.103  -19.649 0.6999999881
40937  36.339  -38.656  -19.267 0.6999999881
43340  44.642  -38.004  -19.135 0.3000000119
38225  41.784  -40.686  -11.998 0.3000000119
39582  42.503  -39.590  -13.418 0.3000000119
44558  35.977  -36.677  -18.782 0.6999999881
40897  44.353  -40.000  -17.301 0.3000000119
43344  35.894  -37.294  -18.813 0.6999999881
195281  35.885  -37.887  -18.832 0.6999999881
209458  44.598  -39.368  -18.106 0.3000000119
42105  44.770  -38.607  -18.633 0.3000000119
42119  36.285  -37.609  -19.321 0.6999999881
44539  45.162  -37.523  -18.575 0.3000000119
48152  46.595  -34.435  -19.828 0.3000000119
45748  45.801  -35.735  -19.100 0.3000000119
43324  45.214  -37.555  -19.230 0.3000000119
49460  47.609  -33.485  -19.514 0.3000000119
48174  46.406  -34.416  -20.621 0.3000000119
45762  45.720  -36.037  -19.950 0.3000000119
39596  42.948  -39.550  -14.113 0.3000000119
187168  43.796  -39.673  -15.711 0.4000000060
190349  35.990  -35.488  -18.833 0.6999999881
42083  44.518  -39.296  -17.456 0.3000000119
40881  44.048  -39.809  -16.401 0.3000000119
43343  36.369  -37.016  -19.314 0.6999999881
44530  44.748  -37.127  -17.715 0.3000000119
44529  45.097  -36.587  -18.096 0.3000000119
46921  45.913  -34.960  -18.568 0.3000000119
191497  45.158  -36.654  -19.786 0.3000000119
48171  49.368  -33.884  -19.185 0.3000000119
40867  43.490  -39.291  -15.051 0.4000000060
46926  35.725  -34.892  -18.517 0.6999999881
43293  43.746  -37.845  -16.102 0.3000000119
42069  44.167  -38.954  -16.409 0.3000000119
45739  44.623  -36.124  -17.302 0.3000000119
43306  44.529  -37.687  -17.279 0.3000000119
46940  36.204  -35.139  -19.243 0.6999999881
199731  45.604  -34.732  -17.803 0.3000000119
44557  36.417  -36.436  -19.276 0.6999999881
48192  46.712  -33.926  -21.129 0.3000000119
46950  45.657  -35.563  -20.613 0.3000000119
48191  49.045  -33.629  -19.743 0.3000000119
49479  47.632  -33.493  -20.400 0.3000000119
48180  35.913  -34.345  -18.820 0.6999999881
45724  44.327  -35.680  -16.522 0.3000000119
48200  36.464  -34.427  -19.300 0.6999999881
49424  46.347  -33.336  -16.818 0.3000000119
46908  44.754  -35.275  -16.962 0.3000000119
49507  48.546  -33.774  -21.245 0.3000000119
46896  44.536  -34.848  -16.274 0.3000000119
188591  48.049  -33.444  -21.264 0.3000000119
207772  45.258  -29.636  -16.188 0.3000000119
199529  37.847  -41.084  -20.060 0.5000000000
39690  36.231  -39.704  -18.789 0.6999999881
38329  36.658  -40.216  -19.103 0.6000000238
37112  37.253  -40.479  -19.707 0.6000000238
43328  35.207  -36.927  -18.154 0.6999999881
44543  35.512  -36.211  -18.182 0.6999999881
188773  42.459  -38.468  -13.767 0.3000000119
190442  34.746  -35.191  -17.713 0.6999999881
42051  43.057  -38.007  -15.032 0.4000000060
49446  34.874  -33.413  -18.167 0.6999999881
43294  43.248  -37.479  -15.459 0.4000000060
42070  43.581  -38.251  -15.684 0.4000000060
183853  35.200  -32.824  -18.461 0.6999999881
200642  43.755  -36.133  -16.063 0.3000000119
45705  44.016  -35.173  -15.886 0.3000000119
49397  45.532  -33.618  -15.603 0.3000000119
39677  44.575  -39.355  -18.078 0.3000000119
49467  35.558  -33.577  -18.627 0.6999999881
39689  36.499  -39.396  -19.202 0.6000000238
49409  46.010  -33.386  -16.263 0.3000000119
44486  43.298  -36.185  -15.332 0.3000000119
203689  37.417  -43.968  -17.998 0.5000000000
35972  39.149  -42.659  -20.003 0.5000000000
34854  38.691  -43.109  -19.824 0.5000000000
184032  37.763  -43.105  -18.180 0.4000000060
33796  33.889  -43.835  -17.530 0.4000000060
32744  32.672  -44.726  -18.035 0.5000000000
35963  38.614  -42.677  -19.244 0.4000000060
33792  38.229  -43.127  -19.058 0.5000000000
35979  39.147  -42.369  -20.228 0.5000000000
30663  31.383  -45.863  -18.728 0.4000000060
30676  30.321  -45.736  -19.319 0.4000000060
191964  33.051  -44.089  -17.829 0.5000000000
37111  38.537  -41.898  -20.298 0.4000000060
31729  29.919  -44.983  -19.541 0.4000000060
29521  29.830  -46.482  -19.504 0.4000000060
32745  31.593  -44.552  -18.759 0.4000000060
33797  32.876  -43.394  -17.920 0.5000000000
189290  32.200  -43.990  -18.443 0.4000000060
34850  34.041  -43.017  -17.649 0.5000000000
35967  35.308  -41.836  -17.904 0.4000000060
190010  37.069  -40.984  -19.480 0.5000000000
38318  36.387  -40.978  -18.813 0.4000000060
37096  35.926  -41.405  -18.260 0.4000000060
30677  29.413  -45.698  -19.564 0.4000000060
33788  29.776  -43.293  -18.172 0.4000000060
32751  31.163  -43.858  -19.105 0.4000000060
35977  29.458  -41.921  -19.401 0.4000000060
33802  31.836  -43.358  -18.843 0.4000000060
37107  30.258  -41.351  -19.597 0.4000000060
34851  33.065  -42.646  -17.848 0.5000000000
38330  30.654  -40.333  -19.324 0.4000000060
37108  30.064  -40.923  -19.593 0.4000000060
178326  33.804  -42.379  -17.697 0.5000000000
35968  34.154  -41.869  -17.838 0.5000000000
40939  31.014  -38.995  -19.000 0.4000000060
199244  31.240  -38.270  -18.938 0.4000000060
176888  34.717  -42.422  -17.880 0.5000000000
37097  34.520  -41.283  -17.845 0.6000000238
174706  35.730  -40.792  -18.116 0.6000000238
38319  36.069  -40.240  -18.512 0.5000000000
32735  29.478  -43.934  -18.385 0.4000000060
34853  29.616  -42.883  -18.958 0.4000000060
34859  29.857  -42.484  -19.410 0.4000000060
34852  32.336  -42.879  -18.410 0.5000000000
35976  30.170  -41.947  -19.563 0.4000000060
35969  33.242  -41.990  -17.814 0.5000000000
190136  30.859  -40.884  -19.296 0.4000000060
37098  33.545  -41.347  -17.678 0.5000000000
38308  34.572  -39.998  -17.612 0.5000000000
189187  35.434  -40.139  -17.957 0.6000000238
39679  35.812  -39.586  -18.354 0.6000000238
33798  29.417  -43.403  -19.186 0.4000000060
34857  31.535  -42.751  -19.104 0.4000000060
33804  30.048  -43.148  -19.448 0.4000000060
34858  30.563  -42.635  -19.548 0.4000000060
35975  31.251  -42.109  -19.247 0.4000000060
37101  31.643  -40.910  -18.731 0.4000000060
38324  31.416  -40.299  -18.821 0.4000000060
38321  34.018  -40.690  -17.676 0.5000000000
40927  31.633  -38.545  -18.489 0.4000000060
42120  35.986  -38.457  -18.787 0.6000000238
40923  35.591  -38.933  -18.356 0.6000000238
39680  35.167  -39.452  -17.919 0.6000000238
31730  29.188  -44.974  -19.469 0.4000000060
32753  29.616  -44.286  -19.533 0.4000000060
37106  31.018  -41.466  -19.245 0.4000000060
37099  32.730  -41.460  -17.990 0.5000000000
35970  32.323  -42.201  -18.407 0.5000000000
37100  31.929  -41.521  -18.661 0.5000000000
191597  32.306  -40.987  -18.176 0.5000000000
38323  32.233  -40.321  -18.133 0.5000000000
38309  33.602  -40.110  -17.580 0.5000000000
38322  32.987  -40.727  -17.678 0.5000000000
39667  32.577  -39.594  -17.824 0.5000000000
39682  31.878  -39.668  -18.377 0.4000000060
42111  32.090  -38.136  -17.942 0.5000000000
42112  31.574  -37.846  -18.448 0.4000000060
179939  35.360  -38.302  -18.396 0.6000000238
40924  34.920  -38.797  -17.945 0.6000000238
40912  33.757  -38.950  -17.402 0.6000000238
39666  33.286  -39.556  -17.532 0.5000000000
40926  32.222  -38.918  -17.993 0.5000000000
39681  34.455  -39.252  -17.623 0.6000000238
184117  33.434  -38.419  -17.231 0.6000000238
40913  33.022  -38.970  -17.494 0.5000000000
42109  34.551  -38.099  -17.821 0.6000000238
42108  35.331  -37.651  -18.248 0.6000000238
49448  33.217  -33.394  -18.288 0.5000000000
48161  33.732  -33.977  -17.807 0.6000000238
46929  33.361  -34.634  -17.676 0.5000000000
45756  33.964  -35.462  -17.480 0.6000000238
199815  33.247  -35.861  -17.711 0.5000000000
175411  32.540  -35.896  -18.120 0.5000000000
42110  33.851  -38.221  -17.319 0.6000000238
42097  33.491  -37.846  -17.099 0.5000000000
42098  32.845  -38.270  -17.443 0.5000000000
43331  32.133  -37.443  -17.903 0.5000000000
44547  32.117  -36.605  -18.232 0.5000000000
49447  34.124  -33.369  -18.056 0.5000000000
49469  33.708  -32.787  -18.523 0.5000000000
49468  34.440  -32.701  -18.171 0.6000000238
48160  34.569  -34.012  -17.843 0.6000000238
201917  33.493  -36.762  -17.501 0.6000000238
43330  32.925  -37.030  -17.701 0.5000000000
44544  34.592  -36.264  -17.742 0.6000000238
179128  34.097  -36.910  -17.647 0.6000000238
35980  38.413  -42.677  -20.156 0.4000000060
205163  37.564  -41.555  -19.874 0.4000000060
37114  39.046  -40.981  -20.622 0.5000000000
43329  34.573  -37.434  -17.872 0.6000000238
33793  37.854  -43.646  -18.756 0.5000000000
33805  38.235  -43.512  -20.043 0.5000000000
200818  38.258  -43.474  -19.634 0.5000000000
34860  38.777  -42.986  -20.033 0.5000000000
31716  30.898  -45.101  -18.963 0.4000000060
32752  30.559  -44.378  -19.501 0.4000000060
37113  29.534  -40.967  -19.552 0.4000000060
39692  30.484  -39.734  -19.356 0.4000000060
33803  30.864  -43.240  -19.456 0.4000000060
31731  29.070  -44.487  -19.339 0.4000000060
177552  33.901  -37.584  -17.242 0.6000000238
35971  29.651  -42.286  -18.770 0.3000000119
38331  29.964  -40.411  -19.532 0.3000000119
35978  29.217  -41.513  -19.396 0.3000000119
40940  30.359  -39.153  -19.438 0.3000000119
38332  29.386  -40.435  -19.384 0.3000000119
39699  29.951  -39.705  -19.487 0.3000000119
39700  29.233  -39.574  -19.335 0.3000000119
27316  41.422  -48.125  -13.541 0.5000000000
27330  41.103  -48.581  -13.873 0.5000000000
28314  41.103  -47.655  -13.240 0.6000000238
28331  42.962  -47.145  -14.341 0.6000000238
28333  40.189  -47.928  -13.612 0.4000000060
28334  39.534  -47.832  -13.778 0.5000000000
28335  38.938  -47.704  -13.994 0.4000000060
29401  40.253  -46.871  -12.945 0.6000000238
29404  38.313  -46.366  -13.321 0.5000000000
29423  41.972  -46.704  -13.723 0.5000000000
29424  38.674  -47.234  -13.752 0.5000000000
29445  43.199  -46.326  -14.530 0.6999999881
29463  37.726  -47.136  -15.182 0.5000000000
30551  38.617  -45.438  -12.638 0.6000000238
30564  41.222  -46.042  -13.141 0.6000000238
30584  42.190  -46.020  -13.967 0.6999999881
31610  40.292  -44.597  -12.666 0.6999999881
31612  39.006  -45.063  -12.430 0.6999999881
31636  44.612  -44.657  -14.169 0.5000000000
31638  37.692  -45.414  -13.461 0.6000000238
31656  43.671  -44.751  -14.662 0.5000000000
31657  42.439  -44.614  -14.634 0.6000000238
31658  36.899  -44.978  -14.366 0.6000000238
32645  43.222  -44.162  -11.912 0.5000000000
32660  40.760  -44.295  -13.098 0.6000000238
32661  37.947  -44.446  -12.863 0.6000000238
32670  44.158  -44.392  -14.142 0.5000000000
32673  41.916  -44.805  -14.268 0.6000000238
32688  43.534  -44.298  -14.365 0.5000000000
32689  42.772  -44.197  -14.534 0.5000000000
32691  41.728  -43.799  -14.604 0.6000000238
32743  33.721  -44.552  -17.702 0.4000000060
32746  29.206  -44.000  -19.322 0.4000000060
33705  43.431  -43.763  -12.779 0.5000000000
33706  42.930  -43.475  -12.264 0.5000000000
33707  40.041  -43.433  -12.563 0.6000000238
33722  43.098  -43.242  -13.120 0.5000000000
33724  40.615  -43.302  -13.103 0.6000000238
33739  41.347  -43.768  -14.170 0.6999999881
33740  37.019  -43.833  -13.946 0.8000000119
34777  39.626  -42.839  -12.484 0.6999999881
34779  38.216  -43.334  -12.517 0.8000000119
34795  42.819  -42.706  -13.688 0.5000000000
34797  37.729  -43.019  -12.705 0.8000000119
34811  42.679  -43.020  -14.514 0.5000000000
34814  36.650  -42.738  -14.210 0.8000000119
34826  36.540  -42.490  -15.002 0.6999999881
34842  37.320  -42.692  -17.482 0.6999999881
34847  37.919  -42.630  -18.277 0.5000000000
35895  40.153  -41.698  -12.698 0.5000000000
35896  39.577  -42.121  -12.486 0.6999999881
35912  37.737  -42.313  -12.819 0.8000000119
35913  37.237  -42.186  -13.218 0.8000000119
35944  36.517  -42.075  -15.682 0.8000000119
35949  36.953  -42.212  -16.824 0.6000000238
37038  39.166  -41.095  -12.421 0.6999999881
37046  42.527  -40.874  -13.246 0.4000000060
37056  42.747  -41.213  -14.755 0.5000000000
37057  41.071  -41.474  -14.080 0.6000000238
37060  36.553  -40.892  -14.155 0.8000000119
37075  42.717  -40.709  -15.621 0.4000000060
37103  39.472  -41.131  -20.638 0.6000000238
37104  39.457  -41.404  -20.246 0.5000000000
37109  29.289  -41.140  -19.390 0.3000000119
38233  42.218  -40.447  -12.708 0.4000000060
38238  37.632  -40.406  -12.712 0.6999999881
38244  42.802  -40.725  -13.953 0.4000000060
38246  40.536  -40.522  -13.384 0.6000000238
38247  37.251  -40.346  -13.216 0.6999999881
38259  36.476  -40.308  -14.391 0.8000000119
38271  36.538  -40.159  -15.016 0.8000000119
38283  43.387  -40.506  -15.923 0.5000000000
38297  43.428  -40.397  -16.573 0.4000000060
38307  37.088  -40.120  -17.136 0.8999999762
38310  32.887  -40.075  -17.640 0.5000000000
38316  38.975  -41.310  -19.459 0.6999999881
38320  35.014  -40.710  -17.650 0.6000000238
38334  38.721  -41.091  -20.444 0.5000000000
39567  39.839  -39.816  -12.652 0.6000000238
39569  38.024  -39.785  -12.569 0.6999999881
39583  40.398  -39.977  -13.143 0.6000000238
39612  43.414  -40.269  -15.239 0.5000000000
39629  36.517  -39.183  -15.575 0.8000000119
39646  43.597  -40.241  -17.036 0.4000000060
39662  44.161  -40.269  -17.794 0.3000000119
39665  33.952  -39.575  -17.547 0.6000000238
39687  39.381  -39.968  -19.945 0.8999999762
39691  31.189  -39.698  -18.931 0.4000000060
39696  39.441  -40.253  -20.571 0.8000000119
39698  37.076  -39.766  -19.626 0.6000000238
39704  39.219  -39.695  -20.863 0.8000000119
40852  43.328  -39.651  -14.757 0.5000000000
40853  42.981  -38.958  -14.340 0.4000000060
40856  36.914  -38.920  -13.576 0.8000000119
40866  43.658  -40.001  -15.441 0.5000000000
40882  43.669  -38.960  -15.553 0.4000000060
40898  43.470  -39.941  -17.314 0.4000000060
40899  42.819  -39.159  -16.726 0.4000000060
40900  36.617  -38.869  -16.280 0.8000000119
40925  34.271  -38.665  -17.620 0.6000000238
40938  36.116  -39.097  -18.766 0.6000000238
40945  39.496  -38.880  -20.839 0.8999999762
40946  37.522  -38.514  -20.208 0.6999999881
40948  29.744  -38.881  -19.492 0.3000000119
42008  38.970  -38.022  -12.434 0.6999999881
42022  40.344  -37.999  -13.203 0.6000000238
42023  37.660  -37.970  -12.706 0.8000000119
42024  37.250  -37.718  -13.195 0.8000000119
42035  42.769  -38.201  -14.346 0.4000000060
42037  41.146  -38.130  -14.283 0.6000000238
42040  36.699  -38.383  -14.155 0.8000000119
42055  36.596  -38.075  -14.932 0.8000000119
42093  44.883  -38.882  -18.389 0.3000000119
42094  43.716  -38.355  -18.218 0.4000000060
42104  44.990  -37.823  -19.276 0.3000000119
42106  44.201  -38.505  -18.569 0.3000000119
42107  37.384  -37.924  -18.156 0.8999999762
42116  44.986  -37.429  -19.511 0.3000000119
42134  39.335  -37.531  -20.987 0.8000000119
42137  38.161  -38.145  -20.721 0.8000000119
43296  36.716  -37.064  -15.795 0.8000000119
43307  44.371  -38.283  -16.840 0.3000000119
43308  42.657  -37.060  -16.763 0.4000000060
43315  44.906  -37.930  -18.023 0.3000000119
43317  43.042  -37.938  -17.339 0.4000000060
43319  33.553  -37.300  -17.146 0.5000000000
43320  32.972  -37.627  -17.395 0.5000000000
43325  44.956  -38.160  -18.784 0.3000000119
43338  45.126  -37.263  -19.526 0.3000000119
43339  44.829  -37.491  -19.546 0.3000000119
43342  37.837  -37.618  -18.619 0.8999999762
43352  39.432  -36.948  -20.681 1.0000000000
43363  39.465  -37.588  -20.867 0.8999999762
43370  39.032  -36.964  -21.021 1.0000000000
43371  39.019  -37.246  -21.065 0.8000000119
44436  38.156  -36.187  -12.519 0.8000000119
44488  41.788  -36.356  -15.148 0.5000000000
44489  41.440  -36.405  -14.657 0.5000000000
44490  36.803  -36.383  -14.884 0.8000000119
44502  43.475  -36.925  -15.774 0.3000000119
44503  43.027  -36.881  -15.357 0.3000000119
44514  44.323  -36.648  -16.844 0.3000000119
44515  43.982  -37.235  -16.471 0.3000000119
44516  42.313  -36.679  -16.239 0.4000000060
44533  37.116  -36.351  -17.112 0.8000000119
44538  45.321  -36.896  -18.957 0.3000000119
44545  33.710  -36.237  -17.475 0.6000000238
44546  33.020  -36.406  -17.801 0.5000000000
44551  45.396  -36.306  -19.920 0.3000000119
44552  45.278  -36.870  -19.519 0.3000000119
44554  44.374  -37.314  -19.235 0.4000000060
44555  38.193  -36.559  -18.909 0.8999999762
44564  44.978  -37.160  -19.659 0.3000000119
44565  39.500  -36.172  -20.545 1.0000000000
44566  39.160  -36.566  -19.955 1.0000000000
44573  39.323  -36.480  -20.871 1.0000000000
44574  38.912  -36.071  -20.958 0.8000000119
44575  38.227  -36.577  -20.884 0.8000000119
44576  37.653  -36.743  -20.419 0.8000000119
44581  38.818  -36.739  -21.057 0.8000000119
45626  40.723  -35.322  -12.672 0.6999999881
45628  39.328  -36.015  -12.469 0.6999999881
45667  41.436  -35.435  -14.169 0.6000000238
45688  37.054  -35.146  -14.519 0.8000000119
45707  42.251  -35.652  -15.720 0.5000000000
45738  45.092  -35.702  -17.698 0.3000000119
45740  43.496  -35.601  -17.357 0.4000000060
45742  37.264  -35.248  -16.913 0.6999999881
45749  45.394  -36.093  -18.556 0.3000000119
45751  43.749  -36.062  -18.183 0.4000000060
45753  37.432  -35.889  -17.668 0.8000000119
45754  35.514  -35.478  -18.196 0.6999999881
45755  34.922  -35.746  -17.794 0.6000000238
45757  32.979  -35.315  -17.936 0.5000000000
45763  45.519  -36.368  -19.422 0.3000000119
45765  44.268  -36.469  -19.056 0.4000000060
45768  36.410  -35.855  -19.227 0.6999999881
45769  36.043  -36.048  -18.755 0.6999999881
45775  45.498  -35.920  -20.359 0.4000000060
45776  45.206  -36.218  -20.090 0.4000000060
45777  39.575  -35.452  -20.477 1.0000000000
45788  37.522  -35.603  -20.278 0.8000000119
45791  39.293  -35.601  -21.078 1.0000000000
46802  40.588  -34.556  -12.530 0.6999999881
46804  38.513  -35.048  -12.404 0.6000000238
46805  38.037  -34.902  -12.746 0.6000000238
46821  41.354  -34.666  -13.614 0.6999999881
46823  37.582  -34.882  -13.285 0.6999999881
46843  41.722  -34.797  -14.213 0.6000000238
46863  42.026  -34.741  -14.798 0.5000000000
46879  44.354  -34.542  -15.702 0.3000000119
46882  37.220  -34.633  -15.855 0.6999999881
46895  45.048  -34.534  -16.660 0.3000000119
46898  42.868  -35.063  -16.279 0.4000000060
46906  45.935  -34.256  -17.823 0.3000000119
46907  45.218  -34.950  -17.387 0.3000000119
46909  43.671  -34.930  -17.371 0.4000000060
46922  45.532  -35.350  -18.166 0.3000000119
46927  35.037  -34.707  -17.970 0.6999999881
46928  34.242  -34.622  -17.510 0.6000000238
46936  45.998  -35.337  -19.737 0.3000000119
46937  45.074  -35.242  -20.010 0.4000000060
46939  37.861  -34.723  -18.249 0.8999999762
46951  45.574  -35.528  -20.687 0.4000000060
46953  39.607  -34.817  -20.419 1.0000000000
46954  39.153  -34.730  -19.657 1.0000000000
46955  37.326  -35.011  -20.153 0.8000000119
46964  49.153  -34.238  -21.272 0.3000000119
46966  39.324  -35.040  -21.153 0.8999999762
48015  40.976  -34.073  -12.654 0.5000000000
48016  40.409  -33.888  -12.409 0.6000000238
48017  38.817  -33.937  -12.438 0.6000000238
48041  38.288  -33.801  -12.740 0.6999999881
48070  37.599  -33.538  -13.722 0.6999999881
48096  42.578  -33.798  -14.885 0.4000000060
48097  37.256  -33.816  -14.784 0.6999999881
48114  44.954  -33.794  -15.224 0.3000000119
48115  44.454  -34.099  -15.252 0.3000000119
48117  42.787  -33.980  -15.518 0.5000000000
48126  45.933  -33.725  -16.999 0.3000000119
48127  45.447  -33.848  -16.429 0.3000000119
48128  44.866  -34.073  -15.884 0.3000000119
48130  43.000  -34.368  -16.072 0.5000000000
48138  45.491  -34.293  -17.172 0.3000000119
48141  37.903  -33.877  -17.469 0.8999999762
48142  37.528  -34.318  -17.012 0.6999999881
48153  46.300  -34.464  -18.957 0.3000000119
48155  44.466  -34.575  -18.413 0.4000000060
48159  35.318  -34.135  -18.256 0.6999999881
48173  46.965  -34.024  -20.622 0.3000000119
48175  46.040  -34.944  -20.500 0.3000000119
48176  44.961  -34.737  -19.506 0.4000000060
48178  38.366  -34.194  -18.572 1.0000000000
48179  36.076  -33.802  -19.035 0.8000000119
48193  46.442  -34.115  -21.063 0.4000000060
48199  37.184  -34.307  -19.830 0.8999999762
48209  49.160  -33.893  -20.465 0.3000000119
48211  46.507  -33.964  -21.214 0.4000000060
48222  48.290  -33.685  -22.361 0.4000000060
48233  48.381  -33.356  -22.583 0.3000000119
49317  39.492  -33.115  -12.317 0.6000000238
49336  42.461  -33.082  -13.903 0.5000000000
49337  41.815  -33.543  -13.313 0.5000000000
49338  41.279  -33.541  -12.820 0.5000000000
49362  42.447  -33.588  -14.356 0.5000000000
49384  37.704  -32.806  -14.575 0.6999999881
49398  43.409  -33.321  -16.151 0.4000000060
49399  43.076  -33.355  -15.643 0.4000000060
49400  37.721  -32.747  -15.205 0.6999999881
49411  43.866  -33.454  -16.817 0.4000000060
49413  37.411  -33.497  -15.985 0.6999999881
49425  44.448  -33.279  -17.456 0.4000000060
49444  38.531  -33.292  -18.457 1.0000000000
49458  48.893  -33.394  -19.000 0.3000000119
49459  48.209  -33.181  -19.254 0.3000000119
49461  47.037  -33.985  -19.712 0.3000000119
49462  45.915  -33.256  -19.952 0.4000000060
49478  48.468  -33.327  -19.876 0.3000000119
49480  46.172  -33.488  -20.703 0.4000000060
49481  45.669  -34.039  -20.100 0.4000000060
49483  39.627  -33.519  -19.875 1.0000000000
49497  48.595  -33.466  -20.504 0.3000000119
49498  47.950  -33.358  -20.839 0.3000000119
49499  47.089  -33.653  -21.269 0.4000000060
49500  46.454  -33.746  -21.218 0.4000000060
49503  38.889  -33.612  -21.030 1.0000000000
49508  47.330  -33.257  -21.635 0.4000000060
49510  47.757  -33.163  -22.467 0.3000000119
50613  40.559  -32.449  -12.307 0.6000000238
50633  38.573  -32.486  -12.894 0.6000000238
50634  38.149  -32.399  -13.565 0.6999999881
50666  43.370  -32.225  -15.178 0.4000000060
50673  43.411  -32.780  -15.690 0.4000000060
50684  44.293  -32.263  -16.623 0.4000000060
50709  45.704  -31.998  -18.478 0.4000000060
50710  45.441  -32.606  -18.414 0.4000000060
50723  45.849  -32.514  -19.087 0.4000000060
50742  46.195  -32.767  -20.018 0.4000000060
50743  40.430  -32.407  -20.703 1.0000000000
50746  37.773  -32.258  -19.803 1.0000000000
50772  47.430  -32.937  -21.909 0.4000000060
50775  48.165  -32.742  -22.614 0.4000000060
50783  50.651  -32.710  -23.529 0.3000000119
50787  54.833  -33.300  -24.976 0.3000000119
50790  52.436  -32.802  -24.562 0.3000000119
50792  51.278  -32.747  -23.825 0.3000000119
51894  42.291  -31.548  -12.596 0.5000000000
51895  41.584  -31.322  -12.237 0.5000000000
51897  40.250  -31.254  -11.910 0.6000000238
51912  42.587  -31.921  -13.122 0.5000000000
51934  38.219  -31.062  -13.513 0.6999999881
51945  38.073  -31.777  -14.745 0.8000000119
51954  44.186  -31.381  -15.833 0.4000000060
51956  38.074  -31.547  -15.547 0.8000000119
51966  44.864  -31.282  -16.713 0.4000000060
51967  44.424  -31.632  -16.398 0.4000000060
51976  45.092  -31.521  -17.340 0.4000000060
51979  38.290  -31.862  -17.102 0.8000000119
52006  46.530  -31.500  -19.242 0.4000000060
52013  34.354  -31.567  -18.604 0.6999999881
52027  46.578  -32.146  -19.856 0.4000000060
52041  47.412  -31.723  -20.716 0.4000000060
52056  48.663  -31.634  -21.784 0.3000000119
52058  47.523  -32.147  -21.448 0.4000000060
52062  50.223  -31.235  -22.554 0.3000000119
52065  47.969  -32.254  -22.284 0.3000000119
52066  47.612  -32.402  -22.071 0.4000000060
52072  55.218  -31.391  -23.898 0.3000000119
52075  52.808  -31.377  -23.372 0.3000000119
52077  51.321  -31.431  -23.368 0.3000000119
52079  49.751  -31.835  -22.702 0.3000000119
52082  55.290  -32.248  -24.398 0.3000000119
52083  54.617  -31.594  -24.095 0.3000000119
52085  53.147  -32.195  -23.894 0.3000000119
52087  51.679  -32.024  -23.618 0.3000000119
53066  39.777  -30.903  -12.000 0.6000000238
53067  39.241  -30.699  -12.563 0.6999999881
53077  42.922  -30.654  -12.947 0.5000000000
53088  43.250  -30.738  -13.537 0.5000000000
53098  44.161  -30.545  -14.999 0.5000000000
53100  38.365  -30.509  -14.874 0.8000000119
53112  38.519  -30.303  -15.859 0.8000000119
53121  44.966  -30.634  -16.528 0.4000000060
53132  45.579  -30.473  -17.546 0.4000000060
53134  38.652  -30.680  -17.247 0.8999999762
53146  45.881  -30.742  -18.111 0.4000000060
53166  46.720  -30.765  -18.939 0.3000000119
53167  46.185  -31.050  -18.661 0.4000000060
53169  39.180  -31.068  -18.681 1.0000000000
53171  35.962  -30.982  -18.958 0.8999999762
53187  49.532  -30.579  -20.041 0.3000000119
53189  48.179  -30.683  -19.870 0.3000000119
53192  41.105  -30.632  -21.243 1.0000000000
53193  40.837  -31.339  -20.684 1.0000000000
53205  47.722  -31.104  -20.337 0.4000000060
53209  34.224  -30.510  -20.265 0.6999999881
53219  50.538  -30.571  -21.516 0.3000000119
53220  49.712  -30.539  -20.775 0.3000000119
53221  49.314  -31.028  -21.331 0.3000000119
53222  48.515  -31.271  -21.149 0.3000000119
53235  49.944  -30.988  -21.902 0.3000000119
53241  53.128  -30.692  -23.154 0.3000000119
53243  51.705  -30.843  -23.099 0.3000000119
53247  54.148  -31.139  -23.846 0.3000000119
54163  42.505  -30.444  -12.499 0.5000000000
54164  41.870  -30.190  -12.231 0.6000000238
54167  39.100  -30.111  -12.824 0.6999999881
54179  43.458  -29.860  -13.063 0.5000000000
54192  43.606  -30.173  -13.693 0.5000000000
54193  38.794  -29.792  -13.455 0.6999999881
54205  43.905  -30.328  -14.383 0.5000000000
54225  44.891  -29.624  -15.830 0.4000000060
54227  38.662  -29.846  -16.402 0.8000000119
54252  46.658  -29.907  -18.138 0.3000000119
54273  48.413  -30.059  -18.798 0.3000000119
54275  46.973  -30.200  -18.634 0.3000000119
54292  47.952  -30.331  -19.307 0.3000000119
54305  41.545  -30.235  -21.483 1.0000000000
54319  51.636  -30.037  -21.374 0.3000000119
54320  50.977  -30.163  -21.148 0.3000000119
54322  34.449  -29.664  -21.418 0.6999999881
54334  51.807  -30.332  -21.910 0.3000000119
54342  52.158  -30.336  -22.564 0.3000000119
55257  43.106  -29.533  -12.598 0.5000000000
55258  41.748  -29.420  -12.075 0.6000000238
55286  38.937  -29.003  -14.135 0.6999999881
55301  44.601  -29.422  -15.146 0.4000000060
55313  46.118  -29.166  -16.370 0.3000000119
55314  45.468  -29.247  -16.042 0.3000000119
55350  38.880  -29.569  -17.557 1.0000000000
55381  37.437  -29.594  -19.933 0.8999999762
55382  36.932  -29.937  -19.684 0.8999999762
55389  41.232  -29.698  -21.027 1.0000000000
55410  34.680  -29.218  -21.685 0.8999999762
55412  33.030  -29.198  -21.726 0.6000000238
56318  40.018  -28.603  -12.529 0.6999999881
56329  44.247  -28.233  -13.363 0.5000000000
56331  39.676  -28.279  -13.145 0.6999999881
56340  44.571  -28.651  -14.318 0.3000000119
56352  39.119  -27.885  -14.656 0.6999999881
56363  38.984  -28.421  -15.503 0.6999999881
56451  33.602  -28.935  -21.841 0.6999999881
56471  41.678  -28.533  -22.742 1.0000000000
57402  42.705  -27.619  -12.327 0.6999999881
57405  40.603  -27.515  -12.493 0.6999999881
57419  44.276  -27.547  -13.267 0.4000000060
57421  40.122  -27.368  -12.896 0.6999999881
57433  45.115  -27.534  -14.007 0.3000000119
57442  45.379  -27.866  -14.522 0.3000000119
57452  39.449  -27.531  -15.927 0.6999999881
57475  39.541  -27.427  -17.161 0.8000000119
57487  39.686  -27.662  -18.308 0.8000000119
57535  33.958  -27.841  -21.712 0.8000000119
57551  42.039  -28.031  -22.939 1.0000000000
57553  40.323  -27.744  -23.250 1.0000000000
58534  44.960  -26.528  -13.352 0.5000000000
58536  43.846  -27.265  -12.937 0.6000000238
58548  45.303  -26.877  -13.838 0.4000000060
58566  39.536  -26.831  -15.790 0.6999999881
58649  34.970  -26.801  -21.128 0.8999999762
58652  32.003  -26.718  -21.518 0.6000000238
58665  41.918  -27.442  -23.101 1.0000000000
59738  42.614  -25.772  -12.304 0.6000000238
59740  41.139  -25.837  -12.471 0.6999999881
59752  45.064  -25.870  -13.284 0.6000000238
59753  44.542  -26.166  -13.026 0.6000000238
59773  39.735  -26.099  -14.526 0.6999999881
59810  39.546  -26.202  -17.041 0.6999999881
60885  44.314  -25.004  -12.978 0.5000000000
60887  42.937  -25.092  -12.327 0.6000000238
60888  42.192  -25.182  -12.364 0.6000000238
60890  40.951  -25.396  -12.608 0.6000000238
60901  40.664  -25.265  -12.987 0.6000000238
60961  39.582  -25.586  -17.541 0.8000000119
60968  39.493  -25.357  -18.208 0.8000000119
60979  39.507  -25.186  -18.800 0.8000000119
61003  35.387  -25.240  -20.506 0.8000000119
61007  31.509  -25.329  -20.834 0.6999999881
62113  43.816  -24.504  -12.722 0.6000000238
62115  41.736  -24.702  -12.524 0.6000000238
62124  42.558  -23.976  -12.868 0.5000000000
62126  41.343  -24.385  -13.006 0.6000000238
62135  45.558  -24.233  -14.093 0.5000000000
62137  44.611  -24.102  -13.550 0.5000000000
62147  46.617  -24.753  -14.973 0.4000000060
62148  46.079  -24.568  -14.479 0.4000000060
62180  39.404  -25.017  -15.996 0.6999999881
62181  39.120  -24.651  -16.554 0.6000000238
62241  30.900  -24.519  -20.734 0.6000000238
62263  41.504  -23.944  -24.521 1.0000000000
62270  41.300  -23.361  -24.709 1.0000000000
63272  43.059  -23.991  -12.588 0.6000000238
63279  44.117  -23.844  -13.305 0.5000000000
63283  41.573  -23.834  -13.310 0.6000000238
63291  44.367  -23.611  -13.823 0.4000000060
63295  41.181  -23.527  -13.790 0.6000000238
63305  45.016  -23.115  -15.004 0.4000000060
63308  39.762  -23.619  -15.282 0.5000000000
63321  45.714  -23.426  -15.189 0.4000000060
63343  45.878  -23.356  -17.244 0.4000000060
63363  46.099  -23.549  -18.641 0.3000000119
63378  39.128  -23.402  -19.632 0.6000000238
63386  35.061  -23.860  -20.467 0.8000000119
63391  30.854  -23.685  -20.651 0.6999999881
63415  41.322  -22.154  -24.396 0.8999999762
64459  42.683  -22.716  -13.978 0.5000000000
64470  44.377  -22.881  -14.835 0.4000000060
64490  40.265  -22.546  -15.395 0.5000000000
64491  39.374  -23.260  -15.728 0.5000000000
64512  44.808  -23.118  -17.462 0.3000000119
64513  44.468  -22.827  -17.515 0.3000000119
64571  33.460  -22.441  -20.565 0.6000000238
64574  30.891  -22.887  -20.611 0.6000000238
64581  38.855  -22.157  -22.532 0.6999999881
64601  35.609  -22.711  -21.976 0.8000000119
65742  43.176  -22.186  -15.021 0.4000000060
65744  41.578  -22.130  -14.816 0.5000000000
65754  44.113  -22.336  -16.060 0.4000000060
65756  41.727  -21.785  -15.386 0.5000000000
65771  39.945  -21.568  -16.056 0.5000000000
65773  38.972  -22.424  -16.622 0.5000000000
65785  43.559  -21.781  -17.090 0.4000000060
65798  38.807  -22.083  -18.062 0.5000000000
65816  38.894  -22.088  -18.912 0.5000000000
65853  40.207  -21.050  -21.756 0.6000000238
65873  34.499  -21.949  -21.586 0.8000000119
67002  42.285  -21.308  -16.027 0.5000000000
67017  41.999  -20.895  -16.283 0.4000000060
67048  44.307  -22.116  -17.961 0.4000000060
67085  39.858  -20.722  -20.807 0.5000000000
67120  40.506  -20.000  -22.913 0.6999999881
67121  40.311  -19.960  -22.773 0.6999999881
67128  32.113  -21.138  -21.493 0.6000000238
67129  31.481  -21.388  -21.500 0.5000000000
67153  34.102  -20.715  -22.233 0.6999999881
68203  42.870  -20.935  -16.801 0.5000000000
68205  39.842  -20.525  -16.883 0.4000000060
68281  40.189  -19.988  -22.245 0.5000000000
68286  33.346  -20.544  -22.109 0.6000000238
68287  32.626  -20.651  -21.768 0.6000000238
68301  32.686  -20.225  -22.322 0.6000000238
69368  41.442  -19.529  -17.342 0.3000000119
70497  40.881  -18.760  -19.004 0.3000000119
70520  41.273  -19.054  -21.499 0.4000000060
70524  37.955  -18.669  -19.764 0.3000000119
70533  41.320  -18.750  -21.633 0.4000000060
71747  36.072  -18.030  -21.234 0.3000000119
72936  37.790  -16.846  -19.157 0.3000000119
72990  34.147  -17.143  -23.422 0.4000000060
75290  38.047  -15.212  -18.425 0.3000000119
76462  40.610  -14.904  -18.006 0.3000000119
76483  37.536  -14.754  -18.680 0.3000000119
80598  34.938  -10.239  -24.505 0.3000000119
84348  38.536  -10.065  -19.647 0.3000000119
174851  40.021  -36.325  -12.533 0.6999999881
175136  36.908  -35.787  -15.893 0.8000000119
175303  31.905  -24.297  -20.207 0.6999999881
175632  38.828  -22.274  -17.268 0.5000000000
175766  45.700  -35.185  -20.743 0.4000000060
176764  40.443  -29.711  -12.077 0.6999999881
176836  39.715  -26.474  -19.116 0.8000000119
176996  39.675  -25.809  -15.181 0.6999999881
177113  40.310  -26.352  -13.084 0.6999999881
177432  56.193  -30.395  -23.665 0.3000000119
178654  44.874  -44.705  -14.457 0.5000000000
178786  42.488  -19.274  -17.139 0.3000000119
178913  37.012  -37.674  -16.996 0.8000000119
179074  39.937  -28.954  -19.327 1.0000000000
179889  41.757  -17.224  -20.160 0.4000000060
179893  45.377  -24.833  -13.773 0.4000000060
179983  30.268  -43.743  -19.636 0.4000000060
180005  41.045  -36.350  -13.688 0.6999999881
180631  39.567  -28.791  -18.576 1.0000000000
180993  40.999  -30.924  -21.322 1.0000000000
181627  41.808  -41.095  -15.007 0.4000000060
181951  37.097  -38.267  -17.501 0.8000000119
182134  37.373  -40.085  -17.858 0.8000000119
182173  43.422  -47.462  -14.620 0.6000000238
182340  43.095  -27.883  -12.632 0.6000000238
182565  29.670  -43.717  -19.448 0.4000000060
182577  36.519  -43.087  -15.295 0.6999999881
182873  42.154  -32.954  -13.283 0.5000000000
182991  42.247  -22.189  -14.374 0.5000000000
183586  37.411  -44.244  -13.368 0.8000000119
183901  44.590  -22.685  -16.245 0.4000000060
184155  39.677  -27.049  -13.755 0.6999999881
184182  39.168  -39.932  -12.415 0.6000000238
184237  33.915  -18.778  -23.190 0.5000000000
184659  41.759  -27.102  -12.171 0.6999999881
185323  39.434  -28.065  -13.707 0.6999999881
185337  39.031  -32.080  -18.677 1.0000000000
185477  41.251  -28.830  -11.992 0.6999999881
185537  40.886  -31.090  -12.140 0.6000000238
186544  42.256  -39.929  -12.888 0.3000000119
187240  44.423  -39.847  -17.906 0.3000000119
187437  39.512  -27.882  -17.596 0.6999999881
187903  39.668  -33.797  -20.972 1.0000000000
188673  44.685  -38.705  -17.813 0.3000000119
189419  38.114  -39.163  -12.540 0.6999999881
189658  39.746  -34.328  -20.839 1.0000000000
190301  39.385  -34.122  -12.345 0.6000000238
190421  36.856  -45.561  -16.040 0.5000000000
190564  42.419  -27.194  -12.139 0.6999999881
190671  36.692  -39.784  -14.054 0.8000000119
190697  38.573  -40.019  -12.429 0.6999999881
190966  43.682  -32.275  -15.739 0.4000000060
191056  42.841  -31.874  -13.791 0.5000000000
191411  36.690  -35.667  -19.604 0.8000000119
191592  40.388  -25.125  -13.623 0.6000000238
191653  39.951  -34.304  -12.372 0.6000000238
191805  37.331  -39.123  -13.015 0.6999999881
191918  41.304  -36.086  -14.224 0.6000000238
192108  54.498  -32.431  -24.543 0.3000000119
192256  38.937  -44.098  -12.391 0.6999999881
192347  43.181  -38.668  -14.843 0.4000000060
192750  39.501  -31.928  -12.195 0.6000000238
194047  39.531  -41.555  -12.486 0.6999999881
194787  40.906  -46.621  -12.924 0.6000000238
194823  42.611  -39.078  -13.740 0.3000000119
195437  41.736  -45.518  -13.725 0.6999999881
195576  43.732  -26.796  -12.689 0.6000000238
195639  53.379  -30.258  -22.947 0.3000000119
195891  36.007  -31.963  -18.792 0.8999999762
197952  31.040  -25.161  -20.931 0.6999999881
198115  50.068  -32.386  -23.004 0.3000000119
198156  46.387  -25.122  -14.534 0.4000000060
198416  45.828  -23.958  -14.633 0.3000000119
198833  29.536  -41.425  -19.584 0.4000000060
198863  39.528  -25.553  -15.675 0.6999999881
198934  42.376  -36.116  -16.045 0.5000000000
198960  45.114  -30.025  -16.330 0.4000000060
199228  44.276  -40.004  -17.922 0.3000000119
199831  40.739  -32.409  -21.644 1.0000000000
200110  31.471  -23.746  -20.404 0.6999999881
200131  44.500  -28.354  -13.854 0.4000000060
200285  41.343  -41.117  -14.505 0.4000000060
200735  42.560  -47.699  -14.191 0.6000000238
200748  38.980  -29.031  -17.331 0.8000000119
200786  36.768  -28.233  -21.674 1.0000000000
200989  31.634  -39.165  -18.609 0.4000000060
201177  33.994  -24.698  -19.965 0.8000000119
201816  43.008  -26.314  -12.333 0.6000000238
202143  38.975  -23.577  -18.968 0.6000000238
202778  34.896  -26.219  -20.706 0.8000000119
202917  36.220  -38.111  -19.224 0.6999999881
202930  38.226  -38.197  -12.618 0.6999999881
203602  37.620  -32.989  -15.737 0.6999999881
203976  42.669  -41.135  -15.322 0.5000000000
204072  42.212  -42.478  -12.050 0.3000000119
204408  40.856  -26.401  -24.012 1.0000000000
204482  40.100  -24.931  -14.214 0.6000000238
204785  46.866  -31.548  -19.790 0.4000000060
205037  32.512  -37.884  -17.660 0.5000000000
205173  38.871  -29.408  -13.804 0.6999999881
205174  42.813  -27.241  -12.311 0.6999999881
205714  37.592  -34.969  -17.830 0.8999999762
205717  37.006  -35.511  -19.937 0.8000000119
206259  52.570  -30.009  -22.438 0.3000000119
206563  35.370  -19.002  -22.999 0.5000000000
206601  41.695  -31.898  -12.438 0.5000000000
207301  39.735  -22.749  -15.649 0.5000000000
207350  45.364  -36.205  -20.079 0.3000000119
207523  35.362  -41.218  -17.832 0.6000000238
207536  39.292  -35.960  -21.008 1.0000000000
207544  40.829  -38.930  -13.807 0.6000000238
207777  49.986  -30.692  -21.280 0.3000000119
207928  38.493  -30.393  -15.369 0.8000000119
208165  37.788  -35.996  -12.889 0.6999999881
208471  33.560  -21.847  -20.946 0.6000000238
208558  43.304  -26.715  -12.435 0.6999999881
208596  37.808  -35.211  -12.929 0.8000000119
208807  46.002  -32.660  -19.601 0.4000000060
209115  37.905  -33.801  -13.273 0.6999999881
209593  39.395  -41.762  -19.914 0.5000000000
209637  41.273  -47.270  -13.225 0.6000000238
