#!ascii label  , from subject sub-v2s11x28717_ses-1 vox2ras=TkReg
1356
20761  43.273  -54.138  -18.109 0.3000000119
23522  37.796  -51.710  -23.130 0.6000000238
25415  34.879  -50.010  -21.815 0.6999999881
27463  34.431  -48.526  -21.650 0.6999999881
20772  43.642  -54.052  -18.662 0.4000000060
23540  43.433  -52.247  -24.412 0.4000000060
192121  43.466  -53.516  -18.343 0.5000000000
21661  43.365  -52.738  -16.982 0.5000000000
188883  38.385  -51.549  -23.353 0.6999999881
24462  36.791  -51.486  -22.561 0.6999999881
24461  37.661  -51.363  -22.414 0.5000000000
24434  36.179  -50.549  -21.207 0.6000000238
24435  35.522  -50.355  -21.535 0.6000000238
25402  35.364  -49.568  -21.239 0.6999999881
28467  34.641  -47.730  -20.948 0.6999999881
21683  44.281  -53.452  -19.681 0.5000000000
23533  44.652  -51.871  -23.865 0.4000000060
181895  43.784  -53.479  -18.971 0.6000000238
23542  41.709  -52.159  -24.602 0.4000000060
23537  40.871  -52.073  -24.637 0.5000000000
22591  43.747  -52.174  -19.657 0.6000000238
23538  39.958  -52.305  -24.742 0.6000000238
23529  39.764  -51.586  -23.817 0.6000000238
22580  43.628  -52.256  -19.036 0.6000000238
24470  38.906  -51.039  -23.026 0.6000000238
24447  37.343  -50.875  -21.808 0.6000000238
24433  37.020  -50.580  -21.122 0.6000000238
25386  35.894  -49.683  -20.252 0.6999999881
25401  35.952  -50.130  -20.623 0.6999999881
26427  35.575  -49.033  -20.497 0.6999999881
27431  35.238  -48.186  -20.737 0.6999999881
28454  34.947  -47.277  -20.690 0.6999999881
28452  35.714  -47.425  -20.487 0.6999999881
178835  35.528  -46.827  -20.655 0.6999999881
192099  35.897  -46.754  -20.591 0.6999999881
21695  45.179  -53.437  -20.953 0.5000000000
22619  45.124  -52.066  -22.659 0.5000000000
22623  45.448  -52.407  -23.274 0.5000000000
23541  42.585  -52.150  -24.582 0.4000000060
22602  44.409  -52.485  -20.776 0.5000000000
23536  41.636  -51.439  -24.314 0.5000000000
24476  40.493  -51.381  -24.054 0.6000000238
202891  43.636  -51.760  -19.379 0.6000000238
22603  43.863  -52.014  -20.357 0.5000000000
24444  43.714  -50.614  -21.050 0.5000000000
24460  38.486  -51.129  -22.452 0.6999999881
25400  36.742  -50.237  -20.454 0.6000000238
25385  36.468  -49.870  -19.896 0.6000000238
27418  36.276  -48.623  -19.142 0.6000000238
27430  35.771  -48.477  -19.946 0.6999999881
29536  35.332  -46.634  -20.630 0.6999999881
29535  35.756  -46.310  -20.495 0.6999999881
208601  35.922  -46.078  -20.389 0.6999999881
28432  36.216  -47.264  -19.838 0.6999999881
23534  43.222  -51.410  -24.180 0.4000000060
23516  44.660  -52.289  -21.678 0.5000000000
23528  44.903  -51.631  -23.559 0.4000000060
24474  42.067  -50.704  -24.029 0.5000000000
24467  40.909  -50.508  -23.545 0.6000000238
203165  44.400  -51.581  -22.109 0.4000000060
24469  39.529  -50.934  -23.100 0.6000000238
23507  43.978  -51.841  -21.182 0.4000000060
24456  44.305  -50.482  -23.166 0.4000000060
23521  44.185  -50.805  -22.420 0.4000000060
177031  44.001  -49.729  -23.157 0.4000000060
24459  39.242  -50.607  -22.461 0.6999999881
24446  38.181  -50.779  -21.686 0.6000000238
24432  37.813  -50.613  -21.018 0.6000000238
25384  37.200  -50.143  -19.721 0.6000000238
25399  37.474  -50.482  -20.326 0.6000000238
26412  36.695  -49.186  -18.872 0.6000000238
30673  35.575  -45.755  -19.524 0.6999999881
29534  36.087  -46.460  -20.297 0.6000000238
24471  44.383  -51.133  -23.567 0.4000000060
25430  43.385  -49.864  -23.615 0.4000000060
24468  40.216  -50.828  -23.260 0.6999999881
24466  43.963  -50.160  -23.477 0.4000000060
24458  39.963  -50.390  -22.543 0.8000000119
25411  43.685  -49.650  -21.738 0.5000000000
24445  39.003  -50.543  -21.723 0.6999999881
25414  38.711  -50.304  -20.958 0.6000000238
25367  37.642  -50.019  -19.047 0.5000000000
25398  38.216  -50.476  -20.277 0.6000000238
31727  35.641  -45.185  -19.317 0.6999999881
28418  36.708  -47.964  -17.936 0.6000000238
177670  36.331  -48.017  -18.838 0.6000000238
30688  36.058  -45.805  -20.114 0.8000000119
28419  36.458  -47.359  -18.721 0.6000000238
29516  36.399  -46.799  -19.481 0.6000000238
25431  42.527  -49.849  -23.619 0.5000000000
25432  41.673  -50.133  -23.580 0.6000000238
25426  42.953  -48.933  -23.367 0.5000000000
27473  43.396  -47.529  -22.797 0.6999999881
25425  43.584  -49.109  -23.215 0.4000000060
25424  39.722  -50.208  -21.882 0.6999999881
25413  39.525  -50.126  -21.198 0.6999999881
178825  38.262  -50.123  -19.225 0.6000000238
176581  38.879  -50.276  -20.193 0.6000000238
26410  37.890  -49.627  -18.468 0.6000000238
32741  35.479  -44.568  -18.647 0.6000000238
26399  36.726  -48.658  -18.413 0.6000000238
31737  36.397  -45.421  -19.914 0.6999999881
31738  36.103  -45.199  -19.928 0.6999999881
29503  36.560  -46.628  -18.619 0.6999999881
30672  36.394  -46.143  -19.786 0.6999999881
26470  42.094  -48.376  -22.948 0.5000000000
25428  41.281  -49.638  -23.186 0.6000000238
25429  40.626  -50.120  -22.835 0.6000000238
27461  42.985  -47.378  -22.312 0.6999999881
26469  42.668  -48.228  -23.043 0.6000000238
25423  40.483  -49.828  -22.049 0.6999999881
28483  43.296  -47.183  -22.458 0.6999999881
27470  43.810  -47.542  -22.634 0.6999999881
183423  40.079  -49.859  -21.443 0.6999999881
25396  40.110  -49.836  -20.760 0.6999999881
25365  38.904  -49.966  -19.031 0.5000000000
25381  39.316  -50.099  -19.702 0.6000000238
33795  35.010  -43.632  -17.940 0.5000000000
26397  38.130  -49.285  -17.979 0.6000000238
25366  38.271  -49.903  -18.806 0.6000000238
33794  35.833  -44.042  -18.896 0.6000000238
34848  35.691  -43.295  -18.617 0.5000000000
27408  37.101  -48.581  -17.812 0.6000000238
26398  37.384  -49.107  -18.174 0.6000000238
32756  36.624  -44.881  -20.081 0.6000000238
33801  36.405  -43.683  -19.345 0.5000000000
34856  36.563  -42.676  -19.259 0.5000000000
28408  36.628  -47.234  -17.934 0.6999999881
30659  36.715  -45.963  -18.923 0.6999999881
31726  37.022  -44.907  -20.042 0.6999999881
32754  37.564  -44.124  -20.018 0.5000000000
30649  36.714  -46.093  -17.986 0.6999999881
180723  37.264  -44.805  -19.351 0.6000000238
199035  41.046  -49.540  -22.576 0.6000000238
27462  42.520  -47.891  -22.308 0.6999999881
26467  41.963  -48.388  -22.578 0.6000000238
27446  42.978  -47.910  -21.071 0.6999999881
25412  40.666  -49.550  -21.307 0.6999999881
200245  40.142  -49.896  -19.839 0.6999999881
25364  39.722  -49.795  -19.146 0.6000000238
35966  35.822  -42.556  -18.344 0.4000000060
26409  39.374  -49.504  -18.541 0.5000000000
206694  36.332  -42.183  -18.812 0.4000000060
28407  37.036  -47.434  -17.195 0.6000000238
27407  37.668  -48.893  -17.555 0.6000000238
33800  37.117  -44.022  -20.070 0.5000000000
34855  36.917  -43.334  -19.693 0.5000000000
205004  37.310  -44.531  -20.046 0.5000000000
33806  37.714  -43.624  -20.176 0.4000000060
29495  36.689  -46.689  -17.547 0.6000000238
176946  37.201  -44.989  -18.338 0.6999999881
32740  37.500  -44.320  -18.918 0.5000000000
201076  42.396  -48.350  -21.661 0.6000000238
26459  41.867  -48.554  -21.879 0.6999999881
26460  41.328  -49.102  -21.123 0.6999999881
27428  43.085  -48.155  -20.324 0.6999999881
27429  42.572  -48.487  -20.330 0.6999999881
26444  40.755  -49.469  -20.417 0.6000000238
25363  40.778  -49.276  -19.539 0.6000000238
26396  39.122  -49.291  -17.899 0.6000000238
209157  38.615  -49.320  -17.921 0.6000000238
27389  37.317  -48.274  -17.194 0.6000000238
183466  37.474  -42.877  -20.023 0.4000000060
35973  37.646  -42.127  -19.876 0.5000000000
37105  36.991  -41.561  -19.301 0.4000000060
37111  38.537  -41.898  -20.298 0.4000000060
30658  36.914  -45.520  -17.562 0.6000000238
26442  42.128  -48.713  -20.376 0.6999999881
26443  41.495  -49.007  -20.137 0.6000000238
27417  43.175  -48.503  -19.575 0.6999999881
26425  41.335  -48.879  -19.226 0.6000000238
27416  43.796  -48.291  -19.395 0.6999999881
26407  40.692  -49.209  -18.726 0.5000000000
26384  39.197  -49.100  -17.280 0.6000000238
181813  39.624  -49.144  -17.643 0.6000000238
26385  38.503  -49.048  -17.497 0.6000000238
27388  37.913  -48.298  -16.527 0.5000000000
29494  37.109  -46.713  -16.792 0.6000000238
30648  36.951  -46.100  -17.118 0.6000000238
32734  37.219  -44.457  -17.741 0.5000000000
26392  42.100  -49.166  -18.383 0.6999999881
26393  41.400  -49.172  -18.535 0.6999999881
175244  40.841  -49.296  -17.887 0.6000000238
26382  40.147  -49.182  -17.688 0.5000000000
26356  39.083  -48.838  -16.097 0.6000000238
26370  39.418  -49.086  -16.619 0.6000000238
28393  37.677  -47.774  -16.108 0.6000000238
29481  37.264  -46.677  -16.101 0.6000000238
31702  37.034  -44.989  -17.240 0.5000000000
26422  44.680  -49.338  -19.997 0.5000000000
26457  44.448  -48.159  -21.823 0.5000000000
186072  45.602  -48.717  -20.710 0.5000000000
26440  44.495  -48.853  -20.792 0.5000000000
27460  44.208  -47.572  -22.367 0.6999999881
29554  45.225  -46.164  -21.855 0.6999999881
27459  44.592  -47.146  -22.036 0.5000000000
27458  45.194  -47.151  -21.884 0.5000000000
28479  43.950  -46.874  -22.055 0.6999999881
28478  44.387  -46.657  -21.943 0.6999999881
27445  43.476  -47.394  -21.094 0.6999999881
21662  43.165  -53.435  -17.185 0.3000000119
26445  34.917  -48.680  -21.346 0.6999999881
24448  36.520  -50.915  -21.934 0.6000000238
28453  35.084  -47.511  -20.713 0.6999999881
30674  35.221  -46.102  -19.233 0.6999999881
26466  43.642  -48.217  -22.901 0.6000000238
26411  37.249  -49.503  -18.682 0.6000000238
31711  36.589  -45.533  -19.905 0.6999999881
32750  36.074  -44.702  -19.618 0.6000000238
32749  36.548  -44.345  -19.909 0.6000000238
31710  37.071  -45.253  -19.122 0.6999999881
207202  36.257  -43.086  -19.024 0.5000000000
199467  36.047  -41.935  -18.345 0.5000000000
33799  37.907  -43.955  -19.713 0.5000000000
206604  40.284  -49.513  -19.167 0.5000000000
26406  41.926  -48.842  -19.061 0.6999999881
26394  40.289  -49.204  -18.215 0.5000000000
28394  37.360  -47.284  -16.447 0.6000000238
26371  38.686  -48.755  -16.789 0.6000000238
29531  46.312  -45.846  -20.871 0.6000000238
30630  48.237  -45.198  -16.726 0.6000000238
29440  47.475  -46.490  -14.964 0.4000000060
30671  47.446  -45.709  -19.401 0.5000000000
29532  45.608  -46.263  -20.856 0.6000000238
21736  38.896  -53.654  -24.552 0.5000000000
28351  47.972  -47.494  -14.596 0.4000000060
23539  39.140  -52.560  -24.360 0.5000000000
22626  37.468  -53.263  -23.669 0.5000000000
31709  47.953  -45.271  -18.108 0.5000000000
28312  47.041  -47.292  -13.442 0.4000000060
22634  38.451  -52.322  -23.907 0.5000000000
22628  36.118  -52.633  -23.132 0.5000000000
31686  48.058  -45.000  -17.074 0.6000000238
23532  37.404  -52.473  -23.526 0.5000000000
29514  46.914  -46.286  -19.129 0.5000000000
29533  44.949  -46.059  -21.548 0.6000000238
30530  46.423  -46.410  -11.391 0.4000000060
209426  46.555  -45.564  -10.821 0.4000000060
30614  47.388  -45.160  -15.914 0.4000000060
22621  35.030  -52.850  -22.602 0.5000000000
30656  47.724  -45.440  -17.758 0.5000000000
23524  35.338  -52.470  -22.831 0.5000000000
23526  34.322  -51.562  -22.359 0.5000000000
29515  46.226  -46.440  -19.765 0.6000000238
28448  45.475  -46.867  -19.823 0.6000000238
28451  43.974  -46.973  -20.990 0.6000000238
24449  35.738  -50.930  -22.041 0.5000000000
24451  34.424  -50.956  -22.454 0.5000000000
24452  34.170  -50.892  -22.080 0.4000000060
28416  46.628  -47.026  -18.754 0.5000000000
29502  47.028  -46.598  -18.410 0.5000000000
28430  45.985  -47.305  -19.028 0.6000000238
27414  45.095  -48.076  -18.845 0.6000000238
28431  44.854  -47.362  -19.758 0.6000000238
27415  44.449  -48.139  -19.157 0.6000000238
27427  43.612  -47.797  -20.246 0.6000000238
29420  46.760  -46.690  -14.016 0.4000000060
29364  46.552  -46.883  -12.014 0.4000000060
26462  34.292  -49.309  -21.797 0.5000000000
25417  34.117  -50.220  -21.851 0.5000000000
26447  33.378  -49.871  -20.489 0.4000000060
25416  34.456  -50.167  -22.094 0.6000000238
24436  33.596  -50.968  -21.427 0.4000000060
29492  47.042  -46.222  -17.195 0.6000000238
27404  45.896  -48.042  -17.706 0.6000000238
27405  45.348  -48.376  -18.003 0.6000000238
27406  44.719  -48.612  -18.303 0.6000000238
32621  44.973  -44.884  -10.356 0.4000000060
26446  33.905  -49.155  -21.127 0.5000000000
26429  33.554  -49.132  -20.249 0.4000000060
26414  32.310  -49.530  -19.467 0.4000000060
194731  46.818  -45.107  -15.457 0.6000000238
29441  46.944  -46.051  -14.716 0.4000000060
186199  46.394  -46.206  -16.137 0.6000000238
30632  47.545  -45.251  -16.371 0.6000000238
28405  46.788  -46.931  -17.797 0.5000000000
27387  45.580  -48.402  -17.173 0.6000000238
28391  46.144  -47.292  -16.637 0.5000000000
26403  44.021  -48.712  -18.532 0.6000000238
32603  45.306  -44.250  -10.239 0.4000000060
29381  46.021  -46.705  -12.508 0.4000000060
26428  34.109  -48.294  -20.863 0.6000000238
27419  33.395  -48.349  -19.362 0.5000000000
187325  32.658  -48.501  -18.822 0.5000000000
27420  32.153  -49.069  -19.002 0.5000000000
30600  46.615  -44.977  -15.105 0.4000000060
29421  46.317  -46.430  -13.838 0.4000000060
30615  46.539  -44.952  -15.148 0.5000000000
29461  45.767  -46.482  -15.719 0.5000000000
28370  45.395  -47.510  -15.814 0.5000000000
27397  44.938  -48.727  -17.422 0.6000000238
26389  44.272  -48.985  -17.669 0.6000000238
26404  43.352  -48.911  -18.817 0.6000000238
31587  44.392  -45.219  -10.847 0.4000000060
30516  45.486  -46.019  -11.135 0.4000000060
31573  44.424  -44.848  -10.394 0.4000000060
33670  44.326  -43.928  -10.057 0.4000000060
28433  34.633  -47.062  -20.236 0.6000000238
30548  44.549  -45.817  -12.073 0.4000000060
30547  45.180  -46.189  -11.915 0.4000000060
28420  33.732  -47.438  -18.522 0.6000000238
28436  32.434  -47.890  -18.549 0.5000000000
177457  31.837  -48.384  -18.808 0.4000000060
30581  45.912  -45.852  -13.839 0.4000000060
30616  46.203  -45.211  -15.474 0.5000000000
207924  44.738  -48.785  -16.192 0.5000000000
26366  44.269  -49.050  -16.114 0.6000000238
26380  43.039  -49.456  -17.405 0.6000000238
26381  42.353  -49.590  -17.674 0.6000000238
32606  43.435  -44.108  -10.388 0.4000000060
29517  34.892  -46.600  -19.552 0.6000000238
29518  34.275  -47.119  -19.236 0.6000000238
28421  32.960  -47.445  -18.230 0.5000000000
29520  30.930  -46.462  -18.986 0.5000000000
30562  44.922  -45.905  -12.912 0.4000000060
204711  45.840  -44.922  -14.417 0.4000000060
30617  45.819  -45.052  -15.127 0.5000000000
28352  45.131  -46.913  -15.382 0.5000000000
26368  43.138  -49.474  -16.560 0.5000000000
34735  42.689  -42.878  -9.947 0.4000000060
30675  34.633  -46.328  -18.463 0.6000000238
30661  33.143  -46.257  -17.933 0.5000000000
30662  32.284  -46.056  -18.129 0.5000000000
29462  45.488  -45.803  -15.360 0.5000000000
28371  44.719  -47.854  -15.423 0.4000000060
26338  43.161  -49.065  -15.216 0.4000000060
25345  42.532  -49.705  -16.912 0.4000000060
25346  41.917  -49.707  -17.082 0.6000000238
201366  40.525  -49.354  -17.030 0.4000000060
174422  42.118  -42.434  -10.122 0.4000000060
32633  43.468  -44.567  -11.272 0.4000000060
31728  35.007  -45.657  -18.460 0.6000000238
32644  43.670  -44.744  -12.005 0.4000000060
31712  35.119  -45.017  -18.233 0.5000000000
31713  33.988  -45.855  -17.865 0.5000000000
31714  32.862  -45.543  -17.841 0.5000000000
31715  31.995  -45.299  -18.439 0.4000000060
178796  33.507  -45.122  -17.815 0.4000000060
29442  44.884  -46.285  -15.079 0.5000000000
28353  44.515  -47.182  -15.070 0.5000000000
28354  43.613  -48.038  -14.831 0.6000000238
25329  42.500  -49.519  -15.546 0.4000000060
25330  41.968  -49.768  -15.943 0.4000000060
193511  40.539  -49.349  -16.221 0.4000000060
26339  42.526  -49.172  -15.000 0.5000000000
32742  34.776  -44.419  -17.824 0.5000000000
185196  34.470  -45.145  -17.757 0.6000000238
26355  40.518  -49.255  -15.434 0.5000000000
204934  40.032  -49.240  -16.587 0.5000000000
27328  42.448  -48.256  -14.325 0.5000000000
27351  42.958  -48.582  -14.769 0.5000000000
26340  41.837  -49.058  -14.661 0.5000000000
193668  41.135  -49.240  -14.915 0.5000000000
33694  42.773  -43.703  -11.370 0.4000000060
28374  37.575  -47.191  -15.811 0.5000000000
209302  39.877  -49.003  -15.946 0.4000000060
26327  41.312  -48.940  -14.331 0.5000000000
27329  41.795  -48.575  -14.109 0.5000000000
176888  34.717  -42.422  -17.880 0.4000000060
28373  37.964  -47.639  -15.518 0.4000000060
28372  38.472  -47.987  -15.262 0.4000000060
27373  38.209  -48.107  -15.874 0.5000000000
27372  38.784  -48.405  -15.655 0.5000000000
26341  39.934  -49.000  -15.129 0.5000000000
27371  39.382  -48.670  -15.463 0.5000000000
199654  40.482  -49.069  -14.842 0.5000000000
181490  39.933  -48.202  -14.061 0.5000000000
27332  39.337  -48.236  -14.371 0.4000000060
24450  34.937  -50.802  -22.207 0.5000000000
27464  34.310  -48.545  -21.613 0.6000000238
24463  35.944  -51.557  -22.659 0.6000000238
28468  34.543  -47.742  -21.024 0.6000000238
22633  39.639  -53.362  -24.932 0.5000000000
206321  35.294  -44.147  -18.233 0.5000000000
174823  41.635  -49.413  -17.787 0.6000000238
174822  41.264  -49.538  -17.127 0.4000000060
23525  34.935  -52.198  -22.641 0.5000000000
24464  35.250  -51.573  -22.587 0.5000000000
24465  34.690  -51.568  -22.546 0.5000000000
25403  33.737  -50.005  -21.354 0.4000000060
195073  32.862  -49.710  -19.894 0.4000000060
30633  46.917  -45.148  -15.768 0.6000000238
27433  33.636  -48.611  -19.974 0.6000000238
26413  32.932  -49.011  -19.544 0.4000000060
30561  45.617  -46.160  -13.138 0.4000000060
28455  34.353  -47.600  -20.531 0.6000000238
28434  33.959  -47.670  -19.487 0.6000000238
28435  33.208  -47.966  -18.663 0.5000000000
174454  31.709  -49.686  -19.136 0.5000000000
205591  31.464  -47.004  -18.722 0.5000000000
30660  33.923  -46.483  -18.100 0.5000000000
202691  32.172  -47.231  -18.437 0.5000000000
29506  32.624  -46.763  -18.104 0.5000000000
27349  44.083  -48.359  -15.250 0.5000000000
29507  31.788  -46.580  -18.395 0.5000000000
31654  45.268  -44.880  -14.708 0.5000000000
25338  41.593  -49.782  -16.477 0.3000000119
27333  38.703  -47.894  -14.617 0.4000000060
15210  49.782  -58.363  -17.251 0.3000000119
14194  49.873  -58.639  -18.026 0.3000000119
16293  50.976  -57.736  -18.944 0.3000000119
15270  50.409  -58.209  -18.484 0.3000000119
189856  51.099  -56.962  -17.987 0.3000000119
189677  49.240  -57.728  -19.845 0.3000000119
17209  51.057  -57.063  -19.552 0.3000000119
20735  52.902  -52.548  -16.404 0.3000000119
18967  51.569  -54.754  -17.170 0.3000000119
18092  51.806  -56.098  -18.940 0.3000000119
18093  51.380  -56.352  -19.653 0.3000000119
20746  52.706  -53.136  -16.971 0.3000000119
22554  54.351  -51.630  -17.122 0.3000000119
192125  53.176  -52.731  -17.115 0.3000000119
19858  52.352  -53.654  -17.734 0.4000000060
19872  52.218  -54.849  -18.711 0.4000000060
19004  51.007  -55.183  -20.366 0.4000000060
18996  48.655  -56.089  -19.703 0.3000000119
191748  54.632  -50.792  -18.147 0.3000000119
22576  53.723  -51.488  -18.329 0.4000000060
21682  53.178  -52.499  -18.869 0.4000000060
19883  52.127  -54.799  -19.571 0.4000000060
24397  55.379  -49.952  -17.585 0.3000000119
19894  50.632  -54.782  -20.560 0.4000000060
201173  56.582  -48.178  -17.676 0.4000000060
25357  56.631  -49.680  -18.050 0.4000000060
192673  48.608  -55.446  -19.594 0.4000000060
182592  49.027  -54.915  -19.640 0.3000000119
24418  55.550  -50.008  -18.715 0.4000000060
23486  54.567  -50.709  -18.726 0.3000000119
21689  53.061  -52.437  -19.438 0.4000000060
26401  57.023  -49.196  -18.491 0.4000000060
21691  52.313  -52.945  -20.415 0.5000000000
20789  52.104  -53.682  -20.367 0.4000000060
23482  43.655  -51.665  -18.197 0.5000000000
185762  57.743  -47.671  -18.517 0.4000000060
209164  50.297  -54.322  -20.605 0.4000000060
21644  43.499  -53.226  -15.877 0.3000000119
23454  44.972  -51.954  -15.823 0.4000000060
20748  47.723  -54.172  -17.077 0.3000000119
21735  40.225  -54.123  -25.244 0.4000000060
174211  39.582  -54.157  -24.572 0.4000000060
25395  43.763  -50.159  -20.746 0.4000000060
25394  44.194  -49.690  -20.301 0.4000000060
24431  43.711  -50.927  -20.278 0.4000000060
25372  56.111  -50.036  -19.260 0.4000000060
23494  54.460  -50.561  -19.130 0.3000000119
22598  53.322  -51.837  -19.699 0.5000000000
24423  43.954  -50.582  -19.145 0.4000000060
24414  43.756  -51.147  -18.701 0.4000000060
27424  57.085  -48.407  -19.639 0.4000000060
22548  43.737  -52.342  -16.377 0.4000000060
20791  50.382  -53.806  -20.736 0.4000000060
24381  44.826  -50.971  -16.783 0.5000000000
20780  49.517  -53.978  -20.081 0.5000000000
23462  46.132  -51.830  -16.112 0.4000000060
21642  44.660  -52.889  -15.495 0.4000000060
20760  48.676  -54.015  -18.171 0.3000000119
21640  46.034  -53.028  -15.696 0.4000000060
21727  38.311  -53.815  -24.048 0.4000000060
26458  44.023  -48.433  -22.388 0.4000000060
27425  56.521  -48.848  -19.968 0.4000000060
24426  54.825  -50.208  -19.245 0.4000000060
25362  44.570  -50.231  -18.922 0.4000000060
24403  44.000  -51.101  -18.035 0.5000000000
25390  54.621  -50.008  -19.756 0.4000000060
23503  53.596  -51.224  -19.789 0.4000000060
24401  45.123  -50.477  -17.733 0.5000000000
188306  56.454  -48.016  -20.480 0.4000000060
26448  55.011  -48.984  -19.939 0.4000000060
23511  53.193  -50.853  -20.224 0.4000000060
22609  51.784  -51.840  -21.076 0.5000000000
22600  50.688  -52.424  -20.205 0.5000000000
25361  45.456  -50.029  -18.770 0.4000000060
188194  45.834  -50.372  -17.640 0.5000000000
28458  56.062  -47.551  -20.286 0.4000000060
21676  49.770  -53.659  -18.978 0.5000000000
24379  45.890  -51.229  -16.492 0.4000000060
21667  49.062  -53.385  -18.506 0.4000000060
21660  47.701  -52.977  -16.856 0.4000000060
21653  46.729  -53.074  -15.968 0.4000000060
22546  46.955  -51.936  -16.370 0.4000000060
25378  44.977  -49.825  -19.406 0.4000000060
26438  46.411  -48.744  -20.716 0.3000000119
25406  53.003  -50.067  -19.955 0.4000000060
24441  51.992  -50.638  -20.760 0.4000000060
183999  46.456  -49.888  -18.938 0.4000000060
25369  32.034  -50.335  -19.653 0.4000000060
209321  54.934  -47.396  -19.807 0.4000000060
27437  54.933  -48.331  -20.026 0.4000000060
191903  50.807  -51.797  -20.028 0.5000000000
22577  49.641  -52.793  -18.922 0.5000000000
25351  46.852  -50.059  -18.380 0.5000000000
184805  46.698  -50.369  -17.661 0.4000000060
27438  54.081  -48.443  -20.045 0.4000000060
22567  48.955  -52.667  -18.352 0.4000000060
24378  46.585  -51.241  -16.535 0.4000000060
23471  48.158  -52.049  -17.333 0.4000000060
23481  47.891  -51.353  -17.325 0.4000000060
27442  45.946  -47.596  -21.465 0.4000000060
190011  45.759  -49.627  -19.340 0.3000000119
26433  53.573  -49.134  -20.152 0.4000000060
24442  51.428  -50.931  -20.900 0.4000000060
26419  46.753  -49.373  -20.116 0.3000000119
26451  52.637  -49.515  -19.967 0.4000000060
205386  51.656  -50.284  -20.275 0.4000000060
23505  50.794  -51.301  -19.969 0.4000000060
23487  49.698  -52.032  -19.080 0.5000000000
28442  53.690  -47.769  -19.598 0.4000000060
27451  52.282  -49.047  -19.801 0.4000000060
24420  49.788  -51.128  -19.218 0.4000000060
23489  48.976  -51.360  -18.491 0.4000000060
24412  48.061  -50.433  -18.528 0.4000000060
29553  45.757  -46.235  -21.744 0.4000000060
24428  50.533  -50.762  -19.905 0.4000000060
13303  42.382  -60.519  -17.001 0.3000000119
22531  54.105  -51.788  -15.847 0.3000000119
24386  55.457  -50.177  -16.975 0.3000000119
26377  56.242  -49.108  -17.719 0.4000000060
30665  57.838  -46.516  -18.998 0.4000000060
29524  57.364  -47.079  -19.784 0.4000000060
30680  57.760  -45.607  -19.765 0.4000000060
29525  55.444  -46.565  -19.504 0.4000000060
27441  46.882  -48.151  -21.213 0.3000000119
30683  54.336  -46.447  -19.227 0.4000000060
28464  46.708  -47.208  -21.608 0.4000000060
27440  47.488  -48.451  -20.940 0.4000000060
26436  47.661  -49.142  -20.446 0.4000000060
29528  53.546  -47.460  -19.111 0.4000000060
27452  51.597  -49.226  -20.129 0.4000000060
25409  50.100  -50.075  -20.078 0.4000000060
24430  49.431  -50.397  -19.556 0.4000000060
25375  48.235  -49.958  -19.789 0.3000000119
184041  47.682  -49.875  -19.630 0.4000000060
188748  52.032  -48.611  -19.491 0.4000000060
23474  43.832  -51.508  -17.403 0.4000000060
29546  46.234  -46.158  -21.292 0.4000000060
13329  48.578  -60.230  -18.882 0.3000000119
17181  50.721  -56.828  -17.455 0.3000000119
15297  49.192  -59.004  -19.426 0.3000000119
12574  42.515  -61.162  -17.240 0.3000000119
13286  43.773  -60.245  -16.545 0.3000000119
18080  51.515  -56.424  -18.239 0.3000000119
21658  53.699  -52.556  -16.817 0.3000000119
19859  52.006  -54.290  -17.393 0.4000000060
18104  50.977  -55.800  -20.187 0.4000000060
21666  53.186  -52.700  -17.736 0.3000000119
23479  54.692  -50.919  -17.459 0.3000000119
20769  52.625  -53.568  -18.523 0.4000000060
20779  52.362  -54.072  -19.805 0.4000000060
25335  55.478  -49.534  -16.805 0.3000000119
202682  56.714  -47.461  -17.776 0.4000000060
21701  51.944  -52.601  -20.969 0.4000000060
21675  49.730  -53.365  -19.735 0.5000000000
21659  48.020  -53.469  -17.211 0.3000000119
21694  50.487  -53.111  -20.601 0.5000000000
30692  56.541  -46.334  -19.977 0.4000000060
22579  48.880  -52.009  -18.252 0.4000000060
24422  48.658  -50.401  -19.335 0.4000000060
30655  48.988  -45.819  -18.562 0.4000000060
31723  48.683  -45.355  -19.297 0.4000000060
28390  49.019  -47.141  -16.559 0.4000000060
29459  48.162  -46.428  -15.790 0.3000000119
30645  48.436  -45.227  -17.289 0.5000000000
30685  47.926  -45.249  -20.015 0.4000000060
30686  47.024  -45.532  -20.450 0.4000000060
34774  50.336  -43.035  -12.227 0.3000000119
32641  51.092  -44.172  -12.406 0.3000000119
32617  48.034  -44.151  -10.933 0.3000000119
30528  48.176  -46.061  -11.488 0.3000000119
30514  47.705  -45.701  -11.048 0.3000000119
193142  47.014  -47.201  -12.393 0.3000000119
32630  49.736  -43.990  -11.780 0.3000000119
33692  49.236  -43.604  -11.517 0.3000000119
33681  48.176  -43.426  -10.933 0.3000000119
35893  50.438  -42.224  -12.181 0.3000000119
35877  49.047  -41.870  -11.511 0.3000000119
32618  47.323  -44.427  -10.781 0.3000000119
32619  46.493  -44.758  -10.759 0.3000000119
195747  48.860  -42.490  -11.383 0.3000000119
186447  47.072  -42.342  -10.719 0.3000000119
33683  46.814  -43.868  -10.658 0.3000000119
178717  47.226  -40.549  -10.770 0.3000000119
35864  47.437  -41.743  -10.850 0.3000000119
36979  45.189  -40.949  -9.983 0.3000000119
38174  46.030  -40.013  -10.262 0.3000000119
38175  45.367  -40.251  -10.015 0.3000000119
36997  48.243  -40.881  -11.051 0.3000000119
34731  45.889  -42.703  -10.270 0.3000000119
190879  44.852  -42.240  -9.944 0.3000000119
202797  44.352  -43.323  -9.963 0.3000000119
39515  46.151  -39.352  -10.227 0.3000000119
35866  46.147  -41.950  -10.316 0.3000000119
38157  43.394  -40.327  -9.274 0.3000000119
39516  45.501  -39.564  -10.076 0.3000000119
39499  44.471  -39.443  -9.437 0.3000000119
38176  44.719  -40.502  -9.764 0.3000000119
40753  43.454  -38.859  -8.991 0.3000000119
34714  42.646  -42.244  -9.653 0.3000000119
35846  43.762  -42.260  -9.827 0.3000000119
36958  42.320  -41.131  -9.459 0.3000000119
36982  41.760  -41.141  -9.822 0.3000000119
197589  42.366  -43.245  -10.899 0.3000000119
38203  41.249  -40.610  -10.670 0.3000000119
35867  41.675  -42.202  -10.667 0.3000000119
184245  41.990  -42.700  -11.222 0.3000000119
28368  48.504  -47.544  -15.254 0.3000000119
30629  48.737  -45.963  -16.994 0.4000000060
30529  47.485  -46.371  -11.437 0.3000000119
34733  44.352  -42.597  -9.951 0.3000000119
29491  49.260  -46.835  -17.482 0.5000000000
33691  49.794  -43.304  -11.806 0.3000000119
34747  47.071  -43.037  -10.737 0.3000000119
31596  48.431  -45.379  -11.123 0.3000000119
29378  48.277  -47.041  -12.339 0.3000000119
28294  47.988  -47.488  -12.839 0.3000000119
34746  47.565  -42.489  -10.842 0.3000000119
35878  48.457  -41.959  -11.196 0.3000000119
33668  45.604  -43.473  -10.284 0.3000000119
37000  46.369  -41.234  -10.410 0.3000000119
40752  44.603  -38.874  -9.384 0.3000000119
41915  43.479  -37.724  -8.550 0.3000000119
36980  44.511  -41.195  -9.834 0.3000000119
40751  45.213  -38.465  -9.525 0.3000000119
198116  42.916  -39.295  -8.974 0.3000000119
26456  48.238  -48.413  -20.875 0.3000000119
27454  49.159  -48.004  -21.151 0.4000000060
27412  51.365  -48.469  -18.486 0.4000000060
28428  50.746  -47.989  -19.091 0.4000000060
185811  48.159  -47.699  -21.297 0.3000000119
27403  51.142  -48.508  -17.872 0.4000000060
27395  51.525  -48.628  -17.363 0.3000000119
180302  49.151  -47.244  -21.321 0.4000000060
28429  50.038  -47.269  -19.061 0.4000000060
27385  50.921  -48.475  -16.367 0.3000000119
177089  49.454  -46.067  -20.403 0.3000000119
29529  49.738  -46.357  -19.672 0.4000000060
28388  50.320  -47.996  -16.891 0.4000000060
29530  49.263  -45.650  -19.856 0.3000000119
29513  49.296  -46.076  -19.127 0.4000000060
28404  49.510  -47.614  -17.024 0.4000000060
29550  48.311  -46.539  -21.407 0.3000000119
30695  48.226  -45.353  -20.639 0.3000000119
29545  46.949  -45.939  -21.330 0.3000000119
29551  47.447  -46.519  -21.549 0.3000000119
207179  49.586  -47.040  -18.131 0.4000000060
28463  49.959  -47.000  -20.266 0.4000000060
27383  56.341  -48.462  -16.535 0.3000000119
27467  50.074  -48.722  -20.725 0.3000000119
195910  55.731  -48.240  -13.629 0.3000000119
26326  55.295  -48.084  -14.246 0.3000000119
27365  55.929  -48.271  -15.389 0.3000000119
27382  56.521  -48.054  -16.771 0.3000000119
28471  50.062  -47.686  -20.625 0.3000000119
27453  51.041  -48.789  -20.297 0.3000000119
30557  57.432  -46.551  -13.155 0.3000000119
29435  56.377  -47.110  -14.638 0.3000000119
29416  56.267  -47.151  -14.214 0.3000000119
29476  56.992  -47.194  -16.235 0.3000000119
172754  56.806  -46.523  -17.759 0.3000000119
176027  50.919  -48.193  -19.606 0.3000000119
206143  57.824  -45.266  -12.079 0.3000000119
188678  57.561  -46.069  -13.557 0.3000000119
31617  57.678  -45.870  -12.918 0.3000000119
174701  57.096  -46.666  -15.020 0.3000000119
30597  57.041  -46.869  -14.389 0.3000000119
172751  56.955  -45.864  -16.798 0.3000000119
33717  57.860  -44.218  -12.971 0.3000000119
31649  57.644  -45.416  -13.960 0.3000000119
172750  57.244  -45.850  -15.480 0.3000000119
31666  57.426  -45.428  -14.780 0.3000000119
196410  56.704  -45.905  -17.962 0.3000000119
31735  55.726  -45.950  -18.900 0.3000000119
30666  54.594  -45.959  -18.874 0.3000000119
32640  57.913  -44.651  -12.236 0.3000000119
176761  56.955  -45.026  -17.040 0.3000000119
31667  57.131  -44.466  -16.136 0.3000000119
31704  55.993  -45.117  -18.034 0.3000000119
201769  51.970  -48.435  -18.950 0.3000000119
33718  57.598  -43.414  -13.400 0.3000000119
34766  57.734  -43.026  -12.240 0.3000000119
33750  57.563  -44.074  -14.254 0.3000000119
32686  57.330  -44.279  -14.866 0.3000000119
31696  56.742  -44.561  -17.454 0.3000000119
31722  54.893  -45.440  -18.474 0.3000000119
30668  53.553  -46.546  -18.552 0.3000000119
28412  52.821  -47.506  -18.349 0.3000000119
28402  52.388  -48.146  -17.477 0.3000000119
26454  49.441  -48.806  -20.869 0.3000000119
33734  56.678  -43.119  -14.321 0.3000000119
32704  56.883  -43.886  -16.247 0.3000000119
31697  54.990  -44.124  -17.647 0.3000000119
30667  54.028  -46.097  -18.657 0.3000000119
28386  56.737  -47.597  -16.049 0.3000000119
28326  56.027  -47.108  -13.932 0.3000000119
27343  56.024  -47.788  -14.869 0.3000000119
12575  41.899  -60.801  -17.485 0.3000000119
12588  41.936  -61.550  -17.791 0.3000000119
13287  42.860  -60.149  -16.625 0.3000000119
13302  43.171  -60.703  -16.964 0.3000000119
13327  49.176  -59.696  -18.208 0.3000000119
13328  49.052  -60.023  -18.512 0.3000000119
14161  44.033  -59.567  -16.245 0.3000000119
14195  49.455  -59.231  -18.069 0.3000000119
14210  49.490  -59.593  -18.576 0.3000000119
15271  50.091  -58.786  -18.851 0.3000000119
16253  50.365  -57.297  -17.292 0.3000000119
16273  50.626  -57.473  -18.013 0.3000000119
16274  50.088  -57.893  -17.689 0.3000000119
16310  50.452  -58.323  -19.283 0.3000000119
16311  49.229  -58.334  -19.655 0.3000000119
17180  51.048  -56.347  -17.516 0.3000000119
17196  51.351  -57.137  -18.730 0.3000000119
17210  50.349  -57.023  -20.047 0.3000000119
18067  51.009  -55.696  -17.235 0.3000000119
18079  51.632  -55.664  -18.182 0.3000000119
18094  50.686  -56.512  -20.173 0.3000000119
18105  50.180  -55.911  -20.401 0.4000000060
18957  51.743  -54.931  -17.074 0.3000000119
18958  51.111  -55.041  -17.034 0.3000000119
18968  51.495  -55.291  -17.448 0.3000000119
18980  51.808  -54.916  -17.716 0.4000000060
18981  51.891  -55.095  -18.100 0.3000000119
18982  48.506  -55.002  -19.009 0.3000000119
18994  52.018  -55.431  -18.938 0.4000000060
18995  51.803  -55.316  -19.732 0.4000000060
19003  51.410  -55.423  -20.091 0.4000000060
19005  50.369  -55.284  -20.528 0.4000000060
19006  49.645  -55.291  -20.303 0.3000000119
19833  52.044  -53.731  -17.084 0.3000000119
19834  47.286  -54.237  -16.527 0.3000000119
19845  52.164  -53.658  -17.254 0.4000000060
19846  51.770  -54.283  -17.125 0.3000000119
19873  49.771  -54.459  -19.393 0.3000000119
19874  49.483  -54.531  -18.979 0.5000000000
19882  52.419  -54.245  -19.004 0.4000000060
19884  51.531  -54.926  -20.216 0.4000000060
19893  51.834  -54.310  -20.229 0.4000000060
19895  49.975  -54.698  -20.392 0.4000000060
19896  49.553  -54.616  -20.194 0.3000000119
20728  44.369  -53.514  -15.411 0.4000000060
20736  47.534  -53.612  -16.691 0.3000000119
20738  43.342  -53.630  -15.893 0.3000000119
20747  48.301  -54.047  -17.542 0.3000000119
20749  42.977  -53.928  -16.667 0.3000000119
20758  52.747  -53.194  -17.416 0.3000000119
20759  49.208  -54.080  -18.642 0.5000000000
20762  43.004  -54.034  -17.380 0.3000000119
20770  49.939  -54.104  -19.204 0.5000000000
20771  49.789  -54.220  -19.000 0.5000000000
20777  52.834  -52.987  -19.065 0.4000000060
20778  52.569  -53.561  -19.336 0.4000000060
20782  44.103  -54.097  -19.153 0.4000000060
20788  52.484  -53.497  -19.975 0.4000000060
20790  51.038  -54.313  -20.632 0.4000000060
20792  49.811  -54.070  -20.311 0.4000000060
20794  44.800  -53.746  -20.304 0.5000000000
21638  53.945  -52.226  -16.004 0.3000000119
21641  45.220  -53.288  -15.530 0.4000000060
21643  43.949  -52.788  -15.596 0.3000000119
21650  54.068  -52.219  -16.249 0.3000000119
21651  53.601  -52.701  -16.216 0.3000000119
21652  47.239  -53.069  -16.387 0.4000000060
21654  43.232  -53.376  -16.406 0.3000000119
21665  53.663  -52.143  -17.091 0.3000000119
21668  43.327  -52.938  -17.872 0.5000000000
21669  43.263  -53.614  -17.775 0.3000000119
21673  53.481  -52.146  -18.060 0.4000000060
21674  53.257  -52.609  -18.336 0.4000000060
21677  43.561  -52.872  -18.649 0.5000000000
21681  53.482  -52.054  -18.613 0.4000000060
21684  43.816  -52.818  -19.318 0.6000000238
21690  52.656  -52.943  -19.694 0.4000000060
21692  51.735  -53.217  -20.853 0.5000000000
21693  51.059  -53.432  -21.060 0.4000000060
21696  44.704  -53.109  -20.455 0.5000000000
21702  51.398  -52.542  -20.932 0.5000000000
21704  45.033  -52.849  -21.217 0.5000000000
22530  54.475  -51.576  -15.862 0.3000000119
22532  46.492  -52.447  -15.932 0.4000000060
22533  45.914  -52.395  -15.831 0.4000000060
22534  45.293  -52.566  -15.667 0.4000000060
22535  44.634  -52.443  -15.654 0.4000000060
22544  54.116  -51.925  -16.085 0.3000000119
22545  47.417  -52.473  -16.545 0.4000000060
22547  44.350  -52.096  -16.023 0.4000000060
22555  54.127  -51.964  -16.618 0.3000000119
22556  48.199  -52.743  -17.309 0.4000000060
22557  47.819  -52.429  -16.983 0.4000000060
22558  43.514  -52.204  -17.664 0.5000000000
22565  54.165  -51.229  -17.850 0.3000000119
22566  53.815  -51.827  -17.684 0.3000000119
22568  48.518  -52.393  -17.897 0.4000000060
22569  43.515  -52.273  -18.390 0.6000000238
22578  49.262  -52.081  -18.669 0.4000000060
22587  53.600  -51.551  -18.823 0.3000000119
22588  53.423  -51.983  -19.121 0.4000000060
22589  49.956  -52.606  -19.431 0.5000000000
22590  44.165  -52.661  -19.987 0.6000000238
22597  53.711  -51.438  -19.235 0.4000000060
22599  52.380  -52.156  -20.700 0.4000000060
22601  50.374  -52.247  -19.614 0.5000000000
22608  52.353  -51.519  -20.916 0.5000000000
22610  51.308  -51.779  -20.704 0.4000000060
22611  51.069  -52.057  -20.462 0.5000000000
22612  45.191  -52.752  -22.086 0.5000000000
22618  45.407  -52.699  -22.693 0.5000000000
22622  34.647  -52.247  -22.441 0.5000000000
22624  45.186  -51.829  -23.311 0.4000000060
22625  38.002  -53.168  -23.897 0.5000000000
22629  45.087  -52.671  -23.721 0.5000000000
22631  44.154  -52.411  -24.242 0.4000000060
23453  45.546  -52.058  -15.877 0.4000000060
23461  47.273  -51.266  -16.833 0.4000000060
23463  45.407  -51.586  -16.157 0.4000000060
23464  44.698  -51.424  -16.319 0.5000000000
23465  44.025  -51.686  -16.605 0.4000000060
23469  55.234  -50.655  -16.606 0.3000000119
23470  54.882  -51.122  -16.802 0.3000000119
23472  47.635  -51.896  -16.840 0.4000000060
23473  44.342  -51.159  -16.930 0.4000000060
23478  55.258  -50.574  -17.130 0.3000000119
23480  48.455  -51.548  -17.914 0.4000000060
23488  49.632  -51.315  -19.072 0.4000000060
23490  43.614  -51.708  -18.867 0.4000000060
23495  54.005  -51.079  -18.855 0.3000000119
23496  49.912  -51.876  -19.283 0.5000000000
23497  43.709  -51.566  -19.949 0.5000000000
23501  54.305  -50.419  -19.510 0.4000000060
23502  54.119  -50.979  -19.272 0.5000000000
23504  52.962  -51.569  -20.365 0.4000000060
23506  50.353  -51.567  -19.524 0.4000000060
23508  43.705  -51.373  -20.694 0.5000000000
23512  52.568  -51.026  -20.713 0.5000000000
23513  51.877  -51.146  -21.107 0.4000000060
23514  51.332  -51.329  -21.024 0.4000000060
23515  51.052  -51.493  -20.535 0.5000000000
23517  43.816  -51.126  -21.484 0.4000000060
23520  44.742  -51.322  -23.075 0.4000000060
23523  37.030  -52.006  -23.268 0.5000000000
23527  45.075  -52.115  -23.679 0.5000000000
23530  39.033  -51.574  -23.639 0.6000000238
23531  37.885  -52.341  -23.601 0.6000000238
23535  42.350  -51.327  -24.357 0.4000000060
24380  45.282  -51.121  -16.576 0.5000000000
24387  47.446  -50.706  -17.374 0.4000000060
24388  46.853  -50.821  -17.026 0.4000000060
24389  46.154  -50.753  -16.983 0.4000000060
24390  45.363  -50.726  -17.095 0.5000000000
24391  44.698  -50.780  -17.287 0.5000000000
24392  44.239  -51.001  -17.488 0.4000000060
24398  55.090  -50.401  -17.800 0.3000000119
24399  48.520  -50.916  -18.288 0.4000000060
24400  48.076  -50.792  -17.856 0.4000000060
24402  44.515  -50.713  -17.900 0.5000000000
24408  55.454  -49.870  -18.186 0.3000000119
24409  55.031  -50.287  -18.413 0.4000000060
24410  49.150  -50.922  -18.958 0.4000000060
24411  48.623  -50.668  -18.797 0.4000000060
24413  44.260  -50.711  -18.513 0.4000000060
24419  54.949  -50.203  -18.909 0.3000000119
24421  49.132  -50.571  -19.390 0.4000000060
24424  43.656  -51.145  -19.445 0.6000000238
24427  53.785  -50.696  -19.782 0.4000000060
24429  50.151  -50.951  -19.591 0.4000000060
24437  33.219  -50.688  -20.676 0.4000000060
24438  53.901  -50.269  -19.892 0.4000000060
24439  53.292  -50.433  -20.058 0.4000000060
24440  52.535  -50.439  -20.229 0.4000000060
24443  51.029  -51.114  -20.558 0.4000000060
24453  52.019  -50.414  -20.233 0.4000000060
24454  51.595  -50.552  -20.451 0.4000000060
24455  51.097  -50.745  -20.470 0.4000000060
24457  44.030  -49.974  -22.602 0.4000000060
24472  43.767  -50.741  -23.836 0.4000000060
24473  42.939  -50.600  -23.980 0.4000000060
24475  41.275  -51.042  -24.047 0.5000000000
25336  42.574  -49.687  -16.178 0.4000000060
25337  42.118  -49.783  -16.509 0.6000000238
25343  55.856  -49.133  -17.376 0.3000000119
25344  55.576  -49.529  -17.507 0.3000000119
25348  56.306  -49.298  -17.896 0.4000000060
25349  55.791  -49.568  -18.013 0.4000000060
25350  47.463  -50.299  -18.086 0.4000000060
25352  46.139  -50.089  -18.270 0.4000000060
25353  45.494  -50.208  -18.159 0.5000000000
25354  44.891  -50.389  -18.345 0.4000000060
25355  38.628  -49.613  -18.346 0.6000000238
25358  56.030  -49.853  -18.462 0.4000000060
25359  48.113  -50.213  -19.195 0.4000000060
25360  47.411  -50.041  -18.887 0.4000000060
25368  36.898  -49.732  -19.239 0.6000000238
25373  55.418  -50.091  -19.201 0.4000000060
25374  48.617  -49.836  -19.853 0.3000000119
25376  47.336  -49.561  -20.146 0.4000000060
25377  47.033  -49.763  -19.538 0.3000000119
25379  44.381  -50.048  -19.575 0.5000000000
25380  43.902  -50.448  -19.886 0.4000000060
25382  38.591  -50.271  -19.659 0.6000000238
25383  37.887  -50.320  -19.668 0.5000000000
25388  56.034  -49.981  -19.920 0.4000000060
25389  55.242  -49.892  -19.782 0.4000000060
25391  49.813  -50.231  -19.796 0.4000000060
25392  49.057  -49.860  -19.821 0.4000000060
25393  48.027  -49.475  -20.261 0.3000000119
25397  39.476  -50.110  -20.434 0.6000000238
25404  55.069  -49.606  -20.002 0.4000000060
25405  54.092  -49.834  -20.003 0.4000000060
25407  52.399  -50.243  -19.993 0.4000000060
25408  51.710  -49.891  -20.206 0.4000000060
25410  49.377  -49.422  -20.322 0.3000000119
25418  51.932  -50.296  -20.093 0.4000000060
25419  51.104  -50.132  -20.306 0.4000000060
25420  50.383  -49.907  -20.295 0.4000000060
25421  43.858  -49.123  -22.812 0.4000000060
25422  41.258  -49.097  -22.123 0.6000000238
25427  42.016  -49.008  -23.286 0.5000000000
26328  40.767  -48.923  -14.331 0.5000000000
26351  43.805  -48.968  -15.582 0.4000000060
26352  43.135  -49.377  -15.754 0.4000000060
26353  41.870  -49.447  -15.270 0.5000000000
26354  41.229  -49.553  -15.805 0.3000000119
26364  56.235  -48.858  -16.962 0.3000000119
26365  45.136  -48.602  -16.610 0.5000000000
26367  43.730  -49.266  -16.208 0.5000000000
26369  41.039  -49.523  -16.536 0.4000000060
26378  44.490  -49.005  -16.764 0.6000000238
26379  43.770  -49.245  -17.003 0.5000000000
26383  39.815  -49.206  -17.150 0.6000000238
26388  56.751  -49.476  -17.777 0.4000000060
26390  43.562  -49.164  -17.952 0.6000000238
26391  42.831  -49.238  -18.214 0.6000000238
26395  39.774  -49.232  -18.115 0.6000000238
26402  56.479  -49.590  -18.819 0.4000000060
26405  42.601  -48.921  -18.973 0.6999999881
26408  40.028  -49.363  -18.649 0.5000000000
26417  56.973  -49.060  -19.150 0.4000000060
26418  56.383  -49.407  -19.587 0.4000000060
26420  46.030  -49.231  -20.016 0.3000000119
26421  45.238  -49.252  -19.943 0.4000000060
26423  42.569  -48.720  -19.671 0.6999999881
26424  42.004  -48.827  -19.716 0.6999999881
26426  36.196  -49.298  -19.595 0.6000000238
26431  56.086  -49.375  -20.355 0.4000000060
26432  55.594  -49.250  -20.384 0.4000000060
26434  48.686  -49.166  -20.343 0.3000000119
26435  47.851  -48.739  -20.629 0.3000000119
26437  47.120  -48.939  -20.604 0.3000000119
26439  44.939  -48.741  -20.595 0.5000000000
26441  43.974  -49.180  -21.267 0.4000000060
26449  54.564  -49.339  -20.023 0.4000000060
26450  53.107  -49.798  -20.043 0.4000000060
26452  51.088  -49.377  -20.309 0.4000000060
26453  49.828  -49.446  -20.446 0.3000000119
26455  48.852  -48.574  -20.868 0.4000000060
26461  34.611  -49.274  -21.757 0.6999999881
26463  52.141  -49.943  -20.006 0.4000000060
26464  50.481  -49.342  -20.435 0.4000000060
26465  49.881  -49.096  -20.665 0.3000000119
26468  43.258  -48.136  -23.138 0.4000000060
26471  41.500  -48.838  -22.951 0.6000000238
27314  56.080  -47.466  -13.696 0.3000000119
27315  56.115  -48.091  -13.042 0.3000000119
27325  55.732  -47.419  -14.175 0.3000000119
27326  55.943  -47.943  -13.784 0.3000000119
27344  55.512  -47.828  -14.621 0.3000000119
27350  43.541  -48.642  -15.114 0.5000000000
27352  42.309  -48.747  -14.570 0.5000000000
27353  40.088  -48.623  -14.521 0.5000000000
27354  39.560  -48.559  -14.910 0.5000000000
27355  39.020  -48.315  -15.034 0.4000000060
27364  56.359  -48.076  -15.833 0.3000000119
27367  50.773  -48.399  -15.707 0.3000000119
27369  45.077  -48.286  -15.974 0.5000000000
27370  44.473  -48.599  -15.729 0.5000000000
27384  51.624  -48.531  -16.589 0.3000000119
27393  56.427  -48.727  -17.571 0.4000000060
27394  51.980  -48.479  -17.230 0.3000000119
27396  50.999  -48.500  -17.144 0.4000000060
27398  38.003  -48.649  -17.095 0.5000000000
27400  57.272  -48.296  -18.279 0.4000000060
27401  56.965  -48.710  -18.025 0.4000000060
27402  51.882  -48.591  -17.888 0.4000000060
27410  57.112  -48.599  -18.792 0.4000000060
27411  52.025  -48.498  -18.446 0.4000000060
27413  45.681  -47.901  -18.500 0.6000000238
27426  44.175  -47.527  -20.054 0.6000000238
27432  33.911  -48.108  -20.016 0.6000000238
27435  56.848  -48.147  -20.294 0.4000000060
27436  55.333  -48.795  -20.068 0.4000000060
27439  53.248  -48.723  -20.025 0.4000000060
27443  45.270  -48.069  -21.228 0.5000000000
27444  44.876  -48.052  -21.476 0.5000000000
27447  42.496  -48.367  -21.010 0.6000000238
27448  34.688  -48.079  -21.180 0.6999999881
27449  34.448  -48.089  -21.373 0.6000000238
27450  54.516  -48.955  -20.006 0.4000000060
27455  48.627  -47.787  -21.270 0.4000000060
27456  47.818  -48.049  -21.159 0.3000000119
27457  47.383  -47.710  -21.408 0.4000000060
27465  52.078  -49.521  -20.085 0.4000000060
27466  50.538  -48.734  -20.491 0.3000000119
27468  49.654  -48.375  -20.971 0.3000000119
27469  44.032  -47.048  -22.355 0.6999999881
27471  42.973  -47.423  -22.573 0.6999999881
27472  42.550  -47.913  -22.725 0.6000000238
27474  42.864  -47.766  -23.006 0.6000000238
28295  47.299  -47.422  -12.868 0.3000000119
28310  48.463  -47.700  -13.319 0.3000000119
28332  42.036  -47.905  -13.922 0.5000000000
28345  55.827  -47.039  -14.485 0.3000000119
28356  38.172  -47.534  -14.891 0.4000000060
28364  56.328  -47.412  -15.121 0.3000000119
28369  45.847  -47.136  -16.159 0.5000000000
28389  49.726  -47.904  -16.343 0.4000000060
28392  45.687  -47.988  -16.411 0.5000000000
28401  56.665  -47.557  -16.931 0.3000000119
28403  49.791  -47.589  -17.632 0.4000000060
28406  46.316  -47.486  -17.346 0.6000000238
28411  57.422  -47.849  -17.905 0.4000000060
28413  52.424  -48.085  -18.120 0.3000000119
28414  50.619  -48.064  -18.468 0.4000000060
28415  50.014  -47.507  -18.327 0.4000000060
28417  46.259  -47.574  -18.215 0.6000000238
28423  57.324  -48.044  -19.098 0.4000000060
28424  57.171  -47.737  -19.829 0.4000000060
28425  52.979  -47.798  -18.768 0.3000000119
28426  52.449  -48.165  -18.631 0.3000000119
28427  51.686  -48.469  -18.869 0.4000000060
28440  57.718  -47.406  -19.153 0.4000000060
28441  54.327  -47.487  -19.725 0.4000000060
28443  52.935  -48.242  -19.133 0.4000000060
28444  51.777  -48.407  -19.243 0.3000000119
28445  51.147  -48.363  -19.180 0.3000000119
28446  50.503  -47.657  -19.681 0.4000000060
28447  50.046  -47.048  -19.724 0.4000000060
28449  45.048  -46.576  -20.652 0.6000000238
28450  44.510  -46.699  -20.835 0.6000000238
28457  56.906  -47.572  -20.345 0.4000000060
28459  55.261  -47.675  -20.126 0.4000000060
28460  54.551  -47.847  -19.953 0.4000000060
28461  53.817  -48.022  -19.989 0.4000000060
28462  53.104  -48.453  -19.671 0.4000000060
28465  43.922  -46.869  -21.708 0.6999999881
28466  43.347  -47.285  -21.924 0.6999999881
28469  51.392  -48.695  -20.036 0.3000000119
28470  50.644  -48.103  -20.168 0.3000000119
28472  49.823  -47.187  -20.835 0.4000000060
28473  48.490  -47.197  -21.441 0.3000000119
28474  47.846  -47.297  -21.467 0.4000000060
28475  47.229  -47.028  -21.644 0.3000000119
28476  45.492  -46.456  -21.952 0.5000000000
28477  44.938  -46.434  -21.997 0.6999999881
28480  50.037  -48.179  -20.709 0.3000000119
28481  49.629  -47.702  -21.069 0.3000000119
28482  43.526  -47.176  -22.538 0.6999999881
28484  43.243  -47.265  -22.644 0.6999999881
29362  47.893  -46.717  -11.880 0.3000000119
29363  47.216  -46.928  -11.893 0.3000000119
29365  45.890  -46.444  -11.753 0.4000000060
29379  47.586  -47.218  -12.355 0.3000000119
29380  46.614  -47.165  -12.818 0.4000000060
29393  56.945  -47.169  -13.599 0.3000000119
29397  46.562  -46.943  -13.455 0.4000000060
29398  46.125  -46.642  -13.266 0.4000000060
29419  47.355  -47.186  -14.191 0.4000000060
29439  47.937  -46.821  -15.245 0.4000000060
29443  44.259  -46.591  -14.880 0.5000000000
29455  56.949  -47.137  -15.476 0.3000000119
29456  57.097  -46.636  -15.754 0.3000000119
29458  48.677  -47.073  -15.915 0.4000000060
29460  47.667  -45.758  -15.607 0.4000000060
29479  48.446  -46.130  -16.358 0.3000000119
29480  46.887  -45.948  -16.530 0.6000000238
29493  46.627  -46.665  -16.905 0.6000000238
29500  49.342  -46.358  -18.297 0.4000000060
29501  47.407  -46.020  -18.535 0.5000000000
29504  34.204  -46.869  -18.548 0.6000000238
29505  33.464  -46.938  -18.069 0.5000000000
29509  57.858  -47.158  -18.602 0.4000000060
29510  55.300  -46.078  -18.951 0.4000000060
29511  53.862  -46.774  -18.960 0.3000000119
29512  49.662  -46.765  -18.808 0.4000000060
29519  31.596  -47.622  -18.747 0.5000000000
29523  57.791  -46.698  -19.359 0.4000000060
29526  54.822  -46.937  -19.498 0.4000000060
29527  54.088  -47.092  -19.407 0.4000000060
29538  57.742  -46.214  -19.861 0.4000000060
29539  57.086  -46.683  -20.078 0.4000000060
29540  56.352  -46.940  -20.183 0.4000000060
29541  55.489  -46.991  -20.039 0.4000000060
29542  49.782  -46.501  -20.218 0.4000000060
29543  48.983  -46.207  -21.075 0.3000000119
29544  47.801  -45.858  -21.236 0.3000000119
29547  45.637  -46.087  -21.612 0.4000000060
29548  44.811  -46.191  -21.870 0.6999999881
29549  48.890  -46.762  -21.364 0.3000000119
29552  46.558  -46.494  -21.464 0.4000000060
30515  46.228  -46.014  -11.004 0.4000000060
30517  44.795  -45.705  -10.937 0.4000000060
30531  44.848  -45.954  -11.398 0.4000000060
30532  44.408  -45.601  -11.370 0.4000000060
30545  48.580  -46.434  -11.939 0.3000000119
30546  45.524  -46.342  -12.408 0.4000000060
30577  57.178  -46.748  -13.852 0.3000000119
30580  46.463  -45.684  -14.446 0.4000000060
30582  45.390  -45.331  -13.863 0.4000000060
30599  47.159  -45.321  -15.328 0.4000000060
30601  44.654  -45.518  -14.922 0.5000000000
30613  48.039  -45.442  -16.247 0.6000000238
30631  47.856  -45.145  -16.575 0.6000000238
30644  49.045  -45.937  -17.774 0.4000000060
30646  47.872  -45.064  -17.006 0.6000000238
30647  47.460  -45.578  -17.068 0.5000000000
30652  54.329  -45.534  -18.537 0.3000000119
30653  53.866  -45.469  -18.238 0.3000000119
30654  53.508  -46.060  -18.225 0.3000000119
30657  47.296  -46.202  -17.783 0.5000000000
30669  48.907  -45.616  -19.325 0.3000000119
30670  47.773  -45.611  -18.579 0.5000000000
30679  57.804  -45.998  -19.436 0.4000000060
30681  56.834  -45.916  -19.569 0.4000000060
30682  55.876  -46.166  -19.506 0.4000000060
30684  48.708  -45.151  -19.901 0.3000000119
30687  36.028  -45.923  -20.232 0.6000000238
30689  35.743  -46.195  -20.295 0.6999999881
30691  57.545  -45.991  -20.304 0.4000000060
30693  55.891  -46.495  -20.042 0.4000000060
30694  48.879  -45.656  -20.526 0.3000000119
30696  47.388  -45.464  -20.845 0.3000000119
30697  46.715  -45.712  -21.058 0.4000000060
31574  43.863  -44.646  -10.707 0.4000000060
31582  47.890  -44.930  -10.895 0.3000000119
31583  47.155  -45.245  -10.877 0.3000000119
31584  45.934  -45.488  -10.756 0.4000000060
31585  45.233  -45.423  -10.698 0.4000000060
31586  44.730  -45.261  -10.605 0.4000000060
31593  57.671  -45.566  -11.511 0.3000000119
31597  43.968  -45.056  -11.343 0.4000000060
31605  57.672  -45.730  -12.238 0.3000000119
31609  44.104  -45.268  -12.070 0.4000000060
31622  44.363  -45.264  -12.867 0.4000000060
31632  57.765  -45.474  -13.343 0.3000000119
31648  57.507  -45.244  -14.538 0.3000000119
31652  46.430  -44.815  -15.045 0.5000000000
31653  46.225  -44.921  -14.845 0.4000000060
31670  46.291  -44.855  -15.038 0.5000000000
31682  56.988  -44.319  -16.793 0.3000000119
31699  48.599  -45.318  -17.949 0.5000000000
31700  48.230  -45.045  -17.532 0.5000000000
31701  47.932  -45.082  -17.468 0.5000000000
31705  54.940  -44.747  -18.030 0.3000000119
31707  48.619  -45.466  -18.725 0.4000000060
31708  48.241  -45.229  -18.202 0.5000000000
31718  57.185  -45.631  -18.663 0.4000000060
31719  56.567  -45.655  -18.680 0.4000000060
31720  55.923  -45.667  -18.444 0.3000000119
31721  55.445  -45.646  -18.598 0.3000000119
31724  48.462  -45.361  -18.935 0.4000000060
31725  47.974  -45.413  -18.959 0.5000000000
31732  57.725  -45.603  -19.105 0.4000000060
31733  57.176  -45.511  -19.179 0.4000000060
31734  56.108  -45.944  -19.106 0.3000000119
31736  48.437  -45.278  -19.456 0.4000000060
32604  44.649  -44.379  -10.120 0.4000000060
32605  44.044  -44.333  -10.205 0.4000000060
32620  45.668  -44.813  -10.568 0.4000000060
32622  43.310  -44.243  -10.775 0.4000000060
32628  57.971  -45.007  -11.490 0.3000000119
32632  48.589  -44.625  -11.051 0.3000000119
32642  50.361  -44.325  -12.063 0.3000000119
32654  57.868  -45.164  -12.782 0.3000000119
32667  57.851  -44.851  -13.444 0.3000000119
32685  57.632  -44.735  -14.360 0.3000000119
32701  57.480  -45.119  -14.891 0.3000000119
32702  57.468  -44.779  -15.181 0.3000000119
32703  57.171  -44.306  -15.586 0.3000000119
32717  56.572  -43.972  -16.963 0.3000000119
32739  55.559  -44.632  -17.864 0.3000000119
32747  57.588  -45.558  -18.873 0.4000000060
32748  37.488  -44.457  -19.901 0.5000000000
32755  37.095  -44.531  -20.087 0.5000000000
33669  44.889  -43.737  -10.017 0.4000000060
33671  43.716  -43.692  -10.081 0.4000000060
33672  42.833  -43.365  -10.178 0.4000000060
33682  47.522  -43.657  -10.797 0.3000000119
33684  46.057  -44.067  -10.500 0.3000000119
33685  42.860  -43.757  -10.570 0.4000000060
33701  57.883  -43.843  -12.272 0.3000000119
33703  50.683  -43.636  -12.292 0.3000000119
33704  50.173  -43.650  -12.066 0.3000000119
33732  57.693  -44.094  -13.666 0.3000000119
33733  57.351  -43.488  -14.016 0.3000000119
33751  57.111  -43.644  -14.626 0.3000000119
34713  43.169  -42.629  -9.699 0.3000000119
34732  45.066  -42.892  -10.016 0.3000000119
34734  43.730  -42.974  -9.923 0.3000000119
34745  48.232  -42.634  -11.018 0.3000000119
34748  46.349  -43.283  -10.506 0.3000000119
34749  42.056  -42.779  -10.594 0.3000000119
34756  49.852  -42.608  -11.837 0.3000000119
34757  49.314  -42.930  -11.568 0.3000000119
34758  48.783  -43.163  -11.188 0.3000000119
34773  50.796  -42.722  -12.308 0.3000000119
34786  57.726  -43.418  -12.796 0.3000000119
34849  35.112  -42.960  -17.941 0.5000000000
34861  38.223  -43.246  -20.156 0.4000000060
35818  43.209  -41.951  -9.429 0.3000000119
35819  42.711  -41.653  -9.457 0.3000000119
35820  42.154  -41.743  -9.751 0.3000000119
35843  45.670  -41.430  -10.146 0.3000000119
35844  44.999  -41.646  -9.957 0.3000000119
35845  44.372  -41.900  -9.908 0.3000000119
35847  41.656  -41.761  -10.138 0.3000000119
35848  41.413  -41.639  -10.494 0.3000000119
35863  48.068  -41.488  -11.010 0.3000000119
35865  46.766  -41.838  -10.603 0.3000000119
35876  49.774  -41.806  -11.772 0.3000000119
35879  41.839  -42.058  -11.514 0.3000000119
35965  36.421  -41.679  -18.799 0.4000000060
35974  36.856  -42.147  -19.368 0.5000000000
36956  43.981  -40.782  -9.610 0.3000000119
36957  43.150  -41.154  -9.326 0.3000000119
36978  45.902  -40.708  -10.206 0.3000000119
36981  43.815  -41.525  -9.740 0.3000000119
36983  41.415  -41.182  -10.251 0.3000000119
36998  47.628  -41.031  -10.890 0.3000000119
36999  46.997  -41.133  -10.711 0.3000000119
37001  41.506  -41.616  -11.093 0.3000000119
37002  41.344  -41.220  -10.728 0.3000000119
37022  48.640  -41.348  -11.275 0.3000000119
38156  44.227  -40.076  -9.476 0.3000000119
38173  46.611  -39.798  -10.460 0.3000000119
38200  47.822  -40.430  -10.895 0.3000000119
38202  46.588  -40.491  -10.524 0.3000000119
39498  45.069  -39.153  -9.791 0.3000000119
39500  43.626  -39.570  -9.181 0.3000000119
39517  44.913  -39.826  -9.762 0.3000000119
40778  45.675  -38.897  -9.993 0.3000000119
41936  44.512  -38.320  -9.184 0.3000000119
41937  43.808  -38.267  -8.949 0.3000000119
41938  43.028  -38.260  -8.803 0.3000000119
172752  57.777  -46.642  -18.432 0.4000000060
172753  57.321  -44.972  -15.648 0.3000000119
173301  57.324  -46.416  -18.110 0.3000000119
173381  56.842  -46.554  -17.284 0.3000000119
173638  57.728  -47.467  -18.074 0.4000000060
173665  56.405  -45.565  -18.211 0.3000000119
173692  56.784  -47.137  -17.121 0.4000000060
173801  57.401  -45.767  -18.654 0.3000000119
173970  57.135  -45.193  -16.303 0.3000000119
174071  57.344  -45.945  -14.621 0.3000000119
174244  54.936  -46.447  -19.144 0.3000000119
175520  51.560  -56.663  -19.057 0.3000000119
177422  51.042  -48.350  -19.773 0.3000000119
177495  43.159  -43.250  -9.936 0.4000000060
178329  57.367  -46.279  -14.043 0.3000000119
178467  41.932  -48.689  -21.004 0.6999999881
178666  44.713  -44.805  -14.679 0.5000000000
178806  55.445  -45.168  -18.231 0.3000000119
179372  38.542  -48.462  -16.204 0.5000000000
180559  49.882  -53.529  -20.303 0.5000000000
180910  55.683  -49.651  -20.320 0.4000000060
181140  44.415  -46.433  -21.597 0.6000000238
181238  43.836  -50.403  -21.780 0.4000000060
181285  56.523  -45.156  -17.919 0.3000000119
182146  49.099  -55.615  -20.063 0.3000000119
182548  56.073  -48.525  -16.209 0.3000000119
182657  44.077  -39.102  -9.192 0.3000000119
182746  43.048  -44.174  -11.112 0.4000000060
183411  56.128  -48.729  -20.672 0.4000000060
183724  57.737  -44.624  -13.918 0.3000000119
184138  52.381  -50.024  -19.972 0.4000000060
184280  57.566  -44.818  -14.774 0.3000000119
184310  50.486  -48.077  -17.726 0.4000000060
184747  45.387  -47.519  -19.155 0.6000000238
185088  50.697  -50.608  -20.146 0.4000000060
185826  50.115  -52.871  -20.036 0.5000000000
185830  52.887  -53.132  -18.035 0.4000000060
187293  56.569  -47.792  -17.561 0.4000000060
187632  52.240  -54.405  -18.114 0.4000000060
187662  43.465  -52.855  -16.199 0.3000000119
188507  43.482  -54.395  -18.493 0.3000000119
188614  50.917  -52.715  -20.848 0.5000000000
188669  48.486  -45.854  -21.071 0.3000000119
188784  55.727  -48.180  -20.390 0.4000000060
189067  53.317  -47.122  -18.655 0.4000000060
189068  45.684  -50.927  -16.762 0.4000000060
189180  51.349  -56.044  -17.763 0.3000000119
189190  44.949  -37.793  -9.160 0.3000000119
189214  35.980  -47.996  -19.564 0.6999999881
189269  44.030  -51.604  -23.980 0.4000000060
190063  46.452  -49.600  -19.553 0.3000000119
190419  46.722  -45.733  -19.979 0.4000000060
190660  50.382  -57.553  -19.555 0.3000000119
190730  48.420  -60.762  -18.714 0.3000000119
190881  49.868  -59.215  -18.523 0.3000000119
191055  48.507  -53.250  -17.876 0.4000000060
191156  57.391  -45.357  -15.101 0.3000000119
191229  52.847  -52.336  -20.101 0.5000000000
191725  45.890  -44.925  -14.748 0.4000000060
191895  46.950  -52.599  -16.229 0.4000000060
191948  30.734  -47.123  -19.063 0.5000000000
192314  42.817  -47.821  -21.792 0.6000000238
192437  49.818  -58.010  -19.648 0.3000000119
192515  51.693  -55.794  -19.658 0.4000000060
192872  43.942  -47.352  -14.812 0.5000000000
193617  46.564  -42.531  -10.522 0.3000000119
193659  47.962  -42.038  -10.966 0.3000000119
193660  47.708  -43.057  -10.842 0.3000000119
194481  46.939  -46.041  -11.056 0.4000000060
194516  56.149  -44.746  -17.703 0.3000000119
194540  45.432  -42.146  -10.082 0.3000000119
195419  50.874  -43.142  -12.390 0.3000000119
195503  49.361  -42.355  -11.631 0.3000000119
195650  53.112  -52.729  -16.661 0.3000000119
195743  44.107  -38.697  -9.134 0.3000000119
195878  52.601  -53.149  -16.777 0.3000000119
196507  56.681  -45.700  -17.506 0.3000000119
196820  57.664  -46.980  -18.044 0.3000000119
196930  57.774  -46.086  -18.865 0.4000000060
196931  56.877  -47.128  -17.747 0.3000000119
198145  37.385  -47.859  -16.650 0.6000000238
198162  56.404  -48.509  -17.055 0.3000000119
198307  49.437  -46.648  -20.862 0.4000000060
198743  52.988  -52.962  -18.567 0.4000000060
199177  43.615  -52.065  -17.002 0.4000000060
199514  48.184  -49.121  -20.359 0.3000000119
199928  47.832  -49.664  -20.140 0.4000000060
200698  57.118  -46.038  -16.144 0.3000000119
200902  42.430  -43.126  -10.320 0.4000000060
201468  53.407  -52.270  -17.532 0.3000000119
201790  49.295  -54.995  -20.096 0.4000000060
202980  51.554  -53.827  -20.702 0.4000000060
203132  44.189  -47.787  -15.034 0.6000000238
203514  57.004  -46.610  -16.528 0.3000000119
203589  53.998  -49.464  -20.126 0.4000000060
203838  54.159  -51.028  -18.416 0.3000000119
204488  45.222  -45.402  -15.070 0.5000000000
205074  49.399  -51.528  -18.852 0.4000000060
206284  36.999  -49.122  -18.501 0.6000000238
206778  42.841  -49.304  -15.350 0.4000000060
206937  53.197  -52.911  -17.090 0.3000000119
207126  52.529  -48.231  -18.891 0.4000000060
207761  44.075  -49.154  -16.497 0.6000000238
207776  51.124  -54.854  -20.439 0.4000000060
207905  51.234  -57.478  -18.443 0.3000000119
207961  46.016  -46.253  -11.254 0.4000000060
208027  36.913  -45.579  -18.411 0.6999999881
208201  45.943  -47.914  -17.033 0.5000000000
208361  46.915  -46.590  -11.508 0.4000000060
208556  38.469  -53.152  -24.290 0.5000000000
208581  48.618  -50.195  -19.640 0.4000000060
209403  50.374  -47.636  -20.134 0.3000000119
209679  56.282  -47.753  -13.198 0.3000000119
209709  46.063  -46.609  -21.680 0.4000000060
209824  43.149  -43.658  -10.211 0.4000000060
210041  50.820  -50.434  -20.255 0.4000000060
