#!ascii label  , from subject sub-v2s11x28703_ses-1 vox2ras=TkReg
314
172197  -34.336  -5.021  -23.034 0.0000000000
91118  -29.532  -4.526  -26.148 0.0000000000
88001  -33.083  -7.826  -22.226 0.0000000000
88065  -28.670  -7.277  -25.316 0.0000000000
100449  -35.307  2.187  -24.421 0.0000000000
149289  -35.736  -0.174  -23.064 0.0000000000
170671  -34.593  -2.159  -23.996 0.0000000000
85914  -26.254  -8.945  -27.643 0.0000000000
90095  -29.284  -5.925  -25.438 0.0000000000
153180  -26.886  -5.043  -28.401 0.0000000000
164047  -35.584  1.336  -23.941 0.0000000000
178827  -34.779  0.531  -24.335 0.0000000000
172215  -32.638  -3.947  -23.349 0.0000000000
150523  -32.151  -3.316  -24.122 0.0000000000
170517  -36.236  -3.293  -23.439 0.0000000000
150382  -35.558  -2.037  -21.833 0.0000000000
171487  -35.950  -3.988  -20.643 0.0000000000
89995  -35.584  -5.368  -19.450 0.0000000000
93164  -30.763  -4.129  -24.959 0.0000000000
92072  -31.979  -4.716  -23.248 0.0000000000
90025  -33.047  -6.018  -22.741 0.0000000000
89071  -31.408  -6.275  -23.015 0.0000000000
88038  -30.882  -7.177  -23.637 0.0000000000
84814  -31.256  -9.391  -23.023 0.0000000000
150267  -32.534  -0.693  -25.141 0.0000000000
171377  -35.498  -1.395  -23.661 0.0000000000
95898  -36.022  -1.746  -22.252 0.0000000000
90141  -25.662  -5.336  -29.924 0.0000000000
88076  -27.263  -7.653  -26.769 0.0000000000
93204  -27.174  -4.095  -27.419 0.0000000000
93210  -25.844  -3.886  -29.411 0.0000000000
97778  -35.603  0.242  -25.422 0.0000000000
170660  -33.472  -0.672  -25.226 0.0000000000
149962  -33.335  -3.928  -22.990 0.0000000000
170270  -32.974  -3.579  -23.158 0.0000000000
170553  -34.852  -4.132  -23.007 0.0000000000
149952  -36.534  -3.272  -22.072 0.0000000000
171747  -36.871  -4.671  -21.852 0.0000000000
149279  -36.037  -4.887  -20.890 0.0000000000
173603  -35.880  -5.622  -22.576 0.0000000000
93163  -30.226  -4.054  -25.782 0.0000000000
151717  -31.210  -4.173  -24.670 0.0000000000
91062  -31.153  -5.138  -24.174 0.0000000000
167911  -31.568  -5.191  -23.811 0.0000000000
180272  -31.031  -5.389  -24.062 0.0000000000
90094  -28.700  -6.209  -25.586 0.0000000000
89094  -30.450  -6.341  -24.373 0.0000000000
179924  -30.023  -6.834  -24.483 0.0000000000
86950  -31.028  -8.082  -23.470 0.0000000000
86949  -30.128  -8.566  -23.651 0.0000000000
150356  -35.124  2.209  -24.363 0.0000000000
170981  -35.038  2.632  -24.539 0.0000000000
153461  -35.425  2.593  -24.970 0.0000000000
165376  -35.931  2.671  -26.036 0.0000000000
98704  -36.025  1.138  -25.306 0.0000000000
96831  -35.676  0.059  -23.180 0.0000000000
172579  -32.896  -2.676  -23.934 0.0000000000
170491  -32.974  -2.446  -24.042 0.0000000000
172500  -33.284  -2.059  -24.298 0.0000000000
150152  -34.319  -1.087  -24.499 0.0000000000
150567  -35.968  -1.293  -23.706 0.0000000000
171162  -35.680  -2.885  -21.164 0.0000000000
171090  -35.621  -1.969  -21.928 0.0000000000
94075  -36.578  -2.687  -21.699 0.0000000000
183614  -33.102  -6.239  -22.486 0.0000000000
89025  -35.348  -6.406  -22.131 0.0000000000
87003  -25.647  -8.432  -29.059 0.0000000000
89132  -25.867  -7.077  -29.265 0.0000000000
89133  -26.170  -6.593  -28.407 0.0000000000
88075  -26.569  -7.843  -27.282 0.0000000000
93179  -28.851  -4.218  -26.705 0.0000000000
165515  -29.601  -5.019  -25.890 0.0000000000
91138  -28.392  -4.897  -26.592 0.0000000000
91137  -28.073  -5.038  -27.240 0.0000000000
90107  -27.684  -6.184  -26.628 0.0000000000
98699  -35.447  1.890  -24.264 0.0000000000
98703  -35.433  1.852  -24.120 0.0000000000
151184  -35.599  1.457  -24.166 0.0000000000
180125  -35.778  0.138  -25.115 0.0000000000
171483  -35.844  -0.263  -23.209 0.0000000000
150911  -32.065  -4.065  -24.569 0.0000000000
170288  -32.382  -3.650  -23.796 0.0000000000
151227  -33.403  -3.128  -23.256 0.0000000000
149294  -34.977  -2.865  -23.298 0.0000000000
171375  -35.478  -2.287  -23.473 0.0000000000
170518  -36.114  -2.981  -22.261 0.0000000000
176175  -35.459  -2.704  -21.092 0.0000000000
170519  -36.091  -3.470  -20.967 0.0000000000
149274  -36.325  -4.698  -20.158 0.0000000000
83803  -27.736  -10.520  -25.852 0.0000000000
84867  -28.111  -9.982  -25.888 0.0000000000
178802  -32.336  -4.048  -23.073 0.0000000000
170219  -32.248  -4.133  -23.230 0.0000000000
149932  -33.020  -4.489  -22.812 0.0000000000
170275  -33.935  -5.728  -22.591 0.0000000000
91046  -32.562  -5.149  -23.041 0.0000000000
90050  -32.060  -5.799  -23.130 0.0000000000
158907  -32.717  -7.028  -22.798 0.0000000000
90076  -30.628  -6.011  -24.282 0.0000000000
89041  -31.206  -6.805  -23.290 0.0000000000
87999  -32.246  -7.516  -22.825 0.0000000000
86920  -31.942  -8.144  -22.827 0.0000000000
84770  -32.543  -9.277  -21.880 0.0000000000
97780  -35.830  0.998  -23.887 0.0000000000
170690  -33.034  -0.938  -25.337 0.0000000000
171526  -34.729  -0.282  -23.892 0.0000000000
156729  -35.507  -0.447  -22.727 0.0000000000
171376  -35.696  -1.739  -22.145 0.0000000000
150760  -35.432  -1.317  -22.231 0.0000000000
95909  -35.936  -0.833  -22.765 0.0000000000
176257  -34.624  -5.813  -22.077 0.0000000000
89017  -36.120  -6.065  -20.766 0.0000000000
93213  -24.630  -4.029  -29.994 0.0000000000
91157  -26.561  -5.394  -30.321 0.0000000000
90129  -26.424  -5.524  -27.917 0.0000000000
180392  -28.441  -7.680  -25.540 0.0000000000
163544  -28.357  -9.422  -25.600 0.0000000000
85893  -28.513  -8.827  -25.163 0.0000000000
86965  -29.089  -8.264  -24.909 0.0000000000
170884  -32.773  0.074  -25.982 0.0000000000
149280  -36.993  -3.828  -22.404 0.0000000000
170287  -35.885  -4.691  -23.202 0.0000000000
149317  -29.627  -4.113  -26.425 0.0000000000
92107  -29.984  -4.734  -25.469 0.0000000000
92108  -30.991  -4.329  -24.827 0.0000000000
91086  -30.757  -5.048  -24.037 0.0000000000
91105  -30.037  -5.212  -25.025 0.0000000000
89108  -29.057  -6.666  -24.990 0.0000000000
86977  -29.306  -7.467  -24.932 0.0000000000
86966  -29.952  -8.042  -24.211 0.0000000000
172585  -35.125  2.389  -24.477 0.0000000000
99596  -35.810  1.915  -25.283 0.0000000000
165527  -35.950  0.030  -23.646 0.0000000000
96815  -36.416  -0.604  -23.697 0.0000000000
180911  -34.246  -2.506  -23.480 0.0000000000
94067  -36.234  -2.951  -21.362 0.0000000000
89024  -33.986  -6.714  -22.032 0.0000000000
87976  -33.951  -7.751  -21.744 0.0000000000
85913  -25.911  -9.324  -28.191 0.0000000000
86993  -25.898  -9.032  -28.848 0.0000000000
87004  -26.019  -8.316  -28.667 0.0000000000
88089  -25.503  -7.819  -29.279 0.0000000000
88084  -26.243  -7.920  -28.204 0.0000000000
86984  -26.663  -8.579  -27.180 0.0000000000
169131  -27.970  -4.435  -26.867 0.0000000000
92120  -28.887  -4.613  -26.525 0.0000000000
93189  -27.804  -4.313  -26.622 0.0000000000
92146  -27.079  -4.531  -28.012 0.0000000000
91148  -27.504  -5.150  -27.603 0.0000000000
90121  -27.681  -5.517  -26.924 0.0000000000
91136  -27.370  -5.334  -27.451 0.0000000000
170999  -35.378  1.707  -24.739 0.0000000000
150203  -35.565  1.502  -24.680 0.0000000000
150982  -35.996  -0.114  -24.211 0.0000000000
170271  -34.052  -3.429  -23.289 0.0000000000
171089  -36.097  -2.233  -23.074 0.0000000000
170554  -35.874  -3.724  -20.983 0.0000000000
170272  -35.701  -3.370  -20.952 0.0000000000
150900  -36.093  -4.022  -20.541 0.0000000000
151401  -35.945  -5.182  -19.867 0.0000000000
149272  -35.846  -5.142  -19.747 0.0000000000
84865  -26.948  -10.202  -26.281 0.0000000000
83793  -28.041  -11.099  -25.411 0.0000000000
94139  -30.341  -3.865  -25.251 0.0000000000
93165  -31.108  -4.233  -25.001 0.0000000000
178032  -31.628  -4.336  -24.254 0.0000000000
170878  -32.334  -4.644  -23.291 0.0000000000
90049  -31.423  -5.954  -23.220 0.0000000000
89043  -32.576  -6.333  -22.947 0.0000000000
90109  -29.229  -5.202  -25.822 0.0000000000
91104  -29.781  -5.427  -25.323 0.0000000000
90075  -29.912  -5.901  -24.775 0.0000000000
89069  -30.886  -6.608  -24.092 0.0000000000
87998  -31.618  -7.610  -23.217 0.0000000000
86921  -32.516  -8.148  -22.507 0.0000000000
85844  -31.362  -8.841  -23.431 0.0000000000
85845  -31.609  -8.753  -22.760 0.0000000000
173145  -31.554  -9.131  -22.553 0.0000000000
172577  -32.654  -0.632  -25.481 0.0000000000
171216  -32.634  -0.022  -25.442 0.0000000000
180999  -35.266  -1.303  -24.140 0.0000000000
149283  -36.005  -0.869  -23.738 0.0000000000
149287  -35.845  -1.363  -23.392 0.0000000000
170449  -36.077  -2.142  -23.203 0.0000000000
180062  -35.639  -1.901  -21.965 0.0000000000
95899  -36.946  -1.480  -22.291 0.0000000000
89026  -36.515  -5.810  -21.365 0.0000000000
89143  -25.326  -5.828  -29.515 0.0000000000
91161  -24.936  -5.041  -30.127 0.0000000000
91162  -25.805  -4.956  -30.238 0.0000000000
91163  -26.165  -5.059  -30.408 0.0000000000
91156  -26.411  -5.423  -30.614 0.0000000000
175425  -26.730  -7.135  -27.065 0.0000000000
89125  -26.536  -6.483  -27.452 0.0000000000
181055  -27.389  -7.141  -26.678 0.0000000000
89116  -27.221  -6.612  -26.870 0.0000000000
88077  -27.741  -7.480  -26.343 0.0000000000
85892  -27.928  -9.301  -25.988 0.0000000000
177112  -28.957  -9.100  -24.642 0.0000000000
157360  -26.620  -3.702  -28.371 0.0000000000
93202  -26.436  -4.059  -28.894 0.0000000000
92145  -26.686  -4.593  -28.716 0.0000000000
171042  -35.434  0.758  -25.685 0.0000000000
170935  -34.349  0.006  -25.464 0.0000000000
149332  -33.934  -0.653  -24.965 0.0000000000
176747  -34.987  -3.760  -23.265 0.0000000000
149912  -36.412  -4.063  -22.937 0.0000000000
172140  -36.440  -5.492  -21.105 0.0000000000
92091  -31.124  -4.768  -24.416 0.0000000000
91063  -31.677  -5.210  -23.021 0.0000000000
90048  -31.155  -6.115  -24.002 0.0000000000
89093  -29.720  -6.267  -24.816 0.0000000000
88037  -30.568  -7.139  -24.144 0.0000000000
159013  -30.538  -7.962  -23.772 0.0000000000
160703  -30.769  -8.693  -23.630 0.0000000000
99597  -36.318  1.714  -25.858 0.0000000000
97769  -35.737  0.619  -23.629 0.0000000000
170667  -32.016  -2.119  -24.594 0.0000000000
150162  -32.819  -1.947  -24.501 0.0000000000
172499  -33.177  -1.165  -24.906 0.0000000000
171735  -34.680  -1.612  -23.935 0.0000000000
178038  -35.428  -2.338  -21.334 0.0000000000
94074  -35.852  -2.556  -21.761 0.0000000000
95047  -36.437  -2.196  -22.002 0.0000000000
164511  -33.866  -5.997  -22.129 0.0000000000
87977  -34.726  -7.024  -21.522 0.0000000000
89137  -24.644  -7.047  -29.426 0.0000000000
89131  -25.500  -7.178  -29.660 0.0000000000
89139  -25.846  -6.233  -29.426 0.0000000000
90128  -26.166  -6.312  -29.314 0.0000000000
157854  -26.050  -7.058  -28.970 0.0000000000
177221  -26.108  -7.190  -27.694 0.0000000000
86985  -27.222  -8.279  -26.810 0.0000000000
174775  -29.298  -3.890  -26.579 0.0000000000
92121  -29.344  -4.303  -26.428 0.0000000000
91117  -29.247  -4.748  -26.109 0.0000000000
91116  -28.771  -5.017  -26.177 0.0000000000
92131  -28.171  -4.751  -27.125 0.0000000000
90108  -28.745  -5.598  -26.090 0.0000000000
165273  -28.076  -5.770  -26.454 0.0000000000
89118  -28.151  -6.317  -25.998 0.0000000000
174710  -34.807  2.364  -25.487 0.0000000000
97779  -35.807  0.885  -23.921 0.0000000000
150846  -35.594  0.386  -23.370 0.0000000000
149295  -35.693  -0.263  -22.989 0.0000000000
149296  -32.239  -3.762  -23.786 0.0000000000
92036  -36.502  -3.871  -20.846 0.0000000000
92037  -37.052  -4.935  -20.559 0.0000000000
151247  -36.091  -4.760  -20.168 0.0000000000
86895  -33.142  -8.187  -22.007 0.0000000000
84875  -26.778  -10.083  -27.103 0.0000000000
85902  -26.740  -9.321  -27.153 0.0000000000
84876  -27.054  -9.577  -26.556 0.0000000000
172139  -32.596  -4.107  -22.913 0.0000000000
151280  -33.236  -5.362  -22.876 0.0000000000
90024  -33.053  -5.654  -23.103 0.0000000000
89044  -32.754  -6.963  -22.892 0.0000000000
91085  -30.115  -4.981  -25.080 0.0000000000
89095  -30.941  -6.257  -24.147 0.0000000000
89070  -31.157  -6.420  -23.841 0.0000000000
89042  -31.968  -6.882  -23.124 0.0000000000
88000  -32.738  -7.688  -22.604 0.0000000000
86919  -31.631  -8.336  -23.277 0.0000000000
85846  -32.026  -8.759  -22.393 0.0000000000
97770  -36.222  0.291  -24.332 0.0000000000
170670  -33.176  -0.721  -25.147 0.0000000000
171088  -35.919  -2.190  -22.947 0.0000000000
149285  -35.591  -1.035  -22.586 0.0000000000
171397  -35.450  -0.755  -22.535 0.0000000000
96804  -36.080  -0.887  -23.085 0.0000000000
90003  -35.940  -5.845  -20.090 0.0000000000
93209  -25.292  -3.996  -29.855 0.0000000000
92153  -26.109  -4.726  -29.533 0.0000000000
91158  -26.523  -5.207  -29.216 0.0000000000
173851  -26.500  -6.020  -28.900 0.0000000000
91146  -26.874  -5.557  -28.769 0.0000000000
90120  -27.136  -5.919  -27.155 0.0000000000
89117  -27.759  -6.840  -26.392 0.0000000000
88064  -28.228  -7.221  -25.915 0.0000000000
85903  -27.175  -8.942  -26.740 0.0000000000
85904  -27.659  -8.638  -26.254 0.0000000000
179594  -28.186  -8.722  -25.736 0.0000000000
161990  -28.065  -8.011  -25.983 0.0000000000
86975  -28.450  -8.179  -25.358 0.0000000000
86976  -28.739  -7.744  -25.185 0.0000000000
85871  -29.674  -8.804  -24.158 0.0000000000
86994  -25.996  -8.613  -28.137 0.0000000000
86995  -26.370  -8.354  -27.689 0.0000000000
88090  -26.017  -7.745  -28.892 0.0000000000
88091  -25.944  -7.295  -28.425 0.0000000000
89107  -28.543  -6.809  -25.581 0.0000000000
89138  -25.342  -6.370  -29.520 0.0000000000
90122  -28.243  -5.181  -26.619 0.0000000000
90136  -26.277  -5.935  -30.386 0.0000000000
90137  -26.499  -5.763  -30.223 0.0000000000
90138  -26.292  -5.747  -29.499 0.0000000000
90140  -24.746  -5.623  -29.713 0.0000000000
91147  -27.229  -5.229  -28.085 0.0000000000
92132  -28.264  -4.545  -26.769 0.0000000000
92147  -27.590  -4.557  -27.375 0.0000000000
92156  -24.791  -4.466  -30.130 0.0000000000
92157  -25.477  -4.561  -30.158 0.0000000000
92158  -25.760  -4.474  -29.999 0.0000000000
93203  -26.794  -4.101  -28.140 0.0000000000
93205  -27.541  -4.083  -26.767 0.0000000000
94169  -26.623  -3.285  -28.303 0.0000000000
159883  -26.914  -3.650  -27.836 0.0000000000
171279  -32.029  -0.388  -25.885 0.0000000000
174390  -27.459  -9.236  -26.313 0.0000000000
175336  -24.366  -4.641  -29.977 0.0000000000
180241  -27.641  -8.018  -26.450 0.0000000000
181861  -27.270  -4.980  -28.097 0.0000000000
181971  -32.012  -0.959  -25.981 0.0000000000
182714  -32.077  0.487  -26.696 0.0000000000
