#!ascii label  , from subject sub-v2s11x28705_ses-1 vox2ras=TkReg
1168
9132  -35.134  -78.173  -2.294 0.0000000000
8453  -32.418  -79.890  -15.017 0.0000000000
13437  -32.921  -76.549  -6.913 0.0000000000
7505  -31.746  -79.897  -9.235 0.0000000000
226609  -37.567  -73.964  -12.419 0.0000000000
17234  -39.818  -72.573  -2.903 0.0000000000
19269  -32.471  -71.509  -5.050 0.0000000000
220745  -32.404  -65.615  -5.384 0.0000000000
16378  -31.501  -74.404  -10.173 0.0000000000
239246  -34.682  -75.095  -10.106 0.0000000000
18355  -33.726  -72.519  -12.820 0.0000000000
19272  -36.677  -72.212  -5.086 0.0000000000
22689  -36.299  -68.890  -4.344 0.0000000000
30657  -30.706  -63.961  -7.768 0.0000000000
26222  -32.345  -66.448  -7.562 0.0000000000
10316  -30.988  -78.799  -4.073 0.0000000000
8409  -32.410  -79.654  -12.091 0.0000000000
246914  -29.026  -77.106  -12.494 0.0000000000
242554  -28.920  -78.401  -15.574 0.0000000000
11465  -37.044  -76.905  -4.483 0.0000000000
244255  -33.325  -79.924  -5.266 0.0000000000
10422  -36.597  -77.416  -10.703 0.0000000000
12571  -37.972  -76.348  -12.915 0.0000000000
236626  -37.211  -74.335  -5.199 0.0000000000
16335  -32.861  -74.016  -5.943 0.0000000000
18299  -29.863  -72.242  -8.018 0.0000000000
224250  -34.984  -66.481  -3.891 0.0000000000
23869  -33.415  -67.815  -5.023 0.0000000000
22717  -31.187  -69.139  -7.215 0.0000000000
21596  -33.294  -70.208  -8.553 0.0000000000
12491  -29.864  -77.235  -8.187 0.0000000000
14547  -33.185  -75.266  -14.425 0.0000000000
250674  -33.475  -78.876  -16.993 0.0000000000
9518  -32.728  -78.939  -21.504 0.0000000000
18332  -31.643  -72.521  -11.113 0.0000000000
16399  -32.532  -73.892  -11.878 0.0000000000
7355  -33.056  -79.432  -2.704 0.0000000000
212432  -32.398  -79.783  -13.572 0.0000000000
10492  -30.851  -79.438  -14.050 0.0000000000
9408  -30.617  -79.860  -15.442 0.0000000000
10580  -29.343  -78.867  -17.193 0.0000000000
8477  -31.544  -80.163  -16.656 0.0000000000
13427  -35.468  -76.559  -5.690 0.0000000000
13453  -35.145  -76.689  -7.411 0.0000000000
15466  -35.898  -74.734  -11.524 0.0000000000
14459  -37.134  -75.130  -9.804 0.0000000000
15452  -38.454  -74.976  -10.569 0.0000000000
10461  -37.462  -76.921  -11.894 0.0000000000
217644  -39.448  -75.164  -11.930 0.0000000000
14383  -38.095  -75.257  -3.652 0.0000000000
228563  -38.794  -73.242  -4.721 0.0000000000
18253  -34.490  -72.011  -4.934 0.0000000000
249550  -34.685  -72.764  -5.627 0.0000000000
18286  -32.935  -72.824  -5.534 0.0000000000
17288  -31.067  -73.615  -7.054 0.0000000000
18284  -31.444  -72.102  -5.970 0.0000000000
27319  -33.650  -65.773  -4.619 0.0000000000
25072  -34.593  -66.761  -5.197 0.0000000000
25076  -33.564  -66.447  -6.023 0.0000000000
26234  -32.565  -66.778  -8.840 0.0000000000
23881  -32.053  -67.942  -7.448 0.0000000000
236033  -32.432  -68.004  -8.417 0.0000000000
21595  -32.108  -69.806  -8.450 0.0000000000
7440  -32.396  -79.938  -7.497 0.0000000000
10380  -31.583  -78.805  -6.512 0.0000000000
10408  -31.322  -78.535  -8.825 0.0000000000
12552  -27.469  -76.843  -12.486 0.0000000000
227915  -31.456  -74.772  -14.260 0.0000000000
12619  -33.493  -77.077  -14.612 0.0000000000
12693  -33.812  -77.270  -20.529 0.0000000000
14453  -32.529  -75.651  -8.769 0.0000000000
14433  -33.777  -76.038  -8.731 0.0000000000
15429  -32.970  -75.070  -10.180 0.0000000000
15464  -33.757  -74.695  -11.861 0.0000000000
16419  -35.327  -74.252  -12.867 0.0000000000
18277  -38.839  -72.364  -4.929 0.0000000000
248205  -36.184  -70.893  -4.125 0.0000000000
221253  -34.526  -70.310  -4.468 0.0000000000
219407  -31.242  -65.212  -6.567 0.0000000000
28384  -32.348  -65.491  -6.754 0.0000000000
227702  -31.574  -64.960  -7.746 0.0000000000
223291  -32.182  -65.443  -8.869 0.0000000000
249285  -33.687  -65.229  -9.985 0.0000000000
8375  -32.296  -79.716  -10.855 0.0000000000
11575  -30.720  -78.048  -10.685 0.0000000000
11598  -30.733  -78.367  -12.118 0.0000000000
220010  -29.057  -77.836  -14.237 0.0000000000
12647  -26.903  -77.370  -16.082 0.0000000000
11699  -27.823  -78.172  -17.783 0.0000000000
10643  -28.634  -78.875  -19.336 0.0000000000
8512  -29.720  -79.935  -20.848 0.0000000000
220591  -36.141  -77.719  -3.174 0.0000000000
256268  -34.114  -78.894  -3.408 0.0000000000
8303  -34.504  -79.337  -6.673 0.0000000000
8333  -34.020  -79.357  -8.557 0.0000000000
14436  -35.728  -75.891  -9.318 0.0000000000
11548  -35.910  -77.609  -9.673 0.0000000000
7509  -34.100  -79.057  -10.296 0.0000000000
8396  -34.439  -78.760  -11.357 0.0000000000
9364  -34.863  -78.419  -12.461 0.0000000000
9391  -34.921  -78.330  -13.626 0.0000000000
12431  -38.361  -76.944  -4.120 0.0000000000
14391  -37.013  -75.576  -4.744 0.0000000000
14379  -34.773  -75.517  -5.260 0.0000000000
17281  -36.944  -73.185  -5.734 0.0000000000
228667  -34.731  -74.250  -5.880 0.0000000000
15378  -32.514  -75.234  -6.342 0.0000000000
15405  -31.500  -74.917  -7.910 0.0000000000
16370  -30.649  -73.773  -9.190 0.0000000000
19359  -31.276  -71.466  -10.377 0.0000000000
216679  -35.920  -67.507  -4.509 0.0000000000
23853  -34.172  -68.474  -4.600 0.0000000000
21536  -32.719  -69.777  -4.576 0.0000000000
25075  -32.643  -67.040  -6.335 0.0000000000
22708  -31.486  -69.145  -5.719 0.0000000000
20413  -31.202  -70.546  -5.523 0.0000000000
20443  -30.130  -70.868  -7.582 0.0000000000
20476  -31.433  -70.636  -9.236 0.0000000000
8267  -32.335  -79.353  -4.749 0.0000000000
11483  -29.945  -77.993  -6.069 0.0000000000
12518  -29.526  -77.030  -10.207 0.0000000000
12527  -27.909  -77.172  -10.469 0.0000000000
14535  -38.953  -75.305  -13.259 0.0000000000
252809  -37.642  -76.458  -14.113 0.0000000000
10517  -35.504  -77.849  -14.226 0.0000000000
12638  -34.963  -77.624  -14.858 0.0000000000
8471  -33.083  -79.683  -16.175 0.0000000000
9434  -32.370  -79.664  -18.208 0.0000000000
225331  -31.743  -79.338  -20.088 0.0000000000
19379  -31.969  -71.793  -10.810 0.0000000000
18347  -32.155  -72.354  -11.477 0.0000000000
228415  -33.213  -78.977  -1.893 0.0000000000
8197  -34.101  -78.477  -2.199 0.0000000000
8442  -32.463  -79.826  -14.228 0.0000000000
8440  -31.645  -80.161  -14.672 0.0000000000
8451  -31.602  -80.300  -15.197 0.0000000000
9409  -30.928  -80.144  -15.793 0.0000000000
247832  -31.761  -80.393  -15.962 0.0000000000
13439  -34.371  -77.067  -6.418 0.0000000000
13440  -35.254  -76.746  -6.541 0.0000000000
233949  -33.953  -77.043  -7.325 0.0000000000
15491  -36.330  -74.447  -12.056 0.0000000000
15450  -37.463  -74.683  -10.327 0.0000000000
15469  -37.916  -74.389  -10.881 0.0000000000
15453  -39.441  -75.060  -11.220 0.0000000000
16402  -38.739  -74.212  -11.786 0.0000000000
16286  -39.602  -73.335  -2.292 0.0000000000
16292  -39.389  -73.479  -3.041 0.0000000000
15327  -38.728  -74.332  -3.469 0.0000000000
221303  -39.024  -73.175  -4.137 0.0000000000
19270  -33.258  -71.744  -4.865 0.0000000000
220260  -33.446  -72.377  -5.280 0.0000000000
18269  -32.697  -72.152  -5.295 0.0000000000
18285  -32.201  -72.512  -5.729 0.0000000000
19285  -31.915  -71.826  -5.420 0.0000000000
28374  -31.639  -65.590  -5.291 0.0000000000
28363  -31.276  -65.498  -3.873 0.0000000000
27317  -31.938  -65.803  -4.549 0.0000000000
27312  -32.619  -65.912  -4.124 0.0000000000
27318  -32.907  -65.762  -5.037 0.0000000000
249231  -33.963  -66.030  -5.507 0.0000000000
27324  -33.031  -65.572  -5.821 0.0000000000
26235  -33.028  -66.593  -9.264 0.0000000000
25091  -32.507  -67.417  -8.544 0.0000000000
23894  -32.540  -68.605  -8.500 0.0000000000
25100  -34.028  -67.657  -9.418 0.0000000000
7457  -32.019  -79.778  -8.052 0.0000000000
9282  -31.746  -79.501  -8.241 0.0000000000
10409  -31.445  -78.997  -9.005 0.0000000000
11666  -32.297  -77.882  -16.140 0.0000000000
12669  -33.474  -77.459  -18.889 0.0000000000
12668  -32.877  -77.267  -19.089 0.0000000000
239697  -32.031  -75.233  -9.142 0.0000000000
15414  -32.768  -75.378  -9.467 0.0000000000
15428  -32.139  -74.945  -9.937 0.0000000000
17347  -32.785  -73.407  -12.258 0.0000000000
16400  -33.066  -74.270  -12.090 0.0000000000
248442  -33.681  -74.258  -12.381 0.0000000000
15489  -34.334  -74.568  -12.335 0.0000000000
16435  -34.479  -73.637  -13.131 0.0000000000
20393  -35.461  -70.866  -4.193 0.0000000000
222155  -35.198  -70.116  -4.309 0.0000000000
218024  -30.735  -65.128  -6.164 0.0000000000
28382  -31.188  -64.756  -7.115 0.0000000000
28383  -31.778  -65.216  -7.001 0.0000000000
29488  -31.051  -64.402  -7.698 0.0000000000
28411  -32.683  -65.427  -9.360 0.0000000000
229363  -29.422  -78.660  -5.302 0.0000000000
8394  -32.466  -79.686  -11.424 0.0000000000
9329  -31.471  -79.314  -11.293 0.0000000000
9363  -31.827  -79.613  -12.362 0.0000000000
10513  -29.631  -78.765  -14.824 0.0000000000
10490  -29.591  -78.349  -14.270 0.0000000000
224613  -28.581  -78.019  -15.236 0.0000000000
11664  -27.754  -77.675  -15.932 0.0000000000
11690  -27.301  -77.916  -17.295 0.0000000000
10603  -29.946  -79.077  -17.692 0.0000000000
10602  -29.164  -78.691  -17.988 0.0000000000
10644  -29.467  -78.864  -19.395 0.0000000000
9461  -29.012  -79.246  -19.775 0.0000000000
9463  -30.264  -79.116  -19.674 0.0000000000
10319  -36.613  -77.258  -3.896 0.0000000000
9172  -35.640  -77.827  -3.532 0.0000000000
223097  -34.411  -79.499  -7.242 0.0000000000
9269  -34.888  -78.548  -8.092 0.0000000000
255692  -34.655  -75.364  -9.611 0.0000000000
14456  -34.909  -75.724  -9.234 0.0000000000
14457  -35.605  -75.588  -9.360 0.0000000000
13488  -37.063  -76.247  -9.965 0.0000000000
10421  -36.095  -77.748  -10.100 0.0000000000
9302  -35.462  -78.142  -10.046 0.0000000000
9317  -35.782  -78.007  -10.553 0.0000000000
8377  -34.138  -78.915  -10.935 0.0000000000
11600  -37.770  -76.643  -12.105 0.0000000000
245397  -36.207  -77.791  -12.034 0.0000000000
10480  -36.471  -77.326  -12.685 0.0000000000
9379  -35.154  -78.134  -12.924 0.0000000000
216835  -36.193  -77.401  -13.088 0.0000000000
15339  -37.632  -74.477  -4.448 0.0000000000
13417  -37.568  -75.704  -3.785 0.0000000000
230178  -36.896  -74.963  -4.714 0.0000000000
14390  -36.780  -75.444  -4.987 0.0000000000
15355  -36.500  -74.899  -5.221 0.0000000000
19273  -37.614  -71.782  -5.041 0.0000000000
17264  -37.929  -72.810  -5.141 0.0000000000
17262  -36.769  -72.584  -5.645 0.0000000000
17279  -33.875  -73.470  -5.732 0.0000000000
16317  -34.394  -73.749  -5.900 0.0000000000
16336  -33.659  -74.054  -5.798 0.0000000000
254925  -33.652  -74.486  -5.756 0.0000000000
15351  -32.446  -74.609  -6.289 0.0000000000
15377  -32.058  -75.188  -6.814 0.0000000000
228148  -31.981  -74.567  -6.650 0.0000000000
233811  -30.149  -72.817  -7.704 0.0000000000
16359  -30.830  -73.845  -7.805 0.0000000000
17294  -29.967  -72.820  -8.363 0.0000000000
18313  -30.313  -72.379  -9.676 0.0000000000
19334  -30.017  -71.841  -9.179 0.0000000000
26203  -35.496  -66.884  -4.501 0.0000000000
23870  -34.224  -67.648  -4.934 0.0000000000
23854  -34.740  -68.010  -4.697 0.0000000000
248001  -33.619  -68.284  -4.695 0.0000000000
21537  -33.495  -69.700  -4.558 0.0000000000
22684  -32.463  -69.223  -4.761 0.0000000000
27332  -32.358  -65.927  -7.184 0.0000000000
26211  -32.873  -66.097  -6.481 0.0000000000
26215  -32.519  -66.443  -7.036 0.0000000000
23876  -31.604  -68.565  -6.932 0.0000000000
23873  -31.742  -68.555  -6.183 0.0000000000
22714  -31.190  -69.094  -6.451 0.0000000000
21562  -31.507  -69.799  -5.270 0.0000000000
21573  -30.990  -69.800  -5.983 0.0000000000
20436  -30.255  -70.854  -6.685 0.0000000000
21579  -30.526  -70.261  -7.139 0.0000000000
255654  -32.723  -70.061  -8.535 0.0000000000
20451  -30.970  -70.314  -8.692 0.0000000000
20453  -32.709  -70.529  -8.641 0.0000000000
20477  -32.338  -70.769  -9.148 0.0000000000
7391  -33.440  -79.886  -4.478 0.0000000000
7373  -33.194  -79.812  -4.049 0.0000000000
216061  -33.054  -80.028  -4.774 0.0000000000
11498  -30.709  -77.928  -6.954 0.0000000000
10379  -31.072  -78.264  -6.340 0.0000000000
11497  -30.043  -77.711  -6.707 0.0000000000
11512  -29.055  -77.616  -7.300 0.0000000000
12477  -28.800  -77.451  -7.978 0.0000000000
11574  -30.197  -77.664  -11.126 0.0000000000
11560  -30.141  -77.454  -10.412 0.0000000000
12543  -29.072  -76.981  -11.418 0.0000000000
11594  -26.304  -77.591  -12.814 0.0000000000
255860  -27.254  -77.247  -11.583 0.0000000000
16443  -38.977  -74.381  -13.248 0.0000000000
16464  -39.107  -74.421  -14.467 0.0000000000
12641  -37.544  -76.135  -14.871 0.0000000000
11673  -36.728  -76.725  -14.020 0.0000000000
229981  -36.296  -77.043  -14.232 0.0000000000
11668  -33.464  -77.936  -15.815 0.0000000000
12636  -33.871  -77.642  -15.069 0.0000000000
11685  -34.034  -78.496  -16.051 0.0000000000
10561  -34.429  -78.548  -15.495 0.0000000000
9425  -33.245  -79.434  -17.167 0.0000000000
242157  -32.410  -79.768  -17.343 0.0000000000
9435  -33.001  -79.362  -18.165 0.0000000000
10669  -33.403  -78.617  -20.688 0.0000000000
9466  -32.602  -79.285  -19.677 0.0000000000
213872  -32.242  -79.093  -20.939 0.0000000000
228018  -31.071  -73.771  -10.383 0.0000000000
16387  -31.677  -73.956  -10.843 0.0000000000
17331  -31.783  -73.195  -11.341 0.0000000000
18348  -32.689  -72.445  -12.048 0.0000000000
18349  -33.337  -72.054  -12.277 0.0000000000
29492  -31.009  -64.043  -8.181 0.0000000000
31891  -31.370  -62.931  -8.788 0.0000000000
8232  -32.523  -79.746  -3.263 0.0000000000
7574  -32.600  -79.547  -12.863 0.0000000000
9377  -31.789  -79.753  -13.204 0.0000000000
8425  -31.733  -79.993  -13.975 0.0000000000
9388  -30.730  -79.681  -14.768 0.0000000000
216491  -29.605  -79.009  -15.283 0.0000000000
10557  -28.807  -78.546  -16.755 0.0000000000
10559  -30.021  -79.540  -16.289 0.0000000000
9421  -30.624  -79.837  -16.636 0.0000000000
9431  -30.654  -79.633  -17.310 0.0000000000
230416  -36.669  -76.657  -5.028 0.0000000000
11485  -35.481  -77.291  -6.031 0.0000000000
12464  -35.287  -77.061  -6.660 0.0000000000
12479  -34.870  -77.020  -7.939 0.0000000000
15448  -35.501  -74.954  -10.933 0.0000000000
15433  -35.869  -74.970  -10.128 0.0000000000
15434  -36.717  -74.899  -10.106 0.0000000000
255983  -37.817  -74.972  -9.916 0.0000000000
12519  -38.233  -76.214  -10.947 0.0000000000
10448  -37.142  -77.093  -11.488 0.0000000000
12520  -38.933  -76.052  -11.019 0.0000000000
241686  -38.724  -76.042  -11.843 0.0000000000
13528  -38.707  -75.773  -12.387 0.0000000000
254611  -38.481  -74.272  -3.904 0.0000000000
16341  -37.684  -73.758  -4.628 0.0000000000
18255  -35.996  -72.140  -4.726 0.0000000000
18272  -35.515  -72.486  -5.160 0.0000000000
18271  -34.883  -72.449  -5.205 0.0000000000
17259  -33.673  -72.935  -5.581 0.0000000000
17277  -32.450  -73.297  -6.010 0.0000000000
16354  -32.209  -74.011  -6.339 0.0000000000
17276  -31.719  -72.795  -6.257 0.0000000000
250798  -31.263  -73.015  -6.689 0.0000000000
18300  -30.142  -72.177  -7.397 0.0000000000
213573  -33.827  -66.119  -3.734 0.0000000000
214778  -34.404  -65.895  -4.604 0.0000000000
26202  -35.186  -66.397  -4.968 0.0000000000
255354  -34.448  -66.108  -5.213 0.0000000000
237827  -34.300  -66.343  -5.428 0.0000000000
25071  -33.270  -67.318  -5.506 0.0000000000
26230  -32.338  -66.779  -8.197 0.0000000000
25082  -32.289  -67.121  -7.633 0.0000000000
252539  -32.288  -67.261  -8.133 0.0000000000
215792  -32.204  -67.671  -8.077 0.0000000000
22718  -31.637  -68.680  -7.651 0.0000000000
22729  -31.461  -69.338  -7.971 0.0000000000
22730  -32.030  -69.005  -8.210 0.0000000000
255256  -33.189  -68.816  -8.845 0.0000000000
22749  -33.923  -68.919  -8.986 0.0000000000
7423  -32.819  -80.062  -6.413 0.0000000000
249166  -32.575  -79.849  -5.987 0.0000000000
8301  -32.204  -79.711  -7.064 0.0000000000
10400  -31.590  -78.863  -7.679 0.0000000000
219066  -30.357  -77.359  -8.639 0.0000000000
227728  -28.152  -76.774  -12.277 0.0000000000
13568  -31.239  -76.025  -14.341 0.0000000000
13570  -32.522  -76.090  -14.160 0.0000000000
13581  -32.995  -76.575  -14.288 0.0000000000
12618  -32.771  -77.109  -14.767 0.0000000000
11667  -32.921  -77.818  -15.992 0.0000000000
11703  -33.284  -78.077  -17.878 0.0000000000
10604  -33.683  -78.441  -18.446 0.0000000000
11711  -33.860  -78.035  -20.093 0.0000000000
235557  -33.687  -78.271  -21.206 0.0000000000
14412  -32.697  -76.311  -7.590 0.0000000000
14413  -33.397  -76.366  -8.200 0.0000000000
14454  -33.311  -75.759  -9.090 0.0000000000
15415  -33.505  -75.467  -9.698 0.0000000000
15431  -34.098  -75.039  -10.471 0.0000000000
15445  -32.803  -74.773  -10.901 0.0000000000
15430  -33.454  -74.975  -10.715 0.0000000000
15447  -34.697  -75.050  -10.927 0.0000000000
15465  -35.077  -74.892  -11.742 0.0000000000
15490  -35.624  -74.560  -12.220 0.0000000000
16420  -36.051  -74.346  -12.812 0.0000000000
253443  -39.401  -72.167  -4.416 0.0000000000
19253  -37.951  -71.187  -4.950 0.0000000000
20395  -37.700  -70.599  -4.676 0.0000000000
19251  -36.599  -71.580  -4.538 0.0000000000
19250  -35.769  -71.502  -4.415 0.0000000000
19249  -34.689  -71.476  -4.587 0.0000000000
19247  -33.450  -71.032  -4.540 0.0000000000
28373  -30.870  -65.358  -5.213 0.0000000000
27323  -32.322  -65.450  -6.030 0.0000000000
28378  -31.972  -65.357  -6.470 0.0000000000
28394  -32.106  -65.464  -7.405 0.0000000000
29489  -31.335  -64.485  -8.184 0.0000000000
28399  -31.706  -64.849  -8.623 0.0000000000
27347  -32.247  -65.855  -8.540 0.0000000000
27355  -32.571  -66.078  -9.021 0.0000000000
27356  -33.102  -65.968  -9.528 0.0000000000
27375  -33.744  -65.839  -9.888 0.0000000000
8361  -32.218  -79.750  -10.210 0.0000000000
10433  -31.445  -78.924  -10.041 0.0000000000
10446  -31.516  -79.190  -10.579 0.0000000000
11586  -30.726  -78.224  -11.421 0.0000000000
12554  -29.810  -77.531  -12.124 0.0000000000
11605  -29.042  -77.288  -13.071 0.0000000000
12630  -26.524  -77.150  -15.497 0.0000000000
10579  -28.601  -78.479  -17.490 0.0000000000
10621  -28.150  -78.663  -18.854 0.0000000000
9460  -27.716  -79.750  -19.425 0.0000000000
8496  -28.142  -80.281  -19.799 0.0000000000
212562  -28.800  -81.014  -20.556 0.0000000000
217643  -35.844  -78.063  -2.586 0.0000000000
8213  -34.447  -78.361  -2.575 0.0000000000
221741  -35.679  -77.906  -3.116 0.0000000000
8235  -34.640  -78.691  -4.038 0.0000000000
7393  -34.087  -79.436  -4.937 0.0000000000
8270  -34.723  -78.939  -5.311 0.0000000000
7426  -33.903  -79.659  -6.082 0.0000000000
7444  -33.770  -79.694  -6.695 0.0000000000
7460  -33.170  -79.814  -8.001 0.0000000000
7490  -33.061  -79.848  -9.009 0.0000000000
13470  -34.166  -76.553  -8.260 0.0000000000
250202  -35.289  -76.233  -8.847 0.0000000000
14437  -36.438  -75.590  -9.613 0.0000000000
13474  -36.480  -76.378  -9.570 0.0000000000
9283  -34.780  -78.639  -8.870 0.0000000000
8346  -34.186  -79.085  -9.307 0.0000000000
217501  -33.215  -79.756  -9.646 0.0000000000
222048  -33.142  -79.708  -10.137 0.0000000000
7537  -33.487  -79.278  -11.163 0.0000000000
8395  -33.732  -79.094  -11.648 0.0000000000
9349  -36.121  -77.873  -11.527 0.0000000000
8412  -34.604  -78.695  -11.935 0.0000000000
8410  -33.548  -79.173  -12.217 0.0000000000
8430  -33.875  -78.950  -12.706 0.0000000000
216832  -33.657  -78.928  -13.444 0.0000000000
8443  -33.948  -78.921  -14.016 0.0000000000
236190  -37.404  -78.511  -2.793 0.0000000000
11422  -37.447  -77.882  -3.462 0.0000000000
11466  -37.684  -76.933  -4.200 0.0000000000
13404  -38.404  -76.238  -3.773 0.0000000000
231974  -37.716  -76.216  -3.777 0.0000000000
12455  -36.959  -76.768  -4.853 0.0000000000
13429  -36.745  -76.233  -5.014 0.0000000000
13415  -34.965  -76.162  -5.314 0.0000000000
13425  -33.783  -76.627  -5.757 0.0000000000
17266  -39.052  -72.953  -4.822 0.0000000000
16320  -37.982  -73.402  -4.867 0.0000000000
16339  -37.204  -73.887  -5.617 0.0000000000
242268  -35.671  -72.736  -5.721 0.0000000000
16337  -35.774  -73.728  -6.080 0.0000000000
221905  -36.153  -74.406  -5.744 0.0000000000
15337  -34.713  -74.837  -5.528 0.0000000000
14389  -33.536  -75.795  -5.460 0.0000000000
14400  -32.533  -75.963  -6.639 0.0000000000
14411  -32.179  -75.800  -7.207 0.0000000000
15406  -31.871  -75.423  -8.351 0.0000000000
15413  -31.466  -74.906  -8.680 0.0000000000
16360  -31.312  -74.302  -7.489 0.0000000000
16367  -31.056  -74.448  -8.225 0.0000000000
229728  -31.070  -74.123  -9.657 0.0000000000
17320  -30.856  -72.978  -10.431 0.0000000000
18331  -31.249  -72.305  -10.745 0.0000000000
25064  -35.278  -67.018  -4.682 0.0000000000
23855  -35.414  -67.901  -4.675 0.0000000000
254593  -35.279  -69.386  -4.519 0.0000000000
231724  -34.720  -69.636  -4.558 0.0000000000
223029  -33.839  -70.390  -4.475 0.0000000000
241810  -32.834  -70.784  -4.611 0.0000000000
27328  -32.826  -65.553  -6.372 0.0000000000
25070  -32.859  -67.348  -5.811 0.0000000000
23877  -32.108  -67.891  -6.627 0.0000000000
23874  -32.340  -67.957  -5.943 0.0000000000
235655  -32.383  -68.755  -5.065 0.0000000000
22709  -31.917  -69.198  -5.117 0.0000000000
213801  -31.839  -70.428  -4.948 0.0000000000
19268  -31.784  -71.129  -5.181 0.0000000000
19284  -31.169  -71.389  -5.623 0.0000000000
19304  -30.113  -71.533  -7.046 0.0000000000
19303  -29.906  -71.595  -7.761 0.0000000000
21582  -30.653  -70.239  -7.955 0.0000000000
20450  -30.325  -70.721  -8.389 0.0000000000
19315  -30.087  -71.198  -8.806 0.0000000000
218475  -30.998  -71.043  -9.714 0.0000000000
19337  -32.651  -71.140  -9.635 0.0000000000
8211  -33.605  -79.015  -3.255 0.0000000000
7372  -32.990  -79.805  -3.745 0.0000000000
9187  -31.722  -79.027  -3.912 0.0000000000
9198  -31.967  -79.075  -5.256 0.0000000000
10354  -31.438  -78.622  -5.345 0.0000000000
10329  -30.789  -78.485  -4.899 0.0000000000
11482  -29.401  -78.204  -5.909 0.0000000000
10419  -31.281  -78.455  -9.549 0.0000000000
11546  -30.340  -77.375  -9.246 0.0000000000
12503  -29.717  -77.077  -8.982 0.0000000000
12542  -28.609  -76.899  -11.052 0.0000000000
12528  -28.475  -76.943  -10.509 0.0000000000
12502  -28.903  -77.025  -9.248 0.0000000000
19388  -33.696  -71.399  -11.682 0.0000000000
233124  -34.986  -72.554  -13.348 0.0000000000
16437  -35.704  -73.806  -13.243 0.0000000000
238754  -37.209  -73.840  -13.183 0.0000000000
16422  -38.384  -73.905  -12.329 0.0000000000
16424  -38.966  -74.183  -12.425 0.0000000000
14520  -39.041  -75.446  -12.753 0.0000000000
12603  -38.293  -75.963  -13.170 0.0000000000
15536  -38.722  -74.638  -14.480 0.0000000000
13587  -38.100  -75.986  -14.116 0.0000000000
11628  -37.550  -76.588  -13.431 0.0000000000
10493  -36.216  -77.353  -13.517 0.0000000000
9392  -35.449  -77.954  -13.793 0.0000000000
9402  -34.107  -79.070  -14.901 0.0000000000
14549  -34.344  -76.071  -14.386 0.0000000000
13583  -34.983  -76.257  -14.568 0.0000000000
12622  -35.732  -76.857  -14.579 0.0000000000
10538  -35.128  -77.979  -15.035 0.0000000000
9410  -34.099  -79.058  -15.400 0.0000000000
8462  -32.939  -79.689  -15.943 0.0000000000
8469  -32.281  -80.161  -16.512 0.0000000000
9423  -31.679  -79.913  -17.178 0.0000000000
9444  -31.408  -79.612  -18.447 0.0000000000
9465  -32.248  -79.430  -19.464 0.0000000000
215782  -31.032  -79.187  -19.908 0.0000000000
9489  -30.386  -79.385  -20.448 0.0000000000
6592  -33.067  -80.058  -7.779 0.0000000000
6604  -32.676  -80.018  -9.038 0.0000000000
6605  -32.766  -80.024  -8.546 0.0000000000
6606  -33.145  -79.853  -8.619 0.0000000000
6619  -32.941  -80.046  -8.933 0.0000000000
6631  -33.227  -79.895  -9.408 0.0000000000
7336  -32.971  -79.075  -2.000 0.0000000000
7354  -33.015  -79.704  -2.919 0.0000000000
7356  -33.524  -79.507  -3.549 0.0000000000
7371  -32.733  -79.819  -3.196 0.0000000000
7374  -33.733  -79.695  -4.102 0.0000000000
7375  -34.118  -79.276  -4.385 0.0000000000
7389  -32.868  -79.840  -4.100 0.0000000000
7390  -33.057  -79.905  -4.311 0.0000000000
7392  -33.786  -79.700  -4.682 0.0000000000
7405  -32.912  -79.991  -5.264 0.0000000000
7406  -33.005  -79.992  -5.155 0.0000000000
7407  -33.523  -79.856  -4.980 0.0000000000
7408  -34.205  -79.566  -5.369 0.0000000000
7409  -34.323  -79.503  -5.415 0.0000000000
7424  -33.192  -79.925  -5.995 0.0000000000
7425  -33.586  -79.780  -6.208 0.0000000000
7427  -34.318  -79.514  -5.878 0.0000000000
7441  -32.702  -80.029  -7.208 0.0000000000
7442  -33.073  -80.001  -7.111 0.0000000000
7443  -33.329  -79.852  -6.773 0.0000000000
7445  -34.172  -79.531  -6.605 0.0000000000
7458  -32.576  -80.020  -7.887 0.0000000000
7459  -32.863  -80.044  -7.699 0.0000000000
7461  -33.468  -79.759  -7.357 0.0000000000
7462  -33.990  -79.617  -7.278 0.0000000000
7471  -32.502  -80.020  -8.543 0.0000000000
7472  -32.739  -80.049  -8.143 0.0000000000
7473  -33.257  -79.746  -8.598 0.0000000000
7474  -33.653  -79.610  -8.019 0.0000000000
7487  -31.857  -79.735  -8.712 0.0000000000
7488  -32.350  -79.974  -9.209 0.0000000000
7489  -32.772  -80.000  -9.658 0.0000000000
7491  -33.399  -79.685  -9.180 0.0000000000
7492  -34.065  -79.301  -9.288 0.0000000000
7506  -32.247  -79.830  -9.833 0.0000000000
7507  -33.222  -79.787  -9.995 0.0000000000
7508  -33.593  -79.574  -10.207 0.0000000000
7519  -32.638  -79.682  -10.922 0.0000000000
7520  -32.856  -79.711  -10.394 0.0000000000
7521  -33.318  -79.555  -10.624 0.0000000000
7522  -33.903  -79.112  -10.867 0.0000000000
7535  -32.761  -79.645  -11.617 0.0000000000
7536  -33.025  -79.544  -11.137 0.0000000000
7555  -32.684  -79.593  -12.254 0.0000000000
7556  -33.075  -79.512  -11.790 0.0000000000
7557  -33.300  -79.382  -11.697 0.0000000000
7575  -33.045  -79.456  -12.390 0.0000000000
7587  -32.124  -80.109  -14.243 0.0000000000
7597  -32.143  -80.133  -14.753 0.0000000000
7602  -32.098  -80.235  -15.352 0.0000000000
7625  -28.318  -80.901  -20.163 0.0000000000
8195  -33.266  -79.098  -2.664 0.0000000000
8196  -33.682  -78.812  -1.970 0.0000000000
8212  -33.840  -78.804  -2.800 0.0000000000
8231  -31.961  -79.414  -3.035 0.0000000000
8233  -34.015  -79.251  -3.853 0.0000000000
8234  -34.248  -78.997  -3.898 0.0000000000
8250  -32.291  -79.397  -3.913 0.0000000000
8251  -32.813  -79.923  -4.695 0.0000000000
8252  -34.243  -79.070  -4.566 0.0000000000
8268  -32.697  -79.875  -5.400 0.0000000000
8269  -34.406  -79.233  -5.150 0.0000000000
8286  -32.203  -79.502  -6.198 0.0000000000
8287  -32.768  -79.982  -5.907 0.0000000000
8288  -34.555  -79.392  -5.693 0.0000000000
8289  -34.706  -79.022  -6.054 0.0000000000
8302  -32.583  -79.947  -6.652 0.0000000000
8318  -32.050  -79.798  -7.825 0.0000000000
8319  -34.261  -79.125  -7.925 0.0000000000
8320  -34.649  -79.256  -7.325 0.0000000000
8332  -31.771  -79.667  -8.477 0.0000000000
8334  -34.431  -79.009  -8.723 0.0000000000
8345  -31.777  -79.728  -9.086 0.0000000000
8347  -34.611  -78.752  -9.444 0.0000000000
8362  -34.383  -78.822  -9.964 0.0000000000
8363  -34.827  -78.524  -10.419 0.0000000000
8374  -31.988  -79.672  -10.510 0.0000000000
8376  -33.937  -78.977  -11.229 0.0000000000
8378  -34.725  -78.551  -11.014 0.0000000000
8393  -32.051  -79.689  -11.714 0.0000000000
8397  -34.926  -78.325  -11.539 0.0000000000
8408  -32.084  -79.677  -12.662 0.0000000000
8411  -34.087  -78.961  -12.098 0.0000000000
8426  -31.982  -79.931  -13.494 0.0000000000
8427  -32.293  -79.667  -12.962 0.0000000000
8428  -32.810  -79.500  -13.192 0.0000000000
8429  -33.307  -79.214  -12.922 0.0000000000
8431  -34.426  -78.776  -12.547 0.0000000000
8441  -31.937  -80.145  -14.197 0.0000000000
8444  -34.213  -78.787  -13.136 0.0000000000
8452  -31.896  -80.259  -14.875 0.0000000000
8454  -32.931  -79.505  -14.528 0.0000000000
8455  -33.595  -79.235  -14.722 0.0000000000
8459  -31.478  -80.358  -15.646 0.0000000000
8460  -31.819  -80.351  -15.529 0.0000000000
8461  -32.468  -80.019  -15.798 0.0000000000
8463  -33.567  -79.409  -15.554 0.0000000000
8467  -31.473  -80.335  -16.167 0.0000000000
8468  -31.879  -80.272  -16.451 0.0000000000
8470  -32.678  -79.968  -16.425 0.0000000000
8472  -33.611  -79.277  -15.967 0.0000000000
8478  -31.874  -80.040  -16.905 0.0000000000
8479  -32.180  -80.050  -16.885 0.0000000000
8480  -32.551  -79.932  -16.964 0.0000000000
8481  -32.907  -79.846  -16.926 0.0000000000
8484  -32.128  -79.800  -17.436 0.0000000000
8485  -32.560  -79.612  -17.862 0.0000000000
8510  -28.667  -80.383  -20.215 0.0000000000
8511  -29.132  -80.429  -20.586 0.0000000000
9133  -35.695  -78.228  -2.056 0.0000000000
9169  -31.109  -79.117  -3.379 0.0000000000
9170  -31.710  -79.232  -3.246 0.0000000000
9171  -35.078  -78.194  -3.537 0.0000000000
9220  -31.895  -79.114  -5.971 0.0000000000
9242  -31.877  -79.145  -6.717 0.0000000000
9267  -31.897  -79.467  -7.456 0.0000000000
9268  -34.562  -78.834  -8.041 0.0000000000
9284  -35.125  -78.289  -9.131 0.0000000000
9300  -31.682  -79.539  -9.429 0.0000000000
9301  -35.095  -78.482  -9.634 0.0000000000
9315  -31.777  -79.526  -10.159 0.0000000000
9316  -35.237  -78.239  -10.237 0.0000000000
9330  -31.801  -79.560  -10.859 0.0000000000
9346  -31.473  -79.398  -12.048 0.0000000000
9347  -31.819  -79.597  -11.566 0.0000000000
9348  -35.403  -78.069  -11.244 0.0000000000
9362  -31.441  -79.482  -12.841 0.0000000000
9365  -35.377  -78.041  -12.372 0.0000000000
9366  -36.055  -77.777  -12.313 0.0000000000
9376  -31.385  -79.683  -13.646 0.0000000000
9378  -34.681  -78.555  -13.046 0.0000000000
9380  -35.791  -77.742  -12.780 0.0000000000
9389  -31.315  -79.900  -14.413 0.0000000000
9390  -34.286  -78.890  -14.126 0.0000000000
9393  -35.616  -77.858  -13.316 0.0000000000
9401  -31.101  -80.118  -15.038 0.0000000000
9403  -34.575  -78.774  -14.823 0.0000000000
9404  -34.953  -78.434  -14.258 0.0000000000
9411  -34.677  -78.576  -15.140 0.0000000000
9414  -30.574  -79.921  -16.051 0.0000000000
9415  -31.092  -80.162  -16.387 0.0000000000
9416  -33.452  -79.480  -16.519 0.0000000000
9417  -33.861  -79.032  -15.884 0.0000000000
9422  -31.178  -79.984  -16.942 0.0000000000
9424  -32.816  -79.577  -17.501 0.0000000000
9426  -33.366  -79.120  -17.304 0.0000000000
9432  -31.068  -79.665  -17.776 0.0000000000
9433  -31.864  -79.764  -17.870 0.0000000000
9436  -33.171  -79.223  -17.866 0.0000000000
9437  -33.370  -78.788  -18.027 0.0000000000
9445  -31.973  -79.641  -18.739 0.0000000000
9447  -33.180  -79.014  -19.036 0.0000000000
9448  -33.213  -79.071  -18.647 0.0000000000
9462  -29.687  -79.309  -20.095 0.0000000000
9464  -31.605  -79.409  -19.273 0.0000000000
9467  -32.870  -79.157  -19.595 0.0000000000
9488  -29.147  -79.827  -20.250 0.0000000000
9490  -31.092  -79.338  -20.735 0.0000000000
9491  -32.292  -79.270  -20.206 0.0000000000
9492  -32.689  -79.056  -20.306 0.0000000000
9517  -32.284  -79.161  -21.536 0.0000000000
9519  -33.195  -78.682  -21.495 0.0000000000
9539  -32.411  -79.124  -21.762 0.0000000000
9540  -32.899  -78.913  -21.844 0.0000000000
10280  -36.243  -77.933  -2.981 0.0000000000
10281  -36.907  -78.181  -3.065 0.0000000000
10301  -36.148  -77.454  -3.629 0.0000000000
10302  -36.785  -77.516  -3.578 0.0000000000
10314  -29.677  -78.991  -4.594 0.0000000000
10315  -30.298  -78.695  -4.267 0.0000000000
10317  -31.556  -78.825  -4.648 0.0000000000
10328  -30.073  -78.439  -4.994 0.0000000000
10353  -30.918  -78.253  -5.661 0.0000000000
10399  -31.184  -78.247  -7.481 0.0000000000
10410  -35.526  -77.935  -9.430 0.0000000000
10420  -31.401  -78.787  -9.288 0.0000000000
10432  -31.221  -78.543  -10.270 0.0000000000
10434  -36.331  -77.723  -10.865 0.0000000000
10445  -31.145  -78.737  -10.999 0.0000000000
10447  -36.582  -77.503  -11.357 0.0000000000
10449  -37.642  -76.649  -11.630 0.0000000000
10458  -31.093  -78.911  -11.719 0.0000000000
10459  -36.656  -77.408  -11.833 0.0000000000
10460  -36.957  -77.202  -11.827 0.0000000000
10468  -30.628  -78.612  -12.694 0.0000000000
10469  -31.030  -79.052  -12.441 0.0000000000
10470  -36.653  -77.335  -12.257 0.0000000000
10471  -37.026  -77.063  -12.730 0.0000000000
10481  -36.876  -77.017  -13.069 0.0000000000
10491  -30.215  -78.974  -14.374 0.0000000000
10494  -36.984  -76.763  -13.450 0.0000000000
10514  -30.112  -79.318  -15.079 0.0000000000
10515  -35.010  -78.305  -14.667 0.0000000000
10516  -35.413  -77.999  -13.969 0.0000000000
10535  -28.969  -78.621  -16.072 0.0000000000
10536  -29.347  -78.864  -15.637 0.0000000000
10537  -29.942  -79.435  -15.692 0.0000000000
10558  -29.474  -79.017  -16.510 0.0000000000
10560  -33.792  -78.865  -16.244 0.0000000000
10581  -30.012  -79.366  -16.920 0.0000000000
10582  -33.482  -78.510  -17.667 0.0000000000
10601  -28.355  -78.462  -18.276 0.0000000000
10620  -27.468  -78.736  -18.770 0.0000000000
10622  -28.890  -78.662  -18.829 0.0000000000
10623  -29.718  -78.785  -18.589 0.0000000000
10624  -33.608  -78.476  -19.064 0.0000000000
10642  -27.895  -79.021  -19.287 0.0000000000
10646  -33.528  -78.496  -20.054 0.0000000000
10668  -33.086  -78.837  -20.135 0.0000000000
10687  -32.962  -78.855  -20.837 0.0000000000
10703  -33.498  -78.338  -21.831 0.0000000000
11443  -37.282  -77.372  -3.839 0.0000000000
11444  -37.940  -77.432  -3.847 0.0000000000
11452  -37.082  -77.027  -4.143 0.0000000000
11453  -37.787  -77.056  -4.044 0.0000000000
11463  -29.849  -78.208  -5.537 0.0000000000
11464  -30.374  -78.158  -5.535 0.0000000000
11484  -30.507  -77.997  -6.179 0.0000000000
11487  -36.282  -77.104  -4.833 0.0000000000
11513  -30.096  -77.455  -7.454 0.0000000000
11514  -30.775  -77.813  -7.719 0.0000000000
11529  -30.406  -77.418  -8.045 0.0000000000
11530  -30.862  -77.860  -8.401 0.0000000000
11532  -35.883  -77.147  -9.307 0.0000000000
11547  -30.826  -77.895  -9.086 0.0000000000
11561  -30.693  -77.815  -9.856 0.0000000000
11562  -37.243  -77.003  -11.165 0.0000000000
11563  -37.589  -76.461  -10.778 0.0000000000
11576  -38.087  -76.434  -11.706 0.0000000000
11585  -30.230  -77.845  -11.811 0.0000000000
11587  -37.856  -76.804  -11.932 0.0000000000
11595  -26.630  -77.571  -12.182 0.0000000000
11596  -29.499  -77.536  -12.634 0.0000000000
11597  -30.151  -78.040  -12.524 0.0000000000
11599  -37.549  -76.673  -12.641 0.0000000000
11607  -37.506  -76.795  -13.120 0.0000000000
11608  -37.644  -76.574  -13.033 0.0000000000
11627  -37.496  -76.753  -13.209 0.0000000000
11652  -28.799  -77.910  -14.754 0.0000000000
11653  -29.165  -78.467  -15.158 0.0000000000
11654  -36.500  -76.971  -13.788 0.0000000000
11655  -37.103  -76.610  -14.098 0.0000000000
11656  -37.753  -76.420  -13.843 0.0000000000
11665  -28.422  -78.072  -15.748 0.0000000000
11669  -33.856  -78.021  -15.692 0.0000000000
11670  -34.568  -78.174  -15.350 0.0000000000
11671  -34.869  -78.096  -15.026 0.0000000000
11672  -35.529  -77.658  -14.452 0.0000000000
11674  -37.527  -76.461  -14.376 0.0000000000
11678  -26.752  -77.717  -16.767 0.0000000000
11679  -27.530  -77.821  -16.569 0.0000000000
11681  -32.076  -77.953  -16.799 0.0000000000
11682  -32.676  -77.985  -16.718 0.0000000000
11683  -32.944  -78.017  -16.562 0.0000000000
11684  -33.568  -78.295  -16.401 0.0000000000
11694  -32.903  -78.051  -17.335 0.0000000000
11695  -33.280  -78.339  -17.155 0.0000000000
11696  -33.430  -78.605  -16.750 0.0000000000
11698  -27.069  -78.088  -17.983 0.0000000000
11705  -27.113  -78.375  -18.469 0.0000000000
11706  -27.669  -78.339  -18.393 0.0000000000
11725  -33.809  -78.152  -20.513 0.0000000000
12418  -39.294  -76.631  -3.875 0.0000000000
12442  -37.422  -76.669  -4.337 0.0000000000
12443  -37.865  -76.579  -3.936 0.0000000000
12453  -35.478  -76.805  -6.133 0.0000000000
12454  -36.148  -76.992  -5.221 0.0000000000
12463  -29.607  -77.431  -7.103 0.0000000000
12465  -35.120  -77.527  -7.234 0.0000000000
12478  -29.436  -77.302  -7.710 0.0000000000
12490  -29.214  -77.177  -8.442 0.0000000000
12493  -36.608  -76.768  -9.620 0.0000000000
12500  -27.817  -77.464  -9.903 0.0000000000
12504  -37.165  -76.718  -10.110 0.0000000000
12516  -28.349  -77.070  -9.882 0.0000000000
12517  -28.937  -76.898  -10.000 0.0000000000
12529  -29.046  -76.931  -10.671 0.0000000000
12530  -29.642  -77.154  -10.899 0.0000000000
12531  -38.071  -76.328  -11.154 0.0000000000
12532  -38.490  -76.147  -11.483 0.0000000000
12541  -27.687  -76.964  -11.731 0.0000000000
12544  -29.732  -77.330  -11.572 0.0000000000
12545  -38.273  -76.409  -11.915 0.0000000000
12551  -26.819  -77.099  -12.679 0.0000000000
12553  -28.547  -76.905  -12.682 0.0000000000
12555  -38.084  -76.603  -12.020 0.0000000000
12556  -38.345  -76.183  -12.096 0.0000000000
12570  -28.495  -76.981  -13.229 0.0000000000
12572  -38.187  -76.121  -12.796 0.0000000000
12600  -28.505  -77.381  -14.276 0.0000000000
12601  -28.825  -77.290  -13.714 0.0000000000
12602  -37.899  -76.339  -13.342 0.0000000000
12620  -34.294  -76.946  -14.579 0.0000000000
12621  -35.011  -76.965  -14.635 0.0000000000
12623  -36.448  -76.650  -14.519 0.0000000000
12624  -37.830  -76.321  -14.268 0.0000000000
12625  -38.077  -76.081  -14.145 0.0000000000
12626  -38.135  -76.102  -13.585 0.0000000000
12631  -27.255  -77.241  -15.450 0.0000000000
12633  -31.798  -77.653  -15.645 0.0000000000
12634  -32.539  -77.530  -15.449 0.0000000000
12635  -33.213  -77.556  -15.225 0.0000000000
12637  -34.528  -77.662  -15.016 0.0000000000
12639  -35.654  -77.391  -14.508 0.0000000000
12640  -36.785  -76.390  -14.476 0.0000000000
12661  -32.450  -77.408  -18.510 0.0000000000
12662  -33.142  -77.538  -18.501 0.0000000000
12670  -33.881  -77.590  -19.187 0.0000000000
12679  -33.616  -77.323  -19.655 0.0000000000
12680  -34.008  -77.515  -19.795 0.0000000000
12694  -33.986  -77.675  -20.970 0.0000000000
13405  -39.184  -75.754  -4.235 0.0000000000
13414  -34.251  -76.086  -5.183 0.0000000000
13416  -35.636  -76.055  -5.295 0.0000000000
13424  -33.068  -76.316  -6.134 0.0000000000
13426  -35.051  -76.669  -5.974 0.0000000000
13428  -36.072  -76.308  -5.239 0.0000000000
13430  -36.961  -76.133  -4.860 0.0000000000
13431  -37.255  -76.126  -4.292 0.0000000000
13438  -33.458  -76.954  -6.676 0.0000000000
13441  -35.044  -76.790  -7.311 0.0000000000
13451  -33.365  -76.755  -7.541 0.0000000000
13452  -34.700  -76.921  -7.479 0.0000000000
13454  -35.139  -76.611  -8.538 0.0000000000
13471  -34.911  -76.546  -8.382 0.0000000000
13472  -35.368  -76.241  -8.939 0.0000000000
13473  -35.947  -76.184  -9.358 0.0000000000
13499  -38.254  -75.868  -10.559 0.0000000000
13500  -38.764  -75.890  -10.809 0.0000000000
13507  -28.069  -76.959  -11.067 0.0000000000
13508  -39.103  -76.150  -11.158 0.0000000000
13515  -28.416  -76.837  -11.624 0.0000000000
13516  -28.779  -76.803  -12.090 0.0000000000
13517  -38.923  -75.777  -12.148 0.0000000000
13529  -38.851  -75.678  -12.610 0.0000000000
13550  -38.540  -75.841  -12.825 0.0000000000
13551  -38.764  -75.682  -12.940 0.0000000000
13569  -31.893  -76.125  -14.149 0.0000000000
13571  -33.138  -75.944  -14.183 0.0000000000
13572  -38.402  -75.821  -13.566 0.0000000000
13573  -38.596  -75.744  -13.180 0.0000000000
13580  -32.299  -76.651  -14.389 0.0000000000
13582  -33.681  -76.424  -14.269 0.0000000000
13584  -35.686  -76.207  -14.675 0.0000000000
13585  -36.334  -75.979  -14.825 0.0000000000
14371  -38.545  -75.301  -3.539 0.0000000000
14378  -34.127  -75.286  -5.325 0.0000000000
14380  -35.410  -75.569  -5.282 0.0000000000
14381  -36.053  -75.555  -5.112 0.0000000000
14382  -37.609  -75.044  -4.091 0.0000000000
14388  -32.952  -75.486  -5.872 0.0000000000
14392  -37.165  -74.900  -4.515 0.0000000000
14399  -32.287  -75.556  -6.742 0.0000000000
14431  -32.264  -75.877  -8.007 0.0000000000
14432  -32.968  -76.070  -8.444 0.0000000000
14434  -34.394  -75.974  -8.865 0.0000000000
14435  -35.257  -75.973  -9.014 0.0000000000
14438  -36.991  -75.857  -9.829 0.0000000000
14455  -34.139  -75.701  -9.321 0.0000000000
14458  -36.168  -75.395  -9.473 0.0000000000
14461  -37.795  -75.748  -10.190 0.0000000000
14468  -37.401  -75.019  -9.621 0.0000000000
14469  -37.706  -75.060  -9.926 0.0000000000
14470  -39.038  -75.793  -10.831 0.0000000000
14477  -39.098  -75.353  -10.799 0.0000000000
14478  -39.456  -74.909  -11.667 0.0000000000
14484  -39.287  -75.715  -11.723 0.0000000000
14499  -39.179  -75.496  -12.255 0.0000000000
14532  -31.622  -75.493  -14.188 0.0000000000
14534  -32.641  -75.497  -14.259 0.0000000000
14552  -38.434  -75.363  -14.060 0.0000000000
14553  -38.752  -74.881  -14.045 0.0000000000
14580  -38.430  -74.547  -14.970 0.0000000000
15319  -38.963  -74.286  -2.980 0.0000000000
15320  -39.125  -74.022  -2.371 0.0000000000
15326  -38.452  -74.682  -3.724 0.0000000000
15338  -35.784  -74.993  -5.383 0.0000000000
15340  -38.152  -74.508  -4.139 0.0000000000
15352  -33.080  -74.637  -5.865 0.0000000000
15353  -34.131  -74.502  -5.672 0.0000000000
15354  -35.353  -74.433  -5.817 0.0000000000
15356  -37.035  -74.775  -5.068 0.0000000000
15357  -36.900  -74.402  -4.755 0.0000000000
15358  -37.328  -74.284  -4.583 0.0000000000
15376  -31.675  -74.796  -7.181 0.0000000000
15395  -31.825  -75.426  -7.562 0.0000000000
15416  -34.141  -75.255  -9.856 0.0000000000
15417  -35.279  -75.246  -9.704 0.0000000000
15418  -35.867  -75.163  -9.566 0.0000000000
15419  -36.194  -75.025  -9.785 0.0000000000
15420  -36.766  -75.173  -9.579 0.0000000000
15432  -35.215  -75.084  -10.371 0.0000000000
15435  -38.041  -75.085  -10.025 0.0000000000
15443  -31.970  -74.539  -10.510 0.0000000000
15444  -32.236  -74.441  -10.983 0.0000000000
15446  -33.936  -74.959  -11.170 0.0000000000
15449  -36.218  -74.754  -10.807 0.0000000000
15451  -38.078  -74.808  -10.395 0.0000000000
15463  -32.620  -74.414  -11.515 0.0000000000
15467  -36.580  -74.432  -11.322 0.0000000000
15468  -37.271  -74.275  -11.082 0.0000000000
15470  -38.512  -74.311  -11.198 0.0000000000
15471  -39.269  -74.542  -11.571 0.0000000000
15492  -39.342  -74.569  -12.026 0.0000000000
15493  -39.246  -75.013  -12.388 0.0000000000
15517  -32.720  -74.937  -14.517 0.0000000000
15518  -38.946  -74.854  -13.830 0.0000000000
15532  -33.134  -74.608  -14.760 0.0000000000
15537  -38.832  -74.598  -14.542 0.0000000000
16302  -38.977  -73.729  -3.558 0.0000000000
16303  -39.421  -72.953  -3.593 0.0000000000
16318  -35.093  -73.730  -6.124 0.0000000000
16319  -35.447  -73.168  -6.001 0.0000000000
16321  -38.627  -73.455  -4.706 0.0000000000
16322  -38.378  -73.698  -4.372 0.0000000000
16323  -38.705  -73.852  -3.965 0.0000000000
16338  -36.519  -73.763  -5.851 0.0000000000
16340  -37.537  -74.032  -5.031 0.0000000000
16353  -31.688  -74.121  -6.855 0.0000000000
16366  -30.653  -73.901  -8.512 0.0000000000
16371  -30.993  -74.400  -8.962 0.0000000000
16377  -30.760  -73.453  -9.834 0.0000000000
16388  -32.137  -73.895  -11.446 0.0000000000
16401  -37.909  -74.087  -11.610 0.0000000000
16403  -39.087  -74.286  -11.960 0.0000000000
16416  -33.371  -73.686  -12.546 0.0000000000
16417  -34.006  -73.857  -12.836 0.0000000000
16418  -34.660  -74.157  -12.904 0.0000000000
16421  -37.052  -74.201  -11.851 0.0000000000
16423  -38.907  -74.042  -12.426 0.0000000000
16425  -39.064  -74.473  -12.572 0.0000000000
16436  -35.017  -73.733  -13.193 0.0000000000
16438  -36.458  -73.899  -13.277 0.0000000000
16439  -38.047  -73.688  -12.971 0.0000000000
16442  -39.092  -74.096  -12.843 0.0000000000
17246  -39.540  -72.531  -3.774 0.0000000000
17247  -39.685  -72.283  -3.563 0.0000000000
17260  -34.286  -73.094  -5.692 0.0000000000
17261  -34.858  -73.184  -5.938 0.0000000000
17263  -37.342  -72.679  -5.510 0.0000000000
17265  -38.630  -72.980  -4.939 0.0000000000
17267  -39.165  -72.736  -4.622 0.0000000000
17278  -33.247  -73.449  -5.740 0.0000000000
17280  -36.164  -73.038  -5.856 0.0000000000
17282  -37.499  -73.331  -5.400 0.0000000000
17289  -31.754  -73.479  -6.519 0.0000000000
17295  -30.337  -73.372  -8.100 0.0000000000
17302  -30.202  -73.357  -8.776 0.0000000000
17309  -30.005  -72.664  -9.034 0.0000000000
17310  -30.354  -73.127  -9.417 0.0000000000
17319  -30.550  -72.841  -9.972 0.0000000000
17330  -31.344  -73.159  -10.837 0.0000000000
17346  -32.267  -73.196  -11.822 0.0000000000
17359  -33.653  -73.215  -12.821 0.0000000000
17363  -34.127  -73.111  -13.071 0.0000000000
17364  -34.709  -73.084  -13.253 0.0000000000
17365  -35.329  -73.136  -13.397 0.0000000000
17366  -36.094  -73.146  -13.668 0.0000000000
17406  -39.235  -73.824  -14.600 0.0000000000
18254  -35.222  -71.988  -4.677 0.0000000000
18256  -39.673  -71.856  -3.906 0.0000000000
18270  -34.204  -72.514  -5.349 0.0000000000
18273  -36.130  -72.528  -5.371 0.0000000000
18274  -37.229  -72.226  -5.294 0.0000000000
18275  -37.743  -72.222  -5.197 0.0000000000
18276  -38.411  -72.314  -5.076 0.0000000000
18278  -39.316  -72.323  -4.726 0.0000000000
18292  -30.477  -72.101  -6.857 0.0000000000
18293  -31.032  -72.408  -6.521 0.0000000000
18305  -29.793  -72.262  -8.622 0.0000000000
18320  -30.698  -72.196  -10.324 0.0000000000
18354  -33.197  -72.862  -12.556 0.0000000000
19248  -34.019  -71.576  -4.673 0.0000000000
19252  -37.338  -71.312  -4.728 0.0000000000
19271  -33.891  -72.066  -4.990 0.0000000000
19274  -38.187  -71.716  -5.074 0.0000000000
19293  -30.655  -71.617  -6.333 0.0000000000
19314  -29.829  -71.695  -8.437 0.0000000000
19335  -30.399  -71.248  -9.393 0.0000000000
19336  -31.787  -70.965  -9.811 0.0000000000
19358  -30.595  -71.645  -9.840 0.0000000000
19381  -34.076  -71.100  -11.125 0.0000000000
20390  -32.442  -70.348  -4.621 0.0000000000
20391  -34.258  -70.959  -4.491 0.0000000000
20392  -34.877  -70.853  -4.378 0.0000000000
20394  -37.001  -70.810  -4.259 0.0000000000
20414  -32.349  -70.916  -4.817 0.0000000000
20415  -32.865  -71.217  -4.722 0.0000000000
20424  -30.669  -70.826  -6.039 0.0000000000
20425  -30.769  -70.325  -5.975 0.0000000000
20442  -29.972  -71.179  -8.194 0.0000000000
20452  -31.841  -70.286  -8.792 0.0000000000
20475  -30.651  -70.813  -9.067 0.0000000000
21563  -32.075  -69.786  -4.773 0.0000000000
21572  -30.515  -70.253  -6.370 0.0000000000
21580  -30.844  -69.700  -6.765 0.0000000000
21583  -30.972  -69.750  -7.568 0.0000000000
21594  -31.320  -69.900  -8.301 0.0000000000
22685  -33.539  -68.917  -4.592 0.0000000000
22686  -34.169  -69.241  -4.566 0.0000000000
22687  -34.896  -68.784  -4.610 0.0000000000
22688  -35.651  -68.788  -4.560 0.0000000000
22731  -33.549  -69.545  -8.691 0.0000000000
23852  -32.978  -68.601  -4.774 0.0000000000
23867  -32.019  -68.600  -5.504 0.0000000000
23868  -32.722  -68.078  -5.334 0.0000000000
23893  -32.034  -68.278  -8.089 0.0000000000
25063  -34.911  -67.266  -4.851 0.0000000000
25073  -35.004  -66.600  -5.025 0.0000000000
25078  -32.348  -67.191  -6.952 0.0000000000
25099  -32.967  -67.253  -9.055 0.0000000000
26194  -35.770  -66.861  -4.116 0.0000000000
26207  -34.781  -66.299  -5.163 0.0000000000
26212  -33.337  -65.875  -5.956 0.0000000000
26258  -33.482  -66.410  -9.693 0.0000000000
27313  -34.816  -66.127  -4.520 0.0000000000
27314  -35.226  -66.411  -4.535 0.0000000000
27320  -34.778  -66.070  -4.946 0.0000000000
27325  -33.654  -65.710  -5.465 0.0000000000
27326  -34.233  -65.853  -5.110 0.0000000000
27340  -32.270  -65.997  -7.906 0.0000000000
28400  -32.037  -65.414  -8.178 0.0000000000
28410  -32.252  -64.858  -9.236 0.0000000000
28429  -32.742  -64.850  -9.785 0.0000000000
28430  -33.203  -65.361  -9.790 0.0000000000
29479  -30.564  -64.196  -7.211 0.0000000000
29493  -31.429  -64.147  -8.609 0.0000000000
30670  -31.127  -63.568  -8.523 0.0000000000
213127  -33.601  -79.262  -16.672 0.0000000000
213287  -38.958  -74.752  -11.038 0.0000000000
214662  -33.060  -79.916  -7.463 0.0000000000
214896  -32.758  -79.517  -18.524 0.0000000000
215014  -31.287  -65.473  -5.951 0.0000000000
215506  -31.977  -79.687  -11.054 0.0000000000
215818  -32.607  -65.815  -6.731 0.0000000000
216136  -39.021  -74.358  -13.918 0.0000000000
216346  -29.316  -77.172  -12.048 0.0000000000
216372  -36.654  -78.331  -2.692 0.0000000000
216428  -29.379  -77.033  -9.613 0.0000000000
216592  -33.264  -74.722  -11.391 0.0000000000
216856  -27.457  -77.303  -11.106 0.0000000000
217349  -39.079  -75.039  -13.108 0.0000000000
218435  -38.138  -73.940  -4.401 0.0000000000
218765  -30.487  -78.884  -13.744 0.0000000000
218977  -33.770  -79.466  -8.969 0.0000000000
219065  -31.329  -78.307  -8.085 0.0000000000
219067  -33.096  -80.029  -5.763 0.0000000000
219120  -31.522  -78.919  -8.356 0.0000000000
219148  -29.538  -79.146  -16.026 0.0000000000
219367  -34.916  -78.549  -9.919 0.0000000000
219390  -37.866  -75.184  -10.002 0.0000000000
219474  -27.106  -77.192  -12.024 0.0000000000
219664  -31.730  -79.006  -7.087 0.0000000000
220075  -30.874  -79.222  -19.100 0.0000000000
220969  -36.787  -74.268  -12.697 0.0000000000
221150  -31.342  -78.492  -7.001 0.0000000000
221588  -36.017  -76.826  -5.516 0.0000000000
221714  -32.164  -79.378  -5.611 0.0000000000
221723  -29.971  -77.246  -9.711 0.0000000000
222197  -32.167  -80.304  -15.965 0.0000000000
222554  -36.130  -77.865  -10.444 0.0000000000
222884  -33.049  -79.722  -3.405 0.0000000000
223137  -38.318  -74.953  -14.471 0.0000000000
223567  -36.797  -77.294  -11.050 0.0000000000
223682  -31.734  -79.243  -20.895 0.0000000000
223999  -38.093  -76.429  -12.198 0.0000000000
224307  -29.998  -78.366  -13.731 0.0000000000
224592  -31.903  -79.694  -9.755 0.0000000000
225021  -36.836  -74.568  -10.729 0.0000000000
225067  -32.471  -79.743  -10.317 0.0000000000
225154  -33.112  -70.352  -4.522 0.0000000000
225483  -33.849  -79.414  -9.948 0.0000000000
226131  -32.962  -79.611  -15.303 0.0000000000
226240  -33.948  -66.968  -5.398 0.0000000000
227282  -33.255  -79.973  -4.799 0.0000000000
228017  -31.683  -79.606  -8.826 0.0000000000
228997  -31.718  -77.860  -16.258 0.0000000000
229688  -31.492  -74.731  -9.444 0.0000000000
229891  -31.411  -78.528  -5.934 0.0000000000
230004  -32.769  -69.468  -8.513 0.0000000000
230111  -37.228  -75.628  -4.325 0.0000000000
230409  -33.597  -79.803  -5.604 0.0000000000
230585  -28.354  -79.422  -19.604 0.0000000000
231158  -36.876  -74.439  -5.637 0.0000000000
231682  -35.173  -72.739  -5.734 0.0000000000
231899  -38.543  -75.571  -10.485 0.0000000000
231991  -34.397  -78.694  -13.606 0.0000000000
232090  -35.873  -69.565  -4.377 0.0000000000
232462  -34.329  -78.739  -3.172 0.0000000000
233748  -33.640  -78.101  -18.357 0.0000000000
236145  -35.585  -78.028  -11.837 0.0000000000
236151  -35.040  -76.677  -8.338 0.0000000000
236240  -33.207  -79.222  -13.721 0.0000000000
236716  -29.370  -77.843  -6.586 0.0000000000
236866  -37.252  -76.977  -12.189 0.0000000000
237453  -36.057  -77.303  -14.059 0.0000000000
237671  -34.999  -74.517  -12.432 0.0000000000
237681  -32.721  -79.826  -10.085 0.0000000000
238519  -34.432  -79.355  -6.207 0.0000000000
239018  -35.211  -75.072  -5.458 0.0000000000
239247  -33.635  -75.202  -10.190 0.0000000000
239337  -33.526  -75.004  -5.494 0.0000000000
239444  -32.347  -66.316  -8.566 0.0000000000
239692  -33.937  -70.072  -8.599 0.0000000000
239953  -34.766  -76.124  -8.767 0.0000000000
241317  -36.638  -77.255  -10.160 0.0000000000
242019  -37.111  -77.064  -10.753 0.0000000000
242285  -34.979  -78.182  -2.973 0.0000000000
242637  -31.864  -80.150  -13.745 0.0000000000
243176  -35.831  -77.587  -13.916 0.0000000000
243640  -34.024  -79.178  -9.738 0.0000000000
243711  -28.661  -79.820  -19.920 0.0000000000
244066  -38.028  -75.930  -3.601 0.0000000000
245326  -32.609  -78.972  -21.014 0.0000000000
246012  -38.670  -75.546  -13.617 0.0000000000
246234  -39.006  -74.849  -13.489 0.0000000000
246329  -34.175  -69.874  -4.574 0.0000000000
247341  -32.637  -66.659  -6.718 0.0000000000
247662  -39.449  -75.636  -11.125 0.0000000000
247707  -35.021  -78.245  -12.012 0.0000000000
247939  -33.271  -79.390  -3.088 0.0000000000
248323  -30.675  -72.771  -7.106 0.0000000000
248850  -34.505  -76.699  -5.477 0.0000000000
249160  -30.588  -73.298  -7.532 0.0000000000
249436  -37.129  -71.867  -4.904 0.0000000000
249744  -34.068  -78.800  -13.545 0.0000000000
250096  -35.191  -71.358  -4.428 0.0000000000
250547  -33.872  -79.027  -14.359 0.0000000000
250768  -34.170  -78.908  -11.632 0.0000000000
251392  -36.359  -69.460  -4.226 0.0000000000
251488  -34.410  -78.787  -10.514 0.0000000000
251597  -33.393  -79.109  -14.099 0.0000000000
251772  -34.016  -77.653  -20.329 0.0000000000
251887  -39.342  -76.175  -4.128 0.0000000000
251949  -26.365  -77.249  -15.888 0.0000000000
252149  -36.656  -77.024  -9.803 0.0000000000
252517  -32.455  -65.416  -6.426 0.0000000000
252653  -32.368  -80.173  -16.221 0.0000000000
252670  -29.253  -78.274  -14.681 0.0000000000
253258  -34.681  -78.601  -3.550 0.0000000000
253311  -34.042  -79.405  -7.798 0.0000000000
254559  -35.011  -76.793  -6.748 0.0000000000
254589  -32.408  -74.786  -10.512 0.0000000000
254634  -37.623  -76.625  -11.326 0.0000000000
254653  -38.411  -74.660  -10.806 0.0000000000
255015  -38.955  -74.400  -11.362 0.0000000000
255276  -32.652  -79.641  -13.696 0.0000000000
255388  -39.526  -75.311  -11.541 0.0000000000
255480  -32.999  -69.241  -4.610 0.0000000000
255700  -30.603  -65.203  -5.710 0.0000000000
255841  -34.352  -74.961  -11.641 0.0000000000
256435  -37.333  -75.926  -15.024 0.0000000000
