#!ascii label  , from subject sub-v2s11x28690_ses-1 vox2ras=TkReg
2031
247479  38.299  -65.993  -24.836 0.3000000119
25128  38.888  -54.636  -27.076 0.6000000238
230853  37.212  -49.317  -29.183 0.6999999881
31981  36.496  -49.311  -29.226 0.6999999881
10819  37.521  -66.390  -24.784 0.4000000060
15522  35.618  -62.055  -24.845 0.4000000060
11734  37.918  -65.639  -23.436 0.5000000000
232423  39.012  -65.068  -24.253 0.5000000000
24101  40.091  -55.416  -27.304 0.6999999881
27274  38.877  -52.924  -27.827 0.6999999881
26198  39.818  -53.182  -28.150 0.5000000000
243234  39.169  -50.380  -29.194 0.6000000238
30698  38.544  -50.287  -29.182 0.6000000238
31980  37.985  -48.991  -29.166 0.6999999881
247510  36.344  -47.233  -29.758 0.6999999881
10795  35.973  -65.981  -23.035 0.5000000000
15505  35.510  -62.302  -24.099 0.4000000060
255195  37.340  -65.892  -23.469 0.6000000238
18260  37.586  -59.891  -25.473 0.4000000060
19239  38.777  -58.906  -25.743 0.5000000000
11709  36.417  -65.743  -22.502 0.6000000238
20187  38.791  -58.313  -26.210 0.6000000238
22089  39.265  -56.365  -26.051 0.6000000238
11685  37.622  -65.173  -22.174 0.6000000238
23029  40.306  -55.482  -27.016 0.6000000238
27282  39.886  -51.946  -28.840 0.6000000238
254593  39.423  -50.423  -29.097 0.6000000238
221998  38.498  -45.744  -29.087 0.6999999881
33193  38.365  -48.283  -29.186 0.6999999881
36633  38.187  -46.370  -29.315 0.6999999881
36639  37.778  -46.109  -29.818 0.6999999881
35492  36.810  -46.284  -29.861 0.6999999881
39049  38.487  -44.647  -29.854 0.6999999881
39050  38.186  -44.778  -30.398 0.6999999881
39060  38.037  -44.549  -30.756 0.6999999881
247321  39.210  -43.905  -30.570 0.6999999881
10796  35.143  -65.856  -23.087 0.5000000000
13581  34.413  -63.456  -22.722 0.5000000000
13594  34.159  -63.096  -23.508 0.5000000000
17332  37.231  -60.335  -25.192 0.4000000060
11688  35.368  -65.100  -22.024 0.5000000000
19238  39.176  -58.626  -25.236 0.5000000000
21135  39.239  -57.033  -25.592 0.6000000238
12634  37.216  -64.813  -21.627 0.6000000238
12621  36.206  -64.283  -21.298 0.5000000000
244003  35.771  -62.727  -21.263 0.5000000000
26193  40.512  -53.918  -27.871 0.6999999881
28395  39.982  -51.976  -28.734 0.6000000238
26197  40.308  -53.439  -28.042 0.6999999881
33189  38.870  -48.657  -28.499 0.6000000238
31972  39.579  -50.023  -28.669 0.6000000238
36626  38.550  -46.322  -28.692 0.6000000238
33192  38.639  -48.494  -28.922 0.6000000238
217097  38.601  -44.699  -29.095 0.6000000238
39040  38.760  -44.180  -29.290 0.6999999881
219398  37.706  -44.078  -30.953 0.6999999881
41793  39.172  -42.983  -29.557 0.6000000238
40405  39.152  -43.789  -31.023 0.6999999881
40414  39.259  -43.560  -31.476 0.6999999881
40395  39.405  -43.625  -30.255 0.6999999881
16428  36.973  -60.940  -24.222 0.4000000060
12637  34.967  -64.543  -22.007 0.5000000000
229399  35.134  -62.264  -23.290 0.4000000060
18252  38.269  -59.625  -24.627 0.5000000000
235057  39.312  -57.056  -25.396 0.6000000238
14495  34.897  -63.099  -22.210 0.4000000060
23020  40.275  -55.447  -26.373 0.6000000238
13570  35.205  -63.853  -21.777 0.4000000060
244424  35.983  -61.696  -22.897 0.4000000060
15457  35.385  -62.427  -21.963 0.4000000060
18230  36.787  -60.023  -22.339 0.4000000060
26186  40.717  -54.144  -26.968 0.6999999881
29476  40.104  -51.415  -28.098 0.6000000238
31969  39.356  -49.732  -28.083 0.6000000238
36615  38.608  -46.284  -28.054 0.6000000238
34332  38.585  -47.582  -27.911 0.6000000238
241755  38.600  -44.840  -28.447 0.6000000238
41824  38.791  -43.129  -31.679 0.6999999881
244600  41.120  -43.679  -31.865 0.6999999881
217520  41.355  -42.446  -31.204 0.6000000238
43286  41.054  -43.184  -31.076 0.6000000238
227026  36.308  -61.514  -23.432 0.4000000060
18240  38.094  -59.275  -23.966 0.4000000060
24089  40.079  -55.101  -25.873 0.6999999881
17300  37.010  -59.977  -23.025 0.4000000060
25123  39.969  -54.329  -26.044 0.8000000119
16369  35.859  -61.347  -21.725 0.5000000000
27273  39.749  -52.170  -27.159 0.6999999881
30693  39.391  -50.198  -27.606 0.6000000238
36616  38.351  -45.737  -27.643 0.5000000000
34321  38.364  -47.909  -27.244 0.6000000238
247858  38.290  -42.759  -31.795 0.6999999881
47466  39.984  -40.094  -29.823 0.6000000238
43271  39.050  -42.303  -29.281 0.6000000238
41830  40.401  -43.520  -32.046 0.8000000119
43298  39.835  -42.936  -32.143 0.8000000119
46179  39.976  -40.928  -30.015 0.6000000238
44715  40.970  -41.435  -30.792 0.6000000238
19217  38.593  -58.498  -24.023 0.5000000000
21123  39.327  -57.565  -24.907 0.6000000238
19218  37.674  -58.542  -23.486 0.5000000000
249326  37.317  -57.299  -23.026 0.6999999881
18229  37.028  -59.402  -22.722 0.4000000060
28366  39.074  -51.506  -26.752 0.6999999881
30676  38.767  -50.163  -26.832 0.6999999881
35472  38.122  -46.618  -27.164 0.6000000238
33174  38.493  -48.637  -27.259 0.6000000238
39023  38.113  -44.494  -27.351 0.6000000238
44727  39.328  -42.148  -32.101 0.6000000238
43264  38.713  -41.988  -28.848 0.6000000238
41821  41.501  -43.409  -32.232 0.6999999881
248509  41.575  -42.541  -32.638 0.6999999881
47476  41.601  -40.097  -30.755 0.6999999881
46185  41.851  -40.881  -31.135 0.6999999881
43296  42.419  -42.563  -32.332 0.6999999881
22062  38.451  -56.630  -23.950 0.5000000000
22073  39.007  -56.205  -24.498 0.6000000238
24074  39.650  -55.164  -25.251 0.6000000238
24069  37.499  -54.761  -23.370 0.6999999881
229929  37.551  -56.658  -23.415 0.6000000238
26160  39.245  -53.706  -25.408 0.6999999881
22056  36.981  -56.571  -22.696 0.6999999881
20147  36.749  -58.169  -22.315 0.6999999881
27242  39.211  -52.822  -26.056 0.6999999881
29468  38.621  -50.798  -26.427 0.6999999881
36593  37.930  -46.400  -26.378 0.5000000000
250014  37.911  -48.606  -26.326 0.6000000238
235044  37.528  -41.127  -31.116 0.5000000000
43254  38.118  -41.816  -27.600 0.6000000238
40356  37.843  -43.885  -26.888 0.6000000238
44738  39.223  -41.210  -32.108 0.6000000238
46205  39.026  -40.245  -32.265 0.5000000000
46170  39.045  -40.891  -29.089 0.6000000238
43265  38.412  -41.756  -28.166 0.6000000238
43312  42.717  -42.532  -32.894 0.6000000238
46213  41.770  -41.024  -33.248 0.5000000000
47509  41.981  -40.166  -33.605 0.5000000000
47455  40.129  -39.493  -29.519 0.6999999881
46177  41.064  -39.967  -30.324 0.6999999881
48810  43.060  -39.126  -31.429 0.6999999881
247218  43.088  -41.656  -32.410 0.6999999881
46210  43.854  -41.408  -33.603 0.5000000000
47474  42.472  -39.317  -31.117 0.6999999881
48820  43.897  -39.511  -32.496 0.6000000238
25110  39.234  -54.372  -25.222 0.6000000238
24068  38.080  -54.786  -23.914 0.6999999881
25111  38.564  -54.020  -24.558 0.6000000238
25098  37.243  -54.076  -23.072 0.6999999881
27243  38.510  -52.089  -25.425 0.6999999881
33149  37.795  -48.949  -25.994 0.6999999881
29469  38.029  -50.778  -25.761 0.6999999881
225303  37.752  -47.044  -26.121 0.6000000238
46206  38.479  -39.877  -32.196 0.4000000060
39005  37.513  -44.107  -26.318 0.5000000000
47511  40.545  -39.447  -33.137 0.4000000060
48782  40.031  -39.127  -28.944 0.6000000238
46163  38.728  -40.564  -28.480 0.6000000238
44749  43.580  -41.440  -33.541 0.5000000000
46220  42.697  -40.532  -33.835 0.5000000000
47494  44.272  -40.248  -33.187 0.5000000000
47518  44.798  -40.473  -34.234 0.4000000060
48799  42.322  -38.752  -30.470 0.6000000238
50172  43.995  -38.236  -31.368 0.6999999881
48808  44.355  -38.613  -32.024 0.6000000238
50182  44.990  -38.638  -32.499 0.5000000000
25104  37.692  -53.703  -23.549 0.6000000238
27220  37.873  -52.701  -24.189 0.6999999881
27233  38.175  -52.407  -24.733 0.6999999881
223093  36.854  -51.962  -23.059 0.6999999881
224768  37.073  -51.993  -23.448 0.6999999881
245234  37.721  -50.714  -25.211 0.6000000238
33150  37.438  -48.442  -25.527 0.6000000238
233183  37.271  -43.029  -26.271 0.6000000238
249472  37.269  -44.188  -25.990 0.5000000000
43240  37.902  -42.115  -27.198 0.6000000238
47447  39.325  -39.290  -28.529 0.6000000238
46155  38.470  -40.325  -27.864 0.6000000238
46224  44.287  -40.601  -34.169 0.4000000060
47520  43.082  -39.991  -34.113 0.5000000000
48843  42.636  -39.062  -34.401 0.4000000060
50151  42.099  -38.325  -29.765 0.6000000238
227116  44.897  -39.671  -35.103 0.4000000060
241363  43.894  -38.120  -30.833 0.6000000238
221784  46.191  -37.946  -32.022 0.5000000000
28350  37.377  -51.366  -24.303 0.6999999881
29461  37.581  -51.007  -24.786 0.6000000238
245740  37.106  -50.153  -23.151 0.6999999881
254986  37.225  -49.797  -24.532 0.6000000238
30669  37.457  -49.736  -25.085 0.6000000238
29426  36.616  -50.935  -22.739 0.6999999881
36581  36.952  -46.262  -25.304 0.5000000000
46147  37.262  -40.602  -26.639 0.6000000238
41745  37.148  -42.382  -26.017 0.6000000238
233588  37.401  -40.839  -27.172 0.6000000238
48762  38.896  -39.171  -27.800 0.5000000000
48780  41.474  -38.354  -29.215 0.6000000238
213758  44.212  -38.036  -30.363 0.6000000238
213483  46.140  -38.029  -31.392 0.5000000000
33134  36.738  -48.386  -23.628 0.6999999881
34284  36.661  -47.696  -23.891 0.6999999881
244048  36.577  -45.646  -25.127 0.6000000238
40329  36.687  -43.638  -25.409 0.5000000000
48753  38.463  -38.846  -26.515 0.6000000238
44652  37.074  -41.089  -26.162 0.6000000238
50117  40.468  -37.931  -27.725 0.6000000238
253679  43.092  -37.922  -28.892 0.6000000238
50158  46.081  -38.195  -30.800 0.5000000000
14457  37.776  -62.876  -20.187 0.5000000000
16353  35.958  -61.205  -20.383 0.5000000000
15397  37.979  -62.046  -19.621 0.5000000000
15399  36.609  -61.655  -19.750 0.5000000000
229205  36.442  -58.310  -21.504 0.6999999881
20114  36.301  -58.414  -20.154 0.6999999881
18182  36.271  -59.712  -20.149 0.5000000000
18148  36.656  -59.965  -19.122 0.5000000000
22994  36.451  -56.442  -21.971 0.6999999881
234925  36.267  -57.647  -21.117 0.6999999881
250954  36.716  -55.184  -22.606 0.6999999881
11763  39.110  -65.098  -25.705 0.3000000119
34342  37.043  -47.545  -29.532 0.6999999881
28396  38.959  -51.867  -28.671 0.6000000238
35491  37.386  -46.440  -29.778 0.6999999881
40407  37.258  -43.604  -31.131 0.6999999881
18212  36.577  -59.479  -22.007 0.6000000238
39022  38.470  -44.358  -27.967 0.6000000238
44725  42.442  -41.705  -31.818 0.6999999881
44737  39.991  -41.916  -32.369 0.6000000238
44734  43.172  -41.988  -32.992 0.6999999881
44744  42.625  -41.799  -33.217 0.6000000238
244327  42.769  -40.885  -31.878 0.6999999881
47497  40.153  -40.090  -32.796 0.5000000000
47498  39.449  -39.691  -32.627 0.5000000000
48832  44.986  -39.288  -33.254 0.5000000000
36594  37.470  -46.245  -25.875 0.5000000000
31921  37.029  -49.521  -24.057 0.6999999881
37747  36.858  -45.027  -25.507 0.5000000000
236867  40.377  -38.132  -28.334 0.6000000238
50139  42.824  -37.964  -29.313 0.6000000238
34283  36.945  -47.854  -24.628 0.6000000238
245764  38.932  -38.784  -27.145 0.6000000238
36568  36.313  -45.559  -24.376 0.5000000000
217070  36.329  -57.028  -19.158 0.6000000238
23971  37.884  -54.590  -18.054 0.6000000238
28236  37.417  -51.513  -18.291 0.4000000060
249280  36.473  -56.183  -18.373 0.5000000000
22017  35.982  -56.442  -20.267 0.6000000238
219791  37.227  -56.913  -26.217 0.5000000000
28235  38.415  -51.172  -18.250 0.4000000060
23031  38.931  -55.935  -26.439 0.5000000000
24099  38.115  -55.397  -26.285 0.5000000000
21971  37.504  -56.511  -18.252 0.5000000000
29332  38.394  -50.733  -17.645 0.4000000060
24098  39.214  -55.289  -26.847 0.5000000000
26196  38.205  -53.358  -27.154 0.5000000000
25030  36.793  -54.188  -17.990 0.6000000238
224214  39.085  -54.108  -27.452 0.5000000000
24028  35.821  -55.320  -19.262 0.5000000000
22035  36.000  -56.338  -21.146 0.6000000238
30513  37.233  -50.040  -15.311 0.4000000060
29284  36.958  -50.695  -14.236 0.4000000060
28237  36.697  -51.854  -18.191 0.4000000060
27244  36.232  -52.891  -25.494 0.5000000000
227693  36.336  -54.291  -18.357 0.5000000000
27259  37.251  -52.890  -26.625 0.5000000000
28368  36.109  -52.064  -26.544 0.5000000000
22949  35.787  -55.296  -20.092 0.6000000238
24049  35.938  -54.729  -21.058 0.6000000238
242775  36.439  -55.238  -22.038 0.6000000238
28402  38.079  -51.212  -28.555 0.5000000000
29492  36.054  -51.224  -27.964 0.5000000000
28386  35.214  -51.460  -27.083 0.4000000060
227958  35.567  -53.437  -20.213 0.5000000000
25049  35.736  -54.101  -19.362 0.5000000000
26109  35.570  -52.994  -20.836 0.6000000238
26123  35.822  -52.833  -21.596 0.6000000238
24057  36.243  -54.680  -21.698 0.6000000238
230951  36.204  -51.936  -22.185 0.6000000238
26135  36.697  -52.937  -22.625 0.6000000238
29345  37.675  -50.851  -18.013 0.4000000060
31782  37.218  -49.603  -15.814 0.4000000060
30701  35.681  -50.427  -28.804 0.5000000000
30694  35.063  -50.505  -28.200 0.5000000000
29480  34.105  -50.902  -27.295 0.4000000060
30700  36.556  -50.404  -28.954 0.6000000238
29479  34.640  -51.111  -27.215 0.4000000060
217577  35.746  -52.808  -19.364 0.6000000238
29376  35.427  -50.927  -20.490 0.6000000238
29391  35.664  -50.570  -21.106 0.6000000238
30622  35.956  -49.855  -21.848 0.6000000238
31756  36.925  -48.901  -13.941 0.4000000060
31976  35.145  -49.237  -28.672 0.5000000000
31971  34.186  -49.280  -27.564 0.4000000060
31959  33.613  -48.918  -26.583 0.4000000060
29346  35.911  -50.503  -18.351 0.6000000238
233864  36.731  -51.184  -18.087 0.4000000060
30576  35.386  -50.392  -19.429 0.6000000238
232431  36.135  -52.897  -18.738 0.6000000238
28283  35.401  -51.560  -20.083 0.5000000000
233299  35.519  -48.912  -20.835 0.6000000238
223775  35.481  -49.444  -20.271 0.5000000000
30621  36.396  -49.757  -22.426 0.6000000238
30485  37.097  -49.641  -13.087 0.4000000060
233137  36.550  -48.689  -16.248 0.4000000060
34338  35.286  -48.142  -28.720 0.6000000238
229028  34.559  -47.918  -27.761 0.5000000000
34323  34.186  -47.768  -26.727 0.5000000000
33161  33.500  -48.373  -26.152 0.5000000000
33034  35.843  -48.407  -17.774 0.4000000060
33023  36.264  -48.427  -16.892 0.4000000060
33035  35.443  -47.946  -18.356 0.5000000000
34202  35.134  -47.399  -19.659 0.5000000000
241339  35.097  -46.676  -20.438 0.5000000000
219368  35.634  -48.066  -21.571 0.6000000238
34259  35.804  -47.204  -22.118 0.6000000238
33120  36.494  -48.453  -22.955 0.6000000238
35270  36.982  -46.523  -14.369 0.4000000060
31757  36.725  -48.821  -14.668 0.4000000060
34124  37.030  -47.623  -13.928 0.4000000060
244331  38.217  -47.502  -13.288 0.4000000060
37816  36.243  -45.208  -29.865 0.6000000238
35285  36.060  -46.683  -15.158 0.4000000060
32998  36.227  -47.888  -15.412 0.4000000060
36627  34.768  -46.129  -28.283 0.6000000238
36618  34.278  -45.872  -27.242 0.5000000000
35450  33.836  -46.687  -26.090 0.4000000060
248026  35.726  -47.390  -16.970 0.4000000060
33045  35.331  -48.032  -19.086 0.5000000000
231914  35.301  -46.460  -20.826 0.5000000000
36531  35.441  -46.028  -21.823 0.6000000238
229560  35.992  -47.121  -22.728 0.6000000238
222749  36.158  -46.360  -23.572 0.6000000238
36374  37.619  -46.206  -14.117 0.4000000060
39052  35.971  -44.445  -29.994 0.6000000238
37808  35.117  -45.318  -29.021 0.6000000238
37794  34.635  -45.461  -27.920 0.5000000000
230650  32.737  -45.697  -25.137 0.5000000000
37586  35.963  -45.590  -15.715 0.4000000060
34167  35.571  -47.306  -17.524 0.4000000060
226294  35.240  -46.283  -18.572 0.5000000000
37639  34.960  -45.341  -19.570 0.5000000000
37710  35.544  -45.040  -22.598 0.5000000000
35254  38.760  -46.670  -13.776 0.4000000060
39053  35.404  -44.111  -29.479 0.6000000238
39036  34.579  -44.083  -28.448 0.5000000000
39006  34.328  -44.343  -27.154 0.5000000000
36476  34.996  -45.748  -18.930 0.5000000000
38880  35.163  -44.567  -20.722 0.4000000060
249501  35.246  -44.016  -21.744 0.4000000060
37724  35.634  -44.782  -23.272 0.4000000060
40296  35.832  -43.913  -23.918 0.6000000238
40330  36.342  -43.658  -24.818 0.4000000060
249752  39.871  -45.834  -15.164 0.4000000060
37568  37.446  -45.201  -14.907 0.4000000060
40408  36.551  -43.581  -31.058 0.6000000238
37584  36.879  -44.738  -15.202 0.4000000060
41814  36.946  -42.907  -31.521 0.5000000000
40399  35.195  -43.501  -29.511 0.5000000000
224725  34.298  -44.013  -27.892 0.5000000000
40358  34.186  -43.798  -26.670 0.4000000060
41803  34.935  -42.995  -29.514 0.4000000060
40189  35.394  -43.760  -19.407 0.5000000000
40202  35.513  -43.246  -20.051 0.5000000000
41643  35.513  -43.040  -20.818 0.6000000238
252055  35.654  -43.003  -22.705 0.4000000060
43179  35.717  -42.183  -23.414 0.4000000060
43191  36.288  -42.417  -24.675 0.4000000060
43158  35.799  -41.709  -22.157 0.5000000000
255365  36.524  -41.880  -30.987 0.5000000000
232823  35.184  -42.540  -29.925 0.6000000238
44718  36.365  -41.273  -30.688 0.4000000060
46097  36.431  -40.223  -24.347 0.5000000000
44634  36.786  -40.787  -25.553 0.5000000000
46043  37.699  -40.126  -21.853 0.5000000000
230699  35.784  -42.084  -21.611 0.5000000000
44597  36.116  -40.791  -23.085 0.5000000000
46078  36.297  -40.429  -23.727 0.5000000000
38794  38.498  -44.679  -15.739 0.4000000060
50128  42.791  -38.037  -28.188 0.5000000000
47415  37.400  -39.595  -25.735 0.4000000060
46113  36.948  -39.999  -25.322 0.5000000000
47369  37.537  -39.498  -22.898 0.5000000000
47355  37.255  -39.857  -22.363 0.5000000000
250420  37.375  -40.471  -31.047 0.4000000060
50114  42.606  -38.208  -27.695 0.4000000060
50103  41.725  -38.210  -27.017 0.4000000060
249277  40.568  -37.886  -27.235 0.5000000000
50095  39.488  -38.163  -25.988 0.5000000000
48731  38.028  -38.940  -24.900 0.5000000000
48739  39.214  -38.358  -25.404 0.5000000000
48724  38.320  -38.807  -23.996 0.5000000000
48721  39.983  -39.071  -24.820 0.5000000000
48727  40.841  -38.937  -25.604 0.4000000060
29497  37.288  -50.711  -28.532 0.5000000000
33195  35.773  -48.371  -29.284 0.6000000238
27280  38.419  -52.281  -27.976 0.6000000238
231322  35.756  -47.206  -29.678 0.6000000238
231153  37.947  -56.962  -26.130 0.5000000000
44729  38.115  -41.419  -31.553 0.5000000000
214135  36.359  -46.251  -24.101 0.6000000238
40315  36.070  -43.637  -24.310 0.4000000060
27276  36.865  -52.308  -26.821 0.5000000000
28397  37.769  -51.601  -27.958 0.5000000000
28398  36.691  -51.526  -27.599 0.5000000000
30695  34.603  -50.053  -28.117 0.4000000060
31958  33.779  -49.567  -27.106 0.4000000060
30564  35.600  -50.163  -18.865 0.6000000238
227799  34.779  -48.036  -28.287 0.6000000238
33188  34.283  -48.152  -27.203 0.4000000060
34150  35.947  -47.535  -15.918 0.4000000060
36634  35.431  -46.006  -29.282 0.6000000238
35482  34.899  -46.783  -28.647 0.6000000238
34335  34.555  -47.386  -27.291 0.5000000000
34309  33.293  -47.805  -25.802 0.5000000000
31948  33.037  -48.915  -26.245 0.5000000000
226288  33.387  -46.622  -25.594 0.5000000000
39042  34.966  -44.400  -29.009 0.5000000000
37778  33.985  -45.581  -26.525 0.5000000000
216575  34.316  -45.127  -27.244 0.5000000000
38901  35.192  -44.221  -21.318 0.5000000000
37767  33.873  -45.033  -25.884 0.5000000000
38855  35.423  -44.165  -18.694 0.5000000000
43289  36.405  -42.464  -31.069 0.6000000238
43192  35.818  -42.460  -24.082 0.3000000119
255236  40.952  -38.491  -26.033 0.4000000060
11559  33.809  -64.992  -13.811 0.3000000119
10659  35.229  -65.843  -15.227 0.3000000119
11574  34.842  -65.168  -14.926 0.3000000119
10690  36.414  -65.666  -16.331 0.3000000119
10676  35.980  -66.042  -15.996 0.3000000119
253129  35.700  -64.783  -15.605 0.3000000119
9858  37.924  -66.682  -17.417 0.3000000119
10689  36.839  -65.925  -16.770 0.3000000119
15292  35.682  -61.953  -14.046 0.3000000119
13468  35.840  -63.384  -15.378 0.3000000119
12530  36.913  -64.786  -16.800 0.3000000119
252372  37.604  -65.646  -17.454 0.3000000119
14357  36.108  -62.586  -15.326 0.3000000119
15325  37.033  -61.711  -15.647 0.3000000119
14370  36.755  -62.487  -15.751 0.3000000119
13482  37.102  -64.106  -16.856 0.4000000060
228836  37.937  -65.136  -17.527 0.4000000060
219248  39.334  -65.723  -17.923 0.4000000060
9888  39.964  -66.570  -18.408 0.3000000119
15340  38.020  -61.810  -16.725 0.3000000119
13497  38.011  -63.252  -17.181 0.4000000060
13496  38.583  -63.487  -17.571 0.4000000060
11618  38.583  -64.705  -17.739 0.4000000060
16255  37.928  -61.181  -16.268 0.3000000119
255815  40.170  -65.799  -18.218 0.4000000060
17161  38.807  -60.238  -16.464 0.4000000060
16254  38.365  -61.239  -16.851 0.4000000060
10721  41.102  -66.403  -18.824 0.4000000060
10720  41.645  -66.569  -19.240 0.3000000119
15339  38.629  -61.998  -17.229 0.4000000060
14400  38.599  -62.846  -17.408 0.3000000119
13513  39.726  -63.658  -17.994 0.4000000060
16271  38.957  -61.252  -17.209 0.4000000060
12582  41.230  -64.521  -18.738 0.5000000000
12583  40.668  -64.700  -18.367 0.4000000060
12649  38.816  -64.948  -22.715 0.5000000000
17183  39.311  -60.520  -17.096 0.4000000060
11644  41.091  -65.218  -18.694 0.4000000060
11762  40.189  -64.675  -25.787 0.3000000119
12664  40.406  -63.918  -24.888 0.4000000060
215888  42.065  -66.036  -22.342 0.3000000119
242161  37.502  -58.743  -26.410 0.4000000060
226987  36.468  -58.535  -26.302 0.4000000060
15435  36.063  -62.366  -20.820 0.4000000060
14459  36.560  -62.678  -20.339 0.4000000060
13559  36.413  -63.748  -20.975 0.4000000060
15367  39.782  -62.192  -17.871 0.4000000060
224735  39.871  -62.940  -17.955 0.3000000119
13512  40.341  -63.511  -18.170 0.5000000000
13558  37.135  -63.830  -20.860 0.4000000060
12633  37.948  -64.730  -21.738 0.4000000060
16269  39.954  -60.856  -17.677 0.4000000060
244214  39.701  -64.466  -24.385 0.4000000060
11643  41.633  -65.011  -19.148 0.4000000060
13593  40.202  -63.896  -24.081 0.5000000000
11651  42.361  -65.715  -20.251 0.5000000000
12676  41.956  -63.713  -25.241 0.4000000060
251772  41.056  -64.827  -25.887 0.4000000060
10765  42.610  -65.617  -21.100 0.3000000119
11761  42.129  -64.937  -25.546 0.4000000060
22092  36.641  -56.618  -26.018 0.4000000060
219015  36.195  -60.126  -21.390 0.4000000060
15365  40.777  -61.937  -18.084 0.4000000060
255540  40.469  -62.960  -18.154 0.4000000060
13556  38.572  -63.668  -21.033 0.4000000060
254089  39.048  -64.567  -22.430 0.5000000000
14428  41.351  -62.727  -18.591 0.4000000060
231901  41.589  -63.298  -18.656 0.4000000060
225636  39.868  -63.937  -22.525 0.5000000000
213863  42.050  -61.462  -18.744 0.4000000060
15376  42.350  -62.130  -19.021 0.4000000060
13519  42.486  -63.391  -19.498 0.4000000060
13534  43.089  -63.936  -19.796 0.5000000000
12595  43.529  -64.242  -20.095 0.5000000000
13555  39.177  -63.341  -21.325 0.4000000060
13579  40.382  -63.473  -22.957 0.5000000000
16308  42.690  -61.027  -19.020 0.4000000060
11659  43.179  -64.773  -20.633 0.5000000000
217028  41.180  -63.086  -24.170 0.4000000060
10778  42.813  -65.281  -21.698 0.4000000060
11730  43.053  -64.625  -22.994 0.4000000060
11749  42.693  -64.908  -24.604 0.4000000060
13603  42.379  -63.767  -24.457 0.4000000060
14456  38.450  -62.771  -20.280 0.4000000060
222547  38.475  -61.726  -19.515 0.3000000119
230107  43.256  -62.606  -19.572 0.4000000060
13532  44.476  -63.519  -19.901 0.4000000060
14494  39.724  -62.979  -21.699 0.4000000060
246605  33.304  -49.390  -26.780 0.4000000060
229315  43.917  -61.008  -19.522 0.4000000060
16330  44.384  -61.656  -19.638 0.4000000060
12608  43.959  -63.935  -20.491 0.5000000000
11668  43.563  -64.364  -21.298 0.5000000000
15455  40.622  -62.172  -21.795 0.5000000000
14510  41.293  -62.773  -22.963 0.4000000060
16329  45.686  -61.513  -19.576 0.4000000060
222736  43.113  -64.474  -22.246 0.4000000060
13591  41.581  -62.994  -24.256 0.4000000060
12663  42.877  -64.054  -23.761 0.4000000060
14524  42.558  -62.890  -23.492 0.4000000060
16310  37.476  -60.782  -19.087 0.4000000060
14474  39.518  -62.732  -20.907 0.3000000119
15392  45.219  -62.259  -19.693 0.4000000060
14454  45.498  -62.996  -20.187 0.4000000060
15434  40.398  -61.918  -21.196 0.3000000119
15391  46.006  -62.103  -19.739 0.4000000060
14472  45.941  -62.586  -21.081 0.4000000060
13553  44.919  -63.269  -21.089 0.4000000060
13567  44.338  -63.471  -21.907 0.5000000000
16328  46.329  -60.909  -19.415 0.4000000060
16350  46.738  -61.421  -20.276 0.4000000060
14506  44.857  -62.536  -22.627 0.4000000060
14508  43.677  -62.638  -22.959 0.4000000060
15503  42.486  -62.316  -23.203 0.4000000060
19144  36.468  -58.738  -19.408 0.4000000060
14490  45.666  -62.525  -21.748 0.4000000060
6853  38.996  -69.717  -21.690 0.3000000119
15291  36.182  -61.325  -13.803 0.3000000119
16238  37.137  -61.085  -15.252 0.3000000119
17122  38.395  -59.934  -15.025 0.4000000060
17203  40.425  -60.214  -17.724 0.4000000060
229288  40.957  -61.260  -18.065 0.4000000060
18130  40.992  -59.799  -18.008 0.4000000060
17215  43.378  -59.949  -19.348 0.4000000060
16352  39.781  -61.379  -20.007 0.3000000119
17229  46.188  -60.063  -19.118 0.4000000060
17217  38.368  -60.069  -18.858 0.4000000060
16351  40.340  -61.035  -20.393 0.4000000060
16387  40.939  -61.621  -21.556 0.4000000060
18179  47.307  -59.416  -20.429 0.4000000060
16365  45.758  -60.895  -21.733 0.4000000060
16382  44.995  -60.858  -22.247 0.4000000060
15474  44.204  -62.045  -22.635 0.4000000060
15476  42.781  -61.778  -22.479 0.3000000119
15453  42.014  -61.848  -22.352 0.4000000060
17264  46.419  -60.286  -21.455 0.4000000060
11732  39.290  -64.879  -23.490 0.4000000060
19124  37.361  -59.137  -18.619 0.4000000060
8979  35.709  -67.094  -16.072 0.3000000119
12499  35.253  -64.574  -15.131 0.3000000119
9840  36.931  -66.659  -16.722 0.3000000119
6216  38.532  -70.551  -21.149 0.3000000119
6844  39.405  -69.738  -21.014 0.3000000119
11604  36.475  -65.014  -16.331 0.3000000119
15326  36.452  -61.965  -15.240 0.3000000119
13483  36.801  -63.668  -16.375 0.4000000060
11635  38.659  -65.423  -17.801 0.4000000060
14385  37.549  -62.784  -16.728 0.3000000119
15324  37.555  -61.734  -16.219 0.3000000119
214972  38.184  -63.799  -17.438 0.4000000060
231061  39.290  -64.952  -17.971 0.4000000060
17123  37.824  -60.284  -14.606 0.3000000119
18078  39.360  -59.280  -15.682 0.4000000060
12581  41.815  -64.319  -19.072 0.4000000060
10748  42.792  -65.204  -20.486 0.5000000000
10793  42.557  -65.536  -22.337 0.3000000119
233671  42.578  -65.058  -20.146 0.5000000000
219416  42.108  -60.656  -18.681 0.4000000060
13577  43.962  -63.350  -22.476 0.4000000060
15475  43.106  -61.923  -22.585 0.4000000060
21026  39.561  -56.911  -18.772 0.4000000060
241885  38.811  -57.720  -18.548 0.4000000060
242501  39.633  -54.911  -18.992 0.4000000060
24000  38.582  -54.472  -18.473 0.3000000119
21985  38.264  -56.049  -18.240 0.5000000000
20076  37.814  -57.725  -18.450 0.4000000060
20077  37.029  -57.942  -18.674 0.4000000060
20955  40.953  -57.343  -13.365 0.3000000119
21908  41.240  -56.779  -14.375 0.3000000119
23871  38.478  -54.578  -14.830 0.3000000119
26033  39.150  -52.871  -16.432 0.3000000119
27082  38.100  -52.147  -15.622 0.3000000119
29304  38.095  -50.549  -16.119 0.3000000119
21910  39.884  -56.473  -13.917 0.3000000119
215609  38.861  -55.835  -14.077 0.3000000119
23843  37.694  -55.038  -13.455 0.3000000119
19987  41.223  -57.933  -12.184 0.3000000119
20949  40.060  -57.170  -12.301 0.3000000119
26005  37.772  -53.112  -15.035 0.3000000119
214204  36.993  -51.123  -13.645 0.3000000119
21905  39.007  -56.425  -12.989 0.3000000119
24918  37.628  -54.448  -12.432 0.3000000119
24948  37.426  -53.719  -14.147 0.3000000119
21893  39.122  -56.056  -10.886 0.3000000119
22817  38.484  -55.940  -11.931 0.3000000119
25945  38.314  -53.133  -11.504 0.3000000119
23784  39.072  -54.692  -10.459 0.3000000119
245383  39.450  -53.050  -10.929 0.3000000119
21891  40.026  -56.774  -10.540 0.3000000119
27021  37.190  -52.731  -12.637 0.3000000119
30476  37.931  -50.217  -12.132 0.3000000119
32971  38.300  -48.362  -12.660 0.3000000119
24877  40.195  -54.263  -9.647 0.3000000119
25947  37.468  -53.197  -12.216 0.3000000119
31730  39.638  -49.078  -12.282 0.3000000119
25935  39.792  -53.196  -10.450 0.3000000119
28107  39.979  -51.637  -11.273 0.3000000119
29257  39.313  -51.529  -11.488 0.3000000119
29264  40.819  -50.421  -12.048 0.3000000119
35253  39.404  -47.058  -13.543 0.3000000119
32959  38.895  -48.695  -12.434 0.3000000119
34109  40.066  -47.512  -13.377 0.3000000119
35284  40.614  -46.432  -15.227 0.3000000119
37582  39.081  -45.080  -15.577 0.3000000119
36412  40.907  -46.120  -15.858 0.3000000119
36432  40.488  -45.728  -16.250 0.3000000119
37614  40.079  -45.079  -17.159 0.3000000119
26080  39.112  -53.076  -18.749 0.3000000119
22924  38.822  -55.669  -18.459 0.4000000060
28181  38.207  -51.321  -15.820 0.3000000119
30477  37.442  -49.878  -12.541 0.3000000119
233127  40.322  -56.756  -19.218 0.5000000000
243444  39.970  -57.050  -12.939 0.3000000119
24933  37.179  -53.721  -13.374 0.3000000119
23890  38.688  -54.009  -15.353 0.3000000119
27095  39.099  -52.150  -16.676 0.3000000119
28215  39.562  -51.661  -17.699 0.3000000119
22818  38.070  -55.497  -12.340 0.3000000119
21896  39.498  -56.832  -11.825 0.3000000119
28132  37.052  -51.858  -13.275 0.3000000119
23797  38.171  -54.745  -11.486 0.3000000119
27003  40.604  -51.957  -11.383 0.3000000119
28118  41.646  -51.174  -12.248 0.3000000119
28109  37.989  -51.459  -11.809 0.3000000119
25923  40.935  -53.091  -10.033 0.3000000119
30473  40.231  -49.709  -12.085 0.3000000119
17285  41.868  -60.738  -21.836 0.3000000119
17284  42.671  -60.518  -22.140 0.4000000060
20146  43.951  -58.082  -21.780 0.4000000060
19173  43.552  -58.380  -21.788 0.4000000060
17268  40.923  -60.718  -20.764 0.3000000119
21080  43.204  -57.358  -21.062 0.4000000060
21079  43.917  -57.148  -21.183 0.3000000119
18196  41.549  -59.586  -21.219 0.4000000060
244357  42.377  -58.038  -21.251 0.4000000060
22016  42.223  -56.548  -20.285 0.3000000119
19158  40.971  -58.924  -20.231 0.3000000119
235447  41.562  -58.305  -20.660 0.4000000060
21061  41.974  -57.072  -20.552 0.4000000060
19143  39.854  -58.876  -19.323 0.3000000119
20095  40.590  -57.784  -19.621 0.4000000060
22002  40.824  -56.333  -19.548 0.4000000060
17233  40.087  -59.950  -19.857 0.3000000119
18144  39.207  -59.139  -19.027 0.3000000119
19123  38.068  -58.949  -18.444 0.3000000119
17234  39.521  -60.253  -19.466 0.3000000119
21063  41.100  -57.495  -19.971 0.4000000060
250350  42.921  -59.156  -22.016 0.4000000060
18036  39.055  -59.656  -14.248 0.3000000119
17281  44.080  -60.220  -22.292 0.3000000119
14355  42.584  -62.642  -15.113 0.3000000119
15290  41.584  -62.137  -14.114 0.3000000119
17104  40.203  -60.268  -13.908 0.3000000119
18054  38.891  -59.644  -15.372 0.3000000119
17299  43.625  -59.711  -22.328 0.3000000119
17265  45.438  -60.108  -22.144 0.3000000119
15321  44.252  -61.849  -15.343 0.3000000119
17102  41.664  -60.674  -14.196 0.3000000119
15305  43.183  -61.544  -15.106 0.3000000119
18053  40.194  -59.277  -14.759 0.3000000119
18101  39.931  -59.187  -16.690 0.3000000119
18209  44.284  -59.525  -22.347 0.3000000119
16267  47.446  -61.400  -17.102 0.3000000119
16235  44.629  -61.200  -15.423 0.3000000119
16252  46.139  -61.446  -16.247 0.3000000119
18033  41.310  -59.901  -14.327 0.3000000119
16217  43.382  -60.883  -14.991 0.3000000119
19055  40.588  -58.807  -15.132 0.3000000119
216398  45.870  -60.820  -16.061 0.3000000119
229204  44.007  -60.649  -15.226 0.3000000119
18051  41.693  -59.405  -14.671 0.3000000119
247334  42.498  -60.068  -14.696 0.3000000119
18116  40.554  -59.470  -17.628 0.3000000119
17216  42.135  -59.868  -18.672 0.3000000119
18164  44.275  -59.633  -19.434 0.3000000119
17156  47.772  -60.756  -16.179 0.3000000119
235660  40.673  -58.362  -16.125 0.3000000119
19053  42.133  -58.955  -14.992 0.3000000119
19108  41.001  -58.898  -17.833 0.3000000119
19187  45.203  -58.810  -21.969 0.3000000119
18099  46.530  -60.011  -15.662 0.3000000119
18098  47.126  -60.421  -15.700 0.3000000119
18075  45.243  -59.789  -15.730 0.3000000119
18048  43.529  -59.489  -15.082 0.3000000119
20049  41.260  -57.935  -16.985 0.3000000119
18141  43.515  -59.208  -19.159 0.3000000119
18161  46.763  -59.539  -18.954 0.3000000119
20127  46.412  -57.868  -21.533 0.3000000119
20129  45.029  -57.616  -21.489 0.3000000119
16396  43.397  -61.023  -22.271 0.3000000119
18076  44.951  -59.067  -15.530 0.3000000119
20030  41.999  -57.994  -15.930 0.3000000119
19106  42.379  -58.272  -18.487 0.3000000119
19140  45.375  -58.762  -19.317 0.3000000119
18035  39.814  -59.680  -14.266 0.3000000119
15306  42.515  -61.836  -14.863 0.3000000119
16199  41.647  -61.435  -14.107 0.3000000119
6215  39.001  -70.234  -20.818 0.3000000119
6225  38.988  -70.031  -21.281 0.3000000119
6226  38.550  -70.282  -21.656 0.3000000119
6241  38.682  -69.934  -22.075 0.3000000119
9022  37.855  -67.345  -17.328 0.3000000119
9818  35.949  -66.614  -16.147 0.3000000119
9819  35.493  -66.473  -15.616 0.3000000119
9859  37.442  -66.966  -17.040 0.3000000119
9887  40.658  -66.964  -18.668 0.4000000060
10701  38.076  -65.954  -17.619 0.3000000119
10702  37.424  -66.170  -17.174 0.3000000119
10715  38.808  -66.144  -17.834 0.4000000060
10722  40.466  -66.172  -18.377 0.4000000060
10723  39.866  -66.046  -18.172 0.4000000060
10734  41.984  -66.300  -19.755 0.5000000000
10749  42.527  -65.744  -20.649 0.5000000000
10764  42.856  -65.258  -20.783 0.5000000000
10779  42.408  -65.766  -21.696 0.3000000119
10794  36.740  -66.014  -23.188 0.6000000238
10806  37.734  -65.920  -24.119 0.5000000000
10807  37.043  -66.187  -23.934 0.6000000238
10808  36.315  -66.266  -23.689 0.5000000000
10809  35.661  -66.188  -23.512 0.5000000000
10838  38.172  -66.250  -25.347 0.3000000119
11558  34.416  -64.636  -14.317 0.3000000119
11573  35.464  -65.267  -15.375 0.3000000119
11575  34.199  -65.375  -14.474 0.3000000119
11590  36.023  -65.328  -15.839 0.3000000119
11603  36.747  -65.347  -16.700 0.3000000119
11619  37.235  -65.362  -17.142 0.3000000119
11633  40.056  -64.821  -18.120 0.4000000060
11634  39.891  -65.462  -18.080 0.4000000060
11645  40.509  -65.430  -18.299 0.4000000060
11650  43.156  -64.691  -20.307 0.5000000000
11652  42.003  -65.449  -19.736 0.4000000060
11669  43.115  -64.921  -21.140 0.5000000000
11683  43.501  -64.195  -21.844 0.4000000060
11684  43.220  -64.774  -21.739 0.4000000060
11686  36.856  -65.286  -22.067 0.6000000238
11687  36.051  -65.255  -21.985 0.5000000000
11704  42.887  -65.006  -22.316 0.3000000119
11705  42.684  -65.237  -22.986 0.3000000119
11706  38.616  -65.303  -23.437 0.5000000000
11707  38.098  -65.329  -22.767 0.5000000000
11708  37.297  -65.659  -22.753 0.6000000238
11710  35.605  -65.603  -22.450 0.5000000000
11711  34.846  -65.176  -22.530 0.5000000000
11731  42.805  -64.968  -23.782 0.4000000060
11733  38.437  -65.625  -24.157 0.5000000000
11751  38.810  -65.389  -24.971 0.3000000119
11760  42.568  -64.645  -25.253 0.4000000060
11771  39.749  -65.216  -25.987 0.3000000119
12515  36.163  -64.601  -15.938 0.3000000119
12516  35.758  -64.181  -15.519 0.3000000119
12531  36.625  -64.349  -16.371 0.4000000060
12549  38.563  -64.069  -17.696 0.4000000060
12550  38.066  -64.352  -17.483 0.4000000060
12551  37.455  -64.596  -17.220 0.4000000060
12567  40.212  -64.163  -18.155 0.4000000060
12568  39.568  -64.282  -18.030 0.4000000060
12569  38.997  -64.350  -17.918 0.4000000060
12594  44.020  -63.921  -20.157 0.4000000060
12596  42.853  -64.489  -19.975 0.5000000000
12597  42.175  -64.740  -19.650 0.5000000000
12607  44.408  -63.564  -20.760 0.5000000000
12609  43.607  -64.317  -20.388 0.5000000000
12616  43.931  -63.924  -21.008 0.5000000000
12617  43.608  -64.402  -20.789 0.5000000000
12618  38.294  -64.233  -21.363 0.4000000060
12619  37.551  -64.319  -21.251 0.4000000060
12620  36.823  -64.324  -21.225 0.6000000238
12630  43.948  -63.875  -21.517 0.5000000000
12631  39.276  -64.236  -22.183 0.5000000000
12632  38.970  -64.024  -21.556 0.5000000000
12635  36.470  -64.787  -21.607 0.5000000000
12636  35.696  -64.558  -21.666 0.5000000000
12646  43.809  -63.729  -21.997 0.5000000000
12647  43.356  -63.917  -22.526 0.4000000060
12648  39.490  -64.491  -22.849 0.4000000060
12650  38.260  -65.019  -22.244 0.4000000060
12651  34.405  -64.271  -22.587 0.5000000000
12652  34.070  -64.281  -22.991 0.5000000000
12662  43.336  -64.123  -23.280 0.4000000060
12665  39.768  -64.396  -23.575 0.4000000060
12675  42.815  -64.412  -24.396 0.4000000060
12677  41.146  -63.612  -25.234 0.4000000060
12678  39.928  -64.340  -25.297 0.4000000060
12684  42.274  -64.293  -25.663 0.4000000060
12685  41.550  -64.102  -25.683 0.4000000060
12686  40.664  -64.085  -25.582 0.4000000060
13467  36.293  -63.904  -15.915 0.3000000119
13481  37.335  -63.439  -16.841 0.4000000060
13498  37.665  -63.909  -17.226 0.4000000060
13511  40.946  -63.278  -18.449 0.4000000060
13514  39.067  -63.825  -17.898 0.4000000060
13520  41.960  -63.647  -19.006 0.4000000060
13521  41.411  -63.852  -18.700 0.4000000060
13522  40.770  -64.007  -18.477 0.5000000000
13531  45.039  -63.231  -19.988 0.4000000060
13533  43.803  -63.746  -19.860 0.4000000060
13535  42.350  -64.094  -19.566 0.4000000060
13542  45.558  -63.026  -20.720 0.4000000060
13543  44.977  -63.292  -20.471 0.4000000060
13544  44.470  -63.576  -20.230 0.5000000000
13545  38.164  -63.288  -20.570 0.4000000060
13546  37.431  -63.366  -20.465 0.4000000060
13547  36.796  -63.309  -20.511 0.4000000060
13552  45.501  -62.964  -21.504 0.4000000060
13554  44.417  -63.568  -21.333 0.4000000060
13557  37.865  -63.822  -20.879 0.4000000060
13560  35.770  -63.868  -21.312 0.4000000060
13566  44.925  -63.233  -21.775 0.5000000000
13568  40.101  -63.315  -22.282 0.4000000060
13569  39.530  -63.657  -21.907 0.5000000000
13571  34.725  -63.849  -22.196 0.4000000060
13578  43.664  -63.671  -23.022 0.4000000060
13580  40.098  -64.009  -23.245 0.5000000000
13582  34.001  -63.796  -23.102 0.5000000000
13588  43.352  -63.628  -23.407 0.4000000060
13589  42.701  -63.474  -23.675 0.4000000060
13590  42.045  -63.223  -24.023 0.4000000060
13592  40.591  -63.432  -23.766 0.4000000060
13595  33.675  -63.590  -23.699 0.5000000000
13604  41.800  -63.349  -24.619 0.4000000060
13605  41.403  -63.271  -24.756 0.4000000060
13606  40.795  -63.380  -24.579 0.4000000060
14386  37.021  -62.986  -16.322 0.3000000119
14399  39.143  -62.488  -17.791 0.4000000060
14401  38.086  -62.498  -16.996 0.4000000060
14414  40.840  -62.599  -18.249 0.4000000060
14415  40.345  -62.434  -18.023 0.4000000060
14416  39.160  -63.218  -17.756 0.3000000119
14426  42.681  -62.691  -19.394 0.4000000060
14427  42.020  -62.858  -18.959 0.4000000060
14438  45.540  -62.757  -19.841 0.4000000060
14439  44.864  -62.928  -19.785 0.4000000060
14440  43.983  -63.003  -19.685 0.4000000060
14441  43.188  -63.240  -19.687 0.4000000060
14442  37.505  -62.416  -19.856 0.5000000000
14453  46.060  -62.540  -20.263 0.4000000060
14455  39.045  -62.627  -20.377 0.3000000119
14458  36.871  -62.263  -19.927 0.4000000060
14473  40.078  -62.449  -21.442 0.4000000060
14475  38.864  -63.114  -20.708 0.4000000060
14476  36.264  -63.051  -20.817 0.4000000060
14477  35.431  -63.210  -21.546 0.4000000060
14491  45.283  -62.656  -22.253 0.4000000060
14492  44.831  -63.105  -22.447 0.4000000060
14493  40.322  -62.700  -22.055 0.5000000000
14507  44.248  -62.835  -22.674 0.4000000060
14509  41.889  -62.604  -23.186 0.4000000060
14511  40.643  -62.952  -22.669 0.5000000000
14512  34.690  -62.806  -23.017 0.4000000060
14523  43.270  -63.031  -23.413 0.4000000060
14525  41.928  -62.849  -23.638 0.4000000060
14526  41.501  -62.868  -23.706 0.4000000060
14527  40.973  -63.114  -23.380 0.4000000060
15307  42.044  -62.386  -14.660 0.3000000119
15309  36.151  -61.663  -14.614 0.3000000119
15310  35.793  -62.271  -14.730 0.3000000119
15322  43.615  -62.003  -15.366 0.3000000119
15323  43.306  -62.629  -15.434 0.3000000119
15338  44.862  -62.025  -15.464 0.3000000119
15341  37.260  -62.325  -16.225 0.3000000119
15354  39.256  -61.794  -17.630 0.4000000060
15366  40.247  -61.913  -17.928 0.4000000060
15377  41.683  -62.165  -18.738 0.4000000060
15378  41.175  -62.218  -18.411 0.4000000060
15393  44.408  -62.401  -19.691 0.4000000060
15394  43.674  -62.170  -19.602 0.4000000060
15395  42.968  -62.084  -19.378 0.4000000060
15396  39.128  -61.644  -19.684 0.3000000119
15398  37.278  -61.837  -19.584 0.5000000000
15416  46.528  -61.819  -19.984 0.4000000060
15417  39.505  -62.110  -20.285 0.3000000119
15418  38.704  -62.251  -19.885 0.3000000119
15419  36.254  -61.953  -20.228 0.4000000060
15433  46.538  -62.024  -20.715 0.4000000060
15436  35.729  -62.035  -21.454 0.4000000060
15451  45.863  -62.077  -21.487 0.4000000060
15452  45.471  -62.159  -22.073 0.4000000060
15454  41.301  -61.987  -22.083 0.4000000060
15456  35.746  -61.738  -22.232 0.4000000060
15473  45.023  -61.835  -22.501 0.4000000060
15477  41.658  -62.383  -22.584 0.4000000060
15478  40.943  -62.489  -22.355 0.5000000000
15479  35.794  -61.953  -23.451 0.4000000060
15480  35.022  -62.406  -22.649 0.4000000060
15502  43.119  -62.399  -23.255 0.4000000060
15504  36.116  -61.761  -24.226 0.4000000060
15506  34.805  -62.608  -23.848 0.4000000060
16185  36.801  -61.205  -13.193 0.3000000119
16200  41.235  -61.572  -13.764 0.3000000119
16201  40.563  -60.953  -13.709 0.3000000119
16218  42.742  -61.102  -14.817 0.3000000119
16219  42.152  -61.256  -14.495 0.3000000119
16220  37.530  -60.771  -15.125 0.3000000119
16236  43.856  -61.361  -15.218 0.3000000119
16237  37.529  -61.170  -15.689 0.3000000119
16253  45.443  -61.480  -15.786 0.3000000119
16268  46.802  -61.492  -16.585 0.3000000119
16270  39.472  -61.205  -17.493 0.4000000060
16288  41.510  -60.987  -18.364 0.4000000060
16289  39.840  -61.559  -17.787 0.4000000060
16309  41.366  -61.673  -18.361 0.4000000060
16327  46.636  -61.043  -19.746 0.4000000060
16331  43.332  -61.442  -19.419 0.4000000060
16332  39.344  -60.945  -19.579 0.3000000119
16333  38.637  -61.159  -19.369 0.3000000119
16334  37.840  -61.375  -19.294 0.5000000000
16335  36.968  -61.117  -19.372 0.5000000000
16336  36.303  -61.104  -19.746 0.5000000000
16366  41.236  -61.024  -21.362 0.4000000060
16367  40.669  -61.332  -20.952 0.4000000060
16368  40.131  -61.686  -20.591 0.3000000119
16381  45.464  -61.523  -21.932 0.4000000060
16383  44.349  -60.987  -22.450 0.4000000060
16384  43.092  -61.015  -22.241 0.3000000119
16385  42.364  -61.224  -22.219 0.3000000119
16386  41.636  -61.429  -21.890 0.3000000119
16395  43.826  -60.710  -22.353 0.3000000119
16397  36.263  -61.186  -22.644 0.4000000060
16416  36.589  -61.330  -23.998 0.4000000060
16429  36.557  -61.278  -24.648 0.4000000060
16430  36.034  -61.529  -24.996 0.4000000060
16433  36.935  -60.840  -24.963 0.4000000060
17103  40.899  -60.447  -14.044 0.3000000119
17105  39.475  -60.113  -13.802 0.3000000119
17118  43.505  -60.188  -14.957 0.3000000119
17119  42.907  -60.448  -14.802 0.3000000119
17120  42.323  -60.604  -14.588 0.3000000119
17121  41.971  -60.012  -14.524 0.3000000119
17137  45.219  -60.627  -15.813 0.3000000119
17138  44.619  -60.317  -15.486 0.3000000119
17139  44.095  -59.926  -15.199 0.3000000119
17140  38.501  -60.063  -15.825 0.4000000060
17141  37.959  -60.537  -15.563 0.4000000060
17157  47.086  -60.642  -16.087 0.3000000119
17158  46.385  -60.397  -16.084 0.3000000119
17159  45.734  -60.252  -15.878 0.3000000119
17160  39.158  -59.864  -16.597 0.4000000060
17162  38.325  -60.635  -16.353 0.4000000060
17178  48.247  -60.793  -16.790 0.3000000119
17179  47.643  -60.952  -16.685 0.3000000119
17180  46.990  -60.937  -16.485 0.3000000119
17181  46.423  -60.955  -16.325 0.3000000119
17182  39.880  -60.208  -17.358 0.4000000060
17201  41.556  -60.230  -18.336 0.4000000060
17202  41.006  -60.578  -18.053 0.4000000060
17218  37.645  -60.232  -18.898 0.4000000060
17219  36.985  -60.401  -19.070 0.4000000060
17227  46.987  -60.167  -19.922 0.4000000060
17228  46.643  -60.153  -19.322 0.4000000060
17230  45.005  -60.213  -19.501 0.4000000060
17231  44.047  -60.396  -19.499 0.4000000060
17232  43.316  -60.684  -19.315 0.4000000060
17235  38.853  -60.499  -19.221 0.4000000060
17236  38.129  -60.699  -19.091 0.4000000060
17237  36.507  -60.531  -19.430 0.5000000000
17248  46.921  -60.765  -20.438 0.4000000060
17249  41.037  -60.033  -20.717 0.3000000119
17250  40.485  -60.336  -20.315 0.3000000119
17251  39.982  -60.682  -19.854 0.4000000060
17252  36.116  -60.439  -20.110 0.5000000000
17266  42.139  -60.017  -21.760 0.4000000060
17267  41.421  -60.341  -21.296 0.3000000119
17269  35.968  -60.543  -20.958 0.4000000060
17280  44.577  -60.096  -22.357 0.3000000119
17282  43.956  -59.747  -22.325 0.3000000119
17283  43.315  -60.322  -22.303 0.4000000060
17298  43.673  -60.200  -22.264 0.3000000119
17301  36.723  -60.505  -22.834 0.4000000060
17317  37.138  -60.352  -23.692 0.4000000060
17318  36.697  -60.970  -23.467 0.4000000060
17330  37.334  -60.419  -24.545 0.4000000060
17336  37.020  -60.235  -25.518 0.4000000060
18034  40.575  -59.781  -14.285 0.3000000119
18037  38.432  -59.801  -14.314 0.3000000119
18049  42.954  -59.788  -14.831 0.3000000119
18050  42.352  -59.534  -14.768 0.3000000119
18052  40.955  -59.349  -14.709 0.3000000119
18071  47.884  -60.343  -15.247 0.3000000119
18072  47.117  -60.295  -15.320 0.3000000119
18073  46.567  -59.709  -15.363 0.3000000119
18077  44.194  -59.234  -15.394 0.3000000119
18079  38.948  -59.686  -16.076 0.4000000060
18097  47.790  -60.613  -15.709 0.3000000119
18100  45.899  -59.750  -15.768 0.3000000119
18102  39.429  -59.408  -16.353 0.3000000119
18117  40.136  -59.624  -17.245 0.4000000060
18118  39.597  -59.764  -16.927 0.3000000119
18129  41.497  -59.372  -18.436 0.3000000119
18142  42.781  -59.530  -18.954 0.3000000119
18143  42.178  -59.044  -18.673 0.3000000119
18145  38.574  -59.393  -18.692 0.3000000119
18146  37.861  -59.602  -18.678 0.4000000060
18147  37.180  -59.773  -18.866 0.4000000060
18160  47.204  -59.499  -19.352 0.3000000119
18162  46.379  -59.259  -18.779 0.3000000119
18163  45.311  -59.525  -19.369 0.3000000119
18165  39.685  -59.557  -19.404 0.3000000119
18166  39.046  -59.834  -19.068 0.3000000119
18167  36.458  -59.489  -19.477 0.5000000000
18180  41.142  -59.462  -20.623 0.3000000119
18181  40.659  -59.664  -20.248 0.3000000119
18194  46.806  -59.417  -21.481 0.4000000060
18195  45.950  -59.532  -21.989 0.4000000060
18197  36.117  -59.945  -20.816 0.5000000000
18208  45.048  -59.329  -22.107 0.3000000119
18210  43.978  -59.206  -22.472 0.3000000119
18211  42.975  -59.705  -22.194 0.4000000060
18213  36.427  -59.968  -21.815 0.6000000238
18253  37.821  -59.994  -24.912 0.4000000060
18259  38.322  -59.563  -25.288 0.5000000000
19052  42.871  -59.136  -15.002 0.3000000119
19054  41.354  -58.864  -15.038 0.3000000119
19056  39.901  -58.924  -15.336 0.3000000119
19076  42.626  -58.468  -15.474 0.3000000119
19077  41.728  -58.460  -15.510 0.3000000119
19078  40.970  -58.457  -15.577 0.3000000119
19079  40.352  -58.632  -15.752 0.3000000119
19080  39.827  -58.931  -16.025 0.3000000119
19086  40.733  -58.293  -16.706 0.3000000119
19087  40.294  -58.681  -16.419 0.3000000119
19094  40.473  -58.896  -17.126 0.3000000119
19107  41.686  -58.548  -18.244 0.3000000119
19120  42.905  -58.752  -18.839 0.3000000119
19121  39.442  -58.601  -18.935 0.3000000119
19122  38.806  -58.627  -18.584 0.3000000119
19125  36.918  -58.622  -18.841 0.4000000060
19138  47.115  -58.895  -18.957 0.3000000119
19142  40.466  -58.527  -19.677 0.4000000060
19157  41.473  -59.005  -20.873 0.4000000060
19159  36.327  -59.068  -20.119 0.5000000000
19170  47.133  -58.577  -21.111 0.3000000119
19171  45.896  -58.751  -21.863 0.3000000119
19172  45.244  -58.240  -21.760 0.3000000119
19174  42.839  -58.626  -21.683 0.4000000060
19175  42.038  -58.640  -21.205 0.4000000060
19176  36.309  -59.341  -20.808 0.6999999881
19188  44.542  -58.836  -22.119 0.3000000119
19189  44.019  -58.617  -22.200 0.4000000060
19190  36.663  -58.836  -22.162 0.6000000238
19191  36.416  -59.040  -21.471 0.6999999881
19206  37.101  -58.665  -22.846 0.4000000060
19231  39.098  -58.507  -24.679 0.6000000238
19232  38.844  -59.136  -24.752 0.5000000000
19242  37.987  -58.202  -26.483 0.6000000238
19243  36.823  -59.205  -26.036 0.4000000060
19978  40.887  -57.709  -11.811 0.3000000119
19996  41.218  -57.707  -12.874 0.3000000119
20039  41.261  -58.078  -16.183 0.3000000119
20075  39.342  -58.172  -18.751 0.3000000119
20078  36.537  -58.090  -19.082 0.6000000238
20096  39.947  -58.156  -19.148 0.3000000119
20097  36.364  -58.110  -19.622 0.4000000060
20112  41.483  -57.577  -20.436 0.4000000060
20113  41.031  -58.106  -20.095 0.4000000060
20128  45.747  -57.555  -21.521 0.3000000119
20130  44.313  -57.609  -21.539 0.3000000119
20131  43.676  -57.720  -21.537 0.4000000060
20132  42.487  -57.448  -21.053 0.4000000060
20133  41.945  -57.704  -20.889 0.4000000060
20134  36.288  -58.155  -20.776 0.6999999881
20145  44.502  -58.194  -21.789 0.4000000060
20170  39.038  -57.982  -24.429 0.6000000238
20171  38.594  -57.813  -23.880 0.5000000000
20172  37.913  -57.889  -23.520 0.5000000000
20184  39.317  -58.126  -25.115 0.5000000000
20185  39.208  -58.260  -25.678 0.5000000000
20188  37.030  -57.991  -26.417 0.4000000060
20942  39.904  -57.073  -11.265 0.3000000119
20948  40.402  -57.369  -11.661 0.3000000119
20951  40.703  -57.563  -12.308 0.3000000119
20956  40.352  -56.985  -13.514 0.3000000119
20964  41.092  -57.052  -13.869 0.3000000119
21011  37.791  -57.098  -18.345 0.4000000060
21012  37.120  -57.203  -18.489 0.4000000060
21027  38.805  -56.998  -18.440 0.4000000060
21028  38.297  -57.264  -18.414 0.4000000060
21029  36.581  -57.485  -18.869 0.4000000060
21045  40.824  -57.041  -19.651 0.4000000060
21046  40.170  -57.394  -19.157 0.4000000060
21047  36.303  -57.588  -19.413 0.6000000238
21060  42.659  -56.941  -20.676 0.3000000119
21062  41.421  -57.032  -20.110 0.4000000060
21081  36.089  -57.041  -20.717 0.6000000238
21095  36.910  -57.629  -22.461 0.6999999881
21096  36.482  -57.649  -21.868 0.6999999881
21115  38.870  -57.371  -24.202 0.5000000000
21124  39.184  -56.925  -24.722 0.6000000238
21130  39.260  -57.672  -25.437 0.6000000238
21131  39.033  -57.707  -25.717 0.6000000238
21136  38.375  -57.580  -26.101 0.6000000238
21137  37.522  -57.449  -26.446 0.5000000000
21888  39.434  -55.779  -10.330 0.3000000119
21892  39.459  -56.622  -11.076 0.3000000119
21897  38.963  -56.327  -11.526 0.3000000119
21900  39.452  -56.845  -12.613 0.3000000119
21901  38.941  -56.437  -12.256 0.3000000119
21904  39.621  -56.704  -13.279 0.3000000119
21909  40.594  -56.652  -14.191 0.3000000119
21911  39.221  -56.261  -13.654 0.3000000119
21924  41.830  -56.640  -14.809 0.3000000119
21925  40.934  -56.437  -14.810 0.3000000119
21926  40.102  -56.140  -14.628 0.3000000119
21972  36.866  -56.056  -18.115 0.5000000000
21983  40.142  -56.093  -19.103 0.5000000000
21984  38.972  -56.329  -18.521 0.4000000060
21986  36.781  -56.596  -18.364 0.5000000000
21987  36.397  -56.539  -18.793 0.5000000000
22001  41.730  -56.555  -20.109 0.4000000060
22003  36.139  -56.483  -19.450 0.6000000238
22015  42.826  -56.484  -20.350 0.3000000119
22034  43.383  -56.852  -20.686 0.3000000119
22045  36.698  -57.102  -22.263 0.6999999881
22046  36.217  -57.044  -21.541 0.6999999881
22063  37.701  -56.034  -23.581 0.6000000238
22072  39.516  -56.457  -25.300 0.6000000238
22082  39.592  -56.412  -25.778 0.6000000238
22090  38.390  -56.474  -26.104 0.5000000000
22091  37.507  -56.496  -26.055 0.5000000000
22791  39.425  -55.147  -10.161 0.3000000119
22799  38.900  -55.370  -10.697 0.3000000119
22800  38.360  -55.254  -11.134 0.3000000119
22809  38.612  -55.756  -11.274 0.3000000119
22810  38.178  -55.387  -11.662 0.3000000119
22824  38.514  -55.974  -12.664 0.3000000119
22825  38.063  -55.541  -13.076 0.3000000119
22831  39.464  -56.083  -14.214 0.3000000119
22832  38.597  -55.964  -13.395 0.3000000119
22833  38.221  -55.487  -13.802 0.3000000119
22901  37.569  -55.750  -18.124 0.5000000000
22902  36.961  -55.393  -18.025 0.5000000000
22903  36.416  -55.664  -18.274 0.5000000000
22923  39.479  -55.641  -18.840 0.4000000060
22925  38.282  -55.250  -18.210 0.6000000238
22926  36.105  -55.936  -18.880 0.5000000000
22948  35.913  -55.891  -19.759 0.6000000238
22971  42.332  -56.129  -19.983 0.3000000119
22973  35.831  -55.827  -20.557 0.6000000238
22989  35.956  -55.700  -21.113 0.6000000238
23000  36.707  -55.825  -22.482 0.6999999881
23005  37.861  -55.388  -23.712 0.6999999881
23006  37.175  -55.427  -23.143 0.6999999881
23012  39.488  -55.718  -25.052 0.6000000238
23013  38.603  -55.463  -24.256 0.5000000000
23021  39.930  -55.938  -25.835 0.6999999881
23030  39.937  -55.898  -26.346 0.6000000238
23032  37.880  -56.023  -26.081 0.5000000000
23033  39.767  -55.700  -26.848 0.5000000000
23782  39.900  -55.003  -9.714 0.3000000119
23783  39.542  -54.483  -10.018 0.3000000119
23796  38.620  -54.799  -10.931 0.3000000119
23811  37.874  -54.942  -12.080 0.3000000119
23830  37.691  -55.045  -12.751 0.3000000119
23831  37.432  -54.455  -13.082 0.3000000119
23844  37.494  -54.395  -13.799 0.3000000119
23857  38.016  -54.867  -14.149 0.3000000119
23872  37.850  -54.225  -14.462 0.3000000119
23972  37.172  -54.715  -17.948 0.6000000238
23973  36.450  -54.904  -18.205 0.5000000000
23999  39.053  -55.033  -18.613 0.4000000060
24001  36.011  -55.325  -18.593 0.5000000000
24002  35.907  -54.666  -18.830 0.5000000000
24029  35.712  -54.714  -19.677 0.5000000000
24042  35.800  -55.265  -20.795 0.6000000238
24043  35.750  -54.738  -20.423 0.6000000238
24050  35.799  -54.299  -20.730 0.6000000238
24062  36.955  -54.725  -22.866 0.6999999881
24063  36.495  -54.683  -22.366 0.6999999881
24075  38.797  -54.798  -24.602 0.6000000238
24088  40.477  -55.045  -26.496 0.6000000238
24097  40.608  -55.089  -27.099 0.6000000238
24100  40.510  -54.987  -27.483 0.6000000238
24878  39.683  -53.810  -10.125 0.3000000119
24879  39.184  -54.067  -10.415 0.3000000119
24890  39.281  -53.501  -10.610 0.3000000119
24891  38.880  -53.827  -10.920 0.3000000119
24892  38.527  -54.237  -11.210 0.3000000119
24903  38.077  -54.069  -11.620 0.3000000119
24904  37.703  -53.899  -12.086 0.3000000119
24919  37.336  -53.862  -12.645 0.3000000119
24958  37.800  -53.613  -14.757 0.3000000119
24971  39.269  -54.081  -15.783 0.3000000119
24972  38.893  -53.448  -15.921 0.3000000119
25029  37.446  -54.025  -17.994 0.6000000238
25031  36.491  -53.720  -18.190 0.6000000238
25045  39.509  -53.423  -18.925 0.3000000119
25046  38.856  -53.730  -18.670 0.3000000119
25047  38.172  -53.906  -18.302 0.3000000119
25048  36.083  -53.944  -18.711 0.5000000000
25070  35.646  -54.110  -20.130 0.5000000000
25079  36.027  -54.163  -21.277 0.6000000238
25080  35.752  -53.755  -20.760 0.6000000238
25093  36.320  -54.020  -22.046 0.6000000238
25099  36.694  -53.639  -22.632 0.6000000238
25103  38.123  -54.147  -24.061 0.6999999881
25122  40.554  -54.627  -26.968 0.6000000238
25129  38.130  -54.692  -26.477 0.5000000000
25130  40.683  -54.582  -27.726 0.6000000238
25131  40.607  -54.545  -27.825 0.6999999881
25132  39.875  -54.917  -27.481 0.6999999881
25133  40.604  -54.198  -27.995 0.6999999881
25924  40.305  -53.484  -9.996 0.3000000119
25934  40.397  -52.848  -10.460 0.3000000119
25936  38.916  -53.233  -11.209 0.3000000119
25937  38.450  -53.664  -11.377 0.3000000119
25946  37.934  -53.430  -11.715 0.3000000119
25963  37.140  -53.314  -12.801 0.3000000119
25979  37.020  -52.978  -13.241 0.3000000119
25994  37.092  -53.115  -13.896 0.3000000119
26006  37.391  -53.131  -14.561 0.3000000119
26019  37.992  -52.805  -15.441 0.3000000119
26032  39.690  -52.535  -17.036 0.3000000119
26065  37.829  -53.210  -18.372 0.4000000060
26066  37.008  -53.513  -18.046 0.4000000060
26067  36.599  -53.022  -18.265 0.4000000060
26081  38.513  -53.305  -18.526 0.3000000119
26082  36.224  -53.407  -18.531 0.5000000000
26083  35.884  -53.442  -19.172 0.5000000000
26091  35.609  -53.244  -19.722 0.5000000000
26108  35.986  -53.505  -21.416 0.6000000238
26122  36.280  -53.254  -22.088 0.6000000238
26134  37.147  -53.330  -23.129 0.6999999881
26147  38.111  -53.428  -24.182 0.6999999881
26148  37.516  -53.018  -23.686 0.6000000238
26161  38.683  -53.548  -24.845 0.6000000238
26174  39.636  -53.509  -25.959 0.8000000119
26187  40.100  -53.413  -26.828 0.6999999881
26188  38.142  -54.020  -26.751 0.5000000000
26189  37.512  -53.472  -26.484 0.5000000000
26194  39.822  -53.961  -28.074 0.6999999881
26195  39.318  -53.498  -27.688 0.5000000000
26970  41.540  -52.743  -10.083 0.3000000119
26986  40.540  -52.404  -10.982 0.3000000119
26987  39.930  -52.703  -10.889 0.3000000119
27004  40.023  -52.205  -11.084 0.3000000119
27005  38.569  -52.640  -11.461 0.3000000119
27006  37.870  -52.690  -11.730 0.3000000119
27007  37.423  -52.492  -12.114 0.3000000119
27038  36.948  -52.484  -13.652 0.3000000119
27056  37.030  -51.881  -14.027 0.3000000119
27069  37.520  -52.519  -15.056 0.3000000119
27081  38.577  -52.679  -15.962 0.3000000119
27083  37.587  -51.745  -15.327 0.3000000119
27096  38.632  -51.766  -16.243 0.3000000119
27113  39.469  -51.758  -17.301 0.3000000119
27124  39.833  -52.111  -17.870 0.3000000119
27127  37.918  -52.151  -18.524 0.4000000060
27128  36.992  -52.310  -18.284 0.4000000060
27142  38.630  -52.589  -18.587 0.4000000060
27143  36.423  -52.378  -18.361 0.6000000238
27144  35.911  -52.294  -18.807 0.6000000238
27157  35.515  -52.133  -19.566 0.5000000000
27169  35.453  -52.242  -20.437 0.6000000238
27180  35.641  -52.272  -21.163 0.6000000238
27192  36.249  -52.582  -22.148 0.6000000238
27193  35.942  -52.254  -21.725 0.6000000238
27207  36.997  -52.566  -23.238 0.6999999881
27208  36.564  -52.271  -22.682 0.6000000238
27221  37.359  -52.345  -23.803 0.6999999881
27232  38.797  -52.999  -25.251 0.6999999881
27234  37.619  -52.034  -24.290 0.6999999881
27258  39.656  -52.701  -26.789 0.6999999881
27260  36.516  -52.562  -26.211 0.5000000000
27272  40.320  -53.084  -27.706 0.6999999881
27275  37.814  -52.594  -27.234 0.5000000000
27277  40.123  -52.585  -28.390 0.6999999881
27278  39.960  -52.535  -28.465 0.5000000000
27279  39.434  -52.475  -28.463 0.6999999881
27281  39.903  -52.056  -28.791 0.6000000238
28105  41.130  -51.643  -11.739 0.3000000119
28106  40.492  -51.375  -11.591 0.3000000119
28108  38.928  -52.080  -11.500 0.3000000119
28110  37.576  -51.990  -11.862 0.3000000119
28119  37.487  -51.353  -12.206 0.3000000119
28147  37.012  -51.302  -14.464 0.3000000119
28162  37.282  -51.363  -15.016 0.4000000060
28182  37.655  -51.020  -15.481 0.3000000119
28198  39.010  -51.394  -16.970 0.3000000119
28199  38.587  -50.996  -16.572 0.3000000119
28216  39.274  -51.174  -17.519 0.3000000119
28254  36.225  -51.767  -18.354 0.6000000238
28255  35.718  -51.641  -18.833 0.6000000238
28270  35.463  -51.450  -19.414 0.6000000238
28293  35.479  -51.630  -20.820 0.6000000238
28308  36.244  -51.242  -22.164 0.6000000238
28309  35.875  -51.623  -21.527 0.6000000238
28323  36.982  -51.390  -23.224 0.6999999881
28324  36.539  -51.621  -22.704 0.6999999881
28337  37.213  -51.697  -23.830 0.6999999881
28349  37.895  -51.679  -24.780 0.6000000238
28356  38.968  -52.135  -26.348 0.6999999881
28357  37.974  -51.290  -25.332 0.6000000238
28367  38.507  -51.408  -25.946 0.6999999881
28369  35.274  -51.866  -26.522 0.4000000060
28382  40.268  -52.139  -28.014 0.6000000238
28383  39.767  -51.603  -27.458 0.6999999881
28384  37.296  -52.026  -27.411 0.5000000000
28385  36.373  -51.861  -27.120 0.5000000000
28399  35.818  -51.530  -27.425 0.5000000000
28400  39.865  -51.668  -29.035 0.6000000238
28401  39.842  -51.507  -28.995 0.6000000238
29255  40.434  -50.816  -11.701 0.3000000119
29256  39.789  -50.954  -11.485 0.3000000119
29258  38.374  -51.059  -11.750 0.3000000119
29263  40.916  -51.113  -11.903 0.3000000119
29265  37.901  -50.860  -11.997 0.3000000119
29266  37.380  -50.613  -12.484 0.3000000119
29275  37.138  -50.191  -12.952 0.3000000119
29293  37.229  -50.703  -14.940 0.4000000060
29315  38.847  -50.843  -17.299 0.3000000119
29316  38.390  -50.442  -16.963 0.4000000060
29317  37.809  -50.122  -16.682 0.4000000060
29333  37.687  -50.378  -17.427 0.4000000060
29355  35.980  -51.150  -18.276 0.6000000238
29356  35.561  -50.911  -18.946 0.6000000238
29368  35.385  -50.956  -19.720 0.5000000000
29410  36.212  -50.466  -22.197 0.6000000238
29411  35.905  -50.897  -21.624 0.6000000238
29425  37.070  -50.655  -23.167 0.6999999881
29446  37.114  -51.034  -23.740 0.6999999881
29455  37.215  -50.719  -24.241 0.6999999881
29462  37.436  -50.318  -24.772 0.6000000238
29477  39.433  -50.875  -27.273 0.6999999881
29478  35.224  -51.071  -27.683 0.4000000060
29489  39.858  -51.265  -28.857 0.6000000238
29490  39.830  -50.787  -28.041 0.6000000238
29491  36.996  -51.139  -28.123 0.5000000000
29493  34.422  -50.620  -27.784 0.4000000060
29494  39.798  -51.314  -29.031 0.6000000238
29495  39.320  -50.937  -29.040 0.6000000238
29496  38.356  -50.764  -28.929 0.5000000000
29498  36.305  -50.859  -28.519 0.6000000238
29499  35.614  -50.892  -28.272 0.5000000000
30466  40.000  -50.300  -11.710 0.3000000119
30467  39.217  -50.386  -11.705 0.3000000119
30468  38.484  -50.554  -11.822 0.3000000119
30471  41.505  -50.224  -12.517 0.3000000119
30474  39.423  -49.758  -11.937 0.3000000119
30475  38.629  -49.939  -11.953 0.3000000119
30493  36.903  -50.186  -13.670 0.4000000060
30502  36.983  -50.106  -14.560 0.4000000060
30524  37.298  -49.602  -16.492 0.4000000060
30539  37.357  -49.936  -17.092 0.4000000060
30540  36.860  -49.556  -17.204 0.4000000060
30552  36.890  -50.093  -17.654 0.4000000060
30553  35.944  -49.832  -18.337 0.6000000238
30591  35.517  -50.132  -20.533 0.6000000238
30607  35.725  -49.974  -21.242 0.6000000238
30635  36.911  -49.695  -22.956 0.6000000238
30653  37.113  -50.406  -23.579 0.6999999881
30654  37.079  -49.847  -23.464 0.6999999881
30662  37.096  -50.121  -24.131 0.6999999881
30668  37.707  -50.231  -25.450 0.6000000238
30677  38.099  -50.202  -26.129 0.6999999881
30682  33.855  -50.371  -27.383 0.4000000060
30692  39.720  -50.403  -28.421 0.6000000238
30696  34.172  -49.891  -27.731 0.4000000060
30697  39.594  -50.678  -28.998 0.6000000238
30699  37.586  -50.182  -28.808 0.5000000000
30702  35.065  -49.873  -28.487 0.5000000000
30703  39.525  -50.840  -29.045 0.6000000238
30704  39.164  -49.858  -29.131 0.6000000238
30705  38.648  -49.744  -29.219 0.6000000238
30706  37.826  -49.687  -29.161 0.6000000238
30707  36.911  -49.826  -29.114 0.6999999881
31731  38.794  -49.308  -12.174 0.3000000119
31732  38.060  -49.555  -12.269 0.3000000119
31744  37.621  -49.171  -12.696 0.3000000119
31766  36.860  -49.522  -14.292 0.4000000060
31775  36.846  -49.414  -15.150 0.4000000060
31776  36.543  -48.603  -15.500 0.4000000060
31783  36.945  -49.117  -15.990 0.4000000060
31801  36.689  -49.103  -16.699 0.4000000060
31819  36.352  -49.044  -17.424 0.4000000060
31820  35.910  -49.153  -18.121 0.4000000060
31834  35.561  -49.387  -18.862 0.6000000238
31846  35.416  -49.355  -19.587 0.6000000238
31878  35.738  -49.363  -21.404 0.6000000238
31892  36.494  -49.099  -22.652 0.6000000238
31893  36.072  -49.195  -22.013 0.6000000238
31908  36.904  -49.116  -23.360 0.6999999881
31933  37.191  -49.275  -24.667 0.6000000238
31941  37.727  -49.648  -25.745 0.6999999881
31942  37.439  -49.112  -25.324 0.6000000238
31956  38.753  -49.454  -27.249 0.6000000238
31957  38.140  -48.932  -26.662 0.6000000238
31960  32.752  -49.543  -26.762 0.4000000060
31970  34.573  -49.369  -28.150 0.4000000060
31973  39.316  -49.454  -28.557 0.6000000238
31974  36.110  -49.882  -29.134 0.5000000000
31975  35.763  -49.160  -29.131 0.5000000000
31977  39.439  -49.991  -28.901 0.6000000238
31978  39.110  -49.307  -28.876 0.6000000238
31979  38.727  -49.139  -29.092 0.6999999881
31982  36.276  -48.788  -29.314 0.6999999881
32958  39.479  -48.486  -12.555 0.3000000119
32960  38.235  -48.937  -12.406 0.3000000119
32969  39.737  -48.074  -12.897 0.3000000119
32970  39.029  -48.131  -12.710 0.3000000119
32972  37.721  -48.587  -12.980 0.3000000119
32980  37.308  -48.277  -13.565 0.4000000060
32981  36.718  -48.237  -14.151 0.4000000060
32990  36.425  -48.150  -14.816 0.4000000060
33004  36.283  -48.148  -16.110 0.4000000060
33005  35.993  -47.763  -16.611 0.4000000060
33024  35.810  -47.873  -17.251 0.4000000060
33061  35.334  -48.114  -19.832 0.5000000000
33077  35.397  -48.236  -20.535 0.6000000238
33092  35.510  -48.329  -21.101 0.6000000238
33106  36.073  -48.432  -22.198 0.6000000238
33107  35.718  -48.711  -21.533 0.6000000238
33133  36.977  -48.858  -24.124 0.6999999881
33141  37.110  -48.554  -24.842 0.6000000238
33142  36.897  -48.264  -24.212 0.6999999881
33160  37.754  -48.285  -26.048 0.6999999881
33175  38.050  -48.244  -26.632 0.6000000238
33176  33.931  -48.339  -26.567 0.5000000000
33186  38.970  -49.028  -27.933 0.6000000238
33187  34.452  -48.625  -27.793 0.4000000060
33190  35.324  -48.701  -28.882 0.5000000000
33191  34.837  -48.676  -28.474 0.6000000238
33194  36.614  -48.239  -29.380 0.6999999881
34110  39.258  -47.613  -13.112 0.3000000119
34111  38.564  -47.773  -12.982 0.3000000119
34112  37.708  -47.597  -13.628 0.4000000060
34123  37.452  -46.945  -13.919 0.4000000060
34125  36.555  -47.613  -14.396 0.4000000060
34133  36.012  -47.266  -15.259 0.4000000060
34142  35.806  -46.812  -15.768 0.4000000060
34151  35.711  -47.174  -16.431 0.4000000060
34182  35.430  -47.325  -18.191 0.5000000000
34192  35.250  -47.421  -18.866 0.5000000000
34215  35.213  -47.579  -20.363 0.5000000000
34227  35.382  -47.753  -20.990 0.6000000238
34243  35.821  -47.775  -22.018 0.6000000238
34258  36.137  -47.760  -22.654 0.6000000238
34273  36.271  -47.368  -23.269 0.6000000238
34295  37.031  -47.415  -25.099 0.5000000000
34307  37.443  -47.698  -25.687 0.5000000000
34308  33.863  -47.800  -26.180 0.5000000000
34310  32.642  -47.884  -25.589 0.5000000000
34322  38.033  -47.518  -26.684 0.5000000000
34333  38.323  -47.222  -27.209 0.6000000238
34334  34.745  -47.396  -28.114 0.5000000000
34337  38.691  -47.771  -28.739 0.6000000238
34339  35.027  -47.522  -28.728 0.6000000238
34340  38.479  -47.649  -29.201 0.6999999881
34341  38.055  -47.544  -29.381 0.6999999881
34343  36.105  -47.726  -29.585 0.6999999881
34344  35.480  -47.701  -29.252 0.6000000238
35240  38.724  -47.252  -13.337 0.3000000119
35241  38.138  -47.056  -13.571 0.4000000060
35255  38.051  -46.575  -13.849 0.4000000060
35256  36.822  -47.125  -14.194 0.4000000060
35268  40.402  -46.575  -14.546 0.3000000119
35269  39.781  -46.345  -14.368 0.3000000119
35271  36.420  -46.994  -14.713 0.4000000060
35299  35.662  -46.610  -16.362 0.4000000060
35316  35.569  -46.748  -17.015 0.4000000060
35331  35.429  -46.605  -17.922 0.4000000060
35346  35.080  -46.971  -19.259 0.5000000000
35355  34.977  -46.692  -19.850 0.5000000000
35367  35.187  -47.063  -20.857 0.5000000000
35380  35.470  -46.691  -21.525 0.6000000238
35408  36.023  -46.738  -23.167 0.6000000238
35409  35.630  -46.532  -22.452 0.6000000238
35419  36.438  -46.893  -23.827 0.6999999881
35429  36.737  -47.221  -24.483 0.6999999881
35439  36.810  -46.789  -24.956 0.6000000238
35440  36.555  -46.206  -24.745 0.5000000000
35449  37.273  -46.900  -25.495 0.5000000000
35458  38.016  -46.880  -26.710 0.5000000000
35459  34.184  -47.131  -26.497 0.5000000000
35471  38.468  -46.837  -27.717 0.5000000000
35473  34.669  -46.746  -27.884 0.6000000238
35474  34.443  -46.610  -27.193 0.5000000000
35481  38.665  -46.968  -28.414 0.6000000238
35484  38.533  -47.049  -29.091 0.6999999881
35485  38.256  -47.045  -29.419 0.6999999881
35486  37.631  -46.979  -29.533 0.6999999881
35487  36.906  -46.886  -29.763 0.6999999881
35488  35.657  -46.601  -29.490 0.6000000238
35489  35.248  -47.070  -29.255 0.6000000238
35490  37.806  -46.595  -29.588 0.6999999881
35493  36.094  -46.019  -29.714 0.6000000238
36372  39.132  -46.154  -14.221 0.4000000060
36373  38.380  -46.133  -14.149 0.4000000060
36392  40.066  -46.175  -14.940 0.3000000119
36393  39.501  -45.834  -14.797 0.4000000060
36394  38.762  -45.699  -14.623 0.4000000060
36395  37.955  -45.687  -14.549 0.4000000060
36396  37.164  -45.805  -14.549 0.4000000060
36397  36.478  -46.141  -14.861 0.4000000060
36413  40.238  -45.889  -15.539 0.4000000060
36414  35.992  -46.164  -15.419 0.4000000060
36415  35.756  -46.158  -16.002 0.4000000060
36430  41.791  -46.146  -16.695 0.3000000119
36431  41.135  -45.940  -16.675 0.3000000119
36451  40.550  -45.536  -16.963 0.3000000119
36452  35.469  -45.968  -17.290 0.4000000060
36463  35.245  -45.720  -18.105 0.5000000000
36488  34.945  -46.044  -19.685 0.5000000000
36499  35.059  -46.270  -20.321 0.5000000000
36516  35.142  -45.952  -20.762 0.5000000000
36543  35.799  -46.115  -23.102 0.6000000238
36544  35.497  -45.772  -22.542 0.5000000000
36557  36.058  -45.818  -23.684 0.6000000238
36558  35.692  -45.458  -23.177 0.4000000060
36595  33.742  -46.131  -26.012 0.5000000000
36596  33.291  -45.970  -25.493 0.5000000000
36606  34.039  -46.329  -26.627 0.5000000000
36617  34.571  -46.154  -27.718 0.5000000000
36635  35.005  -46.065  -28.836 0.6000000238
36638  38.203  -45.755  -29.720 0.6999999881
36640  37.375  -45.786  -30.171 0.6999999881
36641  36.738  -45.690  -29.916 0.6999999881
37567  39.110  -45.397  -15.061 0.3000000119
37569  36.729  -45.306  -14.921 0.4000000060
37580  40.020  -45.501  -15.940 0.3000000119
37581  39.645  -45.490  -15.417 0.4000000060
37583  37.706  -44.698  -15.419 0.4000000060
37585  36.326  -45.082  -15.444 0.4000000060
37595  40.057  -45.322  -16.506 0.3000000119
37596  39.601  -44.881  -16.644 0.3000000119
37597  39.121  -44.719  -16.142 0.4000000060
37598  35.851  -44.978  -16.103 0.4000000060
37628  35.382  -44.874  -18.142 0.5000000000
37649  34.985  -45.677  -20.226 0.5000000000
37660  35.101  -45.309  -20.743 0.4000000060
37680  35.286  -45.645  -21.267 0.5000000000
37697  35.419  -45.336  -21.910 0.6000000238
37723  35.951  -45.170  -23.798 0.6000000238
37734  36.114  -44.901  -24.304 0.6000000238
37748  36.380  -44.960  -24.856 0.5000000000
37765  37.749  -45.310  -26.505 0.5000000000
37766  37.333  -45.493  -26.001 0.5000000000
37768  33.383  -45.277  -25.461 0.5000000000
37792  38.439  -45.034  -27.807 0.6000000238
37793  38.050  -45.197  -27.166 0.6000000238
37806  38.450  -45.227  -29.489 0.6999999881
37807  35.664  -45.474  -29.474 0.6000000238
37813  38.157  -45.221  -30.096 0.6999999881
37814  37.762  -45.211  -30.571 0.6999999881
37815  37.352  -45.214  -30.519 0.6999999881
38795  37.153  -44.357  -15.799 0.4000000060
38807  38.651  -44.290  -16.268 0.4000000060
38867  35.130  -44.552  -19.469 0.5000000000
38917  35.399  -44.541  -21.958 0.4000000060
38933  35.512  -44.327  -22.705 0.5000000000
38945  35.848  -44.533  -23.885 0.6000000238
38946  35.621  -44.134  -23.358 0.4000000060
38974  37.012  -44.254  -25.650 0.5000000000
38975  36.533  -44.306  -25.142 0.6000000238
38993  37.372  -44.714  -26.081 0.5000000000
39004  37.773  -44.618  -26.713 0.6000000238
39024  34.527  -44.635  -27.863 0.5000000000
39035  38.648  -44.231  -28.611 0.6000000238
39041  35.569  -44.805  -29.434 0.6000000238
39051  36.795  -44.711  -30.355 0.6000000238
39059  38.638  -44.282  -30.537 0.6999999881
39061  37.471  -44.754  -30.822 0.6999999881
39062  37.010  -44.122  -30.858 0.6999999881
40177  35.706  -43.513  -18.237 0.5000000000
40222  35.249  -43.773  -20.746 0.6000000238
40241  35.392  -43.478  -21.495 0.5000000000
40279  35.573  -43.608  -22.837 0.4000000060
40297  35.690  -43.610  -23.446 0.6000000238
40345  37.146  -43.673  -25.962 0.5000000000
40357  37.492  -43.575  -26.433 0.5000000000
40370  38.497  -43.723  -28.144 0.6000000238
40371  38.201  -43.844  -27.537 0.6000000238
40383  38.672  -43.635  -28.822 0.6000000238
40384  34.596  -43.479  -28.714 0.4000000060
40385  34.297  -43.517  -28.167 0.5000000000
40389  38.912  -43.651  -29.521 0.6000000238
40390  34.812  -43.408  -29.149 0.4000000060
40396  38.859  -44.072  -30.026 0.6999999881
40397  36.308  -44.003  -30.532 0.6000000238
40398  35.717  -43.761  -30.015 0.6000000238
40404  39.751  -43.696  -30.955 0.6999999881
40406  38.341  -44.003  -30.990 0.6999999881
40413  39.986  -43.754  -31.402 0.6999999881
41626  35.683  -43.047  -19.286 0.5000000000
41678  35.592  -42.774  -21.663 0.4000000060
41709  35.708  -43.135  -23.221 0.4000000060
41721  36.168  -43.073  -24.454 0.4000000060
41722  35.816  -43.226  -23.865 0.6000000238
41731  36.839  -42.934  -25.699 0.6000000238
41732  36.512  -43.019  -25.042 0.4000000060
41756  37.945  -42.798  -27.214 0.6000000238
41757  37.529  -42.443  -26.666 0.6000000238
41771  38.536  -43.085  -28.305 0.6000000238
41772  38.242  -42.461  -27.808 0.6000000238
41783  38.713  -43.051  -28.994 0.6000000238
41784  38.597  -42.469  -28.509 0.6000000238
41792  39.671  -43.092  -30.147 0.6999999881
41799  40.591  -43.462  -30.994 0.6999999881
41800  39.981  -43.418  -30.785 0.6999999881
41801  35.997  -43.388  -30.624 0.6000000238
41802  35.481  -43.130  -29.983 0.5000000000
41810  41.464  -43.325  -31.743 0.6000000238
41811  40.430  -43.778  -31.290 0.6999999881
41812  38.416  -43.419  -31.386 0.6999999881
41813  37.512  -43.230  -31.647 0.6999999881
41815  36.348  -43.085  -31.174 0.6000000238
41816  35.803  -42.660  -30.523 0.6000000238
41822  40.599  -43.765  -31.735 0.6999999881
41823  39.779  -43.466  -31.811 0.8000000119
41825  38.020  -43.023  -31.715 0.6999999881
41829  40.956  -43.562  -32.086 0.8000000119
43118  35.679  -42.334  -20.298 0.6000000238
43139  36.057  -41.693  -20.877 0.6000000238
43140  35.652  -42.462  -21.077 0.5000000000
43157  36.066  -41.375  -21.583 0.5000000000
43169  35.730  -41.956  -22.785 0.4000000060
43178  36.103  -41.787  -24.302 0.3000000119
43202  36.834  -41.719  -25.634 0.6000000238
43203  36.706  -42.378  -25.229 0.5000000000
43218  37.246  -41.783  -26.347 0.6000000238
43241  37.576  -41.802  -26.832 0.6000000238
43270  39.535  -42.332  -29.767 0.6000000238
43278  40.531  -42.791  -30.713 0.6000000238
43279  40.065  -42.865  -30.461 0.6999999881
43287  37.582  -42.730  -31.838 0.6999999881
43288  37.005  -42.301  -31.385 0.5000000000
43290  35.912  -41.856  -30.596 0.4000000060
43295  42.914  -42.352  -32.644 0.6999999881
43297  41.930  -42.907  -32.400 0.6999999881
43299  38.977  -42.682  -31.926 0.8000000119
43300  38.213  -42.254  -31.786 0.6000000238
43304  42.601  -42.767  -32.744 0.6999999881
43305  42.055  -42.847  -32.503 0.6999999881
43306  41.320  -43.147  -32.427 0.6999999881
43307  40.582  -43.032  -32.310 0.6999999881
43311  42.886  -42.410  -32.860 0.6000000238
44586  35.875  -41.279  -22.617 0.5000000000
44609  36.075  -41.226  -23.775 0.5000000000
44610  35.820  -41.532  -23.248 0.4000000060
44623  36.334  -41.005  -24.456 0.5000000000
44635  36.563  -41.147  -25.110 0.5000000000
44676  37.790  -41.431  -27.251 0.6000000238
44677  37.342  -41.247  -26.759 0.6000000238
44687  38.385  -41.000  -28.072 0.6000000238
44688  38.127  -41.350  -27.716 0.6000000238
44696  38.669  -41.292  -28.682 0.6000000238
44700  39.514  -41.359  -29.636 0.6000000238
44706  40.093  -41.951  -30.252 0.6000000238
44714  41.709  -41.653  -31.174 0.6999999881
44716  37.649  -41.921  -31.371 0.5000000000
44717  36.988  -41.537  -31.071 0.5000000000
44726  41.954  -42.524  -31.767 0.6999999881
44728  38.735  -41.764  -31.883 0.5000000000
44733  43.658  -41.436  -33.109 0.6999999881
44735  41.985  -42.115  -32.995 0.6000000238
44736  40.876  -42.312  -32.542 0.6000000238
44743  43.162  -41.933  -33.129 0.6000000238
44745  41.258  -41.666  -32.890 0.6000000238
46027  36.425  -40.694  -21.766 0.5000000000
46044  36.912  -40.175  -21.947 0.5000000000
46045  36.503  -40.321  -22.228 0.5000000000
46062  36.708  -39.948  -22.360 0.5000000000
46063  36.439  -40.204  -22.737 0.5000000000
46114  36.572  -40.456  -24.915 0.5000000000
46129  37.126  -40.319  -25.982 0.6000000238
46146  37.624  -40.260  -27.040 0.6000000238
46156  37.899  -40.745  -27.554 0.6000000238
46169  39.520  -40.500  -29.456 0.6000000238
46178  40.538  -40.553  -30.354 0.6000000238
46186  41.239  -40.723  -30.772 0.6999999881
46187  36.974  -39.976  -30.872 0.4000000060
46196  38.494  -40.727  -31.891 0.5000000000
46197  38.061  -39.901  -31.808 0.4000000060
46202  43.505  -41.459  -32.761 0.6999999881
46203  40.470  -41.186  -32.649 0.6000000238
46204  39.711  -40.698  -32.456 0.6000000238
46211  42.963  -41.300  -33.560 0.5000000000
46212  42.404  -41.011  -33.501 0.5000000000
46214  40.873  -40.522  -33.061 0.5000000000
46218  44.208  -40.992  -33.888 0.4000000060
46219  43.948  -41.089  -33.932 0.5000000000
47354  38.037  -39.754  -22.389 0.5000000000
47370  36.842  -39.720  -22.794 0.5000000000
47371  36.524  -39.915  -23.294 0.5000000000
47385  38.611  -39.016  -23.581 0.5000000000
47386  37.807  -39.080  -23.584 0.5000000000
47387  36.998  -39.467  -23.439 0.5000000000
47398  37.860  -38.962  -24.329 0.5000000000
47399  37.149  -39.325  -24.158 0.5000000000
47400  36.562  -39.747  -23.959 0.5000000000
47406  37.879  -39.027  -25.474 0.5000000000
47407  37.412  -39.335  -24.939 0.5000000000
47408  36.721  -39.748  -24.618 0.5000000000
47414  37.853  -39.244  -26.155 0.4000000060
47427  38.492  -39.338  -27.223 0.6000000238
47428  37.945  -39.543  -26.832 0.6000000238
47429  37.434  -39.893  -26.449 0.6000000238
47437  38.574  -39.735  -27.688 0.5000000000
47438  38.154  -39.965  -27.396 0.6000000238
47448  38.818  -39.842  -28.227 0.6000000238
47456  39.638  -39.745  -29.225 0.6000000238
47457  39.129  -40.112  -28.867 0.6000000238
47463  41.835  -38.913  -30.205 0.6000000238
47464  41.486  -39.437  -30.255 0.6999999881
47465  40.563  -39.714  -29.904 0.6999999881
47475  41.939  -39.434  -30.712 0.6999999881
47484  43.350  -39.776  -32.061 0.6999999881
47485  42.788  -39.971  -31.699 0.6999999881
47486  42.213  -40.285  -31.331 0.6999999881
47487  37.524  -39.879  -31.304 0.4000000060
47495  43.692  -40.622  -32.825 0.6999999881
47496  43.202  -40.733  -32.261 0.6999999881
47508  44.159  -41.120  -33.477 0.5000000000
47510  41.274  -39.814  -33.331 0.5000000000
47519  43.784  -40.437  -34.234 0.4000000060
47521  42.279  -39.560  -34.005 0.4000000060
47522  41.591  -39.133  -33.723 0.4000000060
47529  44.701  -40.218  -34.619 0.4000000060
47530  44.030  -40.008  -34.694 0.5000000000
47531  43.382  -39.569  -34.598 0.5000000000
47537  45.545  -39.792  -35.426 0.4000000060
48722  39.411  -38.955  -24.504 0.5000000000
48723  38.847  -38.852  -24.184 0.5000000000
48728  40.194  -38.655  -25.301 0.4000000060
48729  39.598  -38.608  -25.067 0.4000000060
48730  39.003  -38.715  -24.828 0.5000000000
48737  41.388  -38.867  -26.055 0.4000000060
48738  40.438  -38.363  -25.810 0.4000000060
48740  38.807  -38.372  -25.898 0.5000000000
48741  38.263  -38.739  -25.852 0.4000000060
48749  42.356  -38.464  -27.129 0.4000000060
48750  41.908  -38.834  -26.599 0.4000000060
48751  41.300  -38.374  -26.476 0.4000000060
48752  39.113  -38.287  -26.552 0.5000000000
48761  39.482  -38.345  -27.264 0.6000000238
48772  40.342  -38.507  -28.812 0.6000000238
48773  39.858  -38.609  -28.427 0.6000000238
48781  40.731  -38.926  -29.381 0.6000000238
48789  41.044  -39.359  -29.932 0.6999999881
48796  46.352  -38.553  -30.430 0.5000000000
48797  43.417  -38.369  -31.148 0.6999999881
48798  42.907  -38.622  -30.782 0.6999999881
48809  43.650  -38.890  -31.750 0.6000000238
48818  45.475  -38.699  -33.030 0.5000000000
48819  44.502  -39.322  -32.835 0.6000000238
48830  45.944  -38.773  -33.621 0.5000000000
48831  45.446  -39.388  -33.812 0.5000000000
48851  44.283  -39.504  -35.008 0.4000000060
50087  39.840  -38.209  -25.551 0.5000000000
50093  40.699  -38.142  -26.333 0.4000000060
50094  40.108  -38.092  -26.134 0.5000000000
50104  41.022  -38.017  -26.978 0.5000000000
50105  39.774  -38.065  -26.629 0.5000000000
50113  43.177  -38.369  -27.988 0.4000000060
50115  42.106  -38.101  -27.479 0.4000000060
50116  40.933  -37.881  -27.520 0.6000000238
50118  39.915  -38.179  -27.839 0.6000000238
50126  43.974  -38.244  -28.792 0.6000000238
50127  43.302  -38.066  -28.554 0.5000000000
50129  42.231  -37.921  -28.013 0.5000000000
50136  44.782  -38.432  -29.516 0.6000000238
50137  44.184  -38.294  -29.381 0.6000000238
50138  43.541  -38.058  -29.162 0.6000000238
50140  42.115  -37.952  -29.010 0.6000000238
50141  40.864  -38.184  -28.806 0.6000000238
50147  44.905  -37.966  -30.474 0.6000000238
50148  44.514  -38.171  -29.926 0.6000000238
50149  43.903  -38.133  -29.799 0.6000000238
50150  42.843  -38.279  -30.073 0.6000000238
50157  46.598  -38.290  -31.032 0.5000000000
50159  45.503  -38.024  -31.035 0.5000000000
50160  44.400  -38.002  -30.911 0.6000000238
50161  43.512  -38.193  -30.366 0.6000000238
50170  46.721  -38.090  -31.687 0.5000000000
50171  45.066  -38.089  -31.721 0.5000000000
50181  46.102  -38.346  -32.734 0.5000000000
212316  37.139  -51.254  -12.809 0.3000000119
212340  36.311  -59.631  -21.411 0.4000000060
212462  41.548  -37.997  -28.621 0.6000000238
212470  38.192  -52.049  -11.596 0.3000000119
212539  36.149  -55.231  -21.385 0.6000000238
212699  35.480  -48.786  -20.053 0.5000000000
212719  37.605  -50.026  -16.002 0.4000000060
212887  45.599  -38.184  -32.253 0.5000000000
212935  36.251  -57.707  -20.236 0.6999999881
213039  37.434  -59.096  -23.323 0.5000000000
213116  35.501  -48.620  -18.557 0.5000000000
213153  40.069  -37.932  -27.246 0.5000000000
213258  41.556  -37.938  -27.596 0.4000000060
213272  45.704  -59.003  -15.596 0.3000000119
213290  40.399  -61.409  -17.912 0.4000000060
213404  35.419  -49.857  -19.301 0.6000000238
213418  40.370  -37.987  -26.744 0.5000000000
213468  42.657  -37.875  -28.616 0.6000000238
213780  38.272  -53.393  -15.343 0.3000000119
213851  34.752  -44.896  -28.514 0.5000000000
214145  37.547  -58.457  -18.544 0.4000000060
214539  37.229  -52.002  -12.509 0.3000000119
214634  35.385  -49.948  -19.834 0.5000000000
214670  35.404  -43.853  -22.172 0.4000000060
214737  38.223  -53.969  -14.936 0.3000000119
215099  35.649  -49.562  -20.842 0.6000000238
215553  44.890  -37.950  -31.069 0.6000000238
215641  40.527  -45.346  -17.667 0.3000000119
215706  35.381  -48.716  -19.302 0.6000000238
215823  34.038  -48.846  -27.055 0.4000000060
216302  38.315  -53.010  -24.629 0.6999999881
216416  34.982  -44.932  -20.140 0.5000000000
216482  39.410  -59.353  -14.879 0.3000000119
216584  36.382  -60.046  -19.591 0.5000000000
217148  41.144  -61.079  -13.914 0.3000000119
217156  37.729  -59.915  -24.219 0.4000000060
217222  36.203  -57.041  -19.875 0.6000000238
217770  39.405  -38.696  -27.928 0.5000000000
217936  38.231  -58.327  -18.373 0.4000000060
218655  35.468  -52.825  -20.058 0.5000000000
218738  41.513  -65.830  -19.106 0.3000000119
218774  41.022  -45.692  -17.479 0.3000000119
218936  38.289  -56.721  -18.291 0.4000000060
219008  38.715  -60.751  -16.851 0.4000000060
219045  40.083  -46.871  -13.936 0.3000000119
219502  35.056  -44.112  -20.084 0.5000000000
219586  39.606  -45.146  -16.028 0.3000000119
219913  37.580  -55.150  -18.042 0.6000000238
220077  35.611  -47.787  -17.812 0.4000000060
220204  36.923  -45.328  -30.146 0.6999999881
220279  35.062  -46.444  -19.168 0.5000000000
220352  39.586  -57.679  -18.833 0.4000000060
220620  35.845  -50.349  -21.639 0.6000000238
220635  43.037  -57.906  -21.429 0.4000000060
220656  38.512  -38.630  -25.253 0.5000000000
221106  35.682  -45.628  -16.196 0.4000000060
221107  34.997  -43.824  -29.184 0.5000000000
221195  37.382  -59.657  -23.509 0.4000000060
221484  45.639  -60.735  -19.508 0.4000000060
221550  37.681  -43.184  -26.771 0.6000000238
221593  38.251  -43.213  -27.695 0.6000000238
221716  36.140  -40.685  -22.394 0.5000000000
221737  35.280  -44.950  -21.312 0.5000000000
222086  35.567  -43.199  -22.199 0.4000000060
222426  42.717  -60.295  -19.000 0.4000000060
222506  44.754  -60.930  -19.544 0.4000000060
222830  36.680  -54.231  -22.640 0.6999999881
222932  37.959  -47.999  -13.161 0.4000000060
222986  38.132  -57.278  -23.654 0.6000000238
223242  37.203  -51.922  -14.738 0.3000000119
223971  35.999  -41.133  -22.089 0.5000000000
224128  36.365  -49.639  -17.779 0.4000000060
224896  36.420  -50.615  -18.027 0.4000000060
225002  39.354  -52.607  -11.266 0.3000000119
225095  37.004  -48.792  -29.228 0.6999999881
225326  37.771  -54.261  -23.520 0.6000000238
225346  36.893  -40.726  -30.703 0.4000000060
225413  40.048  -55.550  -25.707 0.6999999881
225525  36.726  -50.266  -22.787 0.6999999881
225708  37.245  -58.006  -22.962 0.6999999881
226472  35.717  -42.729  -23.525 0.4000000060
227390  36.226  -60.571  -21.887 0.5000000000
227552  42.389  -65.781  -22.977 0.3000000119
227618  40.518  -57.347  -12.908 0.3000000119
227948  36.289  -55.791  -21.685 0.6000000238
228668  40.318  -59.262  -19.755 0.3000000119
228737  38.374  -45.189  -15.110 0.4000000060
229113  40.745  -42.194  -30.732 0.6000000238
229128  37.224  -48.992  -13.289 0.4000000060
229165  37.572  -48.189  -29.286 0.6999999881
229326  37.858  -45.660  -30.170 0.6999999881
229581  34.838  -43.913  -28.984 0.5000000000
229837  35.683  -42.589  -22.985 0.4000000060
229933  43.479  -59.080  -22.202 0.4000000060
230246  38.114  -49.585  -26.476 0.6999999881
230350  36.966  -49.462  -13.662 0.4000000060
230711  35.267  -46.847  -18.672 0.5000000000
230765  35.683  -42.479  -22.301 0.4000000060
231032  34.105  -44.392  -26.234 0.5000000000
231167  34.125  -44.910  -26.627 0.5000000000
231217  35.672  -65.814  -15.567 0.3000000119
231381  46.584  -61.230  -20.962 0.4000000060
231426  38.822  -42.550  -29.040 0.6000000238
231566  36.331  -58.717  -20.813 0.5000000000
231758  37.814  -47.761  -26.221 0.6000000238
231868  39.054  -41.676  -29.225 0.6000000238
232019  36.464  -41.753  -24.909 0.5000000000
232312  37.887  -40.593  -31.409 0.5000000000
232496  41.961  -61.834  -14.447 0.3000000119
232549  35.351  -50.475  -19.992 0.5000000000
232664  43.032  -64.467  -23.682 0.4000000060
232712  37.753  -45.887  -26.304 0.6000000238
232855  40.938  -43.704  -31.473 0.6000000238
232996  35.633  -53.676  -19.724 0.5000000000
233115  33.657  -47.233  -25.833 0.4000000060
233177  35.888  -61.681  -20.929 0.4000000060
233318  38.763  -57.021  -25.872 0.6000000238
233349  35.551  -49.698  -28.810 0.5000000000
233391  43.344  -38.118  -29.714 0.6000000238
233459  39.444  -46.614  -13.960 0.3000000119
233681  40.969  -65.820  -18.586 0.4000000060
233709  38.941  -51.281  -28.872 0.5000000000
234185  38.348  -55.931  -23.946 0.5000000000
234543  36.628  -56.973  -18.714 0.4000000060
234648  38.450  -38.812  -24.554 0.5000000000
234883  38.617  -45.591  -28.363 0.6000000238
234920  33.002  -48.298  -25.924 0.5000000000
235083  37.128  -62.837  -20.178 0.4000000060
235186  39.394  -54.224  -18.940 0.3000000119
235508  43.706  -61.427  -22.430 0.4000000060
235536  38.613  -51.515  -11.615 0.3000000119
235710  35.690  -42.589  -19.698 0.5000000000
236077  34.844  -45.571  -28.548 0.5000000000
236160  38.020  -45.988  -26.922 0.6000000238
236247  43.844  -63.232  -23.141 0.4000000060
236375  38.586  -45.202  -28.913 0.6000000238
236680  36.877  -43.257  -31.383 0.6000000238
236692  36.231  -46.735  -29.788 0.6000000238
236808  41.709  -37.873  -28.140 0.5000000000
236934  42.579  -64.188  -25.155 0.4000000060
237355  43.407  -40.807  -33.980 0.5000000000
237454  44.616  -59.671  -15.482 0.3000000119
237523  37.106  -52.538  -14.346 0.3000000119
237669  35.724  -51.760  -26.950 0.5000000000
237921  38.856  -54.321  -10.763 0.3000000119
240754  35.186  -45.010  -18.896 0.5000000000
240809  36.813  -59.296  -19.009 0.4000000060
240936  40.414  -41.355  -30.462 0.6000000238
241229  36.572  -46.676  -24.436 0.6999999881
241314  38.677  -48.304  -27.838 0.6000000238
241327  36.267  -50.148  -17.986 0.6000000238
241671  40.486  -39.227  -25.128 0.5000000000
241693  37.058  -52.411  -13.059 0.3000000119
241843  43.511  -41.613  -33.303 0.5000000000
241988  44.531  -38.106  -31.410 0.6999999881
242082  46.379  -61.552  -19.596 0.4000000060
242577  39.356  -64.839  -25.068 0.4000000060
242737  42.201  -62.177  -22.873 0.4000000060
242924  40.548  -60.876  -17.899 0.4000000060
243140  38.268  -46.306  -27.516 0.5000000000
243189  35.869  -61.063  -21.175 0.5000000000
243455  38.087  -62.495  -19.927 0.4000000060
243795  34.168  -43.183  -27.033 0.4000000060
243978  36.469  -47.932  -23.275 0.6999999881
244128  35.539  -47.405  -21.501 0.6000000238
244143  36.262  -45.619  -15.219 0.4000000060
244255  38.964  -50.984  -11.634 0.3000000119
244622  37.148  -48.003  -25.193 0.5000000000
244676  40.256  -53.990  -26.586 0.8000000119
244710  33.692  -45.610  -25.832 0.5000000000
244859  37.613  -50.439  -15.563 0.4000000060
245394  37.680  -62.229  -16.604 0.3000000119
245673  37.079  -50.597  -17.858 0.4000000060
245688  40.926  -61.270  -13.723 0.3000000119
245765  41.431  -38.840  -29.800 0.6999999881
245902  40.924  -58.383  -17.284 0.3000000119
246540  42.345  -59.269  -21.629 0.4000000060
247053  34.826  -64.627  -14.778 0.3000000119
247087  41.047  -37.880  -28.124 0.6000000238
247531  36.145  -44.277  -24.481 0.4000000060
247542  35.218  -46.508  -29.101 0.6000000238
247570  41.285  -56.588  -19.846 0.4000000060
247703  38.823  -59.620  -14.729 0.3000000119
247962  35.492  -62.024  -22.737 0.4000000060
248071  36.289  -47.596  -14.908 0.4000000060
248289  35.602  -43.450  -18.834 0.5000000000
248329  38.293  -58.752  -26.334 0.6000000238
248407  37.995  -43.383  -27.212 0.6000000238
248416  36.464  -63.179  -15.871 0.3000000119
248455  35.049  -47.049  -20.258 0.5000000000
248639  38.671  -64.574  -21.999 0.5000000000
248870  39.542  -52.025  -11.367 0.3000000119
248901  37.867  -54.422  -11.928 0.3000000119
249390  46.024  -61.552  -21.388 0.4000000060
249615  36.960  -42.361  -25.594 0.5000000000
249619  36.112  -62.116  -14.991 0.3000000119
250040  38.011  -46.466  -26.775 0.5000000000
250507  37.257  -52.842  -18.355 0.4000000060
250887  36.984  -45.745  -25.598 0.5000000000
251028  39.531  -56.254  -18.810 0.4000000060
251369  39.989  -62.242  -20.827 0.3000000119
251623  37.957  -48.756  -12.661 0.3000000119
251640  41.992  -58.148  -21.007 0.4000000060
251703  41.796  -64.698  -25.749 0.4000000060
251754  35.354  -46.169  -21.211 0.5000000000
252097  37.094  -50.669  -13.092 0.3000000119
252109  44.196  -59.856  -22.278 0.3000000119
252207  39.954  -57.115  -11.763 0.3000000119
252778  38.684  -48.083  -28.261 0.6000000238
252798  45.699  -38.023  -31.679 0.5000000000
252852  35.536  -42.941  -21.262 0.5000000000
252952  35.151  -45.347  -18.513 0.5000000000
253120  36.199  -61.511  -19.950 0.5000000000
253265  36.321  -40.301  -23.196 0.5000000000
253276  39.560  -64.689  -25.652 0.3000000119
253373  35.921  -63.327  -21.154 0.5000000000
253493  39.536  -55.912  -26.469 0.6000000238
253495  47.068  -60.048  -20.814 0.4000000060
254004  39.175  -38.759  -27.538 0.6000000238
254120  35.838  -41.836  -23.784 0.3000000119
254223  42.667  -61.616  -19.106 0.4000000060
254327  40.421  -53.637  -27.407 0.6999999881
254494  43.502  -62.100  -22.751 0.4000000060
254582  35.625  -51.131  -21.112 0.6000000238
254623  43.009  -62.118  -15.234 0.3000000119
254766  42.720  -64.532  -24.908 0.4000000060
255013  39.577  -56.297  -10.541 0.3000000119
255248  41.800  -59.116  -21.265 0.4000000060
255334  44.697  -39.984  -33.372 0.5000000000
255761  37.869  -43.618  -31.151 0.6999999881
255794  42.073  -37.880  -28.460 0.6000000238
255820  37.212  -56.100  -23.059 0.6999999881
