#!ascii label  , from subject sub-v2s11x28690_ses-1 vox2ras=TkReg
232
238941  33.414  0.611  -33.756 0.0000000000
105201  29.109  -6.738  -36.221 0.0000000000
211036  34.870  4.146  -36.012 0.0000000000
129718  31.994  7.784  -42.444 0.0000000000
102278  27.314  -8.474  -37.710 0.0000000000
125725  35.477  5.341  -37.793 0.0000000000
221776  34.984  5.956  -39.597 0.0000000000
115293  30.860  -1.052  -37.392 0.0000000000
112706  30.297  -3.116  -36.633 0.0000000000
211709  32.514  -1.338  -34.136 0.0000000000
238964  35.385  2.531  -34.609 0.0000000000
239355  35.074  0.657  -32.923 0.0000000000
212768  33.972  2.411  -34.410 0.0000000000
250298  35.799  3.824  -36.019 0.0000000000
220628  33.069  4.655  -42.031 0.0000000000
231144  34.654  5.924  -41.805 0.0000000000
225363  30.560  -5.310  -35.068 0.0000000000
239205  33.948  5.300  -39.135 0.0000000000
125740  33.972  5.132  -39.994 0.0000000000
210999  31.911  -0.907  -35.881 0.0000000000
211002  31.874  -1.250  -35.230 0.0000000000
238661  32.770  -0.619  -34.202 0.0000000000
243034  28.231  -7.691  -36.666 0.0000000000
239359  33.992  3.011  -35.108 0.0000000000
211530  34.970  3.016  -34.995 0.0000000000
123069  34.934  3.905  -35.650 0.0000000000
127056  35.661  5.851  -38.312 0.0000000000
125717  35.873  4.995  -37.354 0.0000000000
129719  31.115  7.826  -41.990 0.0000000000
127103  32.034  4.957  -41.697 0.0000000000
128386  32.877  6.491  -42.732 0.0000000000
129732  34.007  8.271  -43.653 0.0000000000
127122  34.767  6.192  -44.528 0.0000000000
219102  34.461  5.863  -43.079 0.0000000000
127111  35.208  5.526  -43.419 0.0000000000
127090  35.351  6.144  -41.497 0.0000000000
211693  31.136  -3.411  -35.149 0.0000000000
246910  30.427  -3.958  -35.759 0.0000000000
100773  26.391  -9.031  -37.469 0.0000000000
125710  35.140  4.465  -36.649 0.0000000000
212140  34.957  5.163  -37.668 0.0000000000
127057  35.010  5.625  -38.319 0.0000000000
214664  35.514  6.104  -39.285 0.0000000000
244901  29.684  -2.689  -38.655 0.0000000000
114004  30.395  -1.893  -37.414 0.0000000000
212200  31.488  -2.340  -35.218 0.0000000000
238658  32.603  -2.489  -33.588 0.0000000000
238503  34.404  1.627  -33.732 0.0000000000
211411  33.997  0.842  -33.411 0.0000000000
240093  35.115  1.533  -33.717 0.0000000000
211768  32.537  0.555  -35.041 0.0000000000
253698  33.030  1.389  -34.773 0.0000000000
211964  33.867  1.859  -34.128 0.0000000000
239145  34.605  2.580  -34.417 0.0000000000
211705  35.626  2.966  -35.286 0.0000000000
248342  36.326  3.613  -36.305 0.0000000000
124413  35.632  4.545  -36.810 0.0000000000
243806  36.013  4.166  -36.475 0.0000000000
125753  33.529  4.566  -41.734 0.0000000000
128398  33.001  7.281  -43.189 0.0000000000
127113  33.688  6.536  -43.198 0.0000000000
127100  34.242  5.415  -42.511 0.0000000000
125752  34.030  5.598  -41.465 0.0000000000
127092  34.423  5.665  -40.669 0.0000000000
128380  35.290  6.213  -40.728 0.0000000000
108315  28.862  -5.571  -37.650 0.0000000000
111411  29.278  -3.923  -37.660 0.0000000000
211015  33.852  -0.555  -33.026 0.0000000000
212236  34.049  -1.124  -32.555 0.0000000000
238207  33.313  4.434  -40.681 0.0000000000
212193  32.471  -0.262  -34.855 0.0000000000
254381  32.240  -0.671  -35.281 0.0000000000
211009  32.890  0.170  -34.325 0.0000000000
99237  26.163  -10.723  -37.261 0.0000000000
99236  26.785  -10.441  -36.902 0.0000000000
103732  28.659  -7.247  -36.417 0.0000000000
212040  34.138  3.737  -35.635 0.0000000000
127063  35.851  6.116  -38.818 0.0000000000
127055  36.308  5.938  -38.375 0.0000000000
128388  31.170  7.038  -41.918 0.0000000000
127104  31.839  6.098  -41.807 0.0000000000
128387  32.182  7.106  -42.227 0.0000000000
127110  35.727  5.825  -42.875 0.0000000000
210997  32.069  -3.461  -34.279 0.0000000000
212328  31.570  -3.886  -34.660 0.0000000000
105235  27.298  -6.897  -38.956 0.0000000000
211038  34.276  4.839  -37.677 0.0000000000
127072  34.432  5.522  -39.518 0.0000000000
125733  34.618  5.694  -38.919 0.0000000000
127064  35.242  5.929  -38.856 0.0000000000
130984  31.962  8.691  -42.363 0.0000000000
112723  30.006  -2.040  -38.213 0.0000000000
114012  30.365  -1.317  -38.088 0.0000000000
239149  32.047  -1.556  -34.623 0.0000000000
239206  31.302  -2.020  -35.798 0.0000000000
211922  31.872  -2.265  -34.645 0.0000000000
239177  32.329  -2.043  -34.164 0.0000000000
100772  27.124  -9.076  -37.546 0.0000000000
100753  27.310  -9.400  -36.820 0.0000000000
211935  34.893  2.072  -34.090 0.0000000000
120405  35.629  1.927  -34.124 0.0000000000
214197  31.674  -0.054  -36.094 0.0000000000
211665  33.427  2.075  -34.616 0.0000000000
239332  33.357  1.557  -34.420 0.0000000000
211023  34.334  2.150  -34.098 0.0000000000
238830  35.356  3.639  -35.503 0.0000000000
123068  36.004  3.364  -35.761 0.0000000000
125718  35.309  4.912  -37.198 0.0000000000
124412  36.245  4.520  -37.049 0.0000000000
123084  36.641  3.942  -36.826 0.0000000000
125764  32.120  3.974  -41.740 0.0000000000
125754  32.974  3.881  -41.720 0.0000000000
125763  33.644  4.856  -42.310 0.0000000000
129727  33.855  7.931  -43.783 0.0000000000
129728  33.901  8.485  -43.328 0.0000000000
250077  33.356  7.050  -43.747 0.0000000000
128397  33.703  7.016  -43.796 0.0000000000
218471  34.766  5.835  -42.753 0.0000000000
251943  33.842  4.983  -42.177 0.0000000000
127091  34.764  5.974  -41.026 0.0000000000
214015  35.923  6.348  -41.638 0.0000000000
128379  35.842  6.369  -41.041 0.0000000000
128372  35.739  6.325  -40.394 0.0000000000
106749  28.157  -5.912  -38.925 0.0000000000
112714  29.919  -2.655  -37.471 0.0000000000
245823  29.385  -3.244  -38.077 0.0000000000
111410  29.597  -3.392  -37.052 0.0000000000
109907  30.382  -4.688  -35.400 0.0000000000
109908  29.816  -4.379  -35.990 0.0000000000
108281  29.804  -5.186  -35.726 0.0000000000
108282  29.343  -5.662  -36.198 0.0000000000
211329  34.513  0.638  -33.051 0.0000000000
238583  33.939  0.268  -33.248 0.0000000000
238408  34.359  0.061  -32.756 0.0000000000
238490  34.019  4.951  -38.583 0.0000000000
127083  34.537  5.457  -40.118 0.0000000000
211006  31.597  -0.626  -36.399 0.0000000000
212027  31.338  -1.202  -36.660 0.0000000000
211005  31.503  -1.324  -35.914 0.0000000000
211732  32.367  -0.965  -34.746 0.0000000000
103733  27.747  -7.912  -37.278 0.0000000000
246567  28.456  -8.501  -35.985 0.0000000000
102244  28.042  -8.252  -36.548 0.0000000000
102225  29.291  -8.629  -35.153 0.0000000000
239255  35.945  2.539  -35.155 0.0000000000
211026  36.120  2.169  -34.702 0.0000000000
211019  33.390  2.646  -34.988 0.0000000000
211721  34.231  2.882  -34.832 0.0000000000
239160  34.643  3.372  -35.298 0.0000000000
123078  35.370  4.137  -36.141 0.0000000000
125724  36.122  5.447  -37.937 0.0000000000
255159  32.760  5.531  -42.154 0.0000000000
128418  34.094  7.565  -44.386 0.0000000000
128405  34.185  7.453  -44.020 0.0000000000
127099  35.224  5.980  -42.310 0.0000000000
128385  35.752  6.184  -42.151 0.0000000000
227893  30.840  -3.533  -35.696 0.0000000000
111398  30.027  -3.723  -36.342 0.0000000000
109897  30.985  -4.137  -35.207 0.0000000000
109896  31.326  -4.487  -34.707 0.0000000000
100774  25.774  -9.346  -37.796 0.0000000000
102295  25.818  -8.369  -38.771 0.0000000000
103747  27.237  -7.896  -38.251 0.0000000000
105222  27.613  -7.158  -37.710 0.0000000000
105221  28.146  -6.563  -37.451 0.0000000000
124414  34.758  4.417  -36.535 0.0000000000
211920  34.835  4.723  -37.089 0.0000000000
239094  34.429  5.362  -38.361 0.0000000000
127071  36.000  6.240  -39.394 0.0000000000
130976  30.953  8.310  -42.046 0.0000000000
130975  31.884  8.214  -42.436 0.0000000000
112713  30.673  -2.527  -36.825 0.0000000000
211817  31.133  -1.724  -36.238 0.0000000000
239261  31.061  -2.339  -36.301 0.0000000000
112705  30.850  -2.985  -36.167 0.0000000000
239088  31.231  -2.882  -35.237 0.0000000000
211608  31.618  -3.004  -34.748 0.0000000000
211004  32.525  -3.321  -33.872 0.0000000000
211609  33.741  1.272  -33.851 0.0000000000
240094  34.312  1.126  -33.439 0.0000000000
238582  34.797  1.131  -33.308 0.0000000000
238409  35.408  1.103  -33.281 0.0000000000
246092  35.754  1.446  -33.727 0.0000000000
211814  36.181  0.963  -33.518 0.0000000000
239067  32.124  0.077  -35.581 0.0000000000
212168  33.078  0.971  -34.491 0.0000000000
211830  36.230  2.759  -35.627 0.0000000000
129725  32.599  8.106  -42.824 0.0000000000
129724  32.914  7.979  -43.148 0.0000000000
129717  32.650  7.651  -42.781 0.0000000000
127102  33.449  5.464  -42.737 0.0000000000
227146  34.186  6.229  -43.397 0.0000000000
127101  34.077  5.660  -42.859 0.0000000000
125746  33.896  5.231  -40.751 0.0000000000
127082  34.896  5.944  -40.355 0.0000000000
128373  35.269  6.187  -40.162 0.0000000000
128363  35.580  6.234  -39.797 0.0000000000
106731  28.386  -6.024  -37.986 0.0000000000
106712  28.612  -6.009  -37.146 0.0000000000
109951  29.117  -4.405  -38.266 0.0000000000
109919  29.504  -4.140  -36.768 0.0000000000
109932  29.209  -4.615  -37.397 0.0000000000
108314  29.023  -5.059  -38.017 0.0000000000
216725  29.093  -5.173  -37.292 0.0000000000
106711  29.004  -6.126  -36.517 0.0000000000
211978  33.263  -0.172  -33.622 0.0000000000
239148  33.042  -1.056  -33.484 0.0000000000
211995  34.488  -0.460  -32.469 0.0000000000
240937  33.533  -1.285  -32.953 0.0000000000
239335  32.706  -1.772  -33.716 0.0000000000
211738  33.119  -1.840  -33.224 0.0000000000
99258  25.522  -10.319  -37.792 0.0000000000
100754  26.393  -9.927  -37.393 0.0000000000
102261  27.561  -8.703  -37.058 0.0000000000
103710  29.070  -8.207  -35.726 0.0000000000
105202  28.547  -6.594  -36.719 0.0000000000
105203  28.135  -7.183  -37.011 0.0000000000
106669  31.031  -5.535  -34.690 0.0000000000
108295  29.047  -5.578  -36.885 0.0000000000
109969  29.097  -4.214  -39.064 0.0000000000
111397  30.579  -3.481  -36.151 0.0000000000
128406  33.915  7.733  -43.057 0.0000000000
210996  32.803  -3.061  -33.352 0.0000000000
210998  31.654  -1.858  -35.058 0.0000000000
211001  31.166  -2.612  -35.733 0.0000000000
211874  30.939  -1.860  -36.795 0.0000000000
211945  32.201  -2.770  -34.236 0.0000000000
215374  27.412  -7.247  -38.494 0.0000000000
239196  31.016  -3.088  -35.576 0.0000000000
241073  32.379  -3.739  -34.063 0.0000000000
246448  31.555  -1.743  -35.416 0.0000000000
251750  30.205  -5.192  -35.335 0.0000000000
