#!ascii label  , from subject sub-v2s11x28691_ses-1 vox2ras=TkReg
994
73860  -35.251  -34.055  36.823 0.0000000000
70071  -25.399  -36.274  39.564 0.0000000000
195501  -29.251  -34.939  38.581 0.0000000000
101850  -45.763  -15.459  29.021 0.0000000000
106922  -50.644  -12.999  26.200 0.0000000000
65793  -24.117  -39.817  44.148 0.0000000000
96982  -43.355  -18.540  30.442 0.0000000000
77569  -36.641  -31.636  36.805 0.0000000000
71342  -32.348  -35.543  37.099 0.0000000000
66865  -24.581  -38.689  41.230 0.0000000000
60376  -28.765  -43.287  42.307 0.0000000000
77584  -31.474  -31.981  35.580 0.0000000000
210921  -32.190  -29.611  34.584 0.0000000000
75086  -27.163  -32.880  40.512 0.0000000000
221764  -29.910  -32.179  37.042 0.0000000000
85816  -39.910  -25.836  29.278 0.0000000000
91228  -42.394  -22.883  28.948 0.0000000000
92534  -45.142  -22.211  27.322 0.0000000000
60328  -25.788  -43.131  46.184 0.0000000000
59032  -25.267  -44.207  49.043 0.0000000000
83435  -34.049  -27.342  34.618 0.0000000000
83475  -35.069  -27.321  32.577 0.0000000000
84663  -37.564  -27.182  30.185 0.0000000000
61470  -27.150  -42.715  43.581 0.0000000000
65872  -28.512  -39.398  40.405 0.0000000000
68916  -27.951  -37.538  40.849 0.0000000000
72607  -33.416  -34.859  36.465 0.0000000000
73798  -23.606  -33.828  40.507 0.0000000000
67891  -24.856  -37.660  40.394 0.0000000000
64707  -27.163  -39.951  40.754 0.0000000000
78747  -31.371  -30.940  37.186 0.0000000000
77566  -30.698  -31.848  36.392 0.0000000000
91213  -40.022  -22.778  30.209 0.0000000000
228260  -41.392  -24.374  29.633 0.0000000000
93643  -40.944  -21.466  29.774 0.0000000000
95885  -43.286  -19.355  28.058 0.0000000000
98148  -44.666  -18.557  27.907 0.0000000000
93684  -46.518  -21.117  27.543 0.0000000000
193151  -46.197  -17.747  28.057 0.0000000000
216272  -47.622  -16.377  27.961 0.0000000000
84568  -31.443  -26.608  36.569 0.0000000000
82304  -33.080  -28.039  34.773 0.0000000000
85734  -32.314  -25.952  35.296 0.0000000000
87036  -34.466  -25.090  33.004 0.0000000000
85762  -35.701  -25.753  32.117 0.0000000000
227275  -36.240  -27.822  31.017 0.0000000000
85771  -37.024  -25.959  31.390 0.0000000000
87066  -37.947  -25.431  31.018 0.0000000000
193784  -28.102  -33.435  39.773 0.0000000000
63563  -28.366  -41.448  45.056 0.0000000000
63574  -27.510  -41.252  44.132 0.0000000000
56431  -23.726  -46.091  49.742 0.0000000000
56412  -23.566  -46.078  51.738 0.0000000000
95840  -42.386  -19.748  30.609 0.0000000000
79907  -36.705  -29.870  37.165 0.0000000000
71320  -29.941  -35.353  37.754 0.0000000000
65814  -24.206  -39.614  42.868 0.0000000000
193576  -26.645  -41.112  43.062 0.0000000000
64684  -26.658  -40.752  41.682 0.0000000000
106946  -52.540  -12.276  25.342 0.0000000000
75176  -33.458  -33.480  35.138 0.0000000000
76426  -34.073  -32.270  34.804 0.0000000000
79951  -31.618  -30.155  35.270 0.0000000000
73815  -24.855  -33.597  39.164 0.0000000000
71304  -26.448  -35.028  39.295 0.0000000000
76340  -26.083  -32.567  38.860 0.0000000000
76342  -27.150  -32.028  38.931 0.0000000000
76355  -28.238  -32.235  38.178 0.0000000000
78721  -29.162  -31.111  37.862 0.0000000000
203616  -29.201  -33.504  37.170 0.0000000000
72627  -30.219  -34.211  36.358 0.0000000000
73892  -31.709  -33.822  35.540 0.0000000000
81246  -40.680  -28.987  29.961 0.0000000000
94756  -42.394  -20.655  28.457 0.0000000000
91267  -43.244  -22.262  27.900 0.0000000000
100645  -48.586  -15.931  27.784 0.0000000000
60309  -25.331  -43.703  47.726 0.0000000000
222649  -23.592  -46.203  47.855 0.0000000000
78805  -34.266  -30.617  34.495 0.0000000000
81109  -35.088  -29.050  35.545 0.0000000000
81132  -35.449  -28.263  35.555 0.0000000000
88462  -33.227  -24.871  34.239 0.0000000000
83449  -34.315  -27.112  33.863 0.0000000000
200924  -36.249  -28.588  34.731 0.0000000000
79997  -37.506  -29.932  33.215 0.0000000000
78867  -38.371  -30.437  32.102 0.0000000000
80073  -39.117  -29.959  30.383 0.0000000000
84664  -38.739  -26.985  29.643 0.0000000000
88519  -38.754  -24.304  30.727 0.0000000000
71275  -27.648  -35.102  41.244 0.0000000000
62492  -28.576  -42.053  45.876 0.0000000000
61451  -26.138  -42.796  44.900 0.0000000000
61482  -28.114  -42.237  42.903 0.0000000000
56396  -22.728  -45.882  54.830 0.0000000000
68913  -26.289  -37.583  40.267 0.0000000000
67895  -28.394  -38.302  40.546 0.0000000000
68927  -26.557  -36.928  40.175 0.0000000000
72633  -34.645  -34.388  36.627 0.0000000000
198257  -24.616  -35.280  39.557 0.0000000000
71273  -24.170  -35.749  39.994 0.0000000000
68925  -24.884  -36.652  39.821 0.0000000000
67893  -26.060  -38.135  40.338 0.0000000000
92470  -40.034  -21.873  30.633 0.0000000000
92488  -40.290  -22.231  30.217 0.0000000000
94715  -40.670  -20.932  30.159 0.0000000000
100591  -44.781  -16.076  29.668 0.0000000000
98135  -44.537  -17.968  28.275 0.0000000000
99338  -45.304  -16.799  28.503 0.0000000000
98150  -45.751  -18.127  27.887 0.0000000000
100624  -45.755  -16.357  28.368 0.0000000000
220576  -46.139  -15.905  28.174 0.0000000000
85726  -31.697  -26.187  36.148 0.0000000000
88481  -35.579  -24.607  32.993 0.0000000000
85770  -36.312  -25.971  31.677 0.0000000000
87049  -37.265  -25.285  32.119 0.0000000000
87050  -37.944  -25.159  32.048 0.0000000000
72576  -28.490  -34.073  39.779 0.0000000000
72558  -28.581  -34.410  40.346 0.0000000000
72577  -28.982  -34.733  39.388 0.0000000000
63562  -26.148  -41.134  45.194 0.0000000000
63584  -25.701  -41.008  43.929 0.0000000000
104410  -50.004  -13.947  26.567 0.0000000000
217444  -23.659  -45.917  51.099 0.0000000000
76357  -37.296  -32.331  37.981 0.0000000000
78748  -36.794  -30.733  37.088 0.0000000000
71340  -30.865  -35.484  36.893 0.0000000000
70103  -31.981  -36.039  38.194 0.0000000000
190039  -23.548  -36.420  41.426 0.0000000000
228694  -23.030  -36.120  42.595 0.0000000000
68868  -22.949  -37.488  42.990 0.0000000000
66848  -24.134  -38.904  41.862 0.0000000000
64682  -25.307  -40.312  42.141 0.0000000000
64692  -25.504  -39.940  41.540 0.0000000000
215502  -29.923  -41.242  41.152 0.0000000000
63619  -28.776  -40.882  41.556 0.0000000000
75197  -32.432  -32.668  35.020 0.0000000000
76423  -32.272  -32.027  34.866 0.0000000000
198511  -31.624  -31.396  35.429 0.0000000000
77503  -24.630  -31.746  39.216 0.0000000000
199628  -25.367  -32.989  38.908 0.0000000000
77513  -25.287  -31.752  38.940 0.0000000000
78695  -26.947  -30.686  38.956 0.0000000000
198802  -27.391  -31.011  38.828 0.0000000000
76343  -27.679  -32.053  38.692 0.0000000000
78696  -28.003  -30.922  38.556 0.0000000000
78744  -29.925  -31.106  37.535 0.0000000000
77545  -29.421  -31.782  37.421 0.0000000000
76356  -28.818  -32.463  37.552 0.0000000000
76370  -29.385  -32.483  37.178 0.0000000000
73859  -29.643  -33.864  36.683 0.0000000000
75136  -29.714  -32.990  36.778 0.0000000000
77583  -30.967  -32.039  35.885 0.0000000000
75173  -31.229  -33.504  35.664 0.0000000000
75174  -31.914  -33.177  35.392 0.0000000000
73893  -32.355  -33.808  35.405 0.0000000000
84681  -40.001  -26.868  29.272 0.0000000000
82390  -41.256  -28.471  29.875 0.0000000000
84682  -40.679  -26.680  29.274 0.0000000000
195972  -41.865  -24.279  29.720 0.0000000000
87099  -41.931  -24.931  29.620 0.0000000000
204109  -42.667  -19.535  30.175 0.0000000000
94728  -41.546  -20.167  29.629 0.0000000000
95869  -42.637  -19.561  28.843 0.0000000000
93680  -43.919  -20.853  27.183 0.0000000000
93679  -43.205  -21.120  27.505 0.0000000000
92533  -44.086  -21.996  27.361 0.0000000000
89951  -44.428  -23.381  27.847 0.0000000000
100644  -47.904  -15.903  27.801 0.0000000000
192849  -48.012  -14.890  27.506 0.0000000000
103194  -49.031  -14.459  27.140 0.0000000000
60321  -26.870  -43.079  47.030 0.0000000000
60310  -26.194  -43.528  47.540 0.0000000000
60319  -25.323  -43.457  46.673 0.0000000000
56444  -23.569  -45.820  47.334 0.0000000000
54045  -23.868  -47.327  48.445 0.0000000000
78804  -32.945  -30.776  34.290 0.0000000000
77602  -34.104  -31.414  34.503 0.0000000000
79973  -33.371  -30.031  34.138 0.0000000000
83434  -33.362  -27.437  34.693 0.0000000000
200403  -34.229  -28.491  35.091 0.0000000000
191888  -34.629  -28.064  35.293 0.0000000000
200479  -35.256  -28.373  35.611 0.0000000000
83436  -34.620  -27.769  35.050 0.0000000000
88449  -33.720  -24.311  34.780 0.0000000000
85760  -34.721  -26.108  32.647 0.0000000000
84609  -34.487  -26.649  33.143 0.0000000000
83463  -34.740  -27.267  33.160 0.0000000000
82323  -35.322  -27.983  33.959 0.0000000000
212703  -35.543  -28.300  33.161 0.0000000000
81153  -36.475  -29.122  33.745 0.0000000000
81188  -35.861  -28.735  32.795 0.0000000000
83488  -36.707  -27.459  30.787 0.0000000000
81207  -37.011  -29.358  31.350 0.0000000000
80058  -37.792  -29.402  30.710 0.0000000000
80060  -38.633  -30.157  30.915 0.0000000000
81243  -38.194  -29.132  30.208 0.0000000000
82404  -38.914  -28.165  29.702 0.0000000000
202285  -38.088  -27.065  29.913 0.0000000000
223812  -38.541  -24.537  31.841 0.0000000000
88518  -38.351  -24.820  30.885 0.0000000000
227132  -38.761  -23.427  31.380 0.0000000000
73816  -27.057  -33.321  39.956 0.0000000000
71274  -27.368  -35.171  40.493 0.0000000000
72542  -27.711  -34.365  40.940 0.0000000000
62508  -28.585  -41.630  44.783 0.0000000000
62499  -28.541  -41.829  45.054 0.0000000000
61460  -26.885  -42.666  44.266 0.0000000000
62524  -28.407  -41.770  42.749 0.0000000000
196791  -28.037  -41.538  43.224 0.0000000000
189281  -28.198  -43.100  42.675 0.0000000000
63621  -30.292  -41.143  40.805 0.0000000000
64712  -30.722  -40.244  40.436 0.0000000000
66894  -30.809  -39.138  40.495 0.0000000000
212187  -30.102  -37.980  40.947 0.0000000000
71363  -32.752  -35.183  36.720 0.0000000000
71324  -32.868  -35.816  37.928 0.0000000000
73787  -23.491  -34.272  41.058 0.0000000000
70038  -23.667  -35.949  41.043 0.0000000000
67876  -24.901  -38.226  40.768 0.0000000000
65850  -25.907  -39.656  41.011 0.0000000000
66887  -25.798  -38.544  40.506 0.0000000000
64709  -28.572  -39.923  40.543 0.0000000000
78769  -31.351  -31.020  36.415 0.0000000000
222797  -31.492  -30.676  36.202 0.0000000000
78745  -30.736  -31.187  37.391 0.0000000000
77565  -30.309  -31.844  36.798 0.0000000000
78768  -31.066  -31.286  36.723 0.0000000000
88538  -39.613  -24.583  29.772 0.0000000000
206386  -40.752  -24.970  29.394 0.0000000000
89919  -40.390  -23.298  30.025 0.0000000000
89920  -40.939  -23.141  29.948 0.0000000000
91227  -41.789  -22.651  29.309 0.0000000000
97007  -43.031  -19.058  28.546 0.0000000000
98134  -43.768  -18.139  28.527 0.0000000000
97009  -44.077  -18.569  28.055 0.0000000000
95898  -44.877  -19.587  27.511 0.0000000000
93683  -45.856  -21.349  27.339 0.0000000000
95899  -45.561  -19.418  27.554 0.0000000000
97010  -46.563  -18.876  27.863 0.0000000000
98138  -46.797  -18.303  28.138 0.0000000000
100626  -47.036  -16.625  28.001 0.0000000000
103176  -47.111  -15.145  27.849 0.0000000000
60335  -24.408  -43.818  45.150 0.0000000000
59048  -23.944  -43.986  46.289 0.0000000000
59069  -23.750  -44.728  45.258 0.0000000000
83417  -31.583  -27.528  35.692 0.0000000000
82303  -32.291  -28.273  34.792 0.0000000000
84585  -31.863  -27.016  35.323 0.0000000000
192721  -32.162  -27.153  34.943 0.0000000000
84586  -32.890  -26.307  34.584 0.0000000000
223533  -34.855  -24.122  34.076 0.0000000000
194416  -35.135  -24.184  33.492 0.0000000000
87047  -35.118  -25.600  32.440 0.0000000000
85761  -35.152  -26.262  32.223 0.0000000000
82359  -35.686  -28.167  31.800 0.0000000000
198924  -36.027  -26.606  31.446 0.0000000000
85781  -36.558  -26.444  31.199 0.0000000000
85782  -37.180  -26.362  30.864 0.0000000000
84651  -37.702  -26.537  30.306 0.0000000000
85772  -37.500  -25.872  31.155 0.0000000000
73817  -27.599  -33.154  40.257 0.0000000000
73788  -27.968  -34.036  41.080 0.0000000000
72543  -28.070  -33.964  40.991 0.0000000000
63575  -28.273  -41.428  44.498 0.0000000000
62515  -28.407  -41.568  44.374 0.0000000000
57703  -23.736  -45.443  49.360 0.0000000000
59008  -25.178  -44.139  50.545 0.0000000000
57693  -24.228  -44.888  50.387 0.0000000000
58993  -24.046  -44.542  51.931 0.0000000000
58970  -23.672  -44.547  53.119 0.0000000000
79924  -37.050  -29.168  37.075 0.0000000000
215288  -29.473  -35.109  37.988 0.0000000000
71305  -29.462  -35.358  39.030 0.0000000000
207179  -22.876  -37.552  43.619 0.0000000000
65803  -24.109  -39.733  43.569 0.0000000000
64647  -25.132  -40.570  43.448 0.0000000000
64666  -25.076  -40.423  42.790 0.0000000000
63605  -26.632  -40.989  42.280 0.0000000000
63598  -28.545  -41.488  42.336 0.0000000000
64694  -26.868  -40.360  41.142 0.0000000000
220733  -28.847  -41.375  42.037 0.0000000000
61491  -29.147  -42.586  42.081 0.0000000000
106945  -51.847  -12.441  25.588 0.0000000000
221434  -34.393  -34.030  36.110 0.0000000000
73896  -34.588  -33.595  35.713 0.0000000000
75199  -33.735  -32.901  34.953 0.0000000000
77601  -32.564  -31.459  34.575 0.0000000000
79952  -31.875  -30.165  34.739 0.0000000000
81095  -31.404  -29.726  36.435 0.0000000000
208724  -31.416  -28.887  35.974 0.0000000000
82269  -31.387  -28.106  36.300 0.0000000000
83385  -31.319  -27.052  37.158 0.0000000000
220926  -25.184  -34.965  39.189 0.0000000000
71289  -26.142  -35.720  39.497 0.0000000000
72573  -25.636  -34.520  38.882 0.0000000000
73829  -26.154  -33.940  38.885 0.0000000000
75110  -26.790  -32.831  39.052 0.0000000000
78693  -25.722  -31.148  38.932 0.0000000000
76341  -26.712  -32.183  38.949 0.0000000000
75111  -27.180  -32.667  39.606 0.0000000000
209293  -27.396  -32.546  39.117 0.0000000000
190203  -27.869  -32.628  38.807 0.0000000000
73841  -28.210  -33.300  38.891 0.0000000000
223967  -28.738  -29.879  38.732 0.0000000000
78720  -28.526  -31.162  38.134 0.0000000000
75120  -28.437  -32.922  38.096 0.0000000000
190733  -28.812  -33.709  37.917 0.0000000000
72604  -29.296  -34.219  37.259 0.0000000000
72605  -29.826  -34.560  36.844 0.0000000000
71360  -30.995  -35.071  36.369 0.0000000000
75153  -30.291  -32.923  36.350 0.0000000000
73878  -30.677  -33.866  35.934 0.0000000000
72629  -31.414  -34.800  36.006 0.0000000000
72631  -32.853  -34.787  36.174 0.0000000000
72657  -33.313  -34.464  35.889 0.0000000000
73813  -23.951  -33.962  39.858 0.0000000000
85817  -41.183  -26.106  29.299 0.0000000000
94716  -41.095  -20.432  30.190 0.0000000000
93655  -41.380  -21.319  29.258 0.0000000000
91246  -42.221  -22.393  28.771 0.0000000000
95884  -42.648  -20.020  28.301 0.0000000000
92531  -42.826  -21.757  27.937 0.0000000000
194478  -42.812  -22.512  28.424 0.0000000000
89938  -43.362  -23.494  28.916 0.0000000000
103179  -49.291  -14.990  27.216 0.0000000000
103195  -49.585  -14.491  26.852 0.0000000000
106921  -50.181  -12.944  26.476 0.0000000000
60301  -26.626  -43.802  48.147 0.0000000000
59039  -25.141  -43.993  48.353 0.0000000000
59047  -23.763  -44.533  46.699 0.0000000000
59037  -23.918  -44.618  47.859 0.0000000000
57706  -23.769  -44.956  48.240 0.0000000000
55228  -23.693  -46.770  48.786 0.0000000000
75179  -35.419  -32.610  35.692 0.0000000000
210690  -35.611  -31.954  35.620 0.0000000000
212509  -35.715  -31.334  35.686 0.0000000000
81130  -33.768  -29.187  34.530 0.0000000000
79955  -34.634  -29.960  34.976 0.0000000000
78789  -35.533  -30.571  35.623 0.0000000000
79937  -35.590  -29.398  35.951 0.0000000000
79938  -36.159  -29.019  36.429 0.0000000000
81111  -36.337  -28.751  36.267 0.0000000000
87019  -32.942  -25.139  34.669 0.0000000000
84596  -33.287  -26.301  34.099 0.0000000000
87035  -34.030  -25.360  33.362 0.0000000000
85744  -33.650  -25.968  33.613 0.0000000000
83450  -34.556  -27.515  34.591 0.0000000000
82322  -34.979  -27.787  34.793 0.0000000000
81133  -35.926  -28.457  35.583 0.0000000000
81206  -36.439  -29.003  31.688 0.0000000000
80019  -37.929  -30.198  32.592 0.0000000000
81245  -39.970  -29.231  29.962 0.0000000000
82405  -39.577  -28.091  29.600 0.0000000000
206043  -39.624  -26.355  29.353 0.0000000000
85795  -38.145  -25.907  30.400 0.0000000000
200744  -38.688  -25.782  29.901 0.0000000000
88537  -39.129  -24.427  30.209 0.0000000000
89904  -39.180  -23.240  30.687 0.0000000000
92469  -39.513  -22.282  30.885 0.0000000000
70073  -26.863  -36.051  40.085 0.0000000000
68900  -27.823  -36.787  41.487 0.0000000000
72523  -27.930  -34.437  41.638 0.0000000000
61444  -27.389  -42.536  45.840 0.0000000000
216641  -28.583  -42.025  45.536 0.0000000000
61453  -28.171  -42.253  45.343 0.0000000000
61442  -25.543  -43.053  45.470 0.0000000000
198786  -24.825  -43.575  44.792 0.0000000000
63585  -26.567  -41.173  43.689 0.0000000000
62514  -28.183  -41.622  43.645 0.0000000000
62506  -27.815  -42.081  43.497 0.0000000000
53969  -23.584  -47.631  52.803 0.0000000000
56401  -23.010  -45.738  53.252 0.0000000000
58962  -23.490  -44.568  54.439 0.0000000000
73880  -35.510  -33.471  36.525 0.0000000000
218080  -26.001  -37.102  40.034 0.0000000000
199442  -26.884  -37.451  40.491 0.0000000000
223790  -35.028  -34.436  37.019 0.0000000000
71287  -24.704  -36.043  39.565 0.0000000000
68926  -25.501  -36.888  39.876 0.0000000000
93625  -40.294  -21.118  30.804 0.0000000000
101849  -45.290  -15.832  29.147 0.0000000000
215003  -44.897  -16.516  29.018 0.0000000000
100623  -45.358  -16.220  28.668 0.0000000000
101865  -45.697  -15.819  28.591 0.0000000000
88493  -36.917  -24.999  32.597 0.0000000000
73831  -28.722  -34.130  38.893 0.0000000000
64630  -24.367  -40.164  44.606 0.0000000000
63572  -25.531  -40.988  44.670 0.0000000000
64631  -24.984  -40.615  44.230 0.0000000000
105630  -50.706  -13.661  26.257 0.0000000000
105631  -51.176  -13.131  25.968 0.0000000000
77548  -37.153  -31.198  37.373 0.0000000000
78771  -36.371  -30.587  36.617 0.0000000000
71341  -31.684  -35.677  37.127 0.0000000000
71322  -31.663  -35.885  37.791 0.0000000000
71323  -32.276  -35.789  37.667 0.0000000000
67874  -23.824  -37.589  41.345 0.0000000000
70024  -23.250  -36.318  42.036 0.0000000000
67862  -23.969  -38.274  41.576 0.0000000000
67861  -23.515  -37.825  41.978 0.0000000000
65848  -24.517  -39.300  41.567 0.0000000000
65849  -25.155  -39.334  41.191 0.0000000000
207612  -31.906  -32.424  35.324 0.0000000000
220988  -31.865  -31.873  35.233 0.0000000000
79875  -27.555  -30.446  38.921 0.0000000000
77516  -27.525  -31.486  38.716 0.0000000000
76404  -31.282  -32.693  35.717 0.0000000000
205722  -40.132  -26.348  29.218 0.0000000000
83531  -40.435  -27.355  29.402 0.0000000000
89936  -42.049  -23.434  29.521 0.0000000000
89937  -42.728  -23.329  29.081 0.0000000000
96981  -43.034  -19.120  30.038 0.0000000000
95853  -42.609  -19.502  29.568 0.0000000000
96996  -42.902  -18.971  29.197 0.0000000000
93681  -44.640  -21.144  27.198 0.0000000000
206999  -44.205  -21.449  27.207 0.0000000000
222450  -44.654  -21.780  27.264 0.0000000000
91270  -44.900  -22.793  27.471 0.0000000000
103178  -48.405  -14.367  27.365 0.0000000000
61432  -26.585  -42.783  46.388 0.0000000000
60320  -26.021  -43.220  46.869 0.0000000000
79953  -32.508  -30.115  34.356 0.0000000000
78822  -33.726  -30.713  34.133 0.0000000000
82305  -34.007  -27.946  34.904 0.0000000000
84622  -34.894  -26.774  32.638 0.0000000000
83464  -35.170  -27.793  32.999 0.0000000000
82347  -35.558  -28.250  32.433 0.0000000000
83498  -37.202  -27.671  30.402 0.0000000000
81227  -37.201  -28.957  30.777 0.0000000000
82385  -37.450  -28.346  30.421 0.0000000000
81242  -37.725  -28.886  30.441 0.0000000000
82386  -38.023  -28.525  30.113 0.0000000000
207447  -38.382  -28.158  29.908 0.0000000000
83508  -37.876  -27.785  30.081 0.0000000000
72541  -27.408  -34.328  40.262 0.0000000000
73799  -27.186  -33.394  40.358 0.0000000000
216554  -27.663  -42.212  43.986 0.0000000000
61469  -26.493  -43.279  43.721 0.0000000000
61483  -28.595  -42.467  42.478 0.0000000000
59021  -25.932  -44.199  49.372 0.0000000000
76371  -36.616  -32.569  36.963 0.0000000000
64710  -29.376  -40.061  40.564 0.0000000000
64711  -30.069  -40.194  40.486 0.0000000000
65873  -29.734  -39.606  40.420 0.0000000000
67896  -29.094  -38.344  40.525 0.0000000000
67897  -29.815  -38.390  40.492 0.0000000000
67898  -30.498  -38.487  40.568 0.0000000000
67878  -29.403  -37.858  40.944 0.0000000000
71343  -33.459  -35.251  37.071 0.0000000000
200641  -33.471  -35.632  37.693 0.0000000000
196290  -23.072  -32.709  41.153 0.0000000000
192245  -23.336  -33.712  41.087 0.0000000000
70055  -24.340  -36.400  40.068 0.0000000000
70054  -23.915  -36.118  40.509 0.0000000000
68910  -24.044  -36.716  40.571 0.0000000000
68899  -24.204  -37.327  40.753 0.0000000000
67892  -25.422  -38.143  40.425 0.0000000000
66890  -27.522  -38.962  40.469 0.0000000000
66889  -26.914  -39.060  40.484 0.0000000000
65871  -28.000  -39.485  40.460 0.0000000000
78723  -31.420  -30.866  38.044 0.0000000000
89918  -39.672  -23.407  30.215 0.0000000000
88539  -40.168  -24.027  29.843 0.0000000000
92489  -40.798  -22.114  29.902 0.0000000000
91214  -40.618  -22.703  30.036 0.0000000000
91226  -41.163  -22.658  29.744 0.0000000000
92504  -41.290  -22.020  29.444 0.0000000000
98119  -43.565  -17.907  29.181 0.0000000000
99318  -43.785  -17.298  29.520 0.0000000000
97019  -44.444  -19.071  27.737 0.0000000000
94774  -45.387  -20.113  27.411 0.0000000000
97020  -45.094  -18.940  27.694 0.0000000000
97021  -45.796  -18.745  27.726 0.0000000000
98137  -46.226  -18.349  27.914 0.0000000000
212620  -46.825  -17.738  28.196 0.0000000000
99340  -46.574  -17.176  28.131 0.0000000000
195886  -46.585  -15.491  27.980 0.0000000000
84575  -31.564  -26.788  35.885 0.0000000000
85727  -32.182  -25.855  35.771 0.0000000000
84576  -31.933  -26.360  35.560 0.0000000000
196557  -32.330  -26.475  35.047 0.0000000000
202631  -32.743  -26.946  34.729 0.0000000000
88491  -35.644  -25.135  32.487 0.0000000000
85769  -35.626  -26.436  31.815 0.0000000000
87059  -36.920  -25.595  31.808 0.0000000000
84649  -36.771  -26.868  30.918 0.0000000000
87060  -37.544  -25.511  31.602 0.0000000000
72557  -28.066  -33.668  40.393 0.0000000000
63573  -26.431  -41.195  44.415 0.0000000000
192421  -27.427  -41.165  44.868 0.0000000000
57704  -24.104  -44.849  49.672 0.0000000000
57692  -23.813  -45.426  50.066 0.0000000000
193953  -23.636  -45.463  51.503 0.0000000000
57671  -23.739  -45.035  52.012 0.0000000000
58980  -23.834  -44.466  52.542 0.0000000000
57663  -23.422  -45.159  52.706 0.0000000000
78749  -37.139  -30.309  37.442 0.0000000000
78750  -37.570  -30.015  37.683 0.0000000000
79908  -37.077  -29.602  37.362 0.0000000000
196414  -36.717  -29.270  37.137 0.0000000000
71319  -29.702  -35.447  38.360 0.0000000000
191353  -30.451  -35.664  38.197 0.0000000000
192300  -23.545  -38.589  42.976 0.0000000000
211383  -23.100  -38.080  43.346 0.0000000000
66823  -23.341  -38.715  43.723 0.0000000000
222509  -23.774  -39.202  43.297 0.0000000000
64665  -24.549  -40.126  43.157 0.0000000000
228526  -25.726  -40.315  41.793 0.0000000000
64683  -25.988  -40.668  42.044 0.0000000000
63606  -27.298  -41.026  42.077 0.0000000000
218962  -27.816  -41.038  41.853 0.0000000000
65851  -26.530  -39.891  40.847 0.0000000000
64695  -27.559  -40.380  40.985 0.0000000000
63608  -29.209  -41.312  41.749 0.0000000000
62534  -29.221  -41.816  41.952 0.0000000000
75177  -34.142  -33.319  35.246 0.0000000000
75198  -33.028  -32.935  34.924 0.0000000000
77600  -31.966  -31.412  34.882 0.0000000000
78803  -32.138  -30.805  34.564 0.0000000000
81084  -31.434  -29.699  37.200 0.0000000000
79936  -31.532  -30.237  35.981 0.0000000000
82259  -31.271  -28.265  37.140 0.0000000000
200979  -31.322  -27.668  36.881 0.0000000000
198252  -24.934  -34.351  39.145 0.0000000000
76339  -25.527  -32.305  38.847 0.0000000000
75109  -26.098  -33.261  38.849 0.0000000000
73830  -26.792  -33.371  39.161 0.0000000000
77515  -26.816  -31.420  38.904 0.0000000000
212645  -29.360  -29.969  38.545 0.0000000000
78697  -28.775  -30.486  38.305 0.0000000000
77527  -28.702  -31.736  37.890 0.0000000000
223698  -28.832  -33.127  37.507 0.0000000000
72589  -29.152  -34.531  37.954 0.0000000000
72606  -30.451  -34.874  36.582 0.0000000000
76387  -30.244  -32.377  36.589 0.0000000000
76388  -30.688  -32.508  36.155 0.0000000000
75154  -30.699  -33.182  35.971 0.0000000000
72654  -31.255  -34.171  35.750 0.0000000000
72655  -31.889  -34.387  35.657 0.0000000000
72630  -32.151  -34.932  36.161 0.0000000000
194813  -32.881  -33.501  35.186 0.0000000000
73894  -33.087  -33.977  35.453 0.0000000000
73895  -33.870  -33.962  35.610 0.0000000000
220586  -24.015  -32.899  39.555 0.0000000000
76328  -23.638  -32.474  39.872 0.0000000000
75096  -24.228  -33.454  39.517 0.0000000000
217674  -24.438  -33.999  39.444 0.0000000000
80063  -41.036  -30.058  30.419 0.0000000000
83510  -41.518  -27.800  29.652 0.0000000000
205462  -41.811  -28.897  30.104 0.0000000000
87098  -40.961  -25.471  29.296 0.0000000000
201185  -41.356  -24.855  29.472 0.0000000000
94703  -41.948  -20.017  31.200 0.0000000000
94717  -41.612  -19.949  30.347 0.0000000000
94741  -41.985  -20.430  29.058 0.0000000000
94740  -41.540  -20.728  29.267 0.0000000000
93656  -41.905  -21.064  28.872 0.0000000000
92505  -41.864  -21.838  28.895 0.0000000000
93667  -42.366  -21.394  28.443 0.0000000000
220265  -42.907  -19.560  28.298 0.0000000000
95895  -43.031  -19.891  27.843 0.0000000000
92532  -43.449  -21.848  27.542 0.0000000000
91247  -43.408  -22.751  28.066 0.0000000000
89949  -43.115  -23.067  28.542 0.0000000000
89950  -43.685  -23.243  28.260 0.0000000000
88576  -44.618  -24.069  28.351 0.0000000000
94775  -45.965  -20.608  27.443 0.0000000000
206112  -47.747  -16.971  28.173 0.0000000000
101890  -49.021  -15.499  27.539 0.0000000000
105617  -49.198  -13.450  26.963 0.0000000000
104409  -49.378  -13.938  26.840 0.0000000000
105618  -49.675  -13.295  26.634 0.0000000000
60300  -25.856  -43.808  48.101 0.0000000000
59044  -24.657  -43.931  47.766 0.0000000000
59055  -23.685  -44.588  45.947 0.0000000000
57728  -23.584  -45.175  46.340 0.0000000000
57709  -23.691  -45.090  47.655 0.0000000000
56441  -23.594  -45.623  48.036 0.0000000000
206496  -23.616  -45.493  48.687 0.0000000000
210578  -23.596  -46.177  48.424 0.0000000000
54046  -24.218  -47.842  48.794 0.0000000000
75200  -34.287  -32.786  35.064 0.0000000000
75178  -34.798  -32.911  35.391 0.0000000000
76427  -34.643  -32.426  35.029 0.0000000000
198873  -34.748  -31.804  34.892 0.0000000000
77603  -35.350  -31.492  35.239 0.0000000000
78806  -34.869  -30.859  34.959 0.0000000000
195573  -32.690  -28.643  34.552 0.0000000000
190096  -33.467  -28.549  34.663 0.0000000000
197447  -34.439  -29.142  35.053 0.0000000000
78788  -35.160  -29.974  35.399 0.0000000000
79922  -35.956  -29.918  36.343 0.0000000000
81110  -35.699  -28.642  35.890 0.0000000000
81096  -36.579  -28.898  36.871 0.0000000000
88448  -33.240  -24.609  34.615 0.0000000000
213043  -32.994  -24.913  35.011 0.0000000000
87026  -33.132  -25.600  34.210 0.0000000000
87028  -34.369  -24.608  33.669 0.0000000000
84608  -34.063  -26.526  33.494 0.0000000000
84597  -33.749  -26.716  33.996 0.0000000000
82307  -35.556  -28.111  34.969 0.0000000000
189250  -36.607  -28.820  35.404 0.0000000000
218684  -37.037  -29.510  33.648 0.0000000000
83487  -35.771  -27.745  31.412 0.0000000000
82348  -35.932  -28.663  32.035 0.0000000000
82360  -36.153  -28.371  31.344 0.0000000000
80039  -37.624  -29.760  31.290 0.0000000000
216104  -37.279  -29.762  31.790 0.0000000000
192061  -37.763  -30.102  31.929 0.0000000000
223979  -39.168  -30.458  30.868 0.0000000000
78891  -39.578  -30.839  31.911 0.0000000000
78909  -39.607  -30.798  31.171 0.0000000000
80061  -39.700  -30.426  30.589 0.0000000000
80062  -40.340  -30.268  30.434 0.0000000000
80074  -39.835  -29.856  30.227 0.0000000000
83529  -39.155  -27.544  29.565 0.0000000000
84680  -39.400  -26.935  29.466 0.0000000000
85815  -39.027  -26.369  29.628 0.0000000000
223606  -38.737  -24.774  30.436 0.0000000000
87079  -39.072  -25.109  29.932 0.0000000000
200830  -39.520  -24.042  30.064 0.0000000000
89917  -39.138  -23.827  30.451 0.0000000000
91202  -39.228  -22.777  30.894 0.0000000000
71290  -26.905  -35.141  39.811 0.0000000000
70056  -27.369  -35.902  40.831 0.0000000000
218836  -27.633  -35.742  41.474 0.0000000000
188988  -28.002  -36.615  42.288 0.0000000000
70039  -27.775  -36.022  42.008 0.0000000000
72524  -28.175  -34.390  41.631 0.0000000000
200430  -29.928  -35.585  39.457 0.0000000000
61433  -27.551  -42.694  46.506 0.0000000000
61445  -28.331  -42.354  45.982 0.0000000000
193660  -27.722  -41.248  45.426 0.0000000000
63549  -28.303  -41.444  45.688 0.0000000000
62500  -28.659  -41.762  45.372 0.0000000000
61452  -27.239  -42.556  45.066 0.0000000000
61443  -26.381  -42.714  45.659 0.0000000000
61450  -25.341  -43.190  44.807 0.0000000000
63594  -25.848  -40.910  43.188 0.0000000000
63586  -27.467  -41.281  43.469 0.0000000000
61481  -27.523  -42.951  43.034 0.0000000000
211795  -22.738  -46.342  54.221 0.0000000000
55162  -22.852  -46.397  53.568 0.0000000000
56400  -22.806  -45.859  54.005 0.0000000000
57655  -23.288  -45.094  53.623 0.0000000000
57646  -23.164  -44.997  54.449 0.0000000000
66891  -28.154  -38.938  40.439 0.0000000000
212167  -28.776  -38.941  40.404 0.0000000000
67894  -27.701  -38.331  40.502 0.0000000000
224349  -27.332  -37.771  40.638 0.0000000000
68915  -27.414  -37.137  40.947 0.0000000000
72608  -34.066  -34.872  36.832 0.0000000000
72540  -24.067  -35.141  39.985 0.0000000000
72539  -23.833  -34.589  40.384 0.0000000000
203807  -25.067  -37.165  40.044 0.0000000000
68912  -25.596  -37.560  40.065 0.0000000000
215577  -26.865  -38.285  40.411 0.0000000000
79880  -31.815  -30.715  38.618 0.0000000000
92487  -39.843  -22.372  30.448 0.0000000000
93642  -40.458  -21.599  30.214 0.0000000000
99319  -44.319  -16.963  29.236 0.0000000000
99337  -44.710  -17.192  28.623 0.0000000000
98149  -45.198  -18.306  27.893 0.0000000000
98136  -45.347  -17.575  28.163 0.0000000000
99339  -45.901  -17.029  28.236 0.0000000000
100625  -46.316  -16.514  28.105 0.0000000000
103154  -46.164  -15.317  28.570 0.0000000000
85719  -31.673  -26.089  36.855 0.0000000000
85720  -32.123  -25.757  36.468 0.0000000000
88492  -36.190  -24.915  32.686 0.0000000000
87048  -36.407  -25.316  32.189 0.0000000000
87038  -37.811  -25.179  32.554 0.0000000000
71291  -29.266  -35.148  39.831 0.0000000000
212313  -50.111  -14.538  26.779 0.0000000000
103196  -50.631  -14.327  26.625 0.0000000000
212864  -23.872  -47.154  49.862 0.0000000000
56420  -23.779  -46.131  50.442 0.0000000000
55212  -23.883  -46.890  50.401 0.0000000000
55196  -23.727  -46.630  51.086 0.0000000000
55185  -23.666  -46.738  51.738 0.0000000000
221189  -30.492  -35.532  37.517 0.0000000000
71307  -31.283  -35.913  38.369 0.0000000000
71321  -31.061  -35.767  37.628 0.0000000000
222767  -32.365  -36.135  38.556 0.0000000000
71240  -23.385  -35.172  41.743 0.0000000000
196994  -23.167  -35.688  42.196 0.0000000000
71224  -23.033  -35.531  42.912 0.0000000000
199891  -23.036  -36.799  42.630 0.0000000000
67852  -23.313  -37.984  42.655 0.0000000000
66824  -23.950  -39.048  42.571 0.0000000000
65815  -24.665  -39.994  42.468 0.0000000000
65829  -24.355  -39.462  42.173 0.0000000000
65830  -24.874  -39.755  41.820 0.0000000000
64693  -26.137  -40.275  41.374 0.0000000000
64697  -29.055  -40.453  40.935 0.0000000000
64696  -28.266  -40.407  40.897 0.0000000000
63620  -29.436  -41.002  41.345 0.0000000000
62542  -29.696  -41.649  41.564 0.0000000000
78802  -31.717  -30.784  35.038 0.0000000000
75097  -24.641  -32.945  39.266 0.0000000000
76330  -24.944  -32.345  39.034 0.0000000000
78678  -26.413  -30.237  39.036 0.0000000000
77526  -28.086  -31.601  38.297 0.0000000000
79878  -30.249  -30.356  38.608 0.0000000000
79892  -29.635  -30.542  38.028 0.0000000000
75135  -29.142  -32.930  37.180 0.0000000000
73877  -30.156  -33.515  36.278 0.0000000000
75175  -32.513  -33.227  35.179 0.0000000000
82406  -40.218  -27.949  29.595 0.0000000000
211544  -40.617  -28.364  29.776 0.0000000000
82407  -40.853  -27.861  29.655 0.0000000000
83532  -41.105  -27.296  29.428 0.0000000000
84683  -41.440  -26.747  29.372 0.0000000000
88560  -41.428  -23.931  29.773 0.0000000000
95852  -42.146  -19.774  29.934 0.0000000000
95868  -42.189  -19.908  29.309 0.0000000000
95883  -42.373  -20.112  28.804 0.0000000000
95896  -43.565  -19.756  27.633 0.0000000000
94772  -43.379  -20.368  27.504 0.0000000000
224898  -43.761  -21.456  27.302 0.0000000000
91268  -43.716  -22.419  27.660 0.0000000000
216033  -43.904  -22.901  27.841 0.0000000000
91269  -44.273  -22.644  27.558 0.0000000000
101866  -47.217  -15.845  27.874 0.0000000000
211267  -48.212  -15.419  27.565 0.0000000000
224567  -48.606  -15.461  27.548 0.0000000000
101889  -48.641  -15.012  27.383 0.0000000000
104395  -48.873  -13.877  27.213 0.0000000000
201832  -25.526  -43.463  47.236 0.0000000000
60308  -24.907  -43.644  47.225 0.0000000000
210523  -23.662  -46.749  48.089 0.0000000000
221259  -33.305  -31.437  34.356 0.0000000000
81131  -34.821  -28.436  35.433 0.0000000000
82306  -35.076  -27.976  35.419 0.0000000000
88463  -33.638  -24.502  34.209 0.0000000000
87046  -34.640  -25.475  32.662 0.0000000000
85752  -34.269  -25.915  33.091 0.0000000000
82337  -34.801  -27.600  33.899 0.0000000000
81152  -35.865  -28.596  33.759 0.0000000000
81134  -36.879  -29.192  34.420 0.0000000000
81171  -36.226  -29.072  33.105 0.0000000000
81172  -36.794  -29.499  32.925 0.0000000000
81226  -36.657  -28.812  31.124 0.0000000000
82373  -36.720  -28.244  30.744 0.0000000000
223839  -37.384  -29.388  31.007 0.0000000000
80040  -38.222  -30.181  31.456 0.0000000000
208357  -38.122  -29.848  30.951 0.0000000000
80059  -38.398  -29.705  30.451 0.0000000000
81244  -38.816  -29.321  30.074 0.0000000000
222354  -39.412  -29.442  30.064 0.0000000000
82387  -38.575  -28.730  29.848 0.0000000000
83509  -38.510  -27.611  29.758 0.0000000000
88503  -38.135  -24.928  31.296 0.0000000000
88504  -38.369  -24.373  31.271 0.0000000000
222882  -38.783  -23.702  31.029 0.0000000000
91201  -38.921  -23.096  31.150 0.0000000000
193374  -26.956  -34.275  39.607 0.0000000000
62498  -27.962  -42.188  44.659 0.0000000000
60348  -25.951  -43.207  44.279 0.0000000000
63596  -27.304  -41.206  42.765 0.0000000000
77568  -36.029  -31.610  36.162 0.0000000000
62544  -31.134  -41.967  40.870 0.0000000000
63622  -30.889  -41.265  40.651 0.0000000000
63623  -31.522  -41.495  40.681 0.0000000000
64713  -31.392  -40.302  40.478 0.0000000000
66892  -29.440  -38.977  40.380 0.0000000000
65874  -30.422  -39.681  40.404 0.0000000000
191318  -23.212  -33.969  41.713 0.0000000000
71272  -23.781  -35.425  40.577 0.0000000000
72522  -23.569  -34.916  41.086 0.0000000000
71255  -23.570  -35.458  41.213 0.0000000000
215787  -23.755  -36.433  40.920 0.0000000000
68898  -23.760  -36.935  41.120 0.0000000000
67875  -24.365  -37.974  40.999 0.0000000000
66866  -25.268  -38.672  40.786 0.0000000000
66867  -25.814  -39.046  40.729 0.0000000000
65869  -26.876  -39.551  40.619 0.0000000000
66888  -26.335  -38.738  40.427 0.0000000000
64708  -27.814  -39.981  40.585 0.0000000000
64698  -29.816  -40.676  40.801 0.0000000000
77567  -31.180  -31.484  35.942 0.0000000000
79906  -31.436  -30.244  36.846 0.0000000000
78698  -30.500  -30.849  37.972 0.0000000000
77546  -30.151  -31.548  37.139 0.0000000000
77547  -30.667  -31.426  36.905 0.0000000000
78746  -31.203  -31.225  37.408 0.0000000000
87096  -39.709  -25.220  29.452 0.0000000000
87097  -40.327  -25.369  29.302 0.0000000000
88558  -40.225  -24.750  29.490 0.0000000000
88559  -40.890  -24.379  29.586 0.0000000000
89934  -40.880  -23.698  29.829 0.0000000000
89935  -41.427  -23.259  29.754 0.0000000000
96997  -43.252  -18.463  28.820 0.0000000000
97008  -43.505  -18.764  28.295 0.0000000000
98120  -44.091  -17.555  28.885 0.0000000000
97018  -43.809  -19.173  27.840 0.0000000000
95897  -44.181  -19.669  27.511 0.0000000000
211413  -44.590  -20.336  27.294 0.0000000000
93682  -45.221  -21.570  27.252 0.0000000000
200067  -45.275  -20.856  27.268 0.0000000000
200666  -46.061  -19.883  27.563 0.0000000000
209050  -46.127  -19.292  27.667 0.0000000000
99341  -47.232  -17.384  28.217 0.0000000000
200921  -46.630  -16.061  27.958 0.0000000000
60327  -25.070  -43.401  46.005 0.0000000000
60326  -24.386  -43.679  45.806 0.0000000000
59056  -23.920  -44.094  45.563 0.0000000000
82302  -31.832  -28.610  35.020 0.0000000000
81128  -32.184  -28.984  34.643 0.0000000000
83432  -31.903  -27.771  35.110 0.0000000000
83433  -32.551  -27.584  34.827 0.0000000000
84587  -33.325  -26.850  34.461 0.0000000000
88480  -34.898  -24.609  33.127 0.0000000000
87037  -34.997  -24.999  32.706 0.0000000000
84623  -35.215  -26.950  32.093 0.0000000000
83476  -35.372  -27.658  32.062 0.0000000000
84637  -35.581  -27.116  31.568 0.0000000000
84638  -36.216  -27.146  31.162 0.0000000000
84650  -37.162  -26.989  30.550 0.0000000000
85783  -37.706  -26.029  30.767 0.0000000000
212392  -37.959  -25.164  31.572 0.0000000000
75099  -27.213  -32.743  40.402 0.0000000000
75087  -27.260  -33.144  40.499 0.0000000000
73801  -27.727  -33.687  40.494 0.0000000000
62507  -28.375  -41.710  44.368 0.0000000000
60377  -28.986  -43.991  42.257 0.0000000000
59031  -24.596  -44.420  49.358 0.0000000000
59020  -25.237  -44.253  49.736 0.0000000000
59019  -24.616  -44.426  50.067 0.0000000000
59007  -24.562  -44.380  50.790 0.0000000000
57682  -23.820  -45.348  50.825 0.0000000000
57683  -24.183  -44.777  50.970 0.0000000000
227468  -24.566  -43.925  51.790 0.0000000000
58981  -24.310  -44.008  52.273 0.0000000000
58971  -24.067  -44.017  53.211 0.0000000000
95831  -42.808  -19.846  31.261 0.0000000000
95841  -43.074  -19.511  30.727 0.0000000000
226216  -43.288  -19.142  30.580 0.0000000000
215740  -30.032  -35.609  38.796 0.0000000000
70104  -32.782  -36.054  38.342 0.0000000000
67836  -22.992  -38.037  44.160 0.0000000000
65792  -23.702  -39.351  44.098 0.0000000000
64646  -24.506  -40.170  43.863 0.0000000000
228676  -25.389  -40.663  43.007 0.0000000000
63595  -26.170  -40.958  42.618 0.0000000000
64667  -25.574  -40.725  42.603 0.0000000000
228579  -26.653  -41.070  42.668 0.0000000000
63597  -28.078  -41.330  42.466 0.0000000000
63617  -27.338  -40.752  41.477 0.0000000000
63618  -27.999  -40.800  41.398 0.0000000000
63607  -28.371  -41.159  41.961 0.0000000000
62525  -28.794  -41.894  42.265 0.0000000000
106923  -51.171  -12.519  25.916 0.0000000000
73879  -34.929  -33.799  36.296 0.0000000000
76425  -33.436  -32.458  34.757 0.0000000000
76424  -32.902  -32.166  34.626 0.0000000000
194026  -33.541  -31.970  34.566 0.0000000000
81127  -31.800  -29.428  34.997 0.0000000000
78787  -31.543  -30.828  35.748 0.0000000000
203462  -31.286  -28.916  36.736 0.0000000000
81108  -31.533  -29.542  35.648 0.0000000000
219216  -31.605  -28.924  35.399 0.0000000000
82283  -31.597  -28.290  35.534 0.0000000000
83401  -31.415  -27.281  36.381 0.0000000000
196088  -31.342  -27.147  37.853 0.0000000000
71288  -25.289  -35.603  39.316 0.0000000000
70072  -26.116  -36.526  39.802 0.0000000000
71303  -25.810  -35.103  39.067 0.0000000000
72574  -26.298  -34.526  39.023 0.0000000000
73828  -25.488  -33.819  38.844 0.0000000000
72575  -26.725  -33.938  39.184 0.0000000000
75098  -27.081  -32.880  40.148 0.0000000000
78676  -25.343  -30.583  39.204 0.0000000000
210701  -26.053  -31.828  38.883 0.0000000000
78694  -26.345  -30.897  38.928 0.0000000000
77514  -26.241  -31.339  38.898 0.0000000000
193720  -27.606  -32.827  39.753 0.0000000000
79876  -28.190  -30.203  38.841 0.0000000000
72590  -29.570  -34.868  37.428 0.0000000000
71339  -30.173  -35.123  37.144 0.0000000000
71361  -31.519  -35.321  36.468 0.0000000000
72628  -30.806  -34.525  36.118 0.0000000000
71362  -32.092  -35.406  36.659 0.0000000000
72656  -32.609  -34.447  35.721 0.0000000000
72632  -33.952  -34.440  36.250 0.0000000000
76320  -23.274  -32.383  40.592 0.0000000000
226163  -23.359  -32.821  40.218 0.0000000000
73814  -24.315  -34.601  39.635 0.0000000000
201088  -40.519  -25.976  29.230 0.0000000000
196014  -41.618  -25.506  29.425 0.0000000000
227782  -40.698  -20.593  30.604 0.0000000000
94727  -41.120  -20.798  29.668 0.0000000000
94757  -42.834  -20.501  27.848 0.0000000000
93668  -42.680  -21.082  27.959 0.0000000000
92520  -42.446  -21.972  28.511 0.0000000000
226688  -42.757  -22.965  28.729 0.0000000000
89939  -43.969  -23.747  28.667 0.0000000000
101891  -49.667  -15.474  27.521 0.0000000000
104423  -50.219  -13.376  26.398 0.0000000000
106897  -50.525  -12.400  26.371 0.0000000000
207416  -26.834  -44.006  48.662 0.0000000000
59033  -26.028  -44.052  48.673 0.0000000000
190592  -24.655  -44.342  48.751 0.0000000000
60318  -24.611  -43.677  46.529 0.0000000000
59043  -24.254  -44.046  47.115 0.0000000000
57713  -23.651  -45.123  47.029 0.0000000000
59042  -23.870  -44.555  47.377 0.0000000000
215286  -24.212  -44.307  47.686 0.0000000000
59038  -24.304  -44.386  48.235 0.0000000000
57707  -23.942  -44.767  48.909 0.0000000000
56438  -23.627  -46.134  49.085 0.0000000000
55221  -23.740  -46.720  49.454 0.0000000000
75155  -35.166  -33.224  35.969 0.0000000000
76405  -35.156  -32.216  35.236 0.0000000000
81129  -32.848  -29.297  34.346 0.0000000000
79954  -34.036  -29.986  34.366 0.0000000000
78770  -35.897  -30.836  36.091 0.0000000000
79923  -36.418  -29.445  36.874 0.0000000000
87018  -32.578  -25.377  35.265 0.0000000000
87010  -32.991  -25.049  35.571 0.0000000000
85735  -32.633  -25.764  34.818 0.0000000000
87027  -33.619  -25.107  33.819 0.0000000000
81112  -37.027  -29.115  35.927 0.0000000000
81098  -37.433  -29.253  36.428 0.0000000000
81189  -36.304  -29.128  32.411 0.0000000000
81190  -36.782  -29.539  32.060 0.0000000000
80075  -40.483  -29.652  30.191 0.0000000000
82388  -39.328  -28.803  29.814 0.0000000000
82389  -40.066  -28.581  29.745 0.0000000000
83530  -39.795  -27.463  29.430 0.0000000000
216290  -38.393  -26.429  29.955 0.0000000000
223762  -38.439  -25.271  30.409 0.0000000000
85796  -39.308  -25.763  29.504 0.0000000000
91212  -39.550  -22.789  30.528 0.0000000000
93624  -39.746  -21.607  31.286 0.0000000000
68914  -27.089  -36.699  40.635 0.0000000000
70057  -27.529  -36.418  41.255 0.0000000000
68901  -28.298  -37.035  41.540 0.0000000000
73800  -27.635  -33.757  40.510 0.0000000000
71256  -27.811  -35.159  41.910 0.0000000000
72508  -28.181  -34.717  42.157 0.0000000000
71241  -27.973  -35.344  42.407 0.0000000000
68885  -28.180  -36.456  42.935 0.0000000000
60336  -24.891  -43.417  45.328 0.0000000000
60347  -25.223  -43.764  44.287 0.0000000000
63587  -28.165  -41.453  43.930 0.0000000000
218558  -28.337  -43.885  42.588 0.0000000000
199822  -26.904  -43.338  43.294 0.0000000000
105644  -51.586  -12.819  25.698 0.0000000000
53978  -23.751  -47.294  52.127 0.0000000000
206171  -23.404  -46.984  52.674 0.0000000000
53964  -23.454  -47.846  53.460 0.0000000000
55151  -23.142  -47.102  53.327 0.0000000000
56407  -23.311  -45.894  52.459 0.0000000000
57638  -23.049  -44.885  55.155 0.0000000000
57645  -22.897  -45.378  54.603 0.0000000000
52871  -24.165  -48.177  52.255 0.0000000000
53987  -23.844  -47.271  51.438 0.0000000000
55163  -23.130  -46.430  52.879 0.0000000000
55175  -23.444  -46.547  52.248 0.0000000000
57654  -22.970  -45.423  53.914 0.0000000000
57672  -23.950  -44.931  51.440 0.0000000000
58994  -24.359  -44.321  51.494 0.0000000000
61500  -30.063  -42.378  41.453 0.0000000000
62545  -31.844  -41.941  40.991 0.0000000000
63624  -32.176  -41.240  40.786 0.0000000000
63634  -30.979  -40.705  40.482 0.0000000000
63635  -31.521  -40.916  40.543 0.0000000000
65868  -26.393  -39.340  40.602 0.0000000000
65870  -27.389  -39.504  40.538 0.0000000000
66834  -23.749  -38.441  42.269 0.0000000000
66893  -30.130  -39.039  40.404 0.0000000000
67877  -28.693  -37.637  40.888 0.0000000000
68884  -23.388  -37.060  41.816 0.0000000000
68911  -24.543  -37.003  40.236 0.0000000000
71308  -33.347  -35.976  38.354 0.0000000000
72507  -23.385  -34.586  41.550 0.0000000000
75085  -23.279  -33.164  40.702 0.0000000000
75095  -23.635  -33.237  39.960 0.0000000000
76329  -24.307  -32.359  39.435 0.0000000000
79921  -31.462  -30.537  36.555 0.0000000000
80018  -37.324  -29.882  32.407 0.0000000000
94773  -43.906  -20.182  27.359 0.0000000000
200357  -23.495  -45.519  52.060 0.0000000000
202982  -23.456  -35.832  41.617 0.0000000000
212188  -23.797  -46.622  49.987 0.0000000000
213361  -29.060  -39.518  40.412 0.0000000000
214871  -30.445  -40.733  40.518 0.0000000000
215572  -44.618  -22.287  27.383 0.0000000000
217551  -23.129  -35.155  42.344 0.0000000000
221570  -23.098  -37.461  42.377 0.0000000000
223622  -24.766  -34.802  39.394 0.0000000000
226404  -32.453  -35.976  38.141 0.0000000000
228690  -47.002  -18.755  28.113 0.0000000000
