#!ascii label  , from subject sub-v2s11x28714_ses-1 vox2ras=TkReg
2100
153238  -41.338  29.208  1.541 0.0000000000
131803  -41.313  44.407  -3.727 0.0000000000
126634  -42.405  38.134  1.527 0.0000000000
124196  -49.440  34.762  -3.033 0.0000000000
154362  -43.570  42.542  -7.391 0.0000000000
129361  -48.598  41.421  -5.091 0.0000000000
126091  -44.374  37.641  -7.509 0.0000000000
125385  -43.783  36.290  -1.943 0.0000000000
117167  -40.237  25.627  12.305 0.0000000000
118873  -37.282  28.427  6.963 0.0000000000
134462  -33.881  47.536  -4.875 0.0000000000
133823  -40.206  46.978  -9.360 0.0000000000
132613  -47.352  45.071  -11.324 0.0000000000
121566  -43.691  30.901  2.329 0.0000000000
131732  -47.126  44.760  0.790 0.0000000000
126009  -48.389  37.293  1.652 0.0000000000
118981  -47.652  27.412  -3.392 0.0000000000
121674  -43.576  31.467  -6.189 0.0000000000
122938  -38.795  33.147  -3.608 0.0000000000
119694  -41.848  29.357  -1.450 0.0000000000
129439  -42.222  41.411  -9.953 0.0000000000
128820  -43.270  39.869  -7.540 0.0000000000
128164  -42.181  39.691  -8.008 0.0000000000
127382  -42.011  38.826  -6.338 0.0000000000
162328  -36.558  27.129  10.765 0.0000000000
153590  -38.247  29.353  10.954 0.0000000000
134445  -30.587  47.789  -2.321 0.0000000000
133225  -44.029  46.217  -10.702 0.0000000000
122230  -40.211  32.421  2.778 0.0000000000
124148  -42.671  34.737  0.461 0.0000000000
175177  -39.339  43.625  -1.216 0.0000000000
131754  -44.700  44.616  -1.710 0.0000000000
171882  -49.544  37.951  -4.856 0.0000000000
127323  -47.771  38.681  -2.257 0.0000000000
124788  -49.961  35.432  -1.124 0.0000000000
166547  -49.067  31.841  0.444 0.0000000000
120990  -49.049  30.623  -1.750 0.0000000000
120435  -46.091  29.459  -6.699 0.0000000000
184959  -45.779  31.388  -2.079 0.0000000000
169766  -41.375  33.943  -2.035 0.0000000000
130524  -42.289  43.119  -5.573 0.0000000000
130493  -44.537  42.965  -3.441 0.0000000000
174492  -44.618  40.535  -4.530 0.0000000000
126725  -46.766  37.947  -6.771 0.0000000000
153246  -47.604  35.776  -6.170 0.0000000000
158111  -46.493  35.552  -2.036 0.0000000000
126076  -45.025  36.801  -4.761 0.0000000000
127347  -42.427  38.593  -3.773 0.0000000000
116054  -35.658  24.737  8.991 0.0000000000
118298  -36.882  27.483  5.891 0.0000000000
118886  -40.014  27.998  4.993 0.0000000000
133762  -33.617  46.462  0.779 0.0000000000
132463  -34.417  44.791  -2.084 0.0000000000
132492  -37.621  44.896  -4.608 0.0000000000
132527  -40.402  45.135  -6.846 0.0000000000
131883  -43.359  44.418  -8.227 0.0000000000
164691  -45.841  42.885  -9.998 0.0000000000
182393  -45.009  39.768  -12.985 0.0000000000
166945  -46.047  42.814  -13.235 0.0000000000
120916  -37.219  30.760  5.226 0.0000000000
120927  -41.230  30.211  4.920 0.0000000000
119620  -44.130  28.972  3.651 0.0000000000
129885  -45.493  41.772  2.015 0.0000000000
130486  -47.203  43.512  -2.519 0.0000000000
128692  -45.913  40.643  0.230 0.0000000000
126653  -45.691  37.938  0.998 0.0000000000
123519  -46.254  33.829  0.424 0.0000000000
120320  -46.203  29.069  1.881 0.0000000000
119681  -44.618  29.018  -0.675 0.0000000000
160966  -44.452  28.699  -5.080 0.0000000000
120472  -41.624  30.098  -9.644 0.0000000000
121698  -39.952  31.353  -8.647 0.0000000000
122924  -43.784  32.965  -1.797 0.0000000000
122340  -41.241  32.609  -5.178 0.0000000000
181120  -38.705  31.728  -5.914 0.0000000000
119630  -39.538  28.736  2.182 0.0000000000
119644  -39.905  29.144  0.990 0.0000000000
119678  -41.599  29.634  -0.202 0.0000000000
128877  -42.246  39.788  -11.196 0.0000000000
183322  -41.645  40.413  -9.346 0.0000000000
128182  -41.028  39.311  -10.098 0.0000000000
128162  -40.706  39.599  -8.173 0.0000000000
125356  -42.139  36.429  0.483 0.0000000000
184916  -40.145  44.247  -2.655 0.0000000000
124811  -49.531  35.710  -4.077 0.0000000000
158391  -49.729  37.020  -2.467 0.0000000000
124192  -49.872  34.677  -2.438 0.0000000000
122914  -49.934  32.833  -1.264 0.0000000000
122912  -49.383  32.603  -1.551 0.0000000000
121617  -47.450  30.995  -1.930 0.0000000000
123543  -47.684  33.644  -1.266 0.0000000000
130526  -43.382  42.473  -6.442 0.0000000000
129932  -43.397  41.723  -5.286 0.0000000000
129387  -43.558  41.037  -6.295 0.0000000000
175740  -44.078  38.269  -7.591 0.0000000000
127384  -45.076  38.306  -6.528 0.0000000000
126744  -45.474  37.321  -7.553 0.0000000000
126747  -47.702  37.106  -7.635 0.0000000000
125433  -46.098  35.826  -7.792 0.0000000000
125414  -45.963  35.976  -6.014 0.0000000000
126087  -44.470  36.919  -6.672 0.0000000000
127357  -42.128  38.588  -4.759 0.0000000000
118283  -35.895  27.977  8.245 0.0000000000
117735  -35.536  26.934  7.565 0.0000000000
118295  -37.530  27.884  6.349 0.0000000000
118884  -38.617  28.020  4.932 0.0000000000
118880  -39.264  27.819  6.035 0.0000000000
134456  -32.133  47.626  -3.592 0.0000000000
133148  -32.481  45.985  -2.237 0.0000000000
133159  -33.802  45.862  -3.767 0.0000000000
131779  -35.751  44.676  -3.251 0.0000000000
133165  -35.166  45.503  -4.853 0.0000000000
133818  -38.800  47.063  -8.566 0.0000000000
163610  -38.463  45.935  -7.746 0.0000000000
157103  -40.107  45.929  -8.601 0.0000000000
132542  -41.838  44.810  -7.729 0.0000000000
133201  -41.766  45.674  -9.401 0.0000000000
133227  -46.280  45.909  -10.928 0.0000000000
131909  -45.868  44.575  -9.647 0.0000000000
130589  -46.955  43.073  -10.794 0.0000000000
130033  -45.824  41.513  -12.011 0.0000000000
184083  -46.856  42.230  -12.067 0.0000000000
129488  -45.792  40.803  -13.140 0.0000000000
179577  -47.355  43.567  -12.215 0.0000000000
122827  -35.096  33.489  6.366 0.0000000000
122166  -39.782  33.081  8.702 0.0000000000
167058  -36.153  32.300  7.058 0.0000000000
121507  -36.544  31.387  8.536 0.0000000000
121532  -36.484  31.947  4.650 0.0000000000
122240  -42.142  32.006  2.221 0.0000000000
121545  -40.570  31.326  3.683 0.0000000000
120944  -42.608  30.812  3.469 0.0000000000
119598  -43.249  28.809  5.151 0.0000000000
120946  -43.825  29.777  3.766 0.0000000000
132419  -46.728  45.310  2.731 0.0000000000
131708  -45.317  44.001  2.352 0.0000000000
130461  -46.489  43.101  1.816 0.0000000000
129914  -46.672  42.451  -3.979 0.0000000000
157168  -46.878  44.194  -3.630 0.0000000000
181360  -48.314  42.712  -3.979 0.0000000000
126664  -47.793  37.723  -0.017 0.0000000000
128039  -46.667  39.569  -1.347 0.0000000000
127282  -47.341  38.399  0.826 0.0000000000
127255  -46.614  38.982  2.227 0.0000000000
126007  -47.085  37.288  1.247 0.0000000000
168920  -45.407  35.981  0.333 0.0000000000
124764  -47.692  35.289  0.899 0.0000000000
120341  -48.588  30.132  -0.866 0.0000000000
120966  -47.699  30.608  0.456 0.0000000000
184570  -47.174  28.516  0.128 0.0000000000
118935  -45.830  28.590  0.250 0.0000000000
118956  -45.906  28.509  -1.699 0.0000000000
119731  -44.740  28.634  -2.856 0.0000000000
119002  -46.075  27.812  -4.788 0.0000000000
121042  -45.028  30.662  -6.870 0.0000000000
121085  -43.731  30.252  -9.423 0.0000000000
121713  -42.884  31.361  -8.683 0.0000000000
121062  -41.216  30.820  -9.254 0.0000000000
121685  -42.215  31.413  -7.422 0.0000000000
125387  -45.580  36.103  -2.274 0.0000000000
123541  -45.102  34.038  -1.305 0.0000000000
124176  -44.082  34.742  -1.467 0.0000000000
123568  -39.867  33.690  -2.588 0.0000000000
122934  -41.414  33.294  -2.888 0.0000000000
122944  -40.144  33.201  -4.077 0.0000000000
121657  -40.090  32.296  -5.676 0.0000000000
122329  -38.945  32.448  -4.495 0.0000000000
121645  -37.737  31.764  -5.094 0.0000000000
179740  -36.337  27.786  3.802 0.0000000000
119741  -41.740  29.745  -3.459 0.0000000000
129991  -43.359  42.377  -8.946 0.0000000000
177667  -43.139  41.393  -7.523 0.0000000000
129415  -42.521  41.158  -8.543 0.0000000000
128152  -42.685  39.690  -7.895 0.0000000000
126742  -43.184  38.334  -7.649 0.0000000000
126732  -42.974  38.015  -7.041 0.0000000000
127401  -42.181  38.947  -6.937 0.0000000000
182850  -38.079  26.463  11.452 0.0000000000
167348  -39.535  27.440  11.533 0.0000000000
119574  -36.123  29.044  8.879 0.0000000000
136167  -32.679  49.711  -4.871 0.0000000000
133827  -42.381  46.975  -10.148 0.0000000000
134497  -46.461  47.576  -11.107 0.0000000000
133859  -47.465  47.233  -11.660 0.0000000000
122227  -38.411  32.846  3.084 0.0000000000
122867  -41.424  33.386  1.413 0.0000000000
122877  -43.356  32.895  1.029 0.0000000000
132451  -45.967  45.262  -0.469 0.0000000000
128098  -49.071  40.002  -4.930 0.0000000000
128756  -48.358  40.690  -3.683 0.0000000000
127336  -48.864  38.573  -3.173 0.0000000000
126678  -48.796  37.328  -1.662 0.0000000000
125363  -49.107  36.438  0.695 0.0000000000
123507  -48.700  34.199  1.020 0.0000000000
123524  -49.558  33.986  0.371 0.0000000000
120983  -49.181  30.981  -0.860 0.0000000000
158257  -48.711  29.160  -2.691 0.0000000000
119762  -47.805  28.273  -5.067 0.0000000000
120362  -46.970  29.522  -3.916 0.0000000000
121023  -45.568  30.462  -4.607 0.0000000000
121022  -44.954  30.820  -4.191 0.0000000000
124174  -42.694  35.265  -1.242 0.0000000000
127995  -42.562  39.813  2.004 0.0000000000
162146  -41.683  44.078  -4.674 0.0000000000
131805  -42.848  44.180  -3.413 0.0000000000
130505  -43.368  42.572  -4.071 0.0000000000
129342  -44.559  41.445  -3.831 0.0000000000
128771  -46.154  40.232  -3.914 0.0000000000
128802  -43.984  39.916  -5.960 0.0000000000
128111  -45.816  39.345  -4.963 0.0000000000
160157  -47.425  39.470  -5.197 0.0000000000
127389  -49.084  38.782  -6.647 0.0000000000
125428  -48.971  36.471  -6.485 0.0000000000
124809  -48.945  35.878  -4.424 0.0000000000
124795  -48.058  35.532  -2.585 0.0000000000
125402  -47.439  36.285  -3.841 0.0000000000
125400  -46.076  36.111  -3.706 0.0000000000
126062  -44.825  37.084  -3.207 0.0000000000
126716  -43.275  37.643  -5.933 0.0000000000
126702  -43.417  37.762  -3.779 0.0000000000
117184  -35.596  26.125  9.809 0.0000000000
161921  -35.563  26.435  6.658 0.0000000000
117750  -36.010  26.975  4.705 0.0000000000
118313  -36.938  27.990  4.128 0.0000000000
118899  -38.805  28.363  3.585 0.0000000000
119617  -40.811  28.410  3.510 0.0000000000
132425  -35.261  45.352  0.959 0.0000000000
132449  -33.837  44.984  -0.278 0.0000000000
177522  -35.950  44.225  0.098 0.0000000000
131750  -36.798  44.088  -1.553 0.0000000000
131782  -38.116  44.198  -2.775 0.0000000000
131816  -39.643  44.647  -4.054 0.0000000000
134468  -35.282  47.567  -5.943 0.0000000000
133177  -36.941  45.830  -6.390 0.0000000000
183537  -38.580  45.074  -5.591 0.0000000000
131828  -40.489  44.821  -5.181 0.0000000000
152364  -41.629  44.453  -6.462 0.0000000000
131856  -42.699  44.204  -7.357 0.0000000000
131195  -44.027  43.446  -7.791 0.0000000000
132590  -44.044  45.215  -9.992 0.0000000000
131885  -44.905  44.101  -8.899 0.0000000000
130575  -44.663  42.959  -8.926 0.0000000000
130016  -43.666  42.153  -10.742 0.0000000000
175837  -44.139  40.609  -12.027 0.0000000000
128236  -44.356  38.648  -13.688 0.0000000000
129485  -44.280  40.466  -13.282 0.0000000000
133269  -47.472  46.168  -12.635 0.0000000000
120258  -36.428  30.250  9.330 0.0000000000
120276  -38.173  29.372  6.519 0.0000000000
179899  -38.516  31.652  3.638 0.0000000000
177030  -39.245  30.121  5.091 0.0000000000
120282  -39.956  29.148  5.914 0.0000000000
119596  -41.192  28.041  5.938 0.0000000000
177283  -42.555  28.043  4.856 0.0000000000
119633  -42.565  28.714  2.683 0.0000000000
172664  -43.758  39.507  1.899 0.0000000000
179913  -44.815  44.525  -2.841 0.0000000000
132473  -46.264  45.169  -2.616 0.0000000000
179140  -46.911  44.340  -0.798 0.0000000000
128736  -47.267  40.854  -2.769 0.0000000000
129299  -45.959  41.795  -1.275 0.0000000000
130476  -46.179  42.909  0.130 0.0000000000
129289  -46.431  40.715  2.297 0.0000000000
179285  -45.568  39.797  2.292 0.0000000000
126636  -43.486  37.854  1.080 0.0000000000
169197  -43.873  35.800  0.405 0.0000000000
177475  -44.120  33.818  0.548 0.0000000000
122253  -44.289  32.096  1.157 0.0000000000
172005  -47.526  33.206  0.620 0.0000000000
168247  -45.984  31.214  0.925 0.0000000000
120962  -45.048  30.718  1.909 0.0000000000
180102  -45.501  28.689  3.390 0.0000000000
119648  -44.016  29.191  1.687 0.0000000000
153008  -42.873  29.463  0.807 0.0000000000
119695  -43.293  29.622  -1.103 0.0000000000
155289  -43.357  29.168  -3.126 0.0000000000
171124  -42.905  29.359  -5.290 0.0000000000
178757  -45.543  28.392  -6.718 0.0000000000
119798  -43.317  29.125  -7.539 0.0000000000
120433  -41.757  29.479  -7.357 0.0000000000
120445  -40.711  29.942  -8.599 0.0000000000
120455  -39.451  30.763  -10.025 0.0000000000
167845  -46.217  33.727  -1.266 0.0000000000
121614  -44.676  31.674  -2.249 0.0000000000
121637  -43.869  31.527  -4.072 0.0000000000
122922  -42.453  33.251  -2.150 0.0000000000
122321  -42.803  32.412  -3.446 0.0000000000
122342  -42.598  32.217  -5.162 0.0000000000
167872  -40.913  31.873  -6.311 0.0000000000
121683  -39.158  31.685  -7.916 0.0000000000
152291  -40.136  29.041  1.691 0.0000000000
162786  -39.512  28.935  1.468 0.0000000000
119645  -40.719  29.298  1.102 0.0000000000
152940  -41.023  29.567  0.278 0.0000000000
152861  -41.511  29.507  0.955 0.0000000000
127454  -41.691  38.194  -11.279 0.0000000000
128183  -41.734  39.828  -10.469 0.0000000000
128191  -41.235  38.843  -10.723 0.0000000000
125355  -41.421  36.299  0.538 0.0000000000
126020  -42.471  37.055  0.678 0.0000000000
131786  -40.985  44.375  -3.100 0.0000000000
131768  -41.363  44.317  -2.591 0.0000000000
131787  -41.739  44.419  -3.050 0.0000000000
124202  -49.542  35.006  -3.519 0.0000000000
124203  -49.773  35.107  -3.418 0.0000000000
123570  -49.623  34.317  -2.604 0.0000000000
123561  -49.581  33.801  -2.176 0.0000000000
123560  -48.990  34.033  -2.042 0.0000000000
123544  -48.725  33.402  -1.525 0.0000000000
130541  -43.528  42.896  -7.104 0.0000000000
129942  -43.577  41.770  -6.166 0.0000000000
129953  -43.509  42.232  -6.902 0.0000000000
126743  -43.957  38.168  -7.576 0.0000000000
126734  -44.589  37.801  -7.585 0.0000000000
126097  -45.105  37.122  -7.527 0.0000000000
126098  -45.784  36.619  -7.857 0.0000000000
126093  -45.438  36.550  -7.612 0.0000000000
125431  -45.116  36.510  -7.218 0.0000000000
126092  -44.770  37.009  -7.398 0.0000000000
117176  -38.590  25.691  11.656 0.0000000000
118872  -36.921  28.128  7.162 0.0000000000
118291  -36.706  27.750  7.057 0.0000000000
118875  -38.010  28.219  6.677 0.0000000000
118296  -38.296  27.882  6.422 0.0000000000
183194  -38.591  28.038  6.648 0.0000000000
169965  -33.014  47.939  -4.329 0.0000000000
133784  -33.027  46.678  -3.569 0.0000000000
133790  -33.801  46.836  -4.521 0.0000000000
133164  -34.624  45.862  -4.542 0.0000000000
133791  -34.374  46.468  -4.834 0.0000000000
134481  -39.619  47.847  -9.015 0.0000000000
134480  -39.024  47.718  -8.677 0.0000000000
171358  -39.738  47.263  -9.164 0.0000000000
133819  -39.132  46.656  -8.756 0.0000000000
133199  -40.060  46.312  -9.100 0.0000000000
133193  -41.232  45.659  -9.043 0.0000000000
163382  -41.134  46.039  -9.491 0.0000000000
132612  -46.875  44.886  -10.850 0.0000000000
132594  -46.487  44.705  -10.443 0.0000000000
131919  -47.245  44.172  -10.968 0.0000000000
130599  -47.133  42.762  -11.175 0.0000000000
131253  -47.573  43.548  -11.468 0.0000000000
171143  -46.808  42.399  -12.458 0.0000000000
131936  -47.588  44.115  -11.666 0.0000000000
123462  -35.186  34.056  5.187 0.0000000000
122836  -35.428  33.436  5.193 0.0000000000
122828  -35.461  32.968  6.448 0.0000000000
122195  -35.739  32.522  5.623 0.0000000000
121524  -35.959  32.053  5.766 0.0000000000
121564  -42.633  31.407  2.415 0.0000000000
121556  -42.299  31.316  2.793 0.0000000000
121557  -42.927  30.962  2.975 0.0000000000
120945  -43.297  30.393  3.691 0.0000000000
120952  -43.548  30.598  3.111 0.0000000000
133124  -46.905  45.923  0.884 0.0000000000
132422  -47.129  45.182  1.686 0.0000000000
179131  -46.778  44.267  2.237 0.0000000000
172821  -47.093  44.011  1.559 0.0000000000
171433  -47.877  42.102  -4.560 0.0000000000
129924  -47.488  42.567  -4.431 0.0000000000
129926  -48.423  42.030  -4.558 0.0000000000
156983  -48.399  37.493  1.437 0.0000000000
184712  -48.044  37.819  0.969 0.0000000000
126641  -48.009  38.072  1.561 0.0000000000
126621  -47.636  38.049  1.885 0.0000000000
126008  -47.879  36.951  1.688 0.0000000000
125345  -47.433  36.759  1.194 0.0000000000
124748  -48.235  35.857  1.189 0.0000000000
119715  -48.301  28.413  -1.983 0.0000000000
118947  -47.783  28.594  -0.786 0.0000000000
177394  -47.341  27.785  -1.792 0.0000000000
118957  -46.463  28.391  -1.437 0.0000000000
118980  -46.703  27.468  -2.889 0.0000000000
118979  -45.988  27.769  -3.228 0.0000000000
118992  -47.044  27.407  -3.977 0.0000000000
121035  -44.435  30.913  -6.433 0.0000000000
121703  -43.967  31.265  -7.646 0.0000000000
121687  -43.632  31.383  -7.281 0.0000000000
121701  -42.609  31.285  -8.106 0.0000000000
165503  -42.655  31.630  -6.875 0.0000000000
125386  -44.896  36.268  -2.165 0.0000000000
124786  -44.717  35.087  -1.662 0.0000000000
156993  -44.071  35.292  -1.628 0.0000000000
122932  -39.418  33.650  -3.287 0.0000000000
122940  -40.358  33.257  -3.547 0.0000000000
122939  -39.695  33.286  -3.728 0.0000000000
122330  -39.525  32.828  -4.608 0.0000000000
122317  -38.627  32.600  -3.959 0.0000000000
122328  -38.301  32.135  -4.433 0.0000000000
122937  -38.350  32.786  -3.541 0.0000000000
118896  -36.643  28.079  3.409 0.0000000000
152749  -41.189  29.417  -1.478 0.0000000000
119709  -41.499  29.401  -2.041 0.0000000000
130002  -42.725  41.930  -9.500 0.0000000000
129990  -42.829  41.800  -8.684 0.0000000000
129426  -42.281  41.347  -9.182 0.0000000000
128843  -41.307  39.994  -9.056 0.0000000000
129414  -41.950  40.621  -8.942 0.0000000000
128830  -41.896  39.988  -8.426 0.0000000000
127416  -43.100  38.995  -7.780 0.0000000000
168002  -42.460  39.321  -7.623 0.0000000000
127402  -42.599  38.921  -7.372 0.0000000000
127415  -42.015  39.287  -7.338 0.0000000000
152326  -41.069  39.526  -7.584 0.0000000000
118256  -41.281  27.925  11.689 0.0000000000
185099  -36.531  28.738  10.300 0.0000000000
119556  -36.509  29.209  10.073 0.0000000000
171651  -31.420  49.786  -4.664 0.0000000000
135092  -45.383  48.201  -10.750 0.0000000000
135093  -45.890  48.318  -10.929 0.0000000000
135659  -45.738  49.041  -10.492 0.0000000000
168884  -42.047  34.937  0.504 0.0000000000
123505  -41.156  34.057  1.156 0.0000000000
122875  -41.796  33.838  0.952 0.0000000000
122876  -42.067  33.157  1.270 0.0000000000
166042  -42.932  33.387  0.851 0.0000000000
131094  -39.055  43.620  -0.460 0.0000000000
131755  -45.309  44.888  -1.378 0.0000000000
127358  -49.395  38.744  -5.067 0.0000000000
128081  -49.078  39.814  -4.377 0.0000000000
126703  -49.174  38.193  -3.380 0.0000000000
125381  -49.810  36.190  -1.521 0.0000000000
157293  -49.151  37.273  -1.943 0.0000000000
125380  -49.464  36.565  -1.285 0.0000000000
126035  -48.884  36.949  -0.879 0.0000000000
124772  -49.298  35.900  0.152 0.0000000000
124766  -49.154  35.173  0.281 0.0000000000
124157  -49.665  34.559  0.043 0.0000000000
122287  -49.262  31.864  -1.367 0.0000000000
121606  -49.689  31.953  -0.994 0.0000000000
121604  -49.058  31.383  -1.384 0.0000000000
120347  -49.043  30.245  -1.671 0.0000000000
175758  -48.641  29.812  -2.531 0.0000000000
120364  -48.400  29.270  -3.120 0.0000000000
121009  -47.927  29.888  -2.857 0.0000000000
121616  -46.392  31.082  -2.073 0.0000000000
120997  -46.347  30.577  -2.755 0.0000000000
166067  -45.645  30.711  -3.104 0.0000000000
121016  -45.577  30.513  -3.869 0.0000000000
121639  -45.034  30.986  -3.469 0.0000000000
130513  -42.166  43.115  -4.904 0.0000000000
174924  -42.491  43.026  -4.360 0.0000000000
130514  -42.670  42.627  -5.120 0.0000000000
129358  -43.652  41.303  -4.853 0.0000000000
129923  -43.919  41.451  -4.184 0.0000000000
178456  -44.377  41.023  -4.259 0.0000000000
128754  -45.830  40.857  -3.696 0.0000000000
128770  -45.344  40.295  -4.090 0.0000000000
129404  -43.078  40.744  -7.395 0.0000000000
128812  -43.418  40.551  -6.831 0.0000000000
128126  -43.659  39.829  -6.823 0.0000000000
157634  -45.667  38.436  -6.008 0.0000000000
127367  -45.188  38.837  -5.591 0.0000000000
127368  -46.069  38.811  -5.419 0.0000000000
128112  -46.622  39.349  -5.007 0.0000000000
127386  -47.447  38.389  -6.104 0.0000000000
128113  -48.791  39.506  -6.054 0.0000000000
126726  -47.735  37.950  -6.797 0.0000000000
125435  -47.914  35.726  -7.544 0.0000000000
126094  -48.403  36.867  -7.380 0.0000000000
125427  -48.628  35.975  -6.408 0.0000000000
125410  -49.015  35.968  -4.941 0.0000000000
125416  -47.973  36.156  -5.535 0.0000000000
125408  -47.740  36.191  -4.696 0.0000000000
125415  -47.230  35.887  -5.329 0.0000000000
125413  -45.264  36.419  -5.782 0.0000000000
125406  -46.158  36.110  -4.450 0.0000000000
125405  -45.594  36.393  -4.204 0.0000000000
125399  -45.471  36.516  -3.435 0.0000000000
126731  -42.517  38.359  -6.697 0.0000000000
126722  -42.873  37.940  -6.405 0.0000000000
126721  -42.438  38.322  -6.075 0.0000000000
126707  -42.709  38.087  -4.763 0.0000000000
117720  -37.067  26.704  11.067 0.0000000000
117182  -36.959  26.047  10.999 0.0000000000
117721  -35.692  26.869  9.912 0.0000000000
117739  -36.194  27.319  6.686 0.0000000000
172113  -35.677  26.919  6.938 0.0000000000
117738  -35.814  26.812  6.362 0.0000000000
117742  -35.800  26.648  5.763 0.0000000000
117746  -36.241  26.976  5.444 0.0000000000
118312  -36.485  27.526  4.476 0.0000000000
118303  -37.315  27.781  5.030 0.0000000000
118885  -39.391  27.915  5.200 0.0000000000
182605  -38.835  28.135  4.341 0.0000000000
179150  -39.336  28.064  4.356 0.0000000000
119616  -39.969  28.474  3.130 0.0000000000
118901  -40.410  28.086  4.218 0.0000000000
134414  -34.061  47.640  1.256 0.0000000000
134415  -35.802  47.722  1.243 0.0000000000
169072  -35.317  47.135  1.256 0.0000000000
133752  -36.290  46.584  1.302 0.0000000000
133109  -35.078  46.040  1.126 0.0000000000
135031  -30.086  48.208  -2.045 0.0000000000
134446  -30.846  47.265  -1.905 0.0000000000
133150  -33.478  45.282  -2.130 0.0000000000
167048  -32.672  45.562  -1.695 0.0000000000
132454  -33.823  44.793  -0.985 0.0000000000
131737  -34.672  44.553  -0.271 0.0000000000
153427  -35.063  44.247  -0.695 0.0000000000
131749  -36.259  44.108  -0.963 0.0000000000
131761  -35.669  44.328  -2.071 0.0000000000
132482  -36.782  44.931  -3.801 0.0000000000
131799  -37.151  44.569  -3.247 0.0000000000
132483  -37.604  44.743  -3.872 0.0000000000
131801  -38.996  44.324  -3.372 0.0000000000
132493  -38.374  44.629  -4.371 0.0000000000
133805  -36.020  46.544  -6.413 0.0000000000
133180  -36.567  46.336  -6.805 0.0000000000
132539  -39.294  45.379  -7.157 0.0000000000
132524  -38.300  45.356  -6.707 0.0000000000
160241  -39.442  45.234  -6.558 0.0000000000
132503  -39.841  44.983  -5.323 0.0000000000
132514  -40.237  45.010  -5.831 0.0000000000
131840  -40.740  44.904  -5.767 0.0000000000
166159  -41.207  44.816  -6.583 0.0000000000
132558  -42.128  45.000  -8.316 0.0000000000
131868  -42.164  44.493  -7.399 0.0000000000
131869  -43.186  44.158  -7.769 0.0000000000
131193  -43.234  43.777  -7.428 0.0000000000
131870  -43.868  43.964  -7.872 0.0000000000
133828  -43.107  46.403  -10.429 0.0000000000
133209  -42.937  45.790  -9.990 0.0000000000
133210  -43.643  45.708  -10.303 0.0000000000
131898  -45.979  44.031  -9.548 0.0000000000
131897  -45.401  44.136  -9.225 0.0000000000
130576  -45.368  43.183  -9.346 0.0000000000
130564  -44.955  43.147  -8.764 0.0000000000
130587  -44.959  43.000  -9.647 0.0000000000
130004  -44.262  42.687  -10.206 0.0000000000
130005  -45.228  42.639  -10.344 0.0000000000
129467  -45.282  41.027  -12.236 0.0000000000
181065  -44.775  41.041  -12.033 0.0000000000
128879  -44.806  40.187  -12.621 0.0000000000
128208  -43.933  39.574  -12.205 0.0000000000
128224  -44.502  38.620  -13.029 0.0000000000
128225  -44.697  39.168  -13.268 0.0000000000
130629  -45.857  42.035  -13.214 0.0000000000
129486  -44.812  40.374  -13.164 0.0000000000
130628  -45.132  42.034  -13.201 0.0000000000
130045  -44.392  42.016  -13.097 0.0000000000
130618  -45.378  42.798  -13.162 0.0000000000
171217  -47.761  46.802  -12.207 0.0000000000
120874  -39.779  30.987  10.555 0.0000000000
120911  -36.382  30.883  6.223 0.0000000000
120892  -36.386  30.777  8.798 0.0000000000
120274  -36.646  30.222  6.585 0.0000000000
120271  -36.922  29.469  6.955 0.0000000000
120279  -37.552  29.936  5.745 0.0000000000
122229  -39.530  32.660  2.741 0.0000000000
122218  -38.672  32.328  3.172 0.0000000000
121544  -39.200  31.891  3.330 0.0000000000
120936  -40.893  30.798  4.149 0.0000000000
120935  -40.101  30.964  3.920 0.0000000000
120926  -40.440  30.403  4.629 0.0000000000
120290  -40.090  29.856  5.184 0.0000000000
120291  -40.855  29.655  5.409 0.0000000000
119589  -40.394  28.350  6.229 0.0000000000
120292  -41.554  29.369  5.410 0.0000000000
119609  -43.833  28.812  4.825 0.0000000000
119608  -43.248  28.488  4.910 0.0000000000
155370  -43.476  28.814  3.895 0.0000000000
152318  -41.958  28.575  3.104 0.0000000000
175635  -43.367  28.993  2.642 0.0000000000
130459  -45.555  42.583  2.016 0.0000000000
129286  -43.658  40.935  1.973 0.0000000000
131134  -44.159  43.698  -3.288 0.0000000000
131806  -43.755  44.268  -3.051 0.0000000000
131135  -45.112  43.818  -3.283 0.0000000000
131128  -47.440  43.864  -3.502 0.0000000000
131809  -46.655  44.714  -3.365 0.0000000000
131792  -47.202  44.484  -3.044 0.0000000000
155600  -46.905  44.889  -1.837 0.0000000000
131122  -46.940  44.078  -2.062 0.0000000000
128067  -47.900  39.854  -3.199 0.0000000000
128737  -47.715  40.676  -3.210 0.0000000000
128066  -47.315  40.169  -2.735 0.0000000000
128038  -46.145  40.080  -0.636 0.0000000000
128720  -46.189  41.066  -1.716 0.0000000000
164291  -45.785  41.522  -0.224 0.0000000000
129897  -45.926  42.375  -0.523 0.0000000000
129294  -45.980  41.332  0.865 0.0000000000
129891  -46.443  41.907  1.518 0.0000000000
128683  -46.299  40.770  1.313 0.0000000000
155496  -45.927  38.685  1.846 0.0000000000
127254  -46.026  39.180  2.333 0.0000000000
127269  -45.335  38.883  1.831 0.0000000000
127268  -44.587  38.744  1.550 0.0000000000
126652  -44.739  37.753  0.670 0.0000000000
175747  -43.840  36.892  0.483 0.0000000000
126022  -44.431  37.060  0.467 0.0000000000
124153  -46.180  34.494  0.417 0.0000000000
124151  -44.823  34.666  0.430 0.0000000000
164998  -44.786  33.861  0.507 0.0000000000
122887  -44.415  33.258  0.691 0.0000000000
122263  -45.571  32.774  0.613 0.0000000000
123522  -48.716  33.643  1.115 0.0000000000
122890  -48.201  33.434  0.960 0.0000000000
122266  -48.105  32.718  0.571 0.0000000000
120326  -46.722  29.639  1.181 0.0000000000
121577  -47.314  30.977  0.644 0.0000000000
120964  -46.453  30.481  1.121 0.0000000000
120963  -45.714  30.677  1.569 0.0000000000
120955  -45.917  29.971  1.943 0.0000000000
120318  -45.515  29.300  3.329 0.0000000000
119637  -45.907  28.813  2.669 0.0000000000
119682  -45.248  28.896  -0.270 0.0000000000
119649  -44.739  28.959  1.520 0.0000000000
119663  -44.615  29.106  0.286 0.0000000000
152938  -43.494  29.323  1.013 0.0000000000
119680  -43.995  29.363  -0.161 0.0000000000
153600  -43.372  29.640  -0.491 0.0000000000
119696  -43.973  29.224  -1.059 0.0000000000
157641  -44.584  28.508  -4.049 0.0000000000
119730  -44.054  28.765  -2.964 0.0000000000
119759  -44.052  28.858  -4.392 0.0000000000
119758  -43.128  29.142  -4.564 0.0000000000
156252  -43.727  29.056  -5.107 0.0000000000
177079  -47.025  28.997  -5.939 0.0000000000
119022  -46.452  28.201  -6.314 0.0000000000
119799  -45.946  29.043  -7.299 0.0000000000
120483  -42.125  29.566  -10.882 0.0000000000
119046  -42.901  28.752  -9.162 0.0000000000
119807  -42.345  29.411  -8.431 0.0000000000
119790  -42.291  29.279  -7.455 0.0000000000
119796  -41.895  29.173  -7.875 0.0000000000
120432  -40.953  29.682  -7.639 0.0000000000
120457  -41.085  30.037  -8.975 0.0000000000
121711  -40.524  31.004  -9.212 0.0000000000
120470  -40.023  30.546  -9.962 0.0000000000
121721  -39.691  31.291  -10.048 0.0000000000
121060  -38.655  31.066  -9.861 0.0000000000
121708  -38.776  31.501  -9.644 0.0000000000
124794  -47.154  35.469  -2.280 0.0000000000
124179  -47.266  34.400  -1.438 0.0000000000
124188  -46.815  35.002  -1.719 0.0000000000
174054  -44.516  33.769  -1.352 0.0000000000
166428  -45.053  33.422  -1.339 0.0000000000
122298  -44.328  32.378  -1.935 0.0000000000
121613  -44.026  31.881  -2.527 0.0000000000
122311  -43.431  32.201  -2.991 0.0000000000
167439  -42.355  34.644  -1.336 0.0000000000
123557  -42.171  33.910  -1.733 0.0000000000
122319  -41.385  32.958  -3.958 0.0000000000
122320  -41.692  32.924  -3.370 0.0000000000
153283  -42.041  32.470  -3.831 0.0000000000
122333  -42.261  32.312  -4.511 0.0000000000
122341  -41.928  32.429  -5.145 0.0000000000
122347  -41.540  32.086  -6.125 0.0000000000
122346  -40.888  32.263  -5.743 0.0000000000
183665  -39.072  31.709  -6.254 0.0000000000
121669  -39.628  31.879  -6.270 0.0000000000
174994  -39.117  31.768  -6.971 0.0000000000
121682  -38.517  31.697  -7.751 0.0000000000
118911  -38.410  28.588  2.838 0.0000000000
118918  -38.772  28.610  2.219 0.0000000000
119643  -39.137  29.117  0.995 0.0000000000
129451  -42.470  41.073  -10.828 0.0000000000
129425  -41.910  40.804  -9.551 0.0000000000
129438  -41.968  40.675  -10.184 0.0000000000
128842  -41.431  40.158  -9.747 0.0000000000
128163  -41.117  39.749  -8.384 0.0000000000
128174  -40.759  39.478  -9.077 0.0000000000
124757  -41.894  35.692  0.447 0.0000000000
169039  -42.554  35.376  0.399 0.0000000000
131119  -39.583  43.821  -1.945 0.0000000000
131120  -40.979  43.963  -2.113 0.0000000000
131770  -43.166  44.478  -2.220 0.0000000000
126078  -49.816  36.742  -4.496 0.0000000000
126704  -49.512  37.701  -3.534 0.0000000000
125396  -49.876  36.504  -3.122 0.0000000000
125388  -49.919  36.343  -2.300 0.0000000000
124180  -50.075  34.676  -1.650 0.0000000000
124163  -50.010  34.627  -0.749 0.0000000000
123546  -50.047  33.922  -1.335 0.0000000000
122913  -49.641  32.572  -1.635 0.0000000000
122286  -49.103  31.996  -1.367 0.0000000000
121618  -48.491  30.741  -1.869 0.0000000000
122285  -48.109  32.122  -1.239 0.0000000000
122284  -47.075  32.268  -1.314 0.0000000000
130525  -42.840  42.711  -5.992 0.0000000000
129931  -43.074  42.153  -5.004 0.0000000000
129941  -43.160  42.198  -5.687 0.0000000000
128784  -43.816  40.548  -5.405 0.0000000000
128141  -43.652  39.136  -7.507 0.0000000000
128127  -44.122  39.111  -6.824 0.0000000000
127404  -44.444  38.308  -7.320 0.0000000000
126735  -45.127  37.906  -7.346 0.0000000000
126736  -46.250  37.625  -7.377 0.0000000000
126738  -47.821  37.467  -7.300 0.0000000000
126745  -46.356  37.058  -7.683 0.0000000000
125443  -46.728  36.139  -8.024 0.0000000000
125434  -47.044  35.724  -7.573 0.0000000000
153273  -46.777  35.753  -6.104 0.0000000000
125424  -46.269  35.628  -7.057 0.0000000000
125422  -44.959  36.580  -6.432 0.0000000000
126082  -44.363  36.780  -5.716 0.0000000000
127366  -42.020  38.668  -5.555 0.0000000000
116045  -35.804  24.849  9.636 0.0000000000
118272  -35.740  27.508  9.733 0.0000000000
118276  -35.515  27.222  9.280 0.0000000000
118286  -35.755  27.491  7.935 0.0000000000
118294  -36.857  27.603  6.484 0.0000000000
118299  -37.560  27.780  5.815 0.0000000000
118300  -38.338  27.844  5.748 0.0000000000
133749  -33.300  47.106  1.029 0.0000000000
134455  -31.375  47.877  -3.332 0.0000000000
133777  -31.482  46.954  -2.288 0.0000000000
133783  -32.380  46.931  -3.338 0.0000000000
133154  -33.013  45.908  -2.652 0.0000000000
132478  -33.984  45.453  -3.238 0.0000000000
181266  -35.503  44.484  -2.749 0.0000000000
132479  -34.697  45.143  -3.516 0.0000000000
132489  -35.601  45.167  -4.339 0.0000000000
132498  -36.597  45.330  -4.967 0.0000000000
135068  -38.216  48.034  -8.197 0.0000000000
133186  -37.432  46.391  -7.539 0.0000000000
133191  -38.685  46.356  -8.333 0.0000000000
133188  -39.159  45.769  -7.830 0.0000000000
180399  -40.421  45.253  -7.524 0.0000000000
132541  -41.172  45.011  -7.572 0.0000000000
167017  -40.902  45.231  -8.006 0.0000000000
132573  -41.655  45.349  -8.724 0.0000000000
132574  -42.319  45.190  -9.001 0.0000000000
133226  -44.872  46.114  -10.771 0.0000000000
132609  -45.244  45.474  -10.625 0.0000000000
132593  -46.152  44.830  -10.262 0.0000000000
131910  -46.362  44.249  -9.990 0.0000000000
130588  -46.480  43.047  -10.309 0.0000000000
183188  -45.783  42.616  -10.528 0.0000000000
179489  -46.813  42.778  -10.941 0.0000000000
130034  -46.232  41.809  -11.932 0.0000000000
129479  -45.760  40.400  -12.884 0.0000000000
128891  -45.265  40.177  -12.959 0.0000000000
129481  -45.965  41.204  -13.049 0.0000000000
130631  -46.653  42.649  -12.970 0.0000000000
176511  -46.816  43.635  -12.795 0.0000000000
124094  -35.038  35.199  4.731 0.0000000000
124091  -34.825  34.781  5.975 0.0000000000
123448  -37.128  34.178  7.498 0.0000000000
122819  -36.737  33.415  7.415 0.0000000000
121491  -38.581  31.621  9.926 0.0000000000
122177  -36.476  31.707  7.948 0.0000000000
121521  -36.147  31.468  5.953 0.0000000000
180416  -37.257  31.227  4.812 0.0000000000
122231  -40.994  32.127  2.739 0.0000000000
121554  -40.575  31.785  3.212 0.0000000000
121555  -41.316  31.617  3.092 0.0000000000
121547  -42.146  30.740  3.969 0.0000000000
120937  -41.643  30.532  4.389 0.0000000000
120293  -42.449  29.150  5.370 0.0000000000
120938  -42.975  30.090  4.302 0.0000000000
120304  -43.833  28.994  4.368 0.0000000000
119610  -44.022  28.990  4.135 0.0000000000
131057  -46.412  44.208  2.451 0.0000000000
131062  -45.776  43.422  2.126 0.0000000000
174354  -46.046  41.905  1.959 0.0000000000
130494  -45.372  42.943  -3.425 0.0000000000
131136  -45.900  43.590  -3.541 0.0000000000
130496  -47.120  43.208  -4.269 0.0000000000
131137  -47.484  43.626  -3.903 0.0000000000
170397  -48.054  43.070  -3.724 0.0000000000
127308  -47.575  38.410  -1.541 0.0000000000
127307  -47.250  39.069  -1.903 0.0000000000
127293  -47.407  38.270  -0.518 0.0000000000
128026  -46.902  38.757  -0.071 0.0000000000
179932  -46.662  39.162  0.717 0.0000000000
128012  -46.593  39.732  1.530 0.0000000000
128013  -46.922  39.043  1.796 0.0000000000
171661  -46.928  38.680  2.064 0.0000000000
126006  -46.506  37.628  1.223 0.0000000000
125360  -45.477  36.705  0.340 0.0000000000
125361  -46.150  36.409  0.442 0.0000000000
124763  -46.813  35.700  0.558 0.0000000000
123520  -46.964  34.148  0.563 0.0000000000
184987  -48.930  31.035  0.096 0.0000000000
121587  -48.087  31.269  0.485 0.0000000000
120332  -47.925  30.159  0.216 0.0000000000
119666  -47.540  29.317  0.432 0.0000000000
119651  -46.859  29.023  1.120 0.0000000000
118928  -46.231  28.654  1.416 0.0000000000
170291  -46.327  28.285  0.002 0.0000000000
118944  -45.945  28.672  -0.769 0.0000000000
119698  -45.279  28.799  -1.185 0.0000000000
119697  -44.704  28.878  -1.482 0.0000000000
118966  -45.323  28.362  -2.678 0.0000000000
118978  -45.295  28.164  -3.425 0.0000000000
119001  -45.457  27.993  -4.859 0.0000000000
172656  -45.613  30.156  -6.648 0.0000000000
120460  -44.796  29.869  -7.827 0.0000000000
121052  -44.952  30.577  -7.327 0.0000000000
121077  -43.141  31.129  -9.217 0.0000000000
121075  -41.925  30.737  -9.705 0.0000000000
168989  -41.244  30.425  -9.530 0.0000000000
121712  -42.144  31.313  -8.876 0.0000000000
152416  -41.381  31.273  -8.612 0.0000000000
121699  -40.716  31.299  -8.525 0.0000000000
124793  -46.229  36.043  -2.397 0.0000000000
124187  -46.146  35.164  -1.495 0.0000000000
124787  -45.488  35.204  -1.514 0.0000000000
163571  -44.602  34.405  -1.384 0.0000000000
122906  -43.927  33.514  -1.490 0.0000000000
123569  -40.621  33.737  -2.213 0.0000000000
183500  -41.161  33.524  -2.419 0.0000000000
122933  -40.595  33.353  -2.821 0.0000000000
122945  -40.766  33.244  -4.181 0.0000000000
177964  -40.931  33.036  -4.743 0.0000000000
122339  -40.540  32.724  -5.193 0.0000000000
122338  -39.817  32.598  -5.116 0.0000000000
122337  -39.261  32.414  -4.989 0.0000000000
121646  -38.629  31.975  -5.171 0.0000000000
121656  -37.930  31.664  -6.048 0.0000000000
122327  -37.699  31.983  -4.332 0.0000000000
117760  -35.926  27.125  3.857 0.0000000000
129978  -43.416  42.328  -8.032 0.0000000000
129965  -43.391  41.996  -7.422 0.0000000000
129964  -42.936  41.665  -8.001 0.0000000000
129403  -42.801  40.954  -7.966 0.0000000000
128819  -42.880  40.192  -7.881 0.0000000000
128831  -42.411  40.423  -8.303 0.0000000000
182188  -43.032  39.676  -7.797 0.0000000000
128153  -43.261  39.233  -7.816 0.0000000000
127417  -43.628  38.622  -7.656 0.0000000000
126733  -43.665  37.922  -7.328 0.0000000000
178340  -42.650  38.407  -7.185 0.0000000000
128151  -41.413  39.545  -7.697 0.0000000000
127414  -41.603  39.323  -7.255 0.0000000000
155056  -39.131  26.070  11.664 0.0000000000
117712  -39.883  26.878  11.698 0.0000000000
170199  -38.399  26.908  11.530 0.0000000000
118253  -38.019  27.493  11.411 0.0000000000
118835  -40.508  28.066  11.557 0.0000000000
118833  -38.404  28.129  11.365 0.0000000000
118268  -36.723  27.792  10.635 0.0000000000
118853  -35.995  28.063  9.801 0.0000000000
118866  -36.203  28.485  8.192 0.0000000000
118870  -36.718  28.552  7.520 0.0000000000
135599  -30.617  48.923  -3.535 0.0000000000
135600  -31.305  48.604  -3.658 0.0000000000
135043  -32.306  48.677  -4.285 0.0000000000
135605  -33.275  48.859  -4.635 0.0000000000
134485  -41.198  47.274  -9.959 0.0000000000
134494  -44.254  47.655  -10.800 0.0000000000
133841  -45.373  46.768  -10.906 0.0000000000
133842  -46.244  46.703  -10.992 0.0000000000
133228  -46.751  46.225  -11.178 0.0000000000
133229  -47.462  46.067  -11.657 0.0000000000
133843  -46.876  46.935  -11.387 0.0000000000
135094  -46.594  48.267  -11.307 0.0000000000
123498  -40.748  33.625  1.578 0.0000000000
160766  -41.064  33.027  1.924 0.0000000000
122868  -41.745  32.725  1.764 0.0000000000
122250  -42.414  32.497  1.643 0.0000000000
122242  -43.361  31.626  1.852 0.0000000000
132446  -46.178  45.475  0.260 0.0000000000
133140  -46.867  45.269  -0.068 0.0000000000
128789  -48.919  40.694  -5.177 0.0000000000
129347  -48.962  41.722  -4.735 0.0000000000
128758  -49.144  40.622  -4.726 0.0000000000
127348  -48.792  39.386  -3.576 0.0000000000
127335  -48.478  38.810  -2.961 0.0000000000
126063  -49.309  37.783  -2.943 0.0000000000
126694  -48.657  38.200  -2.617 0.0000000000
126687  -48.530  37.867  -2.103 0.0000000000
126677  -48.381  37.611  -1.469 0.0000000000
165307  -48.657  37.102  -0.192 0.0000000000
126010  -48.786  36.911  1.551 0.0000000000
124749  -48.419  35.527  0.966 0.0000000000
124750  -48.639  35.815  1.013 0.0000000000
123523  -49.167  34.093  0.751 0.0000000000
122268  -49.237  32.457  0.502 0.0000000000
122898  -50.017  33.060  -0.625 0.0000000000
122269  -49.682  32.346  0.185 0.0000000000
120975  -49.261  31.251  -0.009 0.0000000000
120342  -49.010  30.681  -1.065 0.0000000000
119716  -48.690  28.982  -2.145 0.0000000000
168337  -48.567  28.445  -2.578 0.0000000000
118993  -47.970  27.636  -4.236 0.0000000000
119746  -48.181  28.350  -4.506 0.0000000000
120392  -47.657  29.009  -4.647 0.0000000000
120391  -46.890  29.439  -4.719 0.0000000000
121008  -47.062  30.063  -3.164 0.0000000000
121017  -46.256  30.115  -4.311 0.0000000000
120390  -46.234  29.919  -5.020 0.0000000000
121029  -45.608  30.391  -5.327 0.0000000000
157344  -44.910  30.705  -5.732 0.0000000000
121661  -44.289  31.073  -5.201 0.0000000000
124785  -43.675  35.728  -1.644 0.0000000000
124783  -42.388  35.891  -1.213 0.0000000000
124173  -41.888  35.300  -1.275 0.0000000000
163491  -41.274  35.044  -1.400 0.0000000000
123556  -40.827  34.243  -1.783 0.0000000000
123555  -40.120  34.169  -2.017 0.0000000000
123567  -39.158  34.089  -2.946 0.0000000000
122931  -38.933  33.648  -3.292 0.0000000000
131818  -41.284  44.379  -4.475 0.0000000000
131804  -42.087  44.297  -3.521 0.0000000000
131131  -42.251  43.919  -3.855 0.0000000000
131132  -42.728  43.418  -3.804 0.0000000000
130492  -43.779  42.901  -3.665 0.0000000000
129922  -43.423  41.953  -4.511 0.0000000000
129910  -43.783  42.129  -3.930 0.0000000000
129912  -44.819  42.143  -3.508 0.0000000000
129343  -45.363  41.524  -3.644 0.0000000000
128755  -46.644  40.995  -3.962 0.0000000000
129360  -47.711  41.373  -4.584 0.0000000000
129396  -43.503  41.431  -6.911 0.0000000000
128801  -43.651  40.464  -6.105 0.0000000000
128785  -44.273  40.196  -5.175 0.0000000000
128110  -44.538  39.375  -5.591 0.0000000000
128786  -44.908  39.927  -4.787 0.0000000000
128094  -45.616  39.735  -4.374 0.0000000000
128096  -47.243  39.954  -4.827 0.0000000000
128787  -48.548  41.042  -5.106 0.0000000000
128788  -48.710  40.319  -5.308 0.0000000000
128128  -48.998  39.259  -6.249 0.0000000000
127371  -49.250  38.892  -6.176 0.0000000000
180184  -48.272  37.483  -7.193 0.0000000000
126088  -49.033  37.408  -6.477 0.0000000000
126077  -49.640  37.259  -5.067 0.0000000000
125418  -49.553  36.534  -5.099 0.0000000000
124810  -49.251  35.816  -4.167 0.0000000000
167655  -49.194  35.444  -3.863 0.0000000000
124195  -48.924  34.956  -2.876 0.0000000000
124800  -48.668  35.480  -3.391 0.0000000000
124799  -47.869  36.214  -3.201 0.0000000000
125395  -47.111  36.291  -3.158 0.0000000000
153200  -46.447  36.079  -5.216 0.0000000000
181542  -46.405  35.917  -4.089 0.0000000000
125394  -46.413  35.999  -3.127 0.0000000000
125393  -45.868  36.212  -2.925 0.0000000000
125392  -45.230  36.506  -2.706 0.0000000000
125391  -44.600  36.805  -2.452 0.0000000000
126723  -43.395  37.664  -6.675 0.0000000000
126081  -43.722  37.113  -6.212 0.0000000000
126074  -43.613  37.254  -5.283 0.0000000000
126715  -42.810  37.997  -5.644 0.0000000000
168944  -43.133  37.705  -5.256 0.0000000000
126068  -43.800  37.431  -4.336 0.0000000000
117175  -38.054  25.932  11.492 0.0000000000
116606  -36.386  25.780  10.611 0.0000000000
184282  -35.525  25.234  9.296 0.0000000000
117732  -35.438  26.920  8.228 0.0000000000
117197  -35.313  26.335  7.856 0.0000000000
169501  -35.247  25.788  7.468 0.0000000000
117206  -35.525  26.139  5.511 0.0000000000
117749  -35.491  26.443  4.318 0.0000000000
118897  -37.384  28.254  3.628 0.0000000000
118883  -37.781  28.101  4.540 0.0000000000
118898  -38.187  28.365  3.881 0.0000000000
182296  -38.290  28.532  3.321 0.0000000000
118912  -39.176  28.470  2.903 0.0000000000
162789  -40.404  28.792  2.504 0.0000000000
119631  -40.905  29.001  1.929 0.0000000000
133128  -32.484  46.287  0.143 0.0000000000
133774  -31.867  46.408  -1.873 0.0000000000
133135  -32.296  46.050  -0.598 0.0000000000
133130  -33.872  45.833  0.557 0.0000000000
132442  -34.789  44.926  0.449 0.0000000000
185036  -35.461  44.813  0.630 0.0000000000
167440  -37.503  44.509  0.900 0.0000000000
131077  -36.935  43.905  -0.030 0.0000000000
131092  -37.410  43.782  -0.462 0.0000000000
131117  -38.151  43.790  -1.642 0.0000000000
174094  -36.110  44.516  -2.699 0.0000000000
131781  -37.479  44.310  -2.620 0.0000000000
164996  -38.628  43.862  -2.195 0.0000000000
131783  -39.250  44.177  -2.921 0.0000000000
131784  -39.839  44.346  -2.985 0.0000000000
174891  -40.196  44.667  -3.983 0.0000000000
134465  -34.406  47.556  -5.295 0.0000000000
133798  -35.265  46.500  -5.637 0.0000000000
133171  -36.258  45.733  -5.527 0.0000000000
132509  -36.805  45.437  -5.472 0.0000000000
133181  -37.214  46.069  -6.986 0.0000000000
132511  -38.083  45.237  -6.029 0.0000000000
132500  -37.982  45.030  -5.230 0.0000000000
132501  -38.778  44.852  -5.011 0.0000000000
131827  -40.061  44.874  -4.616 0.0000000000
131817  -40.662  44.609  -4.347 0.0000000000
177978  -40.957  44.542  -4.921 0.0000000000
131842  -41.575  44.149  -5.803 0.0000000000
131166  -41.995  43.567  -5.880 0.0000000000
131854  -41.538  44.627  -7.117 0.0000000000
131855  -42.123  44.234  -6.933 0.0000000000
131167  -42.358  43.187  -6.313 0.0000000000
131182  -43.290  43.352  -7.121 0.0000000000
131194  -43.683  43.433  -7.500 0.0000000000
130550  -43.849  42.991  -7.671 0.0000000000
159966  -42.135  46.187  -9.896 0.0000000000
132588  -42.541  45.426  -9.659 0.0000000000
132576  -43.740  44.960  -9.343 0.0000000000
132591  -44.834  45.130  -10.060 0.0000000000
132577  -44.405  44.827  -9.469 0.0000000000
166100  -43.994  44.368  -8.515 0.0000000000
131884  -44.310  44.092  -8.455 0.0000000000
130563  -44.513  43.144  -8.417 0.0000000000
130562  -43.995  42.868  -8.432 0.0000000000
130003  -43.430  42.389  -9.882 0.0000000000
130015  -42.810  41.902  -10.430 0.0000000000
130017  -44.633  42.196  -10.895 0.0000000000
130031  -44.171  41.589  -11.456 0.0000000000
129452  -43.291  41.437  -11.242 0.0000000000
128878  -42.971  39.681  -11.726 0.0000000000
128206  -42.626  38.719  -11.603 0.0000000000
128901  -44.824  39.852  -13.010 0.0000000000
179682  -44.372  39.219  -13.525 0.0000000000
132646  -47.625  45.276  -12.047 0.0000000000
131966  -47.361  44.837  -12.605 0.0000000000
131965  -47.044  44.610  -12.959 0.0000000000
120241  -38.569  29.935  10.791 0.0000000000
120887  -38.037  31.040  10.207 0.0000000000
120256  -37.660  30.509  10.324 0.0000000000
120255  -37.091  30.117  10.182 0.0000000000
179364  -36.232  29.665  9.291 0.0000000000
174147  -37.053  28.879  7.166 0.0000000000
119584  -37.685  28.879  6.786 0.0000000000
122216  -37.464  32.269  3.893 0.0000000000
121543  -37.843  31.832  3.877 0.0000000000
120923  -37.675  30.966  4.703 0.0000000000
161223  -39.911  31.593  3.502 0.0000000000
121535  -38.827  30.933  4.263 0.0000000000
120924  -38.353  30.584  4.702 0.0000000000
120289  -38.635  30.083  5.397 0.0000000000
120281  -39.227  29.317  6.055 0.0000000000
118877  -39.245  28.450  6.582 0.0000000000
119588  -39.779  28.436  6.320 0.0000000000
118881  -40.651  27.822  6.259 0.0000000000
118887  -40.872  27.769  5.436 0.0000000000
119597  -41.640  28.504  5.335 0.0000000000
119607  -41.907  28.051  5.036 0.0000000000
118902  -41.220  27.961  4.665 0.0000000000
119618  -41.756  28.326  4.002 0.0000000000
152827  -41.228  28.759  2.825 0.0000000000
152714  -41.995  29.243  1.639 0.0000000000
129285  -42.891  41.270  1.930 0.0000000000
127996  -43.122  39.617  1.952 0.0000000000
184737  -42.930  38.644  1.746 0.0000000000
131788  -42.441  44.399  -2.978 0.0000000000
131772  -44.462  44.779  -2.403 0.0000000000
160977  -46.084  44.315  -3.484 0.0000000000
131790  -45.098  44.767  -2.719 0.0000000000
131773  -45.180  44.878  -2.122 0.0000000000
133144  -46.379  45.371  -1.571 0.0000000000
132458  -46.967  44.929  -0.530 0.0000000000
131743  -46.954  44.382  -0.177 0.0000000000
129915  -48.435  42.080  -4.264 0.0000000000
129905  -47.959  42.262  -3.539 0.0000000000
129904  -47.378  42.018  -2.869 0.0000000000
128721  -46.696  40.711  -2.331 0.0000000000
129307  -46.436  41.597  -2.052 0.0000000000
130485  -46.826  42.923  -2.161 0.0000000000
165723  -46.351  43.077  -1.523 0.0000000000
130477  -46.515  43.485  -0.208 0.0000000000
131085  -46.827  43.952  0.338 0.0000000000
130466  -46.695  43.180  1.561 0.0000000000
129887  -46.479  42.519  1.768 0.0000000000
162304  -46.059  41.261  2.093 0.0000000000
168024  -46.544  40.085  2.342 0.0000000000
128677  -46.314  40.143  2.488 0.0000000000
128676  -45.464  40.213  2.290 0.0000000000
127997  -44.649  39.779  2.103 0.0000000000
127267  -43.751  38.519  1.470 0.0000000000
126005  -42.794  37.676  1.081 0.0000000000
126021  -43.258  37.118  0.643 0.0000000000
125357  -43.499  36.399  0.434 0.0000000000
175367  -43.049  35.146  0.415 0.0000000000
124760  -44.577  35.865  0.407 0.0000000000
168930  -44.305  35.234  0.392 0.0000000000
123517  -43.576  33.991  0.511 0.0000000000
122886  -43.808  33.343  0.740 0.0000000000
122252  -43.649  32.153  1.311 0.0000000000
121573  -43.938  31.526  1.732 0.0000000000
124139  -48.311  34.858  0.928 0.0000000000
156528  -47.639  33.799  0.801 0.0000000000
178530  -46.897  33.045  0.490 0.0000000000
121586  -47.573  31.873  0.522 0.0000000000
121585  -46.772  32.137  0.543 0.0000000000
122264  -46.456  32.642  0.485 0.0000000000
121575  -45.357  31.444  1.211 0.0000000000
121574  -44.589  31.453  1.474 0.0000000000
121567  -44.339  30.753  2.170 0.0000000000
120317  -45.125  29.395  3.466 0.0000000000
119622  -45.332  28.911  3.532 0.0000000000
119621  -44.887  28.879  3.720 0.0000000000
119650  -45.532  28.671  1.945 0.0000000000
119635  -44.738  28.926  2.666 0.0000000000
119634  -44.044  29.017  2.637 0.0000000000
119647  -43.368  29.163  1.684 0.0000000000
119646  -42.721  29.180  1.676 0.0000000000
153055  -42.195  29.565  0.930 0.0000000000
119660  -42.234  29.743  0.211 0.0000000000
153023  -42.696  29.537  -0.765 0.0000000000
153028  -42.672  29.430  -1.418 0.0000000000
119712  -44.173  28.941  -2.320 0.0000000000
119729  -43.489  29.152  -2.431 0.0000000000
119728  -42.766  29.574  -2.596 0.0000000000
119742  -42.499  29.478  -3.418 0.0000000000
120389  -41.990  29.565  -4.062 0.0000000000
119012  -46.838  27.812  -5.355 0.0000000000
119011  -46.038  27.887  -5.444 0.0000000000
119782  -44.730  28.749  -5.910 0.0000000000
119831  -43.973  29.264  -9.218 0.0000000000
119037  -43.782  28.930  -7.150 0.0000000000
119792  -43.809  29.003  -6.757 0.0000000000
119780  -43.251  29.218  -6.490 0.0000000000
120418  -42.689  29.433  -6.059 0.0000000000
120401  -41.372  29.821  -5.937 0.0000000000
120416  -41.216  29.848  -6.745 0.0000000000
120431  -40.502  29.903  -7.093 0.0000000000
164517  -40.472  30.240  -9.482 0.0000000000
120456  -40.071  30.192  -9.438 0.0000000000
123559  -48.149  34.199  -1.609 0.0000000000
178865  -46.899  33.464  -1.263 0.0000000000
122909  -46.549  32.989  -1.206 0.0000000000
123542  -45.703  34.258  -1.251 0.0000000000
122908  -45.725  33.077  -1.355 0.0000000000
121615  -45.321  31.530  -2.147 0.0000000000
121626  -44.540  31.463  -3.019 0.0000000000
121638  -44.442  31.241  -3.774 0.0000000000
121648  -43.805  31.487  -4.766 0.0000000000
124175  -43.446  35.152  -1.365 0.0000000000
122309  -42.099  33.116  -2.792 0.0000000000
122310  -42.835  32.776  -2.711 0.0000000000
122322  -43.373  32.006  -3.726 0.0000000000
121647  -43.200  31.821  -5.006 0.0000000000
121659  -43.020  31.927  -5.689 0.0000000000
121672  -42.093  31.850  -6.615 0.0000000000
169407  -41.619  31.504  -7.200 0.0000000000
121684  -40.792  31.523  -7.625 0.0000000000
121670  -40.288  31.971  -6.293 0.0000000000
154531  -40.487  31.688  -6.915 0.0000000000
152860  -39.863  31.690  -7.829 0.0000000000
116601  -37.451  25.553  11.227 0.0000000000
116612  -35.635  25.465  9.770 0.0000000000
116613  -36.169  25.166  10.207 0.0000000000
116619  -35.382  25.373  8.646 0.0000000000
116622  -35.294  25.222  7.861 0.0000000000
117168  -40.744  25.857  12.246 0.0000000000
117174  -37.549  26.264  11.294 0.0000000000
117177  -39.620  25.710  12.009 0.0000000000
117189  -35.422  25.812  9.280 0.0000000000
117194  -35.331  26.234  8.616 0.0000000000
117710  -38.601  26.314  11.536 0.0000000000
117711  -39.154  26.784  11.573 0.0000000000
117719  -36.477  26.475  10.719 0.0000000000
117722  -36.102  26.862  10.417 0.0000000000
117726  -35.420  26.527  9.323 0.0000000000
117743  -36.283  27.146  6.074 0.0000000000
117745  -35.654  26.529  5.087 0.0000000000
118252  -37.716  26.878  11.361 0.0000000000
118254  -38.799  27.483  11.504 0.0000000000
118269  -37.252  27.442  11.111 0.0000000000
118273  -36.088  27.495  10.272 0.0000000000
118282  -35.567  27.557  8.629 0.0000000000
118287  -36.426  27.935  7.691 0.0000000000
118290  -36.027  27.426  7.306 0.0000000000
118292  -37.291  27.998  6.812 0.0000000000
118302  -36.730  27.420  5.247 0.0000000000
118318  -36.196  27.619  3.272 0.0000000000
118396  -45.034  28.889  -6.917 0.0000000000
118401  -43.829  28.673  -8.571 0.0000000000
118402  -44.227  28.193  -7.955 0.0000000000
118403  -44.984  29.011  -8.041 0.0000000000
118407  -44.322  28.811  -8.754 0.0000000000
118408  -44.631  28.881  -8.610 0.0000000000
118834  -39.961  28.465  11.441 0.0000000000
118854  -36.262  28.666  9.890 0.0000000000
118857  -35.718  27.882  9.234 0.0000000000
118858  -36.009  28.539  9.346 0.0000000000
118865  -35.812  28.297  8.746 0.0000000000
118876  -38.971  27.944  6.542 0.0000000000
118888  -41.377  27.972  5.369 0.0000000000
118900  -39.605  28.231  3.796 0.0000000000
118919  -45.938  28.765  2.130 0.0000000000
118920  -46.243  28.843  1.772 0.0000000000
118927  -45.891  28.587  1.236 0.0000000000
118929  -46.658  28.594  1.030 0.0000000000
118936  -46.351  28.370  0.720 0.0000000000
118937  -46.803  28.385  0.250 0.0000000000
118945  -46.629  28.449  -0.663 0.0000000000
118946  -47.230  28.360  -0.485 0.0000000000
118958  -47.010  28.054  -1.242 0.0000000000
118959  -47.664  28.225  -1.428 0.0000000000
118967  -45.948  28.156  -2.442 0.0000000000
118968  -46.494  27.984  -2.121 0.0000000000
118969  -47.300  27.525  -2.404 0.0000000000
118970  -47.945  27.916  -2.189 0.0000000000
118982  -48.093  27.939  -2.966 0.0000000000
118990  -45.238  28.083  -4.187 0.0000000000
118991  -46.012  27.670  -4.067 0.0000000000
118994  -48.210  28.169  -3.804 0.0000000000
119003  -46.921  27.707  -4.738 0.0000000000
119004  -47.891  27.593  -4.860 0.0000000000
119010  -45.196  28.306  -5.241 0.0000000000
119020  -45.478  28.307  -5.759 0.0000000000
119021  -46.150  28.007  -5.930 0.0000000000
119029  -44.411  28.871  -6.914 0.0000000000
119030  -45.243  28.505  -6.524 0.0000000000
119031  -45.954  28.318  -6.567 0.0000000000
119032  -46.261  28.490  -6.746 0.0000000000
119038  -45.050  28.679  -6.942 0.0000000000
119039  -45.735  28.497  -6.934 0.0000000000
119040  -45.989  28.710  -7.080 0.0000000000
119047  -43.030  28.806  -7.997 0.0000000000
119048  -44.158  28.559  -7.543 0.0000000000
119049  -45.798  28.903  -7.397 0.0000000000
119050  -45.236  29.088  -7.669 0.0000000000
119055  -43.220  28.559  -8.999 0.0000000000
119056  -44.995  29.125  -8.045 0.0000000000
119057  -45.046  29.145  -8.157 0.0000000000
119064  -42.803  28.820  -9.817 0.0000000000
119065  -43.377  28.698  -9.447 0.0000000000
119066  -44.380  28.902  -8.834 0.0000000000
119067  -44.601  28.911  -8.645 0.0000000000
119072  -42.862  28.886  -10.082 0.0000000000
119073  -43.322  28.826  -9.800 0.0000000000
119074  -43.685  28.943  -9.388 0.0000000000
119075  -44.050  29.045  -9.069 0.0000000000
119076  -44.292  28.972  -8.922 0.0000000000
119557  -36.894  29.104  10.540 0.0000000000
119567  -36.769  29.606  10.267 0.0000000000
119569  -36.195  29.194  9.598 0.0000000000
119579  -36.590  29.322  7.468 0.0000000000
119585  -38.604  28.514  6.703 0.0000000000
119590  -40.848  28.289  6.288 0.0000000000
119591  -41.139  28.759  5.837 0.0000000000
119619  -42.657  28.343  4.032 0.0000000000
119623  -45.696  28.805  3.349 0.0000000000
119632  -41.652  29.085  2.276 0.0000000000
119636  -45.723  28.685  2.931 0.0000000000
119659  -41.738  29.708  0.403 0.0000000000
119661  -42.782  29.708  -0.076 0.0000000000
119662  -44.021  29.337  0.757 0.0000000000
119664  -45.284  28.792  0.792 0.0000000000
119665  -47.168  28.658  0.576 0.0000000000
119679  -42.142  29.515  -0.486 0.0000000000
119683  -48.127  29.311  -0.790 0.0000000000
119684  -48.586  29.604  -1.569 0.0000000000
119699  -48.269  28.776  -1.421 0.0000000000
119710  -42.283  29.568  -2.030 0.0000000000
119711  -43.572  29.307  -1.725 0.0000000000
119713  -44.782  28.786  -2.187 0.0000000000
119714  -45.326  28.607  -1.963 0.0000000000
119727  -41.889  29.659  -2.740 0.0000000000
119732  -48.533  28.678  -3.260 0.0000000000
119743  -43.295  29.116  -3.857 0.0000000000
119744  -43.991  28.734  -3.622 0.0000000000
119745  -44.684  28.526  -3.518 0.0000000000
119757  -42.390  29.512  -4.697 0.0000000000
119760  -44.841  28.379  -4.616 0.0000000000
119761  -47.532  28.910  -5.194 0.0000000000
119768  -43.444  29.138  -5.783 0.0000000000
119769  -44.136  28.970  -5.553 0.0000000000
119770  -44.735  28.719  -5.633 0.0000000000
119771  -47.341  28.369  -5.627 0.0000000000
119779  -42.485  29.359  -6.840 0.0000000000
119781  -43.897  29.023  -5.944 0.0000000000
119783  -46.646  28.711  -6.635 0.0000000000
119791  -43.018  29.284  -7.204 0.0000000000
119793  -46.248  28.923  -6.967 0.0000000000
119797  -42.631  29.163  -7.787 0.0000000000
119808  -42.896  28.975  -8.356 0.0000000000
119809  -45.513  29.176  -7.590 0.0000000000
119814  -42.092  29.442  -9.781 0.0000000000
119815  -42.405  28.694  -10.200 0.0000000000
119821  -42.198  29.094  -10.715 0.0000000000
119822  -42.391  28.743  -10.559 0.0000000000
119828  -42.244  29.232  -10.903 0.0000000000
119829  -42.682  28.939  -10.575 0.0000000000
119830  -43.073  28.936  -10.021 0.0000000000
119832  -44.274  29.298  -8.954 0.0000000000
119837  -43.147  29.273  -10.180 0.0000000000
119838  -43.491  29.435  -9.930 0.0000000000
120239  -37.170  29.618  10.466 0.0000000000
120240  -37.771  29.921  10.585 0.0000000000
120254  -36.514  29.802  9.820 0.0000000000
120267  -36.336  29.936  7.855 0.0000000000
120270  -36.435  30.076  7.194 0.0000000000
120275  -37.325  29.655  6.413 0.0000000000
120277  -38.800  29.119  6.515 0.0000000000
120280  -38.430  29.795  6.062 0.0000000000
120283  -40.613  28.992  5.960 0.0000000000
120302  -42.393  30.106  4.802 0.0000000000
120303  -43.596  29.142  4.860 0.0000000000
120312  -44.538  29.053  3.754 0.0000000000
120319  -45.886  29.258  2.685 0.0000000000
120325  -46.207  29.617  1.734 0.0000000000
120327  -47.321  29.833  0.679 0.0000000000
120333  -48.473  30.415  -0.233 0.0000000000
120340  -48.172  29.626  -0.089 0.0000000000
120352  -48.778  29.775  -2.194 0.0000000000
120363  -47.745  29.426  -3.495 0.0000000000
120375  -47.824  29.085  -4.114 0.0000000000
120376  -48.412  28.899  -3.869 0.0000000000
120403  -46.328  29.739  -5.774 0.0000000000
120404  -46.974  29.247  -5.417 0.0000000000
120417  -41.920  29.531  -6.400 0.0000000000
120419  -46.066  30.086  -6.142 0.0000000000
120420  -46.622  29.207  -6.294 0.0000000000
120434  -45.550  30.061  -6.978 0.0000000000
120444  -40.221  29.978  -8.169 0.0000000000
120446  -41.302  29.413  -8.128 0.0000000000
120447  -45.292  30.229  -7.259 0.0000000000
120448  -46.207  29.632  -6.978 0.0000000000
120454  -38.851  30.922  -9.970 0.0000000000
120458  -41.741  29.717  -8.617 0.0000000000
120459  -44.337  30.246  -8.380 0.0000000000
120461  -45.637  29.594  -7.383 0.0000000000
120469  -39.496  30.987  -10.106 0.0000000000
120471  -40.695  30.429  -9.607 0.0000000000
120473  -44.024  30.337  -8.973 0.0000000000
120474  -44.296  29.986  -8.607 0.0000000000
120475  -44.948  29.447  -7.889 0.0000000000
120484  -43.861  30.007  -9.347 0.0000000000
120485  -44.208  29.801  -8.956 0.0000000000
120486  -44.507  29.409  -8.471 0.0000000000
120492  -43.015  29.368  -10.596 0.0000000000
120493  -43.351  29.635  -10.131 0.0000000000
120494  -43.732  29.587  -9.627 0.0000000000
120495  -43.997  29.855  -9.232 0.0000000000
120872  -38.280  30.503  10.525 0.0000000000
120885  -36.758  30.397  9.789 0.0000000000
120886  -37.290  30.853  9.939 0.0000000000
120888  -38.831  31.018  10.313 0.0000000000
120893  -36.724  30.869  9.453 0.0000000000
120896  -36.398  31.032  8.073 0.0000000000
120902  -36.186  31.157  7.045 0.0000000000
120903  -36.299  30.673  7.514 0.0000000000
120907  -36.130  31.315  6.550 0.0000000000
120908  -36.313  30.747  6.854 0.0000000000
120912  -36.909  30.437  5.925 0.0000000000
120915  -36.520  31.061  5.546 0.0000000000
120917  -37.921  30.322  5.221 0.0000000000
120925  -39.641  30.601  4.393 0.0000000000
120934  -39.342  31.288  3.813 0.0000000000
120939  -43.553  29.689  4.267 0.0000000000
120947  -44.281  30.045  3.118 0.0000000000
120953  -45.019  29.988  2.875 0.0000000000
120954  -45.584  29.993  2.519 0.0000000000
120965  -47.146  30.287  0.797 0.0000000000
120973  -48.461  30.812  0.188 0.0000000000
120974  -48.959  30.849  -0.329 0.0000000000
120991  -49.102  30.759  -1.678 0.0000000000
120998  -47.237  30.533  -2.531 0.0000000000
120999  -48.966  30.313  -2.046 0.0000000000
121028  -44.951  30.802  -4.932 0.0000000000
121034  -43.839  31.256  -6.771 0.0000000000
121036  -45.338  30.520  -6.379 0.0000000000
121051  -44.524  30.985  -7.295 0.0000000000
121061  -39.065  31.058  -10.111 0.0000000000
121063  -43.556  31.212  -8.336 0.0000000000
121064  -44.242  30.934  -7.825 0.0000000000
121065  -44.588  30.390  -7.855 0.0000000000
121073  -39.119  31.264  -10.113 0.0000000000
121074  -40.243  30.826  -9.853 0.0000000000
121076  -42.458  30.844  -9.952 0.0000000000
121082  -42.112  30.063  -10.485 0.0000000000
121083  -42.403  30.262  -10.363 0.0000000000
121084  -43.101  30.317  -9.961 0.0000000000
121086  -44.053  30.044  -9.091 0.0000000000
121090  -42.182  29.853  -11.046 0.0000000000
121091  -42.726  29.937  -10.651 0.0000000000
121092  -43.018  29.964  -10.188 0.0000000000
121093  -43.525  29.999  -9.774 0.0000000000
121490  -37.844  31.524  9.783 0.0000000000
121503  -36.717  31.414  9.065 0.0000000000
121504  -37.219  31.408  9.478 0.0000000000
121505  -37.735  31.989  9.275 0.0000000000
121508  -36.865  31.982  8.561 0.0000000000
121512  -36.098  31.733  6.897 0.0000000000
121513  -36.262  31.334  7.460 0.0000000000
121520  -35.918  31.891  6.335 0.0000000000
121525  -36.283  31.680  5.319 0.0000000000
121526  -36.824  31.419  5.005 0.0000000000
121533  -37.284  31.656  4.369 0.0000000000
121534  -38.048  31.232  4.178 0.0000000000
121546  -41.320  31.199  3.678 0.0000000000
121553  -39.756  32.147  3.098 0.0000000000
121565  -43.117  31.168  2.383 0.0000000000
121576  -46.642  31.437  0.634 0.0000000000
121588  -48.775  31.318  0.345 0.0000000000
121589  -49.505  31.834  0.171 0.0000000000
121590  -49.727  31.922  -0.278 0.0000000000
121596  -49.524  31.535  -0.561 0.0000000000
121601  -46.734  31.611  -1.567 0.0000000000
121602  -47.758  31.481  -1.450 0.0000000000
121603  -48.826  31.241  -1.467 0.0000000000
121605  -49.314  31.580  -1.194 0.0000000000
121625  -43.940  31.698  -3.340 0.0000000000
121627  -45.150  31.236  -2.738 0.0000000000
121636  -43.320  31.837  -4.364 0.0000000000
121649  -44.390  31.154  -4.494 0.0000000000
121658  -42.270  32.218  -5.827 0.0000000000
121660  -43.674  31.494  -5.451 0.0000000000
121668  -38.458  31.664  -6.728 0.0000000000
121671  -41.273  31.743  -6.751 0.0000000000
121673  -42.819  31.872  -6.317 0.0000000000
121675  -44.112  31.020  -5.809 0.0000000000
121686  -42.939  31.435  -7.385 0.0000000000
121688  -44.315  31.142  -7.089 0.0000000000
121697  -39.211  31.708  -8.870 0.0000000000
121700  -41.513  31.437  -7.896 0.0000000000
121702  -43.268  31.345  -7.946 0.0000000000
121709  -39.419  31.570  -9.678 0.0000000000
121710  -40.097  31.439  -9.525 0.0000000000
121722  -40.110  31.268  -9.870 0.0000000000
121723  -42.537  31.302  -9.381 0.0000000000
122167  -40.436  33.302  8.584 0.0000000000
122183  -36.473  32.265  7.546 0.0000000000
122189  -35.815  32.378  6.612 0.0000000000
122190  -36.010  33.092  6.869 0.0000000000
122193  -35.690  32.482  6.153 0.0000000000
122196  -36.035  32.250  5.146 0.0000000000
122205  -35.753  32.846  5.155 0.0000000000
122217  -38.024  32.442  3.492 0.0000000000
122219  -39.189  32.381  2.995 0.0000000000
122228  -38.941  32.903  2.809 0.0000000000
122232  -41.688  31.778  2.721 0.0000000000
122238  -40.625  32.700  2.359 0.0000000000
122239  -41.378  32.361  2.250 0.0000000000
122241  -42.799  31.814  1.981 0.0000000000
122251  -43.035  32.254  1.439 0.0000000000
122254  -45.046  32.091  0.907 0.0000000000
122255  -45.966  32.004  0.713 0.0000000000
122262  -44.716  32.705  0.852 0.0000000000
122265  -47.252  32.621  0.522 0.0000000000
122267  -48.789  32.542  0.685 0.0000000000
122275  -49.865  32.257  -0.451 0.0000000000
122282  -45.020  32.754  -1.593 0.0000000000
122283  -46.211  32.363  -1.400 0.0000000000
122297  -43.563  32.497  -2.317 0.0000000000
122299  -45.082  32.060  -1.864 0.0000000000
122300  -45.833  31.784  -1.792 0.0000000000
122318  -39.201  33.015  -4.075 0.0000000000
122331  -40.221  33.102  -4.658 0.0000000000
122332  -41.565  32.731  -4.556 0.0000000000
122801  -38.957  33.465  8.045 0.0000000000
122812  -37.895  33.464  7.745 0.0000000000
122820  -37.538  33.797  7.628 0.0000000000
122832  -35.105  33.693  5.844 0.0000000000
122833  -35.426  33.055  5.883 0.0000000000
122866  -40.306  33.292  2.046 0.0000000000
122878  -44.035  32.731  0.957 0.0000000000
122879  -49.033  33.814  0.958 0.0000000000
122885  -43.315  33.499  0.710 0.0000000000
122888  -45.563  33.494  0.522 0.0000000000
122889  -46.283  33.218  0.448 0.0000000000
122891  -49.051  33.177  0.809 0.0000000000
122892  -49.421  33.483  0.579 0.0000000000
122893  -49.885  32.836  0.008 0.0000000000
122907  -44.430  33.125  -1.527 0.0000000000
122910  -47.407  32.923  -1.248 0.0000000000
122911  -48.411  32.781  -1.251 0.0000000000
122921  -41.786  33.507  -2.331 0.0000000000
122925  -49.757  33.283  -1.729 0.0000000000
122941  -41.036  33.181  -3.461 0.0000000000
122943  -39.738  33.089  -4.241 0.0000000000
123447  -35.826  33.928  6.876 0.0000000000
123454  -35.144  33.976  6.618 0.0000000000
123459  -34.938  34.092  6.240 0.0000000000
123461  -34.968  34.244  5.720 0.0000000000
123469  -35.536  33.870  4.572 0.0000000000
123506  -42.398  33.565  0.796 0.0000000000
123508  -48.902  34.251  0.918 0.0000000000
123514  -41.570  34.464  0.717 0.0000000000
123515  -42.216  34.263  0.586 0.0000000000
123516  -42.901  34.023  0.550 0.0000000000
123518  -45.507  34.174  0.450 0.0000000000
123521  -48.138  33.877  0.999 0.0000000000
123529  -49.976  33.835  -0.423 0.0000000000
123537  -41.544  34.504  -1.524 0.0000000000
123540  -44.014  34.119  -1.397 0.0000000000
123545  -49.504  33.217  -1.823 0.0000000000
123558  -42.889  33.545  -1.693 0.0000000000
123562  -49.843  34.027  -2.073 0.0000000000
124085  -34.981  34.570  6.559 0.0000000000
124095  -35.268  34.531  4.585 0.0000000000
124140  -48.580  34.712  0.833 0.0000000000
124141  -48.955  34.720  0.608 0.0000000000
124149  -43.301  34.625  0.429 0.0000000000
124150  -44.050  34.508  0.418 0.0000000000
124152  -45.456  34.791  0.376 0.0000000000
124154  -46.924  34.859  0.600 0.0000000000
124155  -47.705  34.474  0.864 0.0000000000
124156  -49.172  34.535  0.538 0.0000000000
124172  -40.958  34.699  -1.512 0.0000000000
124177  -45.785  34.767  -1.336 0.0000000000
124178  -46.378  34.501  -1.350 0.0000000000
124189  -47.653  34.911  -1.940 0.0000000000
124190  -48.522  34.684  -2.216 0.0000000000
124191  -49.235  34.361  -2.463 0.0000000000
124197  -49.664  34.808  -3.037 0.0000000000
124201  -49.121  34.978  -3.193 0.0000000000
124756  -41.219  35.693  0.580 0.0000000000
124758  -43.130  35.758  0.411 0.0000000000
124759  -43.606  35.189  0.406 0.0000000000
124761  -45.048  35.304  0.372 0.0000000000
124762  -45.989  35.249  0.391 0.0000000000
124765  -48.939  35.852  0.746 0.0000000000
124773  -49.635  35.300  -0.318 0.0000000000
124784  -43.046  35.750  -1.392 0.0000000000
124791  -44.377  35.820  -1.895 0.0000000000
124792  -45.165  35.693  -1.899 0.0000000000
124798  -46.757  35.910  -2.634 0.0000000000
124804  -48.412  36.067  -4.056 0.0000000000
124805  -49.573  35.261  -3.888 0.0000000000
124806  -49.778  35.923  -3.693 0.0000000000
125334  -48.152  37.249  1.798 0.0000000000
125346  -47.835  36.715  1.416 0.0000000000
125347  -48.529  36.556  1.477 0.0000000000
125348  -48.897  36.483  1.266 0.0000000000
125358  -44.154  36.407  0.414 0.0000000000
125359  -44.838  36.531  0.371 0.0000000000
125362  -47.611  36.087  1.021 0.0000000000
125370  -49.733  36.140  -0.621 0.0000000000
125379  -42.763  36.319  -1.466 0.0000000000
125401  -46.646  36.090  -3.742 0.0000000000
125403  -49.755  36.256  -3.969 0.0000000000
125407  -46.872  36.165  -4.478 0.0000000000
125409  -48.503  36.025  -4.931 0.0000000000
125411  -49.472  36.107  -4.564 0.0000000000
125417  -49.004  36.319  -5.600 0.0000000000
125423  -45.486  35.997  -6.869 0.0000000000
125425  -47.237  35.605  -6.869 0.0000000000
125426  -48.053  35.646  -6.925 0.0000000000
125432  -45.579  36.029  -7.602 0.0000000000
125436  -48.529  36.089  -7.197 0.0000000000
125437  -48.832  36.845  -7.032 0.0000000000
125441  -45.787  36.178  -7.834 0.0000000000
125442  -46.118  36.192  -8.006 0.0000000000
125444  -47.523  36.216  -7.890 0.0000000000
125445  -47.869  36.807  -7.705 0.0000000000
125993  -47.544  37.761  1.769 0.0000000000
125994  -48.033  37.779  1.862 0.0000000000
126019  -41.724  36.953  0.688 0.0000000000
126023  -45.170  37.231  0.467 0.0000000000
126024  -45.919  37.186  0.538 0.0000000000
126025  -46.693  36.982  0.770 0.0000000000
126026  -48.786  37.135  0.898 0.0000000000
126027  -49.030  36.853  0.872 0.0000000000
126036  -49.012  36.777  0.198 0.0000000000
126046  -49.181  36.947  -1.453 0.0000000000
126054  -49.335  37.481  -2.395 0.0000000000
126055  -49.533  36.899  -1.879 0.0000000000
126064  -49.649  37.334  -2.961 0.0000000000
126071  -49.809  37.015  -3.714 0.0000000000
126075  -44.265  37.105  -4.814 0.0000000000
126083  -49.335  36.950  -5.755 0.0000000000
126086  -43.945  37.408  -6.896 0.0000000000
126099  -46.554  36.600  -8.006 0.0000000000
126100  -47.281  36.679  -7.934 0.0000000000
126619  -42.676  38.583  1.862 0.0000000000
126620  -47.278  38.344  2.093 0.0000000000
126622  -47.944  38.005  1.795 0.0000000000
126635  -43.025  38.360  1.477 0.0000000000
126637  -44.230  38.104  1.108 0.0000000000
126638  -45.051  38.368  1.259 0.0000000000
126639  -46.637  38.374  1.908 0.0000000000
126640  -46.973  37.850  1.612 0.0000000000
126651  -43.976  37.477  0.670 0.0000000000
126654  -48.350  37.389  0.439 0.0000000000
126665  -48.289  37.441  -0.615 0.0000000000
126676  -47.926  37.875  -1.079 0.0000000000
126686  -48.064  38.078  -1.908 0.0000000000
126688  -48.900  37.669  -2.256 0.0000000000
126695  -49.000  37.986  -2.750 0.0000000000
126706  -42.409  38.316  -5.384 0.0000000000
126708  -43.211  37.618  -4.585 0.0000000000
126709  -49.453  38.190  -4.143 0.0000000000
126710  -49.661  37.492  -4.283 0.0000000000
126717  -49.464  37.990  -5.798 0.0000000000
126724  -45.778  37.930  -6.761 0.0000000000
126727  -48.544  38.128  -6.931 0.0000000000
126728  -49.167  38.388  -6.742 0.0000000000
126737  -47.053  37.490  -7.366 0.0000000000
126739  -48.709  37.687  -7.022 0.0000000000
126746  -47.184  37.071  -7.770 0.0000000000
127251  -43.207  38.922  1.784 0.0000000000
127252  -44.169  39.119  1.829 0.0000000000
127253  -45.219  39.300  2.077 0.0000000000
127256  -47.280  38.463  2.049 0.0000000000
127257  -47.601  38.163  1.921 0.0000000000
127270  -47.329  38.625  1.879 0.0000000000
127292  -47.040  38.852  -1.039 0.0000000000
127322  -47.545  39.407  -2.545 0.0000000000
127324  -48.249  38.400  -2.489 0.0000000000
127349  -49.207  39.466  -4.833 0.0000000000
127369  -46.993  38.872  -5.495 0.0000000000
127370  -48.147  39.103  -5.536 0.0000000000
127383  -44.643  38.747  -6.323 0.0000000000
127385  -46.421  38.301  -5.975 0.0000000000
127387  -48.451  38.745  -6.500 0.0000000000
127388  -48.954  38.856  -6.693 0.0000000000
127403  -43.992  38.610  -7.558 0.0000000000
127405  -48.911  38.374  -7.033 0.0000000000
127483  -44.398  38.530  -13.631 0.0000000000
127994  -42.009  39.666  2.174 0.0000000000
127998  -46.049  39.611  2.416 0.0000000000
127999  -46.607  39.583  2.416 0.0000000000
128000  -46.777  38.890  2.071 0.0000000000
128003  -46.705  39.657  2.252 0.0000000000
128025  -46.202  39.840  0.390 0.0000000000
128052  -46.883  39.800  -2.179 0.0000000000
128080  -48.552  40.052  -3.656 0.0000000000
128095  -46.383  39.768  -4.436 0.0000000000
128097  -48.000  39.992  -5.200 0.0000000000
128114  -49.156  39.477  -5.580 0.0000000000
128192  -41.917  39.165  -11.005 0.0000000000
128207  -43.696  38.628  -12.267 0.0000000000
128226  -44.815  39.722  -13.038 0.0000000000
128237  -44.538  39.117  -13.416 0.0000000000
128673  -42.258  40.417  2.044 0.0000000000
128674  -42.937  40.455  1.936 0.0000000000
128675  -43.786  40.139  2.016 0.0000000000
128705  -46.378  40.339  -1.572 0.0000000000
128757  -48.897  40.917  -4.435 0.0000000000
128772  -46.962  40.480  -4.376 0.0000000000
128773  -47.832  40.579  -4.769 0.0000000000
128774  -49.064  40.791  -4.996 0.0000000000
128864  -42.153  40.414  -10.785 0.0000000000
128890  -44.744  39.535  -12.717 0.0000000000
128892  -45.616  40.415  -13.097 0.0000000000
128900  -44.546  39.702  -13.236 0.0000000000
129288  -45.923  40.698  2.314 0.0000000000
129292  -46.423  41.107  1.880 0.0000000000
129308  -46.966  41.448  -2.607 0.0000000000
129323  -47.607  41.438  -3.060 0.0000000000
129324  -48.187  41.439  -3.637 0.0000000000
129344  -46.253  41.616  -3.695 0.0000000000
129345  -47.089  41.885  -4.306 0.0000000000
129346  -48.611  41.145  -4.089 0.0000000000
129359  -44.992  40.926  -3.985 0.0000000000
129362  -49.024  41.199  -4.951 0.0000000000
129372  -43.606  41.087  -5.571 0.0000000000
129373  -43.998  40.844  -4.763 0.0000000000
129374  -48.835  41.148  -5.172 0.0000000000
129466  -43.156  40.532  -11.582 0.0000000000
129468  -45.869  40.733  -12.566 0.0000000000
129469  -45.979  41.059  -12.556 0.0000000000
129480  -45.838  40.760  -13.045 0.0000000000
129487  -45.400  40.443  -13.131 0.0000000000
129886  -46.217  41.640  1.848 0.0000000000
129894  -45.930  42.165  0.480 0.0000000000
129899  -46.315  42.378  -1.831 0.0000000000
129901  -46.802  42.179  -2.433 0.0000000000
129911  -44.207  41.858  -3.772 0.0000000000
129913  -45.771  42.265  -3.584 0.0000000000
129921  -42.979  42.509  -4.488 0.0000000000
129925  -48.112  42.347  -4.482 0.0000000000
130018  -45.558  42.257  -11.122 0.0000000000
130019  -46.026  42.129  -11.436 0.0000000000
130020  -46.697  42.350  -11.425 0.0000000000
130032  -45.047  41.629  -11.644 0.0000000000
130035  -46.481  41.853  -12.044 0.0000000000
130046  -46.511  41.914  -12.577 0.0000000000
130052  -44.291  41.187  -13.235 0.0000000000
130053  -44.959  41.178  -13.230 0.0000000000
130054  -45.648  41.233  -13.203 0.0000000000
130055  -45.953  41.527  -13.085 0.0000000000
130056  -46.386  41.946  -13.072 0.0000000000
130460  -46.094  42.911  2.026 0.0000000000
130471  -46.286  42.732  1.066 0.0000000000
130472  -46.419  43.419  0.720 0.0000000000
130480  -46.250  43.038  -0.762 0.0000000000
130481  -46.549  43.548  -1.016 0.0000000000
130488  -47.458  42.798  -2.922 0.0000000000
130491  -43.207  43.048  -3.790 0.0000000000
130495  -46.270  43.052  -3.740 0.0000000000
130497  -47.948  43.434  -3.892 0.0000000000
130498  -48.238  43.038  -4.058 0.0000000000
130504  -42.940  42.887  -4.067 0.0000000000
130506  -47.805  42.986  -4.296 0.0000000000
130507  -48.192  42.699  -4.233 0.0000000000
130540  -43.033  43.017  -6.678 0.0000000000
130551  -44.147  43.152  -8.005 0.0000000000
130574  -44.115  42.781  -9.326 0.0000000000
130577  -46.013  43.192  -9.734 0.0000000000
130598  -46.239  42.605  -10.819 0.0000000000
130600  -47.389  42.996  -11.334 0.0000000000
130609  -46.986  42.521  -11.558 0.0000000000
130619  -47.051  43.029  -12.257 0.0000000000
130620  -47.140  42.714  -11.727 0.0000000000
130630  -46.334  42.219  -13.291 0.0000000000
131056  -46.039  43.936  2.375 0.0000000000
131061  -44.860  43.376  2.171 0.0000000000
131063  -46.482  43.629  2.145 0.0000000000
131064  -46.845  43.692  1.842 0.0000000000
131072  -46.911  43.935  1.088 0.0000000000
131078  -37.510  43.811  0.131 0.0000000000
131091  -36.874  44.024  -0.724 0.0000000000
131093  -38.392  43.661  -0.377 0.0000000000
131100  -46.792  43.957  -0.534 0.0000000000
131105  -37.423  43.833  -1.202 0.0000000000
131106  -37.962  43.668  -0.833 0.0000000000
131107  -38.637  43.636  -1.063 0.0000000000
131108  -39.995  43.730  -1.342 0.0000000000
131110  -41.361  43.685  -1.515 0.0000000000
131114  -46.669  43.792  -1.326 0.0000000000
131118  -38.941  43.711  -1.798 0.0000000000
131123  -47.320  44.049  -2.862 0.0000000000
131133  -43.390  43.650  -3.538 0.0000000000
131143  -42.034  43.615  -4.438 0.0000000000
131144  -48.079  43.250  -4.108 0.0000000000
131153  -41.827  43.661  -5.201 0.0000000000
131180  -42.025  43.838  -6.395 0.0000000000
131181  -42.664  43.658  -6.897 0.0000000000
131206  -44.262  43.532  -8.186 0.0000000000
131207  -44.737  43.505  -8.570 0.0000000000
131218  -45.187  43.526  -9.047 0.0000000000
131219  -45.759  43.544  -9.418 0.0000000000
131232  -46.271  43.573  -9.839 0.0000000000
131233  -46.664  43.582  -10.365 0.0000000000
131243  -47.067  43.548  -10.818 0.0000000000
131244  -47.486  43.468  -11.135 0.0000000000
131267  -47.484  43.237  -11.693 0.0000000000
131281  -45.593  43.589  -13.131 0.0000000000
131282  -46.168  43.641  -13.116 0.0000000000
131699  -45.831  44.540  2.624 0.0000000000
131700  -46.506  44.794  2.670 0.0000000000
131701  -46.884  44.811  2.487 0.0000000000
131709  -47.052  44.656  2.103 0.0000000000
131720  -47.005  44.185  1.894 0.0000000000
131721  -47.140  44.561  1.489 0.0000000000
131723  -35.333  44.383  0.103 0.0000000000
131724  -37.154  44.182  0.471 0.0000000000
131731  -46.998  44.231  0.983 0.0000000000
131736  -34.214  44.696  -0.515 0.0000000000
131738  -35.743  44.179  -0.450 0.0000000000
131739  -36.359  44.079  -0.245 0.0000000000
131744  -47.097  44.846  0.165 0.0000000000
131748  -34.463  44.474  -0.911 0.0000000000
131756  -46.922  44.572  -1.424 0.0000000000
131757  -47.026  44.812  -0.557 0.0000000000
131762  -36.432  44.323  -2.144 0.0000000000
131763  -37.467  44.056  -1.933 0.0000000000
131764  -38.066  44.039  -2.313 0.0000000000
131765  -39.166  43.891  -2.393 0.0000000000
131766  -39.720  44.128  -2.515 0.0000000000
131767  -40.655  44.224  -2.617 0.0000000000
131774  -47.020  44.546  -2.354 0.0000000000
131778  -34.962  44.465  -2.441 0.0000000000
131780  -36.769  44.421  -2.714 0.0000000000
131785  -40.357  44.385  -3.056 0.0000000000
131789  -44.394  44.562  -2.764 0.0000000000
131791  -45.955  44.899  -3.062 0.0000000000
131798  -36.434  44.641  -3.272 0.0000000000
131800  -38.442  44.429  -3.624 0.0000000000
131802  -40.024  44.525  -3.487 0.0000000000
131807  -44.571  44.280  -3.004 0.0000000000
131808  -45.268  44.493  -3.086 0.0000000000
131810  -47.151  44.319  -3.443 0.0000000000
131815  -39.035  44.487  -3.853 0.0000000000
131819  -41.781  44.187  -4.101 0.0000000000
131829  -41.058  44.555  -5.465 0.0000000000
131830  -41.393  44.245  -5.105 0.0000000000
131841  -41.160  44.700  -6.063 0.0000000000
131896  -44.620  44.392  -8.982 0.0000000000
131911  -46.728  44.174  -10.561 0.0000000000
131920  -47.526  44.104  -11.375 0.0000000000
131954  -47.636  44.618  -12.079 0.0000000000
132420  -46.944  45.241  2.282 0.0000000000
132424  -34.507  45.554  0.902 0.0000000000
132426  -36.745  44.669  0.800 0.0000000000
132439  -47.243  45.169  1.116 0.0000000000
132441  -34.133  45.285  0.302 0.0000000000
132443  -35.980  44.529  0.499 0.0000000000
132445  -45.824  45.257  0.218 0.0000000000
132447  -47.254  45.357  0.584 0.0000000000
132450  -34.357  44.942  -0.078 0.0000000000
132452  -47.024  45.196  0.036 0.0000000000
132453  -33.265  45.211  -0.617 0.0000000000
132455  -34.266  44.625  -1.456 0.0000000000
132456  -45.747  45.163  -1.128 0.0000000000
132457  -45.962  45.220  -1.325 0.0000000000
132461  -33.241  45.252  -1.479 0.0000000000
132462  -33.863  44.997  -1.763 0.0000000000
132464  -45.711  45.117  -1.760 0.0000000000
132465  -46.136  45.258  -2.008 0.0000000000
132466  -46.666  45.199  -1.667 0.0000000000
132469  -33.899  45.094  -2.496 0.0000000000
132470  -34.516  44.955  -2.829 0.0000000000
132471  -35.097  44.695  -3.125 0.0000000000
132472  -45.722  45.103  -2.451 0.0000000000
132474  -46.697  45.066  -2.636 0.0000000000
132475  -46.938  44.847  -2.570 0.0000000000
132480  -35.347  44.964  -3.713 0.0000000000
132481  -36.042  44.910  -3.803 0.0000000000
132484  -46.538  45.006  -3.027 0.0000000000
132485  -46.944  44.808  -3.061 0.0000000000
132488  -34.947  45.335  -4.162 0.0000000000
132490  -36.331  45.116  -4.388 0.0000000000
132491  -37.020  45.050  -4.438 0.0000000000
132494  -39.072  44.660  -4.396 0.0000000000
132497  -35.916  45.429  -4.927 0.0000000000
132499  -37.206  45.181  -5.097 0.0000000000
132502  -39.459  44.897  -4.824 0.0000000000
132510  -37.303  45.373  -5.837 0.0000000000
132512  -38.870  45.182  -6.155 0.0000000000
132513  -39.604  45.089  -5.961 0.0000000000
132515  -40.706  45.053  -6.336 0.0000000000
132523  -37.592  45.565  -6.560 0.0000000000
132525  -38.904  45.317  -6.768 0.0000000000
132526  -39.899  45.259  -6.983 0.0000000000
132528  -40.907  44.991  -6.988 0.0000000000
132540  -39.740  45.444  -7.497 0.0000000000
132543  -42.608  44.558  -7.906 0.0000000000
132555  -39.899  45.687  -8.047 0.0000000000
132556  -40.493  45.541  -8.277 0.0000000000
132557  -41.043  45.424  -8.534 0.0000000000
132559  -42.866  44.859  -8.534 0.0000000000
132560  -43.547  44.735  -8.763 0.0000000000
132575  -43.083  45.114  -9.138 0.0000000000
132578  -45.172  44.732  -9.512 0.0000000000
132589  -43.316  45.339  -9.796 0.0000000000
132592  -45.592  44.958  -10.152 0.0000000000
132610  -45.955  45.354  -10.692 0.0000000000
132611  -46.494  45.357  -10.829 0.0000000000
132631  -47.532  45.646  -11.801 0.0000000000
132656  -47.245  45.354  -12.976 0.0000000000
132657  -47.501  45.406  -12.416 0.0000000000
133089  -46.802  45.890  2.477 0.0000000000
133108  -34.342  46.331  1.038 0.0000000000
133110  -35.796  45.914  1.175 0.0000000000
133125  -47.202  45.745  1.088 0.0000000000
133129  -33.195  46.005  0.317 0.0000000000
133131  -46.354  45.492  0.094 0.0000000000
133132  -46.780  45.575  0.308 0.0000000000
133133  -47.104  45.621  0.478 0.0000000000
133136  -32.858  45.706  -0.243 0.0000000000
133137  -33.493  45.465  0.030 0.0000000000
133138  -46.156  45.300  -0.925 0.0000000000
133139  -46.621  45.324  -0.372 0.0000000000
133142  -32.286  45.968  -1.421 0.0000000000
133143  -32.754  45.609  -0.995 0.0000000000
133145  -46.606  45.285  -1.079 0.0000000000
133146  -46.856  45.108  -0.657 0.0000000000
133149  -33.043  45.571  -2.150 0.0000000000
133151  -46.509  45.233  -2.128 0.0000000000
133152  -46.788  45.161  -1.055 0.0000000000
133155  -33.466  45.570  -2.655 0.0000000000
133158  -33.326  45.980  -3.299 0.0000000000
133160  -34.388  45.676  -3.883 0.0000000000
133163  -34.047  46.137  -4.292 0.0000000000
133169  -34.909  46.139  -5.151 0.0000000000
133170  -35.554  45.927  -5.347 0.0000000000
133175  -35.805  46.243  -5.909 0.0000000000
133176  -36.367  46.050  -6.173 0.0000000000
133182  -37.930  45.853  -7.257 0.0000000000
133183  -38.630  45.499  -7.294 0.0000000000
133187  -38.046  46.403  -7.861 0.0000000000
133192  -40.638  45.873  -8.988 0.0000000000
133200  -40.609  46.411  -9.549 0.0000000000
133208  -41.225  46.558  -9.839 0.0000000000
133211  -44.442  45.563  -10.542 0.0000000000
133245  -47.380  46.620  -11.599 0.0000000000
133246  -47.736  46.691  -11.883 0.0000000000
133750  -33.962  46.911  1.112 0.0000000000
133751  -34.609  47.055  1.220 0.0000000000
133761  -32.613  46.934  0.583 0.0000000000
133770  -31.762  46.386  -1.010 0.0000000000
133773  -31.346  46.864  -1.442 0.0000000000
133778  -32.076  46.594  -2.662 0.0000000000
133779  -32.754  46.396  -2.929 0.0000000000
133785  -33.575  46.431  -3.878 0.0000000000
133789  -33.314  46.947  -4.093 0.0000000000
133796  -34.212  47.036  -4.999 0.0000000000
133797  -34.728  46.876  -5.372 0.0000000000
133803  -35.157  47.061  -5.737 0.0000000000
133804  -35.547  46.903  -6.084 0.0000000000
133821  -39.273  47.196  -8.948 0.0000000000
133822  -39.602  46.721  -9.053 0.0000000000
133825  -40.722  46.953  -9.814 0.0000000000
133826  -41.730  46.884  -10.040 0.0000000000
133838  -42.925  47.310  -10.613 0.0000000000
133840  -44.532  46.852  -10.820 0.0000000000
133860  -47.725  47.213  -11.828 0.0000000000
134428  -32.753  47.489  0.973 0.0000000000
134438  -30.217  47.623  -1.540 0.0000000000
134439  -30.652  47.162  -1.059 0.0000000000
134450  -31.113  47.470  -2.667 0.0000000000
134451  -31.799  47.267  -2.988 0.0000000000
134457  -32.846  47.397  -3.886 0.0000000000
134461  -33.374  47.455  -4.439 0.0000000000
134466  -34.890  47.544  -5.625 0.0000000000
134469  -35.624  47.573  -6.310 0.0000000000
134479  -38.483  47.591  -8.385 0.0000000000
134495  -45.040  47.522  -10.830 0.0000000000
134496  -45.767  47.494  -10.947 0.0000000000
134498  -46.925  47.733  -11.477 0.0000000000
135009  -36.479  48.013  1.189 0.0000000000
135027  -30.020  48.320  -1.147 0.0000000000
135034  -30.406  48.246  -2.750 0.0000000000
135035  -30.788  47.888  -2.935 0.0000000000
135038  -30.731  48.295  -3.291 0.0000000000
135039  -31.920  48.280  -3.826 0.0000000000
135040  -32.529  48.069  -4.054 0.0000000000
135044  -32.908  48.499  -4.393 0.0000000000
135045  -33.481  48.223  -4.688 0.0000000000
135064  -37.711  48.209  -7.895 0.0000000000
135069  -38.715  48.219  -8.377 0.0000000000
135073  -39.845  48.485  -8.910 0.0000000000
135074  -40.217  48.157  -9.214 0.0000000000
135602  -31.177  49.281  -4.137 0.0000000000
135603  -31.741  48.819  -4.112 0.0000000000
135604  -32.758  49.097  -4.553 0.0000000000
135658  -45.387  49.181  -9.770 0.0000000000
136166  -31.996  50.017  -4.929 0.0000000000
136748  -31.295  50.450  -4.928 0.0000000000
151646  -44.938  29.172  -7.925 0.0000000000
152087  -44.570  29.101  -8.536 0.0000000000
152288  -43.905  44.639  -2.048 0.0000000000
152304  -37.891  44.422  -3.195 0.0000000000
152354  -46.335  30.348  -3.551 0.0000000000
152566  -43.883  28.673  -7.538 0.0000000000
152580  -45.712  36.215  -5.053 0.0000000000
152939  -43.411  29.524  0.301 0.0000000000
153110  -42.603  29.263  -4.107 0.0000000000
153479  -35.618  44.195  -1.220 0.0000000000
153543  -38.589  44.229  -3.097 0.0000000000
153855  -39.494  44.412  -3.421 0.0000000000
153914  -45.718  28.217  -6.196 0.0000000000
153981  -46.729  28.003  -5.844 0.0000000000
154149  -44.999  28.397  -7.226 0.0000000000
154343  -43.251  31.547  -6.788 0.0000000000
154403  -39.325  32.096  -5.609 0.0000000000
154444  -45.601  28.622  -7.339 0.0000000000
154452  -40.577  44.493  -3.598 0.0000000000
154568  -39.754  31.739  -7.006 0.0000000000
154632  -48.214  35.957  -6.186 0.0000000000
154727  -49.214  36.607  -0.731 0.0000000000
155086  -40.234  43.995  -2.129 0.0000000000
155166  -42.916  30.747  -9.819 0.0000000000
155513  -39.074  25.485  11.742 0.0000000000
155537  -48.705  39.829  -5.464 0.0000000000
155578  -42.605  28.401  5.149 0.0000000000
155859  -43.693  28.691  -8.175 0.0000000000
155873  -48.053  39.058  -2.793 0.0000000000
155956  -32.004  49.334  -4.539 0.0000000000
156017  -47.617  28.829  -0.057 0.0000000000
156033  -48.188  30.326  -2.308 0.0000000000
156188  -45.286  41.236  2.072 0.0000000000
156644  -36.071  45.172  0.918 0.0000000000
156798  -41.875  31.170  3.206 0.0000000000
156959  -48.447  31.933  0.524 0.0000000000
157019  -30.257  48.638  -3.139 0.0000000000
157025  -44.118  44.461  -1.306 0.0000000000
157280  -49.622  32.207  -1.436 0.0000000000
157284  -39.946  28.078  6.071 0.0000000000
158280  -38.659  44.026  -2.643 0.0000000000
158528  -43.523  30.666  -9.366 0.0000000000
159149  -46.545  39.372  -0.370 0.0000000000
159207  -36.317  29.160  8.090 0.0000000000
159698  -35.359  33.442  6.587 0.0000000000
159728  -39.462  46.169  -8.619 0.0000000000
159836  -48.874  41.679  -4.956 0.0000000000
160040  -43.941  30.772  -8.620 0.0000000000
160077  -35.968  26.318  10.289 0.0000000000
160084  -39.193  45.025  -5.487 0.0000000000
160338  -36.503  44.241  0.302 0.0000000000
160473  -36.730  45.683  -5.881 0.0000000000
160631  -39.207  33.432  -3.654 0.0000000000
160922  -47.570  44.017  -12.032 0.0000000000
161084  -48.417  42.006  -4.819 0.0000000000
161357  -40.107  47.570  -9.220 0.0000000000
161528  -39.537  28.041  6.467 0.0000000000
162247  -46.958  45.794  -11.199 0.0000000000
162582  -42.528  29.297  -9.189 0.0000000000
163012  -42.703  32.980  1.196 0.0000000000
163211  -46.877  27.907  -1.804 0.0000000000
163316  -49.517  32.149  -1.431 0.0000000000
163717  -36.963  46.476  -7.259 0.0000000000
164082  -49.408  32.901  0.484 0.0000000000
164371  -39.264  28.150  11.413 0.0000000000
164588  -40.046  45.112  -6.418 0.0000000000
164685  -46.966  28.446  -6.189 0.0000000000
164696  -46.556  40.372  2.092 0.0000000000
164807  -47.354  35.924  -2.798 0.0000000000
165015  -47.732  46.084  -12.067 0.0000000000
165083  -44.255  28.998  -1.753 0.0000000000
165116  -45.527  40.128  -12.817 0.0000000000
165419  -36.361  28.207  10.262 0.0000000000
165421  -43.134  44.453  -2.871 0.0000000000
165439  -41.011  39.500  -9.508 0.0000000000
166064  -45.013  33.208  0.631 0.0000000000
166156  -48.129  37.766  1.804 0.0000000000
166237  -49.197  38.924  -4.006 0.0000000000
166356  -46.276  40.265  1.119 0.0000000000
166448  -36.472  32.756  7.269 0.0000000000
166523  -41.979  29.643  -10.409 0.0000000000
167057  -42.323  32.790  -3.258 0.0000000000
167060  -36.316  30.459  8.188 0.0000000000
167115  -49.929  35.683  -2.915 0.0000000000
167269  -46.999  44.423  0.408 0.0000000000
167296  -45.682  46.024  -10.873 0.0000000000
167355  -47.636  43.496  -3.332 0.0000000000
167717  -46.726  43.567  -1.771 0.0000000000
167980  -46.941  33.539  0.505 0.0000000000
167993  -34.989  47.716  1.245 0.0000000000
167997  -46.705  43.735  -3.819 0.0000000000
168500  -36.254  31.833  7.379 0.0000000000
168627  -34.893  44.375  -1.558 0.0000000000
168910  -46.854  33.959  -1.316 0.0000000000
169111  -47.120  43.069  -10.944 0.0000000000
169382  -38.999  29.361  11.024 0.0000000000
169420  -35.898  25.771  10.146 0.0000000000
169565  -36.157  44.164  -1.606 0.0000000000
169621  -48.742  35.135  0.617 0.0000000000
169805  -49.906  35.164  -2.829 0.0000000000
169956  -45.554  33.721  -1.272 0.0000000000
170030  -35.569  46.567  1.232 0.0000000000
170038  -46.560  45.762  0.569 0.0000000000
170042  -35.198  25.780  8.091 0.0000000000
170100  -34.948  34.674  5.248 0.0000000000
170413  -47.550  44.780  -11.694 0.0000000000
170600  -34.992  46.630  1.201 0.0000000000
170676  -39.892  27.909  11.494 0.0000000000
170723  -50.002  35.465  -2.095 0.0000000000
170778  -49.826  33.447  0.079 0.0000000000
170874  -46.345  42.448  1.916 0.0000000000
170990  -49.919  32.440  -0.907 0.0000000000
171260  -46.446  42.958  -13.150 0.0000000000
171314  -48.516  35.128  0.727 0.0000000000
171482  -48.703  37.111  1.428 0.0000000000
171577  -48.587  36.125  -5.647 0.0000000000
171616  -45.968  40.906  -0.892 0.0000000000
171741  -35.341  26.386  7.183 0.0000000000
172001  -36.204  29.910  8.653 0.0000000000
172029  -42.074  29.696  -9.168 0.0000000000
172066  -49.220  36.349  -0.054 0.0000000000
172150  -45.641  30.299  -5.931 0.0000000000
172189  -39.227  29.856  10.881 0.0000000000
172395  -42.827  36.472  0.443 0.0000000000
172576  -45.555  32.424  -1.592 0.0000000000
172661  -45.224  34.636  -1.389 0.0000000000
172774  -41.454  45.140  -8.127 0.0000000000
173943  -43.027  29.428  5.033 0.0000000000
174013  -46.968  36.385  0.689 0.0000000000
174070  -45.189  39.455  -5.042 0.0000000000
174086  -42.966  29.477  -2.012 0.0000000000
174263  -41.876  29.927  5.071 0.0000000000
174945  -49.246  36.207  -5.024 0.0000000000
175031  -39.608  26.358  11.779 0.0000000000
175186  -36.992  44.271  -2.195 0.0000000000
175249  -33.031  46.546  0.590 0.0000000000
175371  -44.198  28.731  -9.207 0.0000000000
175654  -42.512  35.964  0.381 0.0000000000
175911  -36.801  32.291  7.970 0.0000000000
175991  -46.109  42.577  -1.230 0.0000000000
176822  -46.074  41.276  -12.601 0.0000000000
176852  -43.583  29.159  -9.660 0.0000000000
176927  -44.050  44.634  -8.997 0.0000000000
176978  -50.004  33.237  -1.038 0.0000000000
177010  -48.094  36.263  -7.654 0.0000000000
177089  -39.956  33.366  -3.120 0.0000000000
177170  -42.508  40.379  -11.287 0.0000000000
177425  -40.784  27.513  11.676 0.0000000000
177842  -35.882  47.074  1.250 0.0000000000
177851  -41.404  29.893  -5.280 0.0000000000
177878  -48.616  33.135  0.896 0.0000000000
178217  -42.732  32.140  -4.042 0.0000000000
178246  -41.739  30.192  -10.094 0.0000000000
178385  -48.250  42.526  -4.233 0.0000000000
178474  -48.350  39.407  -3.208 0.0000000000
178694  -45.058  28.942  -7.766 0.0000000000
178950  -35.397  26.906  8.823 0.0000000000
179028  -47.375  44.182  -12.466 0.0000000000
179406  -37.859  43.708  -0.259 0.0000000000
179442  -47.484  27.901  -5.204 0.0000000000
179550  -45.729  31.026  -2.430 0.0000000000
179648  -42.025  31.320  -8.162 0.0000000000
179665  -46.743  45.065  -2.182 0.0000000000
179893  -36.879  25.515  10.929 0.0000000000
179979  -45.872  35.661  -1.887 0.0000000000
180133  -44.197  42.366  -3.650 0.0000000000
180353  -48.592  37.250  -1.043 0.0000000000
180612  -45.811  35.776  -7.435 0.0000000000
180812  -49.149  31.696  -1.355 0.0000000000
181025  -48.868  30.297  -2.129 0.0000000000
181375  -48.891  40.057  -4.108 0.0000000000
181514  -47.741  38.317  1.736 0.0000000000
181587  -46.938  44.942  -1.072 0.0000000000
181720  -48.652  39.795  -5.559 0.0000000000
181847  -47.632  35.583  -7.289 0.0000000000
181914  -42.824  32.093  -4.591 0.0000000000
182076  -43.747  40.933  -5.121 0.0000000000
182079  -41.525  46.098  -9.722 0.0000000000
182268  -44.931  41.617  1.903 0.0000000000
182311  -45.905  41.160  -12.423 0.0000000000
182360  -48.765  30.572  -0.603 0.0000000000
182366  -41.166  33.040  -4.392 0.0000000000
182892  -45.359  28.676  2.649 0.0000000000
183451  -41.576  32.284  -5.580 0.0000000000
183693  -46.041  35.827  0.430 0.0000000000
183747  -36.438  33.860  7.183 0.0000000000
184414  -47.671  46.213  -11.875 0.0000000000
184514  -37.190  31.823  9.069 0.0000000000
184810  -42.338  43.461  -4.078 0.0000000000
184895  -44.323  36.446  -2.125 0.0000000000
185075  -43.585  28.776  4.994 0.0000000000
