#!ascii label  , from subject sub-v2s11x28732_ses-1 vox2ras=TkReg
1164
99450  -24.726  -10.079  -19.121 0.5555555820
99462  -25.139  -9.975  -19.552 0.6666666865
220183  -26.186  -9.957  -20.342 0.7777777910
98303  -26.646  -10.157  -20.565 0.7777777910
101719  -26.745  -8.601  -21.450 0.8888888955
100641  -28.598  -9.688  -21.997 0.8888888955
99449  -24.284  -10.214  -18.630 0.5555555820
100596  -24.869  -9.316  -19.826 0.6666666865
100597  -25.392  -8.905  -20.183 0.8888888955
99493  -26.786  -9.768  -20.990 0.8888888955
101720  -27.458  -8.762  -21.531 0.8888888955
101733  -28.133  -8.467  -22.100 1.0000000000
189773  -28.576  -9.163  -22.435 0.8888888955
102846  -28.986  -7.691  -22.686 1.0000000000
100595  -24.183  -9.122  -19.576 0.7777777910
101717  -25.090  -7.988  -21.254 1.0000000000
102834  -24.919  -7.685  -21.934 1.0000000000
101730  -25.565  -8.026  -22.003 1.0000000000
103955  -26.157  -7.132  -22.354 1.0000000000
102835  -25.318  -7.745  -22.470 1.0000000000
103956  -27.113  -7.329  -22.429 1.0000000000
103965  -25.919  -6.829  -22.960 1.0000000000
103966  -26.370  -6.360  -22.342 1.0000000000
103967  -27.315  -6.557  -22.558 1.0000000000
102847  -29.464  -7.198  -23.237 1.0000000000
105092  -27.688  -6.003  -22.626 1.0000000000
105093  -28.543  -5.984  -22.859 1.0000000000
103982  -29.983  -6.646  -23.439 1.0000000000
105104  -29.760  -5.527  -23.849 1.0000000000
105120  -30.260  -5.476  -24.062 0.7777777910
103952  -23.888  -6.859  -22.019 0.8888888955
103964  -25.215  -6.779  -22.899 1.0000000000
105090  -26.381  -6.339  -23.426 1.0000000000
106181  -27.759  -5.581  -23.306 1.0000000000
106182  -28.618  -5.391  -23.409 1.0000000000
106198  -29.075  -5.140  -23.982 1.0000000000
106199  -29.828  -4.977  -23.928 1.0000000000
106211  -31.236  -5.314  -24.822 0.8888888955
107316  -30.875  -4.522  -24.747 1.0000000000
107317  -31.669  -4.765  -25.022 0.7777777910
107318  -32.431  -4.856  -25.043 0.7777777910
208585  -24.133  -5.736  -22.404 0.5555555820
107298  -25.002  -4.272  -23.659 0.7777777910
106178  -24.929  -5.127  -23.055 0.8888888955
106195  -26.736  -5.336  -24.108 1.0000000000
105091  -26.804  -5.558  -23.586 1.0000000000
107300  -26.429  -4.819  -24.340 0.8888888955
106207  -27.172  -4.857  -24.250 1.0000000000
106208  -27.860  -4.632  -24.152 1.0000000000
107314  -29.302  -4.186  -24.709 1.0000000000
107315  -30.036  -4.326  -24.407 0.8888888955
108430  -29.711  -3.798  -24.941 1.0000000000
108431  -30.571  -3.749  -24.712 0.8888888955
109583  -32.440  -3.012  -25.429 0.7777777910
108432  -33.380  -3.553  -25.105 0.6666666865
184828  -33.116  -3.293  -25.325 0.6666666865
108400  -23.174  -3.838  -23.143 0.4444444478
108401  -24.067  -3.798  -23.026 0.7777777910
108414  -24.837  -3.685  -23.476 0.6666666865
108425  -26.001  -3.531  -24.309 0.7777777910
107310  -26.111  -4.117  -24.362 0.8888888955
108427  -27.484  -3.687  -24.547 0.8888888955
107313  -28.327  -4.172  -24.565 1.0000000000
108441  -28.169  -3.328  -25.003 1.0000000000
108442  -28.883  -3.475  -25.397 1.0000000000
108443  -29.440  -3.454  -25.288 1.0000000000
109581  -29.973  -2.882  -25.201 0.8888888955
109582  -30.871  -3.096  -25.640 0.7777777910
196982  -32.119  -2.622  -25.406 0.7777777910
109568  -33.798  -3.075  -24.727 0.5555555820
110626  -32.763  -2.476  -25.884 0.7777777910
110627  -33.064  -2.362  -25.791 0.6666666865
109564  -25.343  -2.515  -24.103 0.6666666865
109553  -24.933  -3.062  -23.462 0.6666666865
184074  -26.093  -2.928  -24.457 0.7777777910
212095  -25.810  -2.608  -24.461 0.7777777910
109565  -26.583  -2.628  -24.736 0.8888888955
109566  -27.293  -3.012  -24.935 0.8888888955
109577  -27.138  -2.356  -25.219 1.0000000000
109578  -27.896  -2.567  -25.288 1.0000000000
110621  -28.837  -2.376  -25.737 1.0000000000
109580  -29.161  -3.007  -25.470 0.8888888955
198740  -30.867  -1.696  -25.632 0.8888888955
110624  -31.583  -1.917  -25.553 0.8888888955
110625  -32.279  -2.067  -25.592 0.7777777910
111691  -30.087  -1.696  -25.436 0.8888888955
111692  -31.517  -1.319  -25.677 0.7777777910
111693  -32.350  -1.455  -26.269 0.7777777910
215252  -32.995  -1.843  -26.118 0.7777777910
190827  -33.285  -1.718  -25.439 0.6666666865
110602  -24.687  -1.475  -24.049 0.6666666865
110593  -24.725  -2.224  -23.580 0.5555555820
110603  -25.124  -1.965  -24.172 0.7777777910
197552  -25.910  -1.842  -24.839 0.8888888955
110619  -26.961  -1.773  -25.496 0.8888888955
211854  -27.090  -1.280  -25.732 1.0000000000
214776  -27.614  -2.026  -25.501 1.0000000000
111690  -29.205  -1.699  -25.500 1.0000000000
110622  -29.579  -2.365  -25.249 0.8888888955
112835  -32.445  -0.830  -26.441 0.7777777910
112854  -32.421  -0.212  -26.094 0.7777777910
208265  -32.974  -0.658  -25.700 0.6666666865
112823  -33.966  -0.579  -24.963 0.5555555820
112813  -34.099  -0.866  -24.297 0.5555555820
111675  -25.301  -1.506  -24.559 0.7777777910
112822  -24.704  -0.954  -24.398 0.6666666865
111686  -25.916  -1.253  -25.064 0.8888888955
112847  -26.841  -0.681  -25.711 1.0000000000
111705  -28.156  -0.944  -25.904 1.0000000000
112851  -29.420  -0.378  -25.828 0.8888888955
111707  -29.708  -1.020  -25.597 0.8888888955
114028  -30.194  0.256  -25.891 0.8888888955
111708  -30.723  -1.007  -25.631 0.8888888955
114008  -32.903  0.494  -25.636 0.7777777910
112836  -32.964  0.010  -25.523 0.7777777910
194155  -34.125  -0.063  -25.157 0.5555555820
115142  -31.704  1.054  -25.991 0.7777777910
115120  -33.543  0.708  -25.949 0.5555555820
113998  -34.374  0.302  -25.002 0.5555555820
115144  -33.524  1.217  -26.026 0.6666666865
115078  -23.416  0.718  -24.038 0.4444444478
112821  -24.167  -0.353  -24.346 0.5555555820
114007  -25.474  -0.022  -25.660 0.7777777910
112846  -26.217  -0.286  -25.625 1.0000000000
112832  -25.739  -0.583  -25.192 0.8888888955
114025  -27.389  0.302  -26.137 1.0000000000
114026  -28.409  0.348  -26.086 0.8888888955
115139  -28.829  0.868  -26.208 0.8888888955
114027  -29.172  0.274  -25.999 0.8888888955
201430  -29.674  0.897  -26.213 0.8888888955
197734  -31.258  0.810  -26.477 0.8888888955
115143  -32.570  1.036  -25.541 0.6666666865
115121  -33.896  1.144  -25.889 0.5555555820
117125  -25.173  2.591  -26.128 0.6666666865
196280  -24.432  1.684  -24.956 0.6666666865
116188  -26.268  1.947  -26.647 0.7777777910
208455  -27.783  0.922  -26.692 0.8888888955
195163  -27.258  1.777  -27.041 0.7777777910
115160  -28.030  1.270  -26.795 0.7777777910
213845  -28.555  1.210  -26.542 0.8888888955
116204  -28.583  1.781  -26.833 0.7777777910
116206  -30.175  2.167  -26.334 0.7777777910
116189  -30.655  1.736  -26.289 0.7777777910
115141  -31.208  1.378  -26.617 0.6666666865
117145  -30.780  2.985  -26.515 0.6666666865
117127  -31.246  2.457  -26.460 0.6666666865
193403  -31.462  1.836  -26.338 0.6666666865
186009  -32.117  1.735  -25.494 0.5555555820
118159  -32.167  3.544  -26.059 0.6666666865
202152  -33.476  2.741  -26.021 0.5555555820
115145  -33.815  1.689  -26.080 0.4444444478
118160  -32.977  3.495  -25.838 0.5555555820
119253  -23.956  5.310  -25.558 0.3333333433
118171  -25.472  3.766  -26.839 0.5555555820
117138  -25.244  3.112  -26.695 0.6666666865
202999  -26.349  4.282  -27.610 0.5555555820
117140  -26.532  2.942  -27.262 0.7777777910
117141  -27.324  2.531  -27.059 0.7777777910
198248  -28.003  3.925  -27.251 0.6666666865
117143  -28.980  2.553  -26.885 0.6666666865
118175  -28.528  3.235  -27.032 0.6666666865
118176  -29.316  3.294  -26.877 0.6666666865
118177  -30.117  3.356  -26.760 0.6666666865
118178  -30.730  3.829  -26.434 0.6666666865
197375  -32.148  4.209  -26.307 0.6666666865
200596  -32.708  4.118  -26.160 0.5555555820
119259  -33.547  4.733  -25.838 0.5555555820
187839  -33.033  4.691  -26.191 0.6666666865
120416  -25.125  6.158  -26.414 0.4444444478
120415  -24.256  6.133  -25.740 0.4444444478
119273  -24.749  5.463  -26.348 0.4444444478
121470  -25.505  6.755  -26.728 0.5555555820
191075  -26.209  5.085  -27.799 0.5555555820
118157  -26.731  4.387  -27.999 0.6666666865
118174  -27.246  3.851  -27.655 0.6666666865
119292  -27.400  4.604  -27.809 0.6666666865
191689  -28.848  3.961  -27.088 0.6666666865
197960  -30.099  4.068  -26.650 0.6666666865
119295  -30.345  4.595  -26.422 0.6666666865
120418  -32.626  5.195  -26.343 0.6666666865
120419  -33.111  5.242  -26.026 0.5555555820
122561  -25.859  7.185  -26.894 0.4444444478
120428  -27.161  5.587  -27.682 0.6666666865
217166  -27.896  5.220  -27.565 0.6666666865
119310  -28.597  5.430  -27.344 0.6666666865
119293  -29.073  4.692  -26.947 0.6666666865
120432  -31.437  5.166  -26.598 0.6666666865
100629  -26.420  -8.978  -20.967 0.8888888955
101702  -25.125  -8.420  -20.790 1.0000000000
101718  -25.852  -8.481  -21.385 1.0000000000
101731  -26.312  -8.159  -21.940 1.0000000000
102838  -28.118  -7.707  -22.225 1.0000000000
108413  -23.926  -3.441  -23.323 0.5555555820
115102  -23.431  0.958  -24.299 0.5555555820
111685  -25.324  -0.798  -24.693 0.7777777910
112848  -27.302  -0.258  -25.929 1.0000000000
114029  -31.150  0.335  -26.368 0.8888888955
115061  -22.835  1.369  -23.088 0.2222222239
200703  -32.985  1.631  -25.430 0.6666666865
116203  -27.786  1.806  -26.958 0.7777777910
192520  -33.815  2.244  -26.033 0.4444444478
196130  -26.693  5.051  -28.042 0.6666666865
202476  -27.746  6.040  -27.589 0.6666666865
109552  -23.961  -2.937  -23.329 0.4444444478
214870  -24.400  -1.552  -23.651 0.4444444478
121460  -33.533  5.279  -25.523 0.5555555820
120402  -33.967  4.787  -25.350 0.5555555820
190222  -24.463  6.498  -25.660 0.2222222239
121469  -24.907  6.815  -25.854 0.3333333433
97185  -25.040  -11.309  -18.606 0.5555555820
98255  -25.408  -11.073  -19.214 0.5555555820
98273  -25.183  -10.478  -19.282 0.6666666865
98274  -25.870  -10.515  -19.538 0.5555555820
98290  -26.296  -10.473  -20.189 0.5555555820
99495  -27.991  -10.111  -21.903 0.7777777910
99496  -28.564  -10.071  -21.739 0.8888888955
97184  -24.368  -10.913  -18.405 0.5555555820
98291  -26.934  -10.825  -20.547 0.6666666865
98304  -27.166  -10.498  -21.046 0.6666666865
99494  -27.461  -9.963  -21.322 0.8888888955
192666  -29.007  -9.525  -22.251 0.7777777910
100652  -29.221  -9.104  -22.485 0.7777777910
208960  -29.839  -7.909  -22.961 0.8888888955
99428  -24.094  -10.296  -17.467 0.4444444478
187704  -24.050  -9.077  -18.981 0.5555555820
101687  -23.712  -8.531  -19.816 0.2222222239
101701  -23.719  -8.228  -20.255 0.6666666865
103983  -30.764  -6.855  -23.596 0.8888888955
105106  -31.296  -6.313  -23.908 0.6666666865
106212  -32.063  -5.497  -25.017 0.7777777910
202655  -32.761  -5.535  -24.967 0.6666666865
102820  -23.849  -7.556  -20.812 0.5555555820
106213  -33.285  -5.388  -24.584 0.6666666865
105062  -23.176  -6.455  -21.628 0.4444444478
107320  -33.881  -4.391  -24.607 0.5555555820
108416  -34.270  -3.592  -24.370 0.5555555820
107273  -23.688  -4.317  -22.369 0.2222222239
187469  -33.875  -2.499  -24.538 0.5555555820
197493  -23.227  -3.577  -23.156 0.4444444478
111667  -34.007  -1.473  -24.279 0.5555555820
110565  -24.156  -2.200  -23.187 0.3333333433
112820  -23.676  -0.509  -24.048 0.4444444478
218321  -34.704  0.271  -24.125 0.4444444478
113964  -22.901  0.687  -22.787 0.3333333433
115109  -34.557  1.553  -24.602 0.5555555820
116160  -34.294  2.461  -24.906 0.4444444478
215679  -23.902  4.712  -25.415 0.3333333433
118154  -23.710  4.633  -25.265 0.3333333433
118155  -24.145  3.711  -25.365 0.4444444478
202382  -34.072  3.161  -25.284 0.4444444478
119260  -33.915  4.216  -25.433 0.4444444478
121461  -34.071  5.354  -25.127 0.2222222239
122551  -25.090  7.331  -25.826 0.3333333433
121481  -26.107  6.660  -27.465 0.6666666865
121497  -29.050  5.918  -27.425 0.6666666865
120429  -29.337  5.313  -27.004 0.6666666865
121485  -30.288  5.807  -26.859 0.6666666865
121486  -31.038  5.757  -26.793 0.6666666865
121471  -32.010  6.170  -26.768 0.6666666865
214248  -32.236  5.615  -26.519 0.6666666865
121472  -32.566  5.866  -26.205 0.6666666865
121473  -33.170  5.849  -25.729 0.4444444478
121431  -34.292  5.966  -24.945 0.3333333433
121483  -27.645  7.155  -27.693 0.5555555820
98254  -24.823  -10.664  -18.860 0.5555555820
99463  -25.755  -9.753  -19.930 0.7777777910
205070  -26.105  -9.475  -20.555 0.8888888955
202786  -27.109  -8.076  -21.694 1.0000000000
100630  -27.082  -9.229  -21.276 0.8888888955
100640  -28.017  -9.202  -21.993 0.8888888955
98241  -24.176  -10.414  -17.914 0.4444444478
99429  -24.062  -9.911  -17.934 0.4444444478
189025  -23.940  -9.860  -18.434 0.5555555820
100583  -24.276  -9.581  -18.969 0.5555555820
100584  -24.617  -9.626  -19.443 0.6666666865
101688  -24.367  -8.688  -20.215 0.8888888955
100615  -25.693  -8.929  -20.873 0.8888888955
101732  -27.662  -8.470  -21.881 1.0000000000
101744  -28.703  -8.511  -22.598 1.0000000000
102837  -27.459  -7.935  -22.124 1.0000000000
101745  -29.552  -8.478  -22.577 1.0000000000
101676  -23.836  -8.659  -19.300 0.5555555820
102801  -24.384  -7.869  -20.606 0.8888888955
102821  -24.412  -7.570  -21.199 0.8888888955
103936  -24.268  -7.374  -21.847 1.0000000000
102836  -25.920  -7.721  -22.349 1.0000000000
103954  -25.554  -7.375  -22.760 1.0000000000
205330  -26.648  -7.682  -22.148 1.0000000000
103957  -27.804  -7.080  -22.323 1.0000000000
103969  -28.811  -6.802  -22.711 1.0000000000
102863  -30.344  -7.268  -23.025 0.8888888955
103981  -29.321  -6.380  -23.192 1.0000000000
209795  -26.998  -5.948  -22.827 1.0000000000
105103  -29.208  -5.753  -23.528 1.0000000000
219807  -29.731  -6.110  -23.594 1.0000000000
105105  -30.349  -6.090  -23.853 0.8888888955
105121  -30.880  -5.676  -24.209 0.7777777910
103963  -24.333  -6.514  -22.589 1.0000000000
105081  -23.752  -6.072  -22.044 0.5555555820
103935  -23.583  -7.186  -21.343 0.6666666865
103953  -24.745  -7.297  -22.495 1.0000000000
105089  -25.748  -6.296  -23.208 1.0000000000
105088  -24.871  -5.835  -22.854 0.8888888955
106180  -26.366  -5.796  -23.795 1.0000000000
106196  -27.353  -5.128  -23.918 1.0000000000
106197  -28.245  -5.008  -23.819 1.0000000000
106209  -28.709  -4.537  -24.359 1.0000000000
209167  -29.388  -4.487  -24.079 1.0000000000
107325  -31.312  -4.097  -25.165 0.8888888955
107326  -32.095  -4.157  -25.075 0.7777777910
201458  -33.027  -4.712  -24.892 0.6666666865
106168  -23.749  -5.277  -22.106 0.5555555820
106177  -23.742  -4.522  -22.333 0.6666666865
185759  -24.189  -4.975  -22.556 0.6666666865
107287  -24.542  -4.498  -23.073 0.7777777910
108415  -25.527  -3.894  -24.061 0.8888888955
106193  -25.260  -4.927  -23.725 0.8888888955
107299  -25.676  -4.595  -24.173 0.8888888955
106179  -25.656  -5.620  -23.423 0.8888888955
106194  -26.041  -5.226  -24.006 1.0000000000
107311  -26.917  -4.228  -24.380 0.8888888955
107312  -27.681  -4.300  -24.363 1.0000000000
108429  -29.114  -3.827  -25.194 1.0000000000
108444  -30.320  -3.223  -24.893 0.8888888955
108446  -31.826  -3.544  -25.302 0.8888888955
108447  -32.561  -3.673  -25.171 0.7777777910
109584  -33.020  -2.824  -25.642 0.6666666865
108433  -33.693  -3.713  -24.759 0.5555555820
109567  -33.310  -3.105  -25.302 0.6666666865
108382  -23.499  -3.885  -22.813 0.3333333433
107285  -23.605  -4.066  -22.699 0.3333333433
107286  -23.714  -4.124  -22.741 0.4444444478
109554  -25.738  -3.150  -24.056 0.6666666865
215386  -25.303  -3.499  -23.779 0.7777777910
108426  -26.538  -3.442  -24.494 0.8888888955
213366  -28.145  -3.907  -24.674 1.0000000000
109579  -28.581  -2.845  -25.518 1.0000000000
110623  -30.630  -2.388  -25.451 0.7777777910
190769  -32.852  -1.834  -26.323 0.7777777910
110607  -33.774  -1.916  -24.716 0.5555555820
110604  -26.131  -2.235  -24.671 0.8888888955
196207  -32.890  -0.730  -26.405 0.7777777910
111695  -33.005  -1.337  -26.242 0.7777777910
111696  -33.322  -0.965  -25.343 0.6666666865
110577  -24.153  -2.310  -23.341 0.4444444478
111687  -26.528  -1.351  -25.566 0.8888888955
111689  -28.436  -1.656  -25.733 1.0000000000
111706  -28.875  -1.002  -25.728 0.8888888955
112853  -31.785  -0.250  -26.351 0.7777777910
113989  -34.376  -0.214  -24.601 0.5555555820
111674  -24.038  -1.070  -24.208 0.5555555820
112831  -25.118  -0.273  -25.085 0.6666666865
112833  -26.274  -0.812  -25.366 0.8888888955
112850  -28.631  -0.307  -25.896 1.0000000000
112852  -31.023  -0.261  -25.984 0.8888888955
114030  -31.693  0.306  -26.282 0.8888888955
114009  -33.902  0.373  -25.630 0.6666666865
115140  -30.624  1.026  -26.201 0.8888888955
182846  -34.230  0.782  -25.382 0.5555555820
113996  -24.023  0.451  -24.322 0.5555555820
113997  -24.635  0.039  -24.645 0.5555555820
114023  -26.178  0.410  -25.878 1.0000000000
114022  -25.553  0.692  -25.697 0.7777777910
115119  -25.052  1.217  -25.226 0.7777777910
194204  -27.847  0.516  -26.325 0.8888888955
186674  -26.892  0.742  -26.198 0.7777777910
198417  -34.328  1.912  -24.984 0.5555555820
116186  -24.488  2.838  -25.540 0.5555555820
116174  -24.053  2.279  -25.070 0.5555555820
118156  -24.702  3.361  -26.079 0.4444444478
116187  -25.658  1.907  -26.228 0.6666666865
117126  -25.658  2.439  -26.817 0.6666666865
115134  -25.483  1.368  -25.837 0.7777777910
115118  -24.466  1.168  -24.662 0.7777777910
116155  -23.351  1.583  -25.008 0.6666666865
116202  -26.751  2.170  -26.975 0.7777777910
115135  -26.229  1.254  -26.086 0.7777777910
115161  -29.194  1.362  -26.581 0.7777777910
117144  -29.748  2.661  -26.712 0.6666666865
209159  -31.153  1.915  -26.604 0.6666666865
213422  -30.327  2.698  -26.482 0.6666666865
118158  -31.342  3.241  -26.204 0.6666666865
117128  -32.647  3.011  -25.567 0.5555555820
116191  -32.806  2.304  -25.547 0.5555555820
118149  -33.846  3.576  -25.620 0.4444444478
117111  -34.116  2.601  -25.518 0.4444444478
119277  -33.356  4.035  -25.845 0.5555555820
184657  -24.379  4.250  -25.822 0.4444444478
119290  -24.851  4.551  -26.318 0.5555555820
118172  -26.108  3.676  -27.311 0.6666666865
197728  -27.080  3.268  -27.254 0.7777777910
119275  -31.836  4.632  -26.510 0.6666666865
119276  -32.455  4.673  -26.426 0.6666666865
120426  -25.811  6.016  -27.380 0.5555555820
120427  -26.369  5.864  -27.965 0.6666666865
119294  -29.712  4.668  -26.665 0.6666666865
120431  -30.688  5.208  -26.548 0.6666666865
121487  -31.717  5.706  -26.697 0.6666666865
199704  -23.061  1.555  -24.804 0.3333333433
109539  -23.641  -2.976  -23.195 0.4444444478
111647  -24.383  -1.802  -23.344 0.4444444478
120403  -34.409  4.845  -24.918 0.3333333433
187711  -33.720  5.893  -25.284 0.3333333433
98311  -28.884  -10.149  -21.449 0.6666666865
98237  -24.182  -11.086  -17.738 0.4444444478
102848  -30.676  -7.942  -22.929 0.7777777910
98236  -23.897  -10.763  -17.313 0.3333333433
100568  -23.904  -9.499  -18.460 0.4444444478
105123  -32.440  -6.102  -24.713 0.6666666865
106167  -23.644  -4.965  -21.956 0.3333333433
106149  -23.454  -5.469  -21.655 0.1111111119
108362  -23.453  -3.772  -21.305 0.1111111119
109519  -23.352  -2.558  -22.054 0.4444444478
111646  -24.358  -1.543  -23.281 0.3333333433
112805  -23.707  -0.769  -23.666 0.3333333433
117109  -23.355  3.394  -24.342 0.3333333433
122555  -32.803  6.542  -25.941 0.6666666865
122542  -33.463  6.536  -25.546 0.4444444478
200779  -27.843  -11.649  -18.531 0.4444444478
210325  -29.205  -12.006  -17.967 0.2222222239
96026  -25.960  -12.222  -18.547 0.4444444478
97186  -25.733  -11.618  -18.780 0.4444444478
97187  -26.967  -11.909  -19.045 0.4444444478
97188  -27.390  -11.715  -19.173 0.4444444478
97198  -28.007  -11.235  -19.114 0.4444444478
98258  -29.527  -11.446  -19.149 0.2222222239
98275  -26.591  -11.100  -19.999 0.4444444478
98276  -27.255  -11.112  -20.253 0.4444444478
212599  -27.829  -11.124  -19.872 0.4444444478
98259  -30.021  -11.048  -18.780 0.1111111119
210234  -30.493  -10.807  -18.432 0.1111111119
98293  -28.090  -10.761  -20.464 0.4444444478
98278  -29.099  -10.960  -19.636 0.3333333433
184226  -28.875  -10.975  -20.382 0.3333333433
99464  -29.336  -10.453  -20.154 0.3333333433
98260  -30.439  -10.441  -19.076 0.2222222239
214623  -28.074  -10.714  -21.180 0.4444444478
216373  -29.069  -10.834  -20.693 0.3333333433
98292  -27.499  -10.834  -20.921 0.4444444478
100616  -30.271  -9.631  -20.944 0.2222222239
204092  -30.857  -9.532  -20.660 0.1111111119
100618  -31.916  -9.004  -20.437 0.1111111119
99498  -29.763  -10.133  -21.422 0.3333333433
100632  -30.205  -9.669  -21.775 0.3333333433
100642  -29.598  -9.559  -22.139 0.4444444478
100653  -29.975  -9.076  -22.386 0.5555555820
100654  -30.612  -9.066  -22.549 0.6666666865
101735  -31.933  -8.910  -22.280 0.4444444478
101746  -30.318  -8.594  -22.765 0.6666666865
102839  -33.163  -7.591  -22.292 0.3333333433
102849  -31.271  -8.058  -23.227 0.6666666865
102866  -32.411  -7.581  -23.531 0.5555555820
102864  -31.089  -7.524  -23.357 0.6666666865
103985  -32.187  -7.268  -24.137 0.5555555820
103986  -32.743  -6.821  -23.732 0.5555555820
102852  -33.186  -7.317  -22.810 0.4444444478
103987  -33.933  -6.537  -23.797 0.3333333433
103984  -31.593  -7.211  -23.968 0.5555555820
106200  -34.247  -5.620  -24.063 0.4444444478
106214  -33.993  -5.151  -24.430 0.5555555820
105124  -33.737  -6.017  -24.267 0.4444444478
107302  -34.525  -4.630  -24.441 0.4444444478
190093  -29.593  5.868  -27.137 0.5555555820
203403  -31.406  6.307  -27.106 0.5555555820
122554  -32.217  6.685  -26.489 0.5555555820
123658  -32.447  7.296  -26.150 0.5555555820
96028  -27.272  -12.334  -18.732 0.4444444478
97167  -28.589  -12.102  -18.259 0.2222222239
98279  -29.789  -10.842  -19.497 0.2222222239
100598  -30.530  -9.918  -20.338 0.2222222239
100599  -31.045  -9.535  -20.082 0.1111111119
100644  -30.756  -9.230  -22.080 0.4444444478
100634  -31.713  -9.009  -21.157 0.3333333433
100643  -30.203  -9.518  -22.161 0.4444444478
101747  -31.059  -8.564  -22.896 0.6666666865
101749  -32.296  -8.476  -22.580 0.4444444478
105109  -34.200  -6.059  -23.844 0.3333333433
106201  -34.654  -5.168  -24.114 0.4444444478
109555  -34.223  -2.845  -23.947 0.4444444478
207895  -30.161  6.907  -27.307 0.5555555820
191392  -29.925  7.678  -27.458 0.5555555820
101723  -32.534  -8.268  -21.372 0.2222222239
94860  -25.747  -13.192  -18.188 0.4444444478
94861  -26.688  -13.238  -18.049 0.4444444478
190145  -27.418  -13.392  -17.749 0.4444444478
96018  -28.274  -12.332  -17.714 0.2222222239
96019  -28.858  -12.259  -17.568 0.2222222239
95998  -29.202  -12.622  -17.150 0.1111111119
96014  -24.770  -12.445  -18.332 0.4444444478
98242  -29.674  -11.338  -18.436 0.1111111119
97169  -30.229  -11.380  -18.122 0.1111111119
97153  -29.565  -12.092  -17.418 0.1111111119
98243  -31.152  -10.697  -18.653 0.1111111119
99451  -31.250  -10.226  -19.161 0.1111111119
99468  -32.331  -9.536  -19.221 0.1111111119
100619  -32.591  -8.914  -20.249 0.1111111119
102806  -33.171  -8.092  -21.025 0.2222222239
103958  -33.663  -6.909  -22.390 0.1111111119
102823  -32.964  -7.628  -21.513 0.2222222239
105082  -34.358  -6.278  -23.124 0.2222222239
105094  -35.246  -5.912  -23.363 0.2222222239
211657  -34.659  -5.660  -23.687 0.3333333433
108402  -34.656  -3.493  -23.793 0.4444444478
109547  -34.852  -3.004  -23.192 0.3333333433
110587  -34.940  -2.245  -22.717 0.3333333433
110594  -34.078  -2.042  -24.026 0.4444444478
110595  -34.313  -2.202  -23.236 0.3333333433
207505  -23.428  2.488  -24.554 0.4444444478
113999  -34.507  0.872  -24.747 0.4444444478
117112  -34.380  3.030  -24.765 0.3333333433
122562  -26.534  7.310  -27.232 0.4444444478
203646  -33.015  7.185  -25.651 0.5555555820
193343  -28.313  7.222  -27.613 0.5555555820
122566  -29.463  7.310  -27.366 0.5555555820
122568  -30.851  7.064  -27.328 0.5555555820
123657  -31.850  7.591  -26.751 0.5555555820
203077  -32.205  7.942  -26.386 0.5555555820
96025  -25.235  -12.015  -18.493 0.4444444478
98305  -27.779  -10.573  -21.418 0.5555555820
99502  -29.188  -9.937  -21.843 0.6666666865
105107  -32.044  -6.643  -24.359 0.5555555820
207581  -33.047  -6.128  -24.594 0.5555555820
111668  -34.233  -1.344  -23.563 0.4444444478
202534  -34.370  3.664  -25.030 0.3333333433
98256  -26.456  -11.162  -19.016 0.4444444478
99497  -29.437  -10.278  -21.482 0.3333333433
98307  -28.957  -10.490  -21.245 0.3333333433
97166  -27.829  -12.181  -18.086 0.3333333433
96015  -25.444  -12.679  -18.468 0.4444444478
96016  -26.222  -12.734  -18.409 0.4444444478
189108  -26.421  -11.830  -18.710 0.4444444478
96027  -26.663  -12.335  -18.656 0.4444444478
97196  -27.051  -11.410  -19.529 0.4444444478
97197  -27.472  -11.331  -19.612 0.4444444478
97189  -28.501  -11.614  -18.705 0.4444444478
98257  -28.768  -11.212  -19.069 0.4444444478
98277  -28.477  -11.052  -19.775 0.4444444478
183258  -29.184  -11.729  -18.566 0.2222222239
99484  -29.805  -9.998  -20.572 0.3333333433
99483  -29.284  -10.509  -20.978 0.3333333433
99465  -30.175  -10.398  -19.924 0.2222222239
99466  -30.820  -10.049  -19.703 0.2222222239
100633  -30.927  -9.298  -21.288 0.2222222239
100617  -31.378  -9.292  -20.613 0.1111111119
100600  -31.614  -9.332  -20.006 0.1111111119
101703  -32.184  -8.587  -20.866 0.1111111119
100601  -32.224  -9.321  -19.873 0.1111111119
99503  -29.792  -9.967  -21.834 0.3333333433
101734  -31.251  -8.917  -22.474 0.4444444478
102822  -32.642  -8.074  -22.052 0.3333333433
101721  -31.448  -9.051  -21.857 0.4444444478
101722  -32.140  -8.974  -21.684 0.3333333433
103940  -33.758  -7.346  -21.802 0.1111111119
102851  -32.852  -8.019  -22.973 0.4444444478
102865  -31.780  -7.782  -23.642 0.5555555820
192703  -32.096  -8.108  -23.116 0.5555555820
103997  -33.327  -6.595  -24.173 0.5555555820
103970  -33.703  -6.850  -23.202 0.3333333433
108417  -34.769  -4.130  -24.055 0.4444444478
122567  -29.896  6.422  -27.258 0.5555555820
199240  -29.100  6.651  -27.595 0.5555555820
122553  -31.621  6.888  -26.952 0.5555555820
185256  -26.882  -12.735  -18.464 0.4444444478
96017  -27.369  -12.859  -18.212 0.4444444478
99467  -31.401  -9.757  -19.607 0.1111111119
184141  -27.849  -12.676  -17.645 0.4444444478
94848  -28.404  -12.675  -17.189 0.2222222239
94859  -25.027  -13.054  -18.189 0.4444444478
94858  -24.539  -12.762  -18.002 0.4444444478
97168  -29.568  -11.532  -17.890 0.1111111119
88713  -26.301  -17.172  -12.973 0.1111111119
90062  -24.104  -16.151  -15.538 0.3333333433
190777  -25.687  -16.172  -14.394 0.2222222239
90002  -26.002  -16.714  -13.309 0.2222222239
90003  -26.595  -16.658  -13.284 0.1111111119
90029  -26.863  -16.178  -13.800 0.1111111119
92495  -23.394  -15.089  -16.169 0.3333333433
91319  -23.852  -15.663  -15.864 0.3333333433
201715  -23.660  -16.217  -15.652 0.3333333433
91321  -25.214  -15.424  -15.747 0.3333333433
92476  -25.830  -15.177  -15.261 0.3333333433
215280  -25.998  -15.797  -14.602 0.2222222239
91280  -26.312  -15.916  -14.283 0.2222222239
91306  -26.321  -15.493  -14.805 0.2222222239
94828  -22.846  -13.431  -16.223 0.2222222239
93655  -23.224  -14.240  -16.403 0.2222222239
92508  -23.754  -14.875  -16.710 0.3333333433
92496  -24.123  -15.338  -16.354 0.3333333433
189679  -24.786  -15.387  -16.300 0.3333333433
92477  -26.942  -14.952  -14.509 0.1111111119
95996  -23.502  -12.587  -17.213 0.2222222239
94829  -23.403  -13.481  -16.969 0.3333333433
207533  -23.973  -13.140  -17.336 0.3333333433
94844  -24.570  -13.296  -17.700 0.3333333433
93682  -24.846  -13.854  -17.502 0.3333333433
93670  -23.879  -14.329  -17.048 0.3333333433
93671  -24.689  -14.291  -17.186 0.3333333433
93673  -25.899  -14.123  -16.559 0.3333333433
93683  -25.420  -13.991  -17.264 0.3333333433
93656  -26.185  -14.325  -15.936 0.3333333433
93674  -26.570  -13.938  -16.296 0.3333333433
93657  -26.899  -14.180  -15.656 0.3333333433
93629  -27.229  -14.399  -14.943 0.1111111119
97151  -23.592  -11.801  -17.262 0.2222222239
95997  -24.022  -12.152  -17.433 0.3333333433
94846  -25.992  -13.614  -17.704 0.3333333433
94831  -26.227  -13.742  -16.952 0.3333333433
94847  -26.693  -13.635  -17.411 0.3333333433
94820  -27.194  -13.546  -16.011 0.1111111119
219449  -23.408  -11.023  -17.204 0.3333333433
189231  -23.729  -11.231  -17.306 0.3333333433
97165  -24.490  -11.687  -18.242 0.3333333433
213398  -27.190  -13.675  -17.736 0.3333333433
95987  -27.796  -13.039  -17.094 0.3333333433
107288  -35.315  -4.509  -23.685 0.2222222239
108403  -35.242  -3.781  -23.559 0.2222222239
108393  -35.666  -4.254  -23.242 0.2222222239
112814  -34.509  -0.488  -23.806 0.3333333433
193929  -34.735  -0.908  -23.101 0.2222222239
91304  -24.703  -15.742  -15.173 0.3333333433
91305  -25.472  -15.618  -14.907 0.3333333433
90028  -26.171  -16.349  -13.799 0.2222222239
91281  -26.827  -15.533  -14.162 0.1111111119
95986  -22.987  -12.791  -16.678 0.3333333433
92510  -25.242  -15.013  -16.321 0.3333333433
92511  -25.680  -14.565  -16.275 0.3333333433
92497  -25.793  -14.909  -15.823 0.3333333433
96013  -24.349  -12.224  -17.898 0.3333333433
203055  -27.351  -13.632  -17.349 0.3333333433
88712  -25.572  -17.229  -13.221 0.1111111119
87510  -26.672  -17.853  -12.819 0.1111111119
90060  -23.275  -16.523  -15.649 0.3333333433
215545  -23.824  -17.091  -15.250 0.3333333433
90045  -24.264  -16.417  -14.972 0.3333333433
188816  -24.959  -16.585  -14.418 0.3333333433
90001  -25.528  -16.598  -13.737 0.3333333433
87511  -27.361  -17.933  -12.762 0.1111111119
90004  -27.302  -16.728  -13.331 0.1111111119
213573  -27.268  -15.742  -13.869 0.1111111119
93658  -27.676  -14.006  -15.455 0.1111111119
95995  -23.106  -12.067  -16.940 0.2222222239
93675  -28.166  -13.643  -15.912 0.1111111119
94833  -27.591  -13.447  -16.564 0.1111111119
98235  -23.358  -10.839  -17.141 0.1111111119
113971  -34.827  0.712  -23.092 0.2222222239
112798  -34.769  -0.173  -23.164 0.2222222239
102800  -23.615  -7.713  -20.349 0.5555555820
97152  -24.153  -11.660  -17.555 0.4444444478
111639  -34.950  -1.746  -22.339 0.2222222239
88714  -27.014  -17.287  -13.018 0.1111111119
91320  -24.526  -15.668  -15.914 0.3333333433
90046  -25.014  -16.070  -14.724 0.3333333433
196778  -22.852  -14.515  -15.886 0.2222222239
92494  -22.798  -15.056  -15.655 0.2222222239
91318  -23.290  -15.717  -15.765 0.3333333433
92498  -26.473  -14.797  -15.293 0.2222222239
200937  -24.203  -12.676  -17.535 0.3333333433
94830  -24.219  -13.730  -17.294 0.3333333433
92509  -24.537  -14.880  -16.751 0.3333333433
93672  -25.242  -14.474  -16.729 0.3333333433
94832  -27.004  -13.749  -16.779 0.3333333433
97141  -23.210  -11.325  -17.136 0.2222222239
94845  -25.259  -13.624  -17.886 0.3333333433
87509  -25.458  -18.029  -12.958 0.1111111119
90061  -23.652  -16.942  -15.479 0.3333333433
88758  -23.212  -17.302  -15.435 0.2222222239
88745  -23.953  -16.732  -14.387 0.3333333433
88732  -24.913  -17.111  -13.945 0.3333333433
108404  -35.570  -3.505  -22.976 0.1111111119
108394  -35.929  -4.080  -22.705 0.1111111119
109534  -36.384  -3.300  -21.878 0.1111111119
185479  -36.036  -3.237  -22.472 0.1111111119
110572  -36.007  -1.934  -21.851 0.1111111119
110557  -36.474  -1.843  -21.359 0.1111111119
215998  -34.867  -1.329  -22.432 0.1111111119
111625  -36.043  -1.296  -21.454 0.1111111119
204791  -35.757  -0.741  -21.552 0.1111111119
116144  -34.746  1.898  -24.011 0.2222222239
112782  -34.843  -0.684  -22.355 0.1111111119
198834  -35.357  -0.395  -21.897 0.1111111119
118116  -35.336  3.280  -24.361 0.1111111119
117099  -35.082  2.900  -24.760 0.2222222239
192678  -34.861  3.879  -24.838 0.1111111119
117087  -34.945  2.675  -24.189 0.1111111119
118117  -35.409  3.808  -23.911 0.1111111119
121484  -28.453  6.394  -27.634 0.4444444478
119241  -34.767  4.360  -24.708 0.1111111119
123668  -28.078  8.734  -27.558 0.4444444478
122565  -28.639  7.819  -27.510 0.4444444478
120377  -34.734  4.927  -24.447 0.1111111119
123672  -31.269  7.575  -27.187 0.4444444478
123641  -33.671  7.298  -25.327 0.3333333433
220389  -34.832  6.465  -24.508 0.1111111119
121432  -34.663  5.526  -24.615 0.1111111119
122516  -35.660  6.603  -24.409 0.1111111119
123671  -30.532  7.926  -27.548 0.4444444478
125693  -31.601  8.787  -27.839 0.4444444478
124704  -32.041  8.277  -27.180 0.4444444478
124705  -32.512  8.514  -26.460 0.4444444478
124690  -33.171  8.350  -25.793 0.4444444478
124691  -33.800  8.165  -25.254 0.2222222239
124692  -34.607  8.338  -24.954 0.2222222239
123643  -35.011  7.753  -24.760 0.2222222239
128937  -35.958  12.147  -27.282 0.1111111119
127847  -36.502  11.129  -26.706 0.1111111119
124694  -36.126  8.533  -24.736 0.1111111119
211482  -28.870  8.874  -27.140 0.4444444478
123656  -29.169  8.810  -27.229 0.4444444478
123670  -29.644  8.446  -27.482 0.4444444478
124710  -29.398  8.932  -27.479 0.3333333433
124711  -30.140  8.564  -27.706 0.4444444478
125694  -31.862  9.476  -27.691 0.4444444478
125684  -32.500  9.252  -26.765 0.4444444478
125685  -33.047  9.030  -26.055 0.4444444478
126725  -31.843  10.147  -27.732 0.3333333433
220304  -33.441  10.018  -26.104 0.3333333433
126715  -34.102  10.063  -25.902 0.1111111119
126704  -34.460  9.655  -25.322 0.1111111119
126716  -34.879  10.153  -25.790 0.1111111119
125677  -34.910  9.111  -24.974 0.2222222239
126705  -35.299  9.703  -25.312 0.1111111119
126717  -35.711  10.225  -25.750 0.1111111119
124701  -29.027  8.982  -27.100 0.2222222239
125691  -29.684  9.202  -27.837 0.3333333433
126723  -30.054  9.785  -28.272 0.3333333433
126713  -32.488  9.875  -27.037 0.4444444478
126726  -32.548  10.403  -27.282 0.2222222239
126714  -32.811  10.373  -26.373 0.2222222239
127829  -33.635  10.469  -26.343 0.2222222239
127830  -34.428  10.579  -26.217 0.1111111119
210451  -32.834  11.312  -27.692 0.1111111119
127843  -33.143  10.737  -26.932 0.1111111119
128918  -34.130  11.636  -26.894 0.1111111119
127831  -35.241  10.660  -26.198 0.1111111119
128935  -33.548  12.105  -27.376 0.1111111119
127845  -34.691  11.199  -26.421 0.1111111119
126711  -29.292  10.208  -27.189 0.3333333433
200081  -29.975  10.503  -28.104 0.3333333433
126724  -30.929  10.050  -28.296 0.3333333433
127842  -31.912  10.651  -27.909 0.2222222239
127853  -32.605  10.956  -27.619 0.2222222239
128934  -32.403  11.427  -28.005 0.1111111119
186282  -33.752  12.637  -27.736 0.1111111119
128936  -34.528  12.298  -27.192 0.1111111119
131076  -35.567  12.980  -28.749 0.1111111119
200092  -29.682  10.838  -24.679 0.1111111119
210479  -29.530  10.922  -25.294 0.1111111119
127827  -29.777  11.241  -26.537 0.2222222239
128900  -29.847  11.784  -26.537 0.2222222239
128915  -30.004  11.612  -27.529 0.2222222239
214425  -31.253  10.476  -28.272 0.3333333433
127840  -30.519  10.790  -28.080 0.3333333433
128916  -30.276  11.629  -28.107 0.2222222239
127851  -31.021  11.360  -28.356 0.1111111119
128932  -30.640  11.733  -28.607 0.1111111119
130031  -31.371  12.229  -28.647 0.1111111119
130032  -32.340  12.477  -28.524 0.1111111119
197396  -32.920  11.729  -27.786 0.1111111119
130013  -32.915  12.389  -27.887 0.1111111119
131074  -33.385  13.106  -28.679 0.1111111119
130034  -34.651  12.756  -27.841 0.1111111119
190144  -36.433  11.961  -28.222 0.1111111119
127789  -29.333  11.931  -25.075 0.1111111119
129966  -29.717  12.461  -24.805 0.1111111119
128899  -29.807  11.777  -25.890 0.1111111119
129973  -29.880  12.431  -25.665 0.1111111119
131046  -30.053  13.017  -26.729 0.1111111119
131059  -30.018  12.894  -28.258 0.1111111119
129998  -30.047  12.235  -28.202 0.1111111119
183259  -30.253  13.387  -29.205 0.1111111119
131071  -30.901  12.489  -29.270 0.1111111119
131091  -30.606  12.795  -29.747 0.1111111119
131072  -31.777  12.562  -29.251 0.1111111119
129967  -30.319  12.692  -24.452 0.1111111119
129968  -30.976  12.720  -24.470 0.1111111119
129985  -30.834  13.438  -25.586 0.1111111119
131047  -30.952  13.261  -26.649 0.1111111119
218926  -30.860  13.483  -26.801 0.1111111119
132112  -30.285  14.394  -27.119 0.1111111119
132117  -29.772  14.505  -28.681 0.1111111119
131048  -31.720  13.653  -25.848 0.1111111119
131042  -32.182  13.873  -25.033 0.1111111119
132089  -32.163  14.047  -26.211 0.1111111119
108395  -36.286  -3.982  -22.154 0.1111111119
109533  -35.496  -2.828  -22.567 0.1111111119
214577  -36.197  -2.859  -22.151 0.1111111119
110573  -36.374  -2.561  -21.709 0.1111111119
113972  -35.149  0.758  -22.235 0.1111111119
112783  -34.862  0.093  -22.347 0.1111111119
115067  -35.041  1.434  -22.676 0.1111111119
119220  -35.171  3.884  -24.475 0.1111111119
214317  -33.275  7.750  -25.546 0.3333333433
123642  -34.340  7.549  -25.026 0.2222222239
122544  -34.718  7.128  -24.747 0.1111111119
123620  -35.309  7.179  -24.536 0.1111111119
121433  -35.262  5.966  -24.073 0.1111111119
124703  -31.238  8.218  -27.473 0.4444444478
125678  -35.733  9.151  -24.972 0.2222222239
127832  -36.088  10.677  -26.243 0.1111111119
126719  -36.984  10.108  -25.943 0.1111111119
209551  -31.093  9.335  -28.281 0.3333333433
128919  -35.475  12.053  -26.952 0.1111111119
129975  -30.580  13.141  -25.113 0.1111111119
132100  -30.111  13.599  -27.512 0.1111111119
132120  -30.401  13.678  -29.865 0.1111111119
132102  -31.705  14.199  -26.658 0.1111111119
109512  -37.245  -3.123  -20.806 0.1111111119
109511  -36.703  -3.210  -21.255 0.1111111119
115089  -34.731  1.105  -24.012 0.2222222239
116161  -34.577  2.286  -24.531 0.2222222239
119242  -34.985  4.640  -24.211 0.1111111119
123667  -27.635  8.432  -27.266 0.4444444478
123669  -28.971  8.445  -27.274 0.4444444478
125692  -30.683  8.886  -28.127 0.4444444478
197144  -32.941  9.730  -26.232 0.4444444478
129956  -30.124  12.314  -24.052 0.1111111119
200760  -30.916  12.283  -23.274 0.1111111119
129969  -32.043  12.812  -24.382 0.1111111119
131054  -31.533  13.594  -26.689 0.1111111119
108374  -37.214  -3.767  -21.074 0.1111111119
107279  -35.875  -4.877  -22.897 0.1111111119
107280  -36.227  -4.724  -22.424 0.1111111119
108373  -36.757  -4.043  -21.516 0.1111111119
109500  -37.677  -3.128  -20.378 0.1111111119
108352  -37.567  -3.861  -20.700 0.1111111119
110548  -37.282  -1.705  -20.444 0.1111111119
111615  -36.530  -1.228  -21.011 0.1111111119
112756  -36.639  -0.607  -20.675 0.1111111119
113939  -35.796  -0.059  -21.413 0.1111111119
115053  -35.540  1.333  -21.951 0.1111111119
113954  -35.653  0.671  -21.647 0.1111111119
216812  -35.433  0.218  -21.957 0.1111111119
116118  -35.448  2.071  -22.359 0.1111111119
118091  -35.768  3.230  -22.505 0.1111111119
183784  -35.772  4.072  -23.405 0.1111111119
122563  -27.160  7.804  -27.704 0.4444444478
119222  -35.941  4.644  -23.518 0.1111111119
120364  -35.532  4.918  -23.813 0.1111111119
123621  -36.067  7.225  -24.579 0.1111111119
121434  -36.648  6.207  -24.108 0.1111111119
123655  -28.296  8.964  -27.430 0.4444444478
123646  -37.170  7.844  -24.807 0.1111111119
125680  -37.211  9.049  -25.327 0.1111111119
124702  -29.126  9.035  -27.281 0.3333333433
125673  -29.551  8.890  -26.238 0.2222222239
125683  -29.194  9.463  -27.415 0.2222222239
126727  -37.239  10.138  -26.695 0.1111111119
125660  -30.104  9.353  -25.123 0.1111111119
202698  -29.593  10.864  -26.636 0.2222222239
128939  -37.055  11.272  -27.475 0.1111111119
127857  -37.069  10.852  -28.640 0.1111111119
126684  -30.217  10.058  -24.575 0.1111111119
126672  -30.288  10.828  -23.998 0.1111111119
128877  -30.144  12.621  -23.428 0.1111111119
127775  -30.480  12.518  -23.012 0.1111111119
130047  -36.276  12.442  -29.208 0.1111111119
129959  -32.545  12.097  -23.893 0.1111111119
132136  -30.472  13.727  -30.423 0.1111111119
132122  -31.895  13.283  -29.811 0.1111111119
132124  -33.916  13.688  -29.528 0.1111111119
132125  -34.772  13.548  -29.561 0.1111111119
129977  -32.586  13.509  -24.654 0.1111111119
133152  -30.533  15.333  -27.043 0.1111111119
134190  -29.207  16.347  -29.686 0.1111111119
123659  -32.783  7.827  -25.989 0.4444444478
110571  -35.471  -2.184  -22.172 0.1111111119
118137  -35.189  3.382  -24.872 0.2222222239
111640  -35.252  -1.324  -21.804 0.1111111119
110547  -36.938  -1.712  -20.930 0.1111111119
112768  -36.134  -0.685  -21.122 0.1111111119
116129  -34.911  2.227  -23.221 0.1111111119
118101  -35.473  3.455  -23.287 0.1111111119
117088  -35.140  2.931  -23.553 0.1111111119
120378  -35.039  5.238  -24.000 0.1111111119
122517  -36.376  6.717  -24.409 0.1111111119
125686  -33.710  9.459  -25.773 0.2222222239
125675  -33.610  8.785  -25.628 0.2222222239
125676  -34.182  8.965  -25.238 0.1111111119
124693  -35.347  8.481  -24.724 0.2222222239
123644  -35.726  7.845  -24.636 0.1111111119
128938  -36.539  11.776  -27.595 0.1111111119
130035  -35.436  12.644  -28.160 0.1111111119
127833  -36.813  10.619  -26.304 0.1111111119
127846  -35.597  11.262  -26.626 0.1111111119
128921  -36.840  11.454  -27.095 0.1111111119
127848  -37.056  10.954  -26.926 0.1111111119
124695  -36.879  8.501  -24.897 0.1111111119
123645  -36.472  7.886  -24.651 0.1111111119
125679  -36.521  9.162  -25.063 0.2222222239
126706  -36.149  9.747  -25.337 0.2222222239
127844  -33.872  11.014  -26.634 0.2222222239
126722  -29.262  9.919  -27.670 0.3333333433
126712  -29.423  10.586  -27.471 0.3333333433
127841  -30.903  11.004  -28.326 0.2222222239
127852  -31.846  11.100  -28.217 0.1111111119
128933  -31.631  11.679  -28.333 0.1111111119
130012  -32.316  11.958  -28.231 0.1111111119
196388  -33.988  12.962  -28.314 0.1111111119
131075  -34.847  12.984  -28.480 0.1111111119
130036  -36.086  12.479  -28.554 0.1111111119
131095  -34.199  13.229  -28.942 0.1111111119
126703  -29.820  10.115  -25.527 0.1111111119
127828  -29.883  11.098  -27.387 0.3333333433
130030  -30.279  12.178  -28.938 0.1111111119
131094  -33.181  13.224  -29.151 0.1111111119
131073  -32.585  12.905  -28.886 0.1111111119
128884  -29.460  12.050  -25.153 0.1111111119
127784  -29.800  11.501  -24.086 0.1111111119
129974  -30.197  12.901  -25.157 0.1111111119
129984  -30.174  13.202  -25.882 0.1111111119
201684  -30.228  13.070  -27.383 0.1111111119
129983  -29.852  12.543  -26.564 0.1111111119
129997  -30.134  12.391  -27.373 0.1111111119
132111  -29.991  13.739  -28.185 0.1111111119
131070  -30.354  12.834  -29.017 0.1111111119
133171  -29.907  15.065  -29.961 0.1111111119
131092  -31.374  12.669  -29.716 0.1111111119
132121  -30.891  13.083  -30.103 0.1111111119
131093  -32.235  12.893  -29.424 0.1111111119
129957  -30.371  12.870  -23.357 0.1111111119
129958  -31.386  11.980  -24.081 0.1111111119
129976  -31.569  13.291  -25.060 0.1111111119
132113  -31.004  14.811  -26.873 0.1111111119
133151  -30.025  14.735  -27.621 0.1111111119
218014  -36.515  -4.575  -21.920 0.1111111119
110558  -36.949  -2.391  -21.114 0.1111111119
115090  -34.750  1.500  -23.360 0.1111111119
126707  -36.888  9.756  -25.434 0.1111111119
125695  -37.657  9.600  -26.858 0.1111111119
210497  -30.209  14.287  -30.574 0.1111111119
193464  -31.225  15.365  -27.041 0.1111111119
197662  -37.360  -2.389  -20.518 0.1111111119
117074  -35.388  2.794  -22.790 0.1111111119
125687  -37.455  9.418  -26.114 0.1111111119
126731  -37.292  10.487  -27.499 0.1111111119
132137  -31.405  13.768  -30.232 0.1111111119
132123  -32.923  13.473  -29.637 0.1111111119
134175  -29.729  15.805  -28.676 0.1111111119
134191  -29.992  16.886  -29.310 0.1111111119
88730  -23.379  -17.516  -15.203 0.2222222239
185772  -23.241  -6.677  -21.114 0.2222222239
200543  -23.188  -6.025  -21.449 0.2222222239
123666  -26.999  8.035  -26.995 0.3333333433
123637  -26.386  7.705  -26.124 0.2222222239
213092  -28.374  8.446  -26.048 0.1111111119
124687  -29.044  8.426  -26.070 0.1111111119
199470  -23.462  3.870  -24.307 0.2222222239
183326  -23.204  2.156  -24.409 0.1111111119
102785  -23.372  -8.035  -19.985 0.2222222239
117079  -22.717  3.569  -23.170 0.1111111119
120397  -25.075  5.764  -24.683 0.1111111119
203916  -26.712  7.131  -25.128 0.1111111119
122539  -28.376  7.482  -25.605 0.1111111119
123639  -29.054  8.026  -25.648 0.1111111119
124688  -29.675  8.319  -25.767 0.1111111119
123654  -26.225  7.604  -26.430 0.2222222239
121454  -25.330  6.940  -24.826 0.1111111119
101659  -24.205  -8.242  -18.222 0.2222222239
109507  -23.213  -3.032  -21.535 0.2222222239
123636  -25.371  8.350  -25.468 0.1111111119
207382  -27.178  8.384  -26.770 0.3333333433
187086  -27.788  8.794  -27.308 0.3333333433
123638  -27.760  8.260  -25.987 0.1111111119
103906  -23.514  -7.544  -20.194 0.2222222239
122537  -26.493  8.030  -25.644 0.1111111119
120398  -26.229  5.822  -24.646 0.1111111119
122538  -27.411  7.326  -25.677 0.1111111119
121455  -26.500  6.585  -24.978 0.1111111119
195190  -27.652  5.953  -24.842 0.1111111119
121457  -28.119  6.458  -25.179 0.1111111119
101704  -32.969  -8.593  -20.696 0.1111111119
201655  -23.393  -17.733  -14.146 0.1111111119
216650  -23.634  -17.192  -14.319 0.1111111119
87524  -24.841  -17.689  -13.436 0.1111111119
87521  -22.393  -18.051  -14.703 0.1111111119
88744  -22.798  -17.712  -15.013 0.1111111119
91303  -22.784  -15.743  -15.438 0.1111111119
92475  -22.328  -14.979  -15.150 0.1111111119
101658  -24.317  -8.742  -17.837 0.1111111119
105033  -23.454  -6.139  -19.565 0.1111111119
103919  -23.513  -7.242  -20.643 0.1111111119
203203  -24.050  -1.141  -23.392 0.2222222239
198683  -23.005  0.142  -22.543 0.2222222239
112790  -23.323  -0.196  -22.223 0.2222222239
113950  -23.623  0.566  -22.225 0.2222222239
87532  -22.360  -17.680  -14.912 0.1111111119
106150  -23.384  -5.646  -21.735 0.1111111119
87507  -22.306  -18.173  -14.228 0.1111111119
87522  -22.757  -18.030  -14.562 0.1111111119
87523  -24.025  -17.971  -13.501 0.1111111119
87520  -22.100  -17.708  -14.497 0.1111111119
88742  -22.194  -16.907  -14.506 0.1111111119
91302  -22.339  -15.675  -14.921 0.1111111119
93627  -22.128  -14.351  -14.784 0.1111111119
189455  -22.299  -14.390  -15.438 0.1111111119
202501  -22.585  -13.922  -15.747 0.1111111119
196556  -22.700  -12.951  -16.192 0.1111111119
100566  -24.232  -9.076  -17.398 0.1111111119
103894  -23.723  -6.913  -18.673 0.1111111119
210444  -23.841  -5.520  -18.353 0.1111111119
112776  -23.972  -0.800  -22.307 0.2222222239
113965  -24.372  0.794  -22.498 0.2222222239
116115  -23.610  1.467  -22.729 0.1111111119
212200  -23.099  -18.399  -13.571 0.1111111119
115050  -23.203  1.062  -22.591 0.2222222239
209482  -23.106  2.016  -23.313 0.1111111119
111632  -23.749  -1.372  -22.115 0.2222222239
94819  -22.482  -13.491  -15.592 0.1111111119
95985  -22.926  -12.362  -16.567 0.1111111119
97140  -23.085  -11.687  -16.873 0.1111111119
100551  -24.065  -10.051  -17.476 0.1111111119
100567  -24.015  -9.721  -17.978 0.1111111119
90044  -22.766  -16.531  -15.299 0.1111111119
86292  -22.463  -18.347  -14.215 0.1111111119
90043  -22.275  -16.396  -14.726 0.1111111119
101635  -24.550  -8.640  -16.931 0.1111111119
112777  -24.424  -0.586  -22.028 0.1111111119
92474  -22.139  -14.913  -14.459 0.1111111119
101633  -23.894  -9.290  -16.991 0.1111111119
101634  -24.098  -8.949  -16.806 0.1111111119
203327  -24.044  -7.739  -18.362 0.1111111119
115063  -24.579  1.358  -23.027 0.1111111119
116137  -24.355  2.279  -22.870 0.1111111119
119252  -23.670  4.408  -24.867 0.1111111119
110566  -23.879  -1.823  -21.729 0.1111111119
119214  -22.816  4.240  -23.314 0.1111111119
119232  -23.771  4.417  -24.562 0.1111111119
120396  -24.003  5.742  -25.617 0.1111111119
88731  -24.049  -17.257  -13.850 0.1111111119
88743  -22.632  -17.199  -15.080 0.1111111119
98294  -28.723  -10.817  -20.989 0.3333333433
98306  -28.340  -10.568  -21.570 0.6666666865
100631  -27.616  -9.490  -21.645 0.8888888955
101645  -24.343  -8.798  -17.437 0.1111111119
101736  -32.283  -8.638  -22.025 0.4444444478
101748  -31.701  -8.557  -22.770 0.4444444478
102850  -31.555  -8.183  -23.130 0.5555555820
102867  -32.985  -7.069  -23.197 0.4444444478
103968  -28.103  -6.554  -22.357 1.0000000000
105108  -32.650  -6.600  -24.361 0.5555555820
105122  -31.672  -5.959  -24.600 0.6666666865
106183  -35.220  -5.250  -23.646 0.2222222239
106210  -30.505  -5.036  -24.335 0.8888888955
107301  -34.286  -4.109  -24.529 0.5555555820
107319  -33.111  -3.933  -25.089 0.7777777910
107327  -32.701  -4.294  -25.107 0.6666666865
108412  -23.363  -3.464  -23.228 0.4444444478
108428  -28.624  -3.821  -25.040 1.0000000000
108445  -31.055  -3.562  -25.562 0.8888888955
108450  -31.547  -3.166  -25.740 0.7777777910
110605  -26.567  -2.089  -25.076 0.8888888955
110606  -33.387  -2.486  -25.082 0.6666666865
110618  -26.296  -1.797  -25.244 0.8888888955
110620  -28.213  -2.181  -25.736 1.0000000000
111656  -34.696  -1.656  -22.853 0.1111111119
111662  -24.135  -1.277  -23.510 0.4444444478
111673  -23.851  -1.044  -23.917 0.3333333433
111676  -33.817  -1.257  -24.863 0.5555555820
111688  -27.703  -1.553  -25.777 1.0000000000
111694  -32.842  -1.288  -26.564 0.7777777910
111704  -27.507  -0.808  -25.872 1.0000000000
112834  -31.732  -0.806  -26.107 0.7777777910
112837  -33.576  -0.295  -25.383 0.5555555820
112849  -27.904  -0.127  -25.908 0.8888888955
113949  -23.142  0.338  -22.284 0.3333333433
113981  -23.576  0.003  -23.833 0.2222222239
113995  -23.647  0.249  -24.084 0.4444444478
114005  -24.461  0.637  -24.501 0.5555555820
114006  -25.019  0.446  -25.035 0.7777777910
114024  -26.825  0.043  -25.913 1.0000000000
114031  -32.220  0.451  -25.881 0.7777777910
115062  -23.837  1.186  -22.533 0.2222222239
115103  -23.769  1.098  -24.503 0.7777777910
115108  -34.278  1.346  -25.268 0.5555555820
115136  -26.946  1.419  -26.698 0.7777777910
115137  -27.408  0.831  -26.594 0.8888888955
115138  -28.199  0.821  -26.503 0.8888888955
115159  -27.528  1.303  -26.871 0.8888888955
115162  -29.979  1.518  -26.382 0.7777777910
116124  -23.370  1.864  -22.931 0.1111111119
116125  -23.939  1.809  -22.713 0.1111111119
116136  -23.116  1.359  -24.448 0.2222222239
116175  -24.978  1.976  -25.525 0.6666666865
116176  -34.105  1.910  -25.691 0.4444444478
116190  -31.920  2.587  -25.879 0.6666666865
116192  -33.602  1.948  -26.110 0.6666666865
116201  -26.192  2.479  -27.023 0.6666666865
116205  -29.465  1.967  -26.727 0.7777777910
116207  -30.728  2.333  -26.352 0.6666666865
117092  -23.196  3.012  -24.226 0.1111111119
117110  -23.757  3.130  -24.909 0.3333333433
117139  -25.844  3.018  -27.103 0.6666666865
117142  -28.158  2.494  -26.997 0.6666666865
118110  -23.217  3.825  -22.979 0.1111111119
118128  -23.244  3.526  -24.129 0.1111111119
118147  -23.580  3.945  -24.763 0.2222222239
118161  -33.554  3.311  -25.969 0.4444444478
118173  -26.663  3.729  -27.557 0.6666666865
119221  -35.421  4.308  -23.878 0.1111111119
119231  -23.027  4.529  -23.855 0.1111111119
119261  -34.404  4.296  -25.066 0.4444444478
119274  -31.526  4.035  -26.224 0.6666666865
119291  -25.712  4.598  -26.983 0.5555555820
119296  -31.095  4.585  -26.404 0.6666666865
120371  -23.925  5.007  -25.390 0.3333333433
120417  -32.098  5.152  -26.578 0.6666666865
120430  -29.974  5.246  -26.744 0.6666666865
121411  -35.944  5.577  -24.037 0.1111111119
121427  -25.275  7.675  -25.153 0.1111111119
121453  -24.906  6.954  -25.753 0.3333333433
121456  -27.331  6.625  -24.817 0.1111111119
121482  -26.845  6.726  -27.766 0.6666666865
122535  -25.149  7.823  -25.346 0.3333333433
122536  -26.137  7.774  -25.236 0.1111111119
122543  -34.152  6.673  -25.066 0.1111111119
122552  -25.412  7.388  -26.170 0.3333333433
122564  -27.803  8.007  -27.703 0.4444444478
123635  -25.328  7.686  -25.939 0.3333333433
123653  -25.588  7.787  -26.066 0.2222222239
124696  -37.600  8.323  -25.273 0.1111111119
126718  -36.522  10.240  -25.754 0.1111111119
126732  -37.798  9.971  -27.846 0.1111111119
127807  -29.671  11.537  -25.780 0.1111111119
127854  -37.140  10.903  -28.012 0.1111111119
128882  -29.626  12.201  -24.422 0.1111111119
128917  -33.293  11.349  -27.272 0.1111111119
128920  -36.218  11.679  -27.011 0.1111111119
128943  -36.877  11.471  -28.228 0.1111111119
130014  -35.361  12.440  -27.498 0.1111111119
130015  -35.989  12.239  -27.894 0.1111111119
130033  -33.079  12.920  -28.256 0.1111111119
131096  -35.066  13.252  -28.993 0.1111111119
132101  -30.761  13.855  -26.911 0.1111111119
133139  -31.987  14.695  -26.933 0.1111111119
133162  -30.106  15.482  -27.754 0.1111111119
182633  -33.452  -4.733  -24.605 0.5555555820
189146  -27.719  3.221  -27.147 0.7777777910
190905  -31.492  -2.693  -25.711 0.7777777910
191211  -28.815  -4.050  -24.795 1.0000000000
191505  -23.596  -0.092  -22.084 0.2222222239
192718  -25.586  -2.160  -24.582 0.7777777910
194538  -30.204  -0.450  -25.711 0.8888888955
195340  -33.801  2.921  -25.907 0.4444444478
195617  -36.035  6.171  -24.294 0.1111111119
197069  -34.897  11.724  -26.753 0.1111111119
199756  -36.041  -2.528  -22.310 0.1111111119
200171  -33.478  -6.882  -23.755 0.5555555820
200621  -32.162  8.814  -27.301 0.4444444478
200997  -25.593  5.458  -26.952 0.5555555820
201575  -34.969  -4.755  -24.062 0.4444444478
201596  -30.615  6.357  -27.058 0.5555555820
201717  -29.556  4.008  -26.844 0.6666666865
204783  -28.328  4.631  -27.300 0.6666666865
208342  -33.395  -4.137  -24.812 0.5555555820
210820  -24.865  3.774  -26.458 0.5555555820
211984  -28.336  -7.185  -22.474 1.0000000000
213795  -34.538  -6.057  -23.431 0.3333333433
215403  -31.918  -9.653  -19.639 0.1111111119
215686  -35.619  -4.930  -23.346 0.1111111119
216905  -26.131  -6.077  -23.470 1.0000000000
217233  -37.151  -2.039  -20.780 0.1111111119
217516  -26.886  8.090  -26.319 0.2222222239
219572  -24.817  -0.474  -24.621 0.6666666865
219912  -23.379  -3.634  -23.271 0.5555555820
