#!ascii label  , from subject sub-v2s11x28732_ses-1 vox2ras=TkReg
1179
188926  27.930  -25.175  56.920 0.0000000000
104573  38.792  2.137  40.530 0.0000000000
104590  47.517  3.454  37.919 0.0000000000
194009  38.680  -1.491  50.519 0.0000000000
75006  28.633  -16.915  49.616 0.0000000000
66533  31.313  -23.222  52.219 0.0000000000
107015  43.236  3.849  39.951 0.0000000000
106906  42.530  4.130  45.060 0.0000000000
92254  35.251  -5.187  51.931 0.0000000000
78956  30.446  -13.921  51.734 0.0000000000
111986  52.825  7.501  28.498 0.0000000000
110734  48.932  6.634  35.482 0.0000000000
214543  35.859  -1.640  46.609 0.0000000000
105664  36.527  3.471  46.765 0.0000000000
189679  28.128  -21.255  53.643 0.0000000000
64434  30.125  -24.021  54.502 0.0000000000
105797  40.816  2.765  40.166 0.0000000000
108212  43.001  4.329  42.435 0.0000000000
105735  40.237  3.378  42.802 0.0000000000
86155  35.103  -8.752  51.894 0.0000000000
72874  30.149  -18.583  50.935 0.0000000000
76269  29.794  -15.551  50.163 0.0000000000
73912  31.702  -17.757  52.005 0.0000000000
114281  51.605  8.637  30.368 0.0000000000
108458  52.874  5.351  29.658 0.0000000000
111934  51.815  7.092  32.017 0.0000000000
107039  46.701  4.704  37.572 0.0000000000
108354  46.366  5.048  35.294 0.0000000000
108337  49.025  5.160  36.695 0.0000000000
105877  49.890  3.722  34.179 0.0000000000
200354  48.485  2.469  34.975 0.0000000000
95789  36.915  -2.929  52.041 0.0000000000
195878  36.193  -3.774  49.155 0.0000000000
98272  36.995  -0.979  49.910 0.0000000000
102090  36.126  1.251  46.796 0.0000000000
103238  37.822  1.405  50.138 0.0000000000
104433  38.862  3.045  49.018 0.0000000000
99575  38.706  -0.485  48.894 0.0000000000
69687  29.250  -20.460  50.779 0.0000000000
104603  44.248  2.615  37.776 0.0000000000
219007  45.877  4.819  39.629 0.0000000000
106970  45.475  4.033  41.379 0.0000000000
103333  43.980  2.132  43.619 0.0000000000
86156  31.657  -9.596  53.089 0.0000000000
185212  34.290  -7.472  53.954 0.0000000000
89670  36.538  -6.269  52.720 0.0000000000
92263  38.642  -5.040  50.330 0.0000000000
93588  38.812  -3.759  47.868 0.0000000000
84949  29.412  -10.560  51.637 0.0000000000
81450  31.833  -12.332  53.828 0.0000000000
109679  52.674  6.502  26.288 0.0000000000
215537  48.889  7.369  33.197 0.0000000000
108432  51.186  5.163  33.073 0.0000000000
105924  48.736  3.443  30.599 0.0000000000
207844  37.533  3.155  43.455 0.0000000000
108148  39.739  4.895  46.332 0.0000000000
103277  40.856  2.713  46.655 0.0000000000
62421  27.874  -25.901  55.893 0.0000000000
64390  28.677  -24.478  56.376 0.0000000000
63401  28.966  -25.151  54.977 0.0000000000
104585  39.690  2.397  39.855 0.0000000000
105767  40.522  2.876  41.503 0.0000000000
105768  39.802  2.675  41.741 0.0000000000
72873  30.939  -18.297  51.549 0.0000000000
113101  50.100  8.381  30.744 0.0000000000
113080  51.765  7.874  31.041 0.0000000000
113070  50.340  8.161  32.138 0.0000000000
184652  47.148  4.856  38.376 0.0000000000
108326  47.742  5.317  37.361 0.0000000000
107038  48.468  4.503  37.259 0.0000000000
104638  49.005  3.534  35.900 0.0000000000
95797  37.823  -2.668  51.444 0.0000000000
97021  36.849  -1.959  50.792 0.0000000000
99554  37.632  -0.712  50.704 0.0000000000
100798  37.321  0.382  50.379 0.0000000000
184183  38.089  -0.009  50.481 0.0000000000
100803  38.593  0.752  49.902 0.0000000000
98271  38.719  -1.170  49.968 0.0000000000
69671  27.894  -20.851  51.236 0.0000000000
68674  30.092  -22.010  51.607 0.0000000000
68689  30.755  -21.629  51.061 0.0000000000
104592  42.340  2.845  38.641 0.0000000000
104625  43.092  2.210  37.529 0.0000000000
105808  43.599  3.498  38.716 0.0000000000
105806  44.925  3.824  38.298 0.0000000000
107013  44.394  4.569  39.468 0.0000000000
108224  45.595  4.624  40.695 0.0000000000
108245  44.033  4.838  40.804 0.0000000000
108176  42.457  4.461  44.077 0.0000000000
106941  43.773  3.853  43.112 0.0000000000
105689  43.373  3.091  44.273 0.0000000000
102130  43.966  1.199  43.990 0.0000000000
103310  42.767  2.143  45.216 0.0000000000
84913  32.516  -9.958  54.559 0.0000000000
88508  33.020  -8.094  53.864 0.0000000000
86138  33.883  -9.102  54.030 0.0000000000
87333  36.006  -7.769  52.211 0.0000000000
90992  37.619  -5.850  51.451 0.0000000000
78970  30.156  -14.263  51.129 0.0000000000
80170  28.946  -12.627  51.261 0.0000000000
81465  29.566  -12.089  51.942 0.0000000000
82607  30.454  -11.327  53.140 0.0000000000
80156  31.138  -13.073  53.208 0.0000000000
214500  52.417  9.203  28.725 0.0000000000
189311  52.705  7.257  27.612 0.0000000000
105951  51.794  4.283  29.435 0.0000000000
109547  47.268  5.834  35.224 0.0000000000
108398  46.672  5.452  34.181 0.0000000000
109573  47.545  6.176  34.040 0.0000000000
110765  47.833  6.537  32.884 0.0000000000
110751  49.204  7.315  34.410 0.0000000000
111913  50.357  7.164  33.729 0.0000000000
109558  50.325  5.951  34.302 0.0000000000
184992  48.667  2.885  33.012 0.0000000000
105898  49.705  3.311  32.274 0.0000000000
89703  34.374  -6.830  51.096 0.0000000000
189624  35.552  -5.613  50.413 0.0000000000
97048  36.408  -2.522  47.996 0.0000000000
94770  36.068  -3.880  47.744 0.0000000000
104455  36.154  2.350  47.215 0.0000000000
103324  35.143  1.855  45.280 0.0000000000
104491  35.603  2.899  45.350 0.0000000000
105724  35.898  2.804  43.639 0.0000000000
207751  36.844  3.594  44.819 0.0000000000
106930  38.301  4.042  44.650 0.0000000000
106892  37.772  4.357  46.362 0.0000000000
102065  39.035  1.700  48.328 0.0000000000
103267  39.552  2.857  47.725 0.0000000000
102074  39.653  2.039  46.967 0.0000000000
102103  40.511  1.523  45.881 0.0000000000
67483  29.619  -22.334  54.225 0.0000000000
65504  30.774  -23.691  53.370 0.0000000000
64470  30.072  -24.118  52.270 0.0000000000
189582  29.636  -24.691  53.473 0.0000000000
105780  41.944  3.346  40.405 0.0000000000
106985  42.885  4.147  41.241 0.0000000000
105765  41.839  3.469  41.145 0.0000000000
106960  41.921  4.122  42.840 0.0000000000
108188  41.664  4.413  44.099 0.0000000000
72885  29.406  -18.032  50.571 0.0000000000
76270  29.344  -15.963  49.774 0.0000000000
73935  29.773  -17.072  50.670 0.0000000000
74993  30.731  -16.550  51.736 0.0000000000
76250  31.197  -16.248  52.143 0.0000000000
77556  31.685  -15.224  52.612 0.0000000000
74977  31.919  -16.605  52.458 0.0000000000
113111  52.835  8.035  29.473 0.0000000000
109635  53.048  6.505  29.040 0.0000000000
111964  52.844  7.258  30.379 0.0000000000
110794  52.420  6.313  31.062 0.0000000000
108441  52.285  5.212  31.232 0.0000000000
105831  45.489  2.919  36.875 0.0000000000
107062  46.217  4.382  36.455 0.0000000000
108338  47.581  5.631  36.713 0.0000000000
109528  49.010  5.828  36.422 0.0000000000
108350  49.887  5.121  35.208 0.0000000000
107077  49.447  4.445  35.617 0.0000000000
104669  49.134  2.858  34.199 0.0000000000
94708  36.389  -4.005  52.182 0.0000000000
93539  35.955  -4.391  50.381 0.0000000000
95811  36.490  -3.004  51.078 0.0000000000
217686  36.612  -2.092  49.539 0.0000000000
98288  36.457  -1.015  47.914 0.0000000000
99594  36.127  -0.479  47.075 0.0000000000
100819  36.634  0.313  48.372 0.0000000000
102067  36.694  1.092  48.426 0.0000000000
104445  37.000  2.796  48.318 0.0000000000
105640  38.107  3.875  48.698 0.0000000000
104424  38.210  2.525  49.657 0.0000000000
102066  38.961  1.118  48.866 0.0000000000
100828  38.453  0.408  47.800 0.0000000000
211580  27.134  -19.575  51.837 0.0000000000
216069  27.712  -19.263  50.932 0.0000000000
72886  28.646  -17.958  50.283 0.0000000000
70751  29.919  -20.075  50.790 0.0000000000
70750  30.887  -20.041  50.998 0.0000000000
105819  45.228  3.255  37.828 0.0000000000
107028  45.848  4.512  38.458 0.0000000000
108264  47.018  4.378  39.057 0.0000000000
192924  47.295  4.231  40.675 0.0000000000
104540  46.744  3.110  40.730 0.0000000000
103357  45.250  2.613  41.536 0.0000000000
108197  43.859  4.364  42.304 0.0000000000
105715  44.507  2.942  42.509 0.0000000000
86172  31.968  -9.836  51.252 0.0000000000
88534  32.995  -8.680  51.722 0.0000000000
89682  33.879  -7.140  52.600 0.0000000000
90970  34.788  -5.925  52.930 0.0000000000
87327  35.176  -7.950  53.361 0.0000000000
89672  35.872  -7.017  53.269 0.0000000000
92222  35.964  -5.521  53.255 0.0000000000
193415  37.026  -4.574  52.507 0.0000000000
94720  37.970  -4.089  51.737 0.0000000000
189293  38.731  -3.030  50.370 0.0000000000
95831  38.822  -2.620  49.002 0.0000000000
93571  38.929  -3.946  48.755 0.0000000000
86158  30.402  -9.869  52.485 0.0000000000
83765  31.275  -10.656  54.121 0.0000000000
82599  32.548  -11.695  54.172 0.0000000000
78928  32.638  -14.389  53.344 0.0000000000
80153  33.343  -13.741  53.298 0.0000000000
110851  52.923  7.150  25.925 0.0000000000
111937  49.302  7.679  32.335 0.0000000000
113060  50.442  8.024  32.716 0.0000000000
110761  51.492  6.333  32.746 0.0000000000
105907  51.211  3.917  31.323 0.0000000000
107126  50.605  4.464  33.367 0.0000000000
105908  50.689  3.809  31.877 0.0000000000
105923  49.784  3.402  30.292 0.0000000000
92283  35.901  -5.067  49.267 0.0000000000
104558  36.937  1.883  41.542 0.0000000000
104557  38.033  2.258  41.765 0.0000000000
105736  39.227  3.112  43.082 0.0000000000
106928  39.659  4.194  44.514 0.0000000000
108146  40.951  4.853  45.899 0.0000000000
106844  39.422  4.109  48.167 0.0000000000
105651  40.216  3.762  47.191 0.0000000000
105663  41.460  3.310  46.364 0.0000000000
102101  42.085  1.913  45.516 0.0000000000
98286  38.705  -1.701  48.607 0.0000000000
197796  38.227  -0.964  47.842 0.0000000000
62411  27.821  -25.840  56.859 0.0000000000
62400  27.387  -25.767  57.181 0.0000000000
63372  28.387  -24.878  56.677 0.0000000000
63390  28.707  -25.043  55.994 0.0000000000
104586  39.075  2.121  39.958 0.0000000000
211637  39.479  2.494  41.172 0.0000000000
184986  38.986  2.322  41.005 0.0000000000
113083  50.183  8.264  31.424 0.0000000000
113084  49.600  8.122  31.168 0.0000000000
108263  47.401  4.322  38.463 0.0000000000
108308  47.850  4.823  37.994 0.0000000000
210836  48.211  4.153  37.431 0.0000000000
105829  48.383  3.838  37.102 0.0000000000
104601  47.885  3.529  37.235 0.0000000000
97011  38.176  -2.263  50.937 0.0000000000
97012  37.874  -2.025  51.134 0.0000000000
98253  38.380  -1.544  50.807 0.0000000000
99553  38.145  -0.591  50.663 0.0000000000
98261  38.558  -0.986  50.605 0.0000000000
99562  38.552  -0.454  50.258 0.0000000000
67513  30.590  -22.722  52.771 0.0000000000
67530  29.459  -22.206  52.133 0.0000000000
200203  31.077  -22.771  52.010 0.0000000000
105794  42.705  3.490  39.506 0.0000000000
105809  42.896  3.210  38.847 0.0000000000
105793  43.330  3.802  39.229 0.0000000000
107031  43.954  4.089  39.025 0.0000000000
107014  43.793  4.272  39.662 0.0000000000
106997  44.193  4.748  40.112 0.0000000000
106998  43.647  4.404  40.362 0.0000000000
108162  42.206  4.416  44.715 0.0000000000
106924  43.218  4.047  44.075 0.0000000000
105690  43.004  3.346  44.692 0.0000000000
104490  43.245  2.869  44.833 0.0000000000
105677  42.789  3.176  45.222 0.0000000000
84912  32.957  -10.030  54.370 0.0000000000
86122  33.200  -9.213  54.281 0.0000000000
84926  33.489  -9.665  54.040 0.0000000000
77568  30.711  -14.587  51.645 0.0000000000
78957  29.778  -13.486  51.347 0.0000000000
80168  30.103  -13.205  51.868 0.0000000000
81472  29.131  -12.369  51.620 0.0000000000
80162  30.397  -12.909  52.342 0.0000000000
81464  30.125  -12.381  52.393 0.0000000000
78943  30.773  -13.663  52.396 0.0000000000
113124  52.743  8.068  28.673 0.0000000000
113136  52.650  8.651  28.256 0.0000000000
113135  52.751  8.031  28.044 0.0000000000
214149  52.746  7.752  27.678 0.0000000000
111997  52.846  7.347  28.046 0.0000000000
109559  48.291  6.535  35.300 0.0000000000
109560  47.719  6.262  34.831 0.0000000000
216014  48.131  6.606  34.836 0.0000000000
110743  48.029  6.636  34.371 0.0000000000
110741  49.351  7.034  34.982 0.0000000000
111906  49.706  7.286  34.468 0.0000000000
110740  49.837  6.810  34.925 0.0000000000
104691  47.708  2.766  32.480 0.0000000000
104690  48.406  3.102  32.426 0.0000000000
209725  35.024  -5.762  51.549 0.0000000000
91003  35.038  -6.130  50.883 0.0000000000
90994  35.341  -5.422  51.143 0.0000000000
97055  36.302  -2.045  47.604 0.0000000000
189495  35.874  -2.259  46.624 0.0000000000
104465  36.323  2.930  47.014 0.0000000000
104479  35.729  2.746  45.913 0.0000000000
105680  35.899  3.298  45.785 0.0000000000
105691  36.401  3.525  45.175 0.0000000000
106893  36.876  3.803  45.936 0.0000000000
183064  37.482  4.160  45.678 0.0000000000
106876  37.369  4.197  46.873 0.0000000000
102089  38.777  1.027  47.333 0.0000000000
102075  39.010  1.627  47.580 0.0000000000
102088  39.299  1.590  46.836 0.0000000000
102104  39.716  1.435  46.180 0.0000000000
66471  29.828  -23.229  55.246 0.0000000000
66488  29.196  -22.537  54.956 0.0000000000
66487  30.026  -22.966  54.362 0.0000000000
66503  30.417  -22.989  53.690 0.0000000000
65493  30.227  -23.506  54.291 0.0000000000
64450  30.279  -24.398  53.732 0.0000000000
64435  29.804  -24.807  54.566 0.0000000000
104584  40.311  2.566  39.689 0.0000000000
104595  40.483  2.468  39.052 0.0000000000
104583  40.969  2.695  39.529 0.0000000000
105811  41.617  2.857  39.358 0.0000000000
105796  41.461  2.968  39.984 0.0000000000
105781  41.309  3.075  40.628 0.0000000000
105754  40.367  3.065  42.183 0.0000000000
105753  40.976  3.366  41.892 0.0000000000
105734  40.849  3.587  42.532 0.0000000000
106943  41.859  4.300  43.427 0.0000000000
106944  41.192  4.101  43.642 0.0000000000
73925  29.961  -17.855  50.838 0.0000000000
73923  31.061  -17.816  51.874 0.0000000000
73913  30.936  -17.300  51.890 0.0000000000
74985  31.450  -17.002  52.130 0.0000000000
76241  31.566  -15.962  52.484 0.0000000000
113113  50.671  8.731  30.365 0.0000000000
114294  51.721  9.014  29.859 0.0000000000
114293  52.150  8.940  29.510 0.0000000000
114280  51.929  8.674  30.190 0.0000000000
113097  52.652  7.849  30.119 0.0000000000
113098  52.132  8.193  30.479 0.0000000000
111951  51.320  7.414  31.580 0.0000000000
111950  52.021  7.379  31.395 0.0000000000
110795  52.116  6.768  31.561 0.0000000000
109616  52.480  5.696  31.205 0.0000000000
109617  52.162  6.105  31.682 0.0000000000
107049  46.201  4.178  37.178 0.0000000000
105830  45.861  3.601  36.701 0.0000000000
107048  46.555  4.685  36.998 0.0000000000
108325  48.227  5.262  37.479 0.0000000000
109508  48.232  5.707  36.970 0.0000000000
109530  47.923  5.992  36.205 0.0000000000
108336  49.373  5.417  36.171 0.0000000000
108323  49.160  4.837  36.427 0.0000000000
104652  48.859  2.994  35.717 0.0000000000
104651  49.316  3.325  35.243 0.0000000000
104660  48.970  2.834  34.973 0.0000000000
104670  48.845  2.409  33.815 0.0000000000
103498  48.306  2.156  33.991 0.0000000000
94721  36.766  -3.418  52.101 0.0000000000
94722  36.446  -3.491  51.624 0.0000000000
95800  36.774  -2.934  51.682 0.0000000000
183788  36.950  -1.614  50.151 0.0000000000
97030  36.694  -2.030  50.128 0.0000000000
97038  36.818  -1.599  49.655 0.0000000000
212949  36.593  -1.787  48.973 0.0000000000
98279  36.725  -1.102  49.247 0.0000000000
99577  36.573  -0.419  48.297 0.0000000000
99576  36.633  -0.631  48.910 0.0000000000
102041  37.561  0.872  50.449 0.0000000000
212907  36.979  1.260  49.199 0.0000000000
103249  37.271  1.662  49.664 0.0000000000
103260  36.943  1.868  48.881 0.0000000000
103259  37.405  2.287  49.502 0.0000000000
104435  37.609  2.872  49.328 0.0000000000
103247  37.934  1.932  49.987 0.0000000000
202235  38.726  0.030  49.296 0.0000000000
100811  38.788  0.627  49.402 0.0000000000
100818  38.774  0.379  48.682 0.0000000000
68664  27.540  -20.757  53.261 0.0000000000
70732  26.794  -19.754  52.653 0.0000000000
68676  27.625  -20.858  52.290 0.0000000000
211941  28.361  -20.472  50.950 0.0000000000
70752  28.340  -19.775  50.790 0.0000000000
71854  28.294  -19.066  50.600 0.0000000000
201607  29.144  -18.707  50.607 0.0000000000
104604  43.549  2.576  37.969 0.0000000000
104623  44.543  2.218  37.238 0.0000000000
104602  44.901  2.684  37.599 0.0000000000
107012  45.041  4.798  39.293 0.0000000000
107029  45.356  4.415  38.720 0.0000000000
107011  45.794  4.871  39.207 0.0000000000
108290  46.382  4.803  38.948 0.0000000000
108266  46.353  4.783  39.508 0.0000000000
106994  47.064  3.857  39.943 0.0000000000
197391  46.517  4.566  40.022 0.0000000000
108208  45.258  4.408  41.178 0.0000000000
106969  46.087  3.915  41.126 0.0000000000
105750  46.115  3.559  41.064 0.0000000000
103367  45.840  2.850  41.111 0.0000000000
105731  45.388  3.318  41.413 0.0000000000
106972  42.632  4.225  41.813 0.0000000000
108228  43.301  4.386  41.697 0.0000000000
108211  43.686  4.455  42.091 0.0000000000
105702  43.888  2.881  43.407 0.0000000000
105716  44.217  3.094  42.917 0.0000000000
104515  44.186  2.731  43.092 0.0000000000
103344  44.411  2.117  42.420 0.0000000000
102142  44.223  1.576  42.671 0.0000000000
87336  32.110  -9.318  52.613 0.0000000000
86161  32.464  -9.335  51.701 0.0000000000
87335  32.593  -8.835  52.293 0.0000000000
88517  33.483  -7.671  53.789 0.0000000000
88525  33.416  -7.622  53.015 0.0000000000
89674  33.841  -7.210  53.450 0.0000000000
89681  34.191  -6.601  52.640 0.0000000000
90971  34.567  -6.435  53.409 0.0000000000
87328  34.930  -8.503  53.262 0.0000000000
87334  35.336  -8.298  52.606 0.0000000000
208054  36.454  -6.754  52.639 0.0000000000
88514  36.106  -7.210  52.914 0.0000000000
89671  36.201  -6.609  53.171 0.0000000000
90958  35.751  -6.077  53.526 0.0000000000
92221  36.404  -5.460  52.964 0.0000000000
93480  36.189  -4.882  52.953 0.0000000000
92239  36.936  -5.225  52.596 0.0000000000
91000  38.257  -5.730  50.606 0.0000000000
93517  37.910  -4.563  51.383 0.0000000000
93538  38.278  -4.593  50.814 0.0000000000
94731  38.460  -3.339  50.758 0.0000000000
93558  38.867  -4.401  49.812 0.0000000000
93557  38.931  -3.850  49.413 0.0000000000
93572  38.929  -4.483  49.027 0.0000000000
77614  29.179  -15.199  49.632 0.0000000000
77598  29.617  -14.709  49.995 0.0000000000
83797  28.906  -10.867  51.196 0.0000000000
84958  29.452  -10.534  51.093 0.0000000000
84957  30.122  -10.423  51.290 0.0000000000
84947  30.489  -10.173  51.690 0.0000000000
86164  30.280  -10.036  52.094 0.0000000000
81451  31.178  -12.189  53.600 0.0000000000
83774  30.731  -10.577  53.650 0.0000000000
189940  31.433  -11.756  53.971 0.0000000000
82591  32.254  -11.242  54.530 0.0000000000
82600  32.071  -11.795  54.202 0.0000000000
78930  31.675  -14.538  52.972 0.0000000000
81457  33.148  -13.039  53.228 0.0000000000
110846  52.831  7.307  26.531 0.0000000000
109678  52.858  6.775  25.801 0.0000000000
108504  52.372  5.943  26.091 0.0000000000
109648  52.963  6.030  29.180 0.0000000000
107078  46.084  4.483  35.669 0.0000000000
107096  45.602  4.225  34.660 0.0000000000
190496  45.994  4.588  34.981 0.0000000000
110764  48.460  6.985  33.218 0.0000000000
110781  48.255  6.951  32.448 0.0000000000
111938  48.683  7.339  32.008 0.0000000000
111925  48.790  7.377  32.724 0.0000000000
111936  49.799  7.908  32.761 0.0000000000
111923  50.030  7.665  33.208 0.0000000000
110749  51.036  6.476  33.705 0.0000000000
110762  51.210  6.755  33.186 0.0000000000
109588  51.297  5.739  32.838 0.0000000000
107143  51.697  5.269  32.334 0.0000000000
107144  51.265  4.738  32.367 0.0000000000
107094  50.038  4.644  34.471 0.0000000000
108374  50.055  5.084  34.581 0.0000000000
105876  50.281  4.069  33.786 0.0000000000
104701  49.026  3.388  31.221 0.0000000000
193976  50.284  3.589  32.247 0.0000000000
191236  49.746  3.363  30.999 0.0000000000
200550  50.416  3.811  31.200 0.0000000000
215759  49.334  3.283  30.611 0.0000000000
94744  36.182  -3.762  49.961 0.0000000000
92271  35.813  -5.033  50.002 0.0000000000
93559  35.996  -4.408  49.596 0.0000000000
196845  35.973  0.086  46.711 0.0000000000
103335  34.933  2.035  44.573 0.0000000000
105722  36.953  3.207  43.565 0.0000000000
181086  36.251  2.297  42.642 0.0000000000
104530  36.951  2.562  42.566 0.0000000000
104545  37.414  2.286  42.000 0.0000000000
104528  38.278  2.688  42.614 0.0000000000
105737  38.920  2.826  42.579 0.0000000000
202250  38.568  3.012  43.107 0.0000000000
108167  39.196  4.565  45.774 0.0000000000
106929  38.977  4.072  44.607 0.0000000000
108166  39.925  4.765  45.656 0.0000000000
108165  40.606  4.911  45.513 0.0000000000
108147  40.388  4.903  46.150 0.0000000000
105628  38.762  3.511  48.913 0.0000000000
106846  38.427  4.198  48.344 0.0000000000
215007  39.118  3.476  48.672 0.0000000000
194202  40.301  2.894  46.918 0.0000000000
104453  40.258  3.379  47.092 0.0000000000
104452  40.875  3.068  46.738 0.0000000000
106851  41.139  3.407  46.627 0.0000000000
104451  41.238  2.842  46.458 0.0000000000
189846  41.621  2.553  46.086 0.0000000000
102085  41.604  2.328  46.027 0.0000000000
100848  41.001  0.978  45.273 0.0000000000
95840  38.817  -2.913  48.501 0.0000000000
97046  38.766  -2.274  48.655 0.0000000000
95841  38.703  -2.896  48.095 0.0000000000
65478  29.114  -23.421  55.955 0.0000000000
64411  29.686  -24.072  55.410 0.0000000000
64412  29.209  -24.651  55.570 0.0000000000
62420  28.381  -25.512  55.457 0.0000000000
104596  39.838  2.331  39.229 0.0000000000
104571  40.169  2.578  40.346 0.0000000000
105782  40.673  2.822  40.816 0.0000000000
104554  40.046  2.577  41.036 0.0000000000
104542  39.662  2.965  42.519 0.0000000000
200011  31.086  -19.061  51.458 0.0000000000
209082  31.569  -18.605  51.540 0.0000000000
215884  50.904  8.599  30.600 0.0000000000
113099  51.618  8.268  30.653 0.0000000000
113100  51.133  8.372  30.772 0.0000000000
113081  51.100  7.946  31.341 0.0000000000
113068  51.077  7.598  31.801 0.0000000000
107027  46.725  4.810  38.332 0.0000000000
108309  47.629  4.964  37.947 0.0000000000
108324  48.532  5.113  37.159 0.0000000000
107047  48.734  4.384  36.722 0.0000000000
196199  48.714  4.029  36.720 0.0000000000
104639  48.550  3.208  36.303 0.0000000000
95788  37.554  -3.114  51.984 0.0000000000
95799  37.154  -2.510  51.459 0.0000000000
97013  37.416  -1.909  51.219 0.0000000000
209938  37.211  -1.539  50.830 0.0000000000
98263  37.274  -0.899  50.532 0.0000000000
99563  37.146  -0.263  50.185 0.0000000000
99555  37.402  -0.123  50.579 0.0000000000
100797  37.546  0.358  50.621 0.0000000000
208110  38.123  0.472  50.319 0.0000000000
187081  38.396  0.821  50.058 0.0000000000
100795  38.334  0.177  50.163 0.0000000000
201487  38.626  0.022  49.781 0.0000000000
99568  38.681  -0.551  49.579 0.0000000000
68663  28.315  -21.454  52.605 0.0000000000
68675  28.674  -21.404  51.657 0.0000000000
68690  29.126  -21.132  51.026 0.0000000000
214237  29.826  -21.039  50.861 0.0000000000
104606  42.012  2.580  38.155 0.0000000000
104605  42.803  2.663  38.192 0.0000000000
105822  43.355  2.980  38.419 0.0000000000
105821  43.927  3.096  38.245 0.0000000000
105820  44.623  3.146  38.068 0.0000000000
105807  44.244  3.704  38.506 0.0000000000
107030  44.633  4.266  38.869 0.0000000000
108267  45.427  4.838  39.727 0.0000000000
108242  45.950  4.716  40.107 0.0000000000
108243  45.239  4.810  40.348 0.0000000000
108225  44.997  4.706  40.963 0.0000000000
108209  44.659  4.511  41.439 0.0000000000
108199  42.962  4.374  43.035 0.0000000000
108185  43.153  4.355  43.242 0.0000000000
108175  42.939  4.305  43.794 0.0000000000
105703  43.568  3.206  43.768 0.0000000000
104503  43.665  2.800  43.745 0.0000000000
102116  43.881  1.844  43.943 0.0000000000
103322  43.525  2.188  44.319 0.0000000000
103323  43.024  1.977  44.911 0.0000000000
102118  42.811  1.528  44.683 0.0000000000
86140  31.975  -9.341  54.035 0.0000000000
87319  32.530  -8.496  53.784 0.0000000000
87307  32.733  -8.648  54.209 0.0000000000
88494  33.213  -8.226  54.148 0.0000000000
88506  33.998  -7.954  54.101 0.0000000000
87340  35.641  -8.415  51.738 0.0000000000
89692  37.081  -6.663  51.581 0.0000000000
90993  37.230  -6.132  51.818 0.0000000000
89691  37.504  -6.333  51.190 0.0000000000
91001  37.927  -6.091  50.889 0.0000000000
202498  30.208  -15.098  50.686 0.0000000000
78987  29.390  -13.910  49.981 0.0000000000
78971  29.603  -13.645  50.626 0.0000000000
81478  28.166  -12.189  50.729 0.0000000000
81473  28.570  -12.233  51.281 0.0000000000
82618  28.820  -11.776  51.659 0.0000000000
82613  29.449  -11.501  52.097 0.0000000000
83784  29.970  -10.541  52.565 0.0000000000
81458  29.925  -11.883  52.397 0.0000000000
201413  30.487  -12.005  53.011 0.0000000000
80147  31.552  -12.759  53.512 0.0000000000
215312  52.787  7.947  27.177 0.0000000000
196194  52.687  7.474  27.064 0.0000000000
109670  52.638  6.818  27.204 0.0000000000
107187  52.711  4.774  30.048 0.0000000000
108353  46.840  5.453  35.620 0.0000000000
108376  46.323  5.052  34.595 0.0000000000
108375  46.753  5.454  34.879 0.0000000000
109561  47.150  5.827  34.468 0.0000000000
109574  47.024  5.834  33.765 0.0000000000
110753  47.977  6.523  33.621 0.0000000000
110752  48.542  6.995  34.041 0.0000000000
110763  49.031  7.370  33.691 0.0000000000
111915  49.599  7.501  33.874 0.0000000000
109572  50.605  6.276  34.012 0.0000000000
109571  51.042  5.834  33.919 0.0000000000
104668  49.611  3.302  33.908 0.0000000000
104677  49.573  3.438  33.147 0.0000000000
104689  49.074  3.170  32.729 0.0000000000
105910  49.083  3.204  31.985 0.0000000000
95842  36.311  -3.037  48.660 0.0000000000
94764  36.187  -3.813  48.402 0.0000000000
95852  36.321  -3.238  47.841 0.0000000000
187131  36.203  -3.424  47.216 0.0000000000
103295  35.985  1.906  46.697 0.0000000000
103296  35.888  1.450  46.269 0.0000000000
103312  35.648  2.048  45.979 0.0000000000
104492  35.221  2.457  44.973 0.0000000000
104505  35.119  2.457  44.327 0.0000000000
181608  35.375  2.562  43.495 0.0000000000
105708  36.008  3.095  44.172 0.0000000000
105707  36.723  3.409  44.182 0.0000000000
196351  37.435  3.422  43.931 0.0000000000
105705  37.925  3.695  44.260 0.0000000000
106931  37.778  3.964  44.702 0.0000000000
106891  38.346  4.425  45.871 0.0000000000
108149  39.023  4.703  46.418 0.0000000000
103268  39.137  2.360  48.389 0.0000000000
104432  39.246  3.078  48.442 0.0000000000
103279  39.321  2.236  47.697 0.0000000000
103278  39.942  2.630  46.968 0.0000000000
103294  40.521  2.257  46.610 0.0000000000
102086  40.988  2.006  46.167 0.0000000000
102087  40.172  1.737  46.489 0.0000000000
67484  28.603  -21.897  54.609 0.0000000000
67497  28.898  -21.764  53.969 0.0000000000
67496  29.964  -22.505  53.464 0.0000000000
66521  30.831  -23.027  52.922 0.0000000000
65515  30.851  -23.630  52.856 0.0000000000
64449  30.703  -24.044  53.344 0.0000000000
64462  30.310  -24.271  53.046 0.0000000000
63414  28.974  -25.079  53.934 0.0000000000
104593  41.774  2.749  38.733 0.0000000000
105795  42.076  3.251  39.756 0.0000000000
105779  42.551  3.638  40.152 0.0000000000
106999  43.061  4.018  40.613 0.0000000000
107000  42.462  3.699  40.836 0.0000000000
106986  42.358  3.930  41.365 0.0000000000
105752  41.522  3.496  41.678 0.0000000000
106974  41.553  3.806  42.287 0.0000000000
106959  42.284  4.150  42.380 0.0000000000
108187  42.243  4.479  43.798 0.0000000000
108163  41.707  4.730  45.016 0.0000000000
219103  33.657  -10.257  52.916 0.0000000000
73936  29.124  -17.365  50.249 0.0000000000
75015  28.904  -16.332  49.518 0.0000000000
75005  29.244  -16.638  50.024 0.0000000000
75004  29.784  -16.315  50.423 0.0000000000
73924  30.445  -17.543  51.479 0.0000000000
74994  30.239  -16.800  51.255 0.0000000000
76260  30.300  -16.010  50.877 0.0000000000
77580  30.695  -15.739  51.446 0.0000000000
77581  30.604  -15.025  51.345 0.0000000000
77567  31.038  -15.370  52.026 0.0000000000
78955  31.060  -14.502  52.146 0.0000000000
76240  31.979  -16.053  52.701 0.0000000000
74976  32.358  -16.789  52.346 0.0000000000
114292  52.540  8.556  29.031 0.0000000000
111987  52.882  7.655  29.062 0.0000000000
110824  52.950  6.889  28.474 0.0000000000
110825  52.981  7.143  29.050 0.0000000000
110816  53.023  6.857  29.821 0.0000000000
109636  53.021  6.106  29.894 0.0000000000
111965  52.175  7.577  30.679 0.0000000000
110805  52.896  6.577  30.523 0.0000000000
181288  52.994  5.518  30.321 0.0000000000
219263  52.904  5.081  30.353 0.0000000000
185563  52.082  4.579  30.298 0.0000000000
105920  51.508  4.182  30.563 0.0000000000
105842  45.517  3.108  36.172 0.0000000000
105841  45.803  3.827  35.983 0.0000000000
107061  46.454  5.017  36.008 0.0000000000
108327  47.093  5.162  37.100 0.0000000000
108339  46.987  5.381  36.349 0.0000000000
108352  47.381  5.816  35.995 0.0000000000
109545  48.505  6.354  35.965 0.0000000000
109544  49.008  6.308  36.020 0.0000000000
110732  49.754  6.309  35.412 0.0000000000
108351  49.815  5.658  35.526 0.0000000000
107076  49.753  4.739  35.127 0.0000000000
105854  49.759  4.309  34.987 0.0000000000
105840  49.070  4.057  36.082 0.0000000000
105855  49.417  3.927  35.458 0.0000000000
104659  49.554  3.236  34.592 0.0000000000
104678  49.073  2.930  33.475 0.0000000000
104680  48.138  2.692  32.996 0.0000000000
93519  35.748  -4.522  51.963 0.0000000000
197469  35.581  -4.906  51.379 0.0000000000
93518  35.868  -4.400  51.172 0.0000000000
94732  36.178  -3.728  50.873 0.0000000000
95822  36.568  -2.492  50.591 0.0000000000
209007  36.492  -2.557  49.864 0.0000000000
95832  36.376  -3.138  49.504 0.0000000000
215607  36.466  -2.319  48.576 0.0000000000
98280  36.435  -1.750  48.158 0.0000000000
98295  36.280  -1.451  47.512 0.0000000000
98306  36.000  -1.142  46.930 0.0000000000
201295  36.271  -0.906  47.406 0.0000000000
198673  36.307  0.074  47.311 0.0000000000
100820  36.419  0.636  47.717 0.0000000000
192205  36.734  -0.059  48.959 0.0000000000
102068  36.479  1.233  47.757 0.0000000000
103280  36.501  2.155  47.704 0.0000000000
104454  36.660  2.749  47.706 0.0000000000
105642  37.116  3.284  48.090 0.0000000000
106857  37.276  4.040  47.502 0.0000000000
105641  37.572  3.683  48.477 0.0000000000
104434  38.042  2.979  49.384 0.0000000000
104423  38.554  2.504  49.421 0.0000000000
102050  38.569  1.310  49.853 0.0000000000
103258  38.721  1.870  49.474 0.0000000000
102058  38.979  1.755  48.949 0.0000000000
102076  38.798  1.064  48.130 0.0000000000
73937  28.332  -17.494  49.850 0.0000000000
72887  27.774  -18.034  50.153 0.0000000000
72875  28.082  -18.506  50.356 0.0000000000
71853  30.263  -19.409  51.015 0.0000000000
199979  45.309  2.898  37.374 0.0000000000
105818  45.715  3.518  37.428 0.0000000000
107041  45.587  3.990  38.070 0.0000000000
107040  46.203  4.295  37.848 0.0000000000
217014  47.148  4.585  39.102 0.0000000000
107026  47.483  3.925  38.430 0.0000000000
104581  47.364  3.191  38.837 0.0000000000
105792  47.290  3.486  39.061 0.0000000000
105777  47.150  3.364  39.687 0.0000000000
104569  47.440  2.952  39.685 0.0000000000
108223  46.177  4.432  40.455 0.0000000000
105763  47.261  3.691  40.850 0.0000000000
106984  43.492  4.465  41.044 0.0000000000
108210  43.986  4.545  41.657 0.0000000000
108196  44.323  4.285  41.942 0.0000000000
108184  43.564  4.186  42.875 0.0000000000
106957  44.544  3.906  42.191 0.0000000000
105732  44.944  3.296  41.909 0.0000000000
103358  44.808  2.689  42.073 0.0000000000
194113  32.645  -9.684  51.021 0.0000000000
198788  33.412  -8.045  51.739 0.0000000000
88526  33.010  -8.181  52.485 0.0000000000
187566  33.504  -7.677  52.277 0.0000000000
88533  33.910  -7.443  51.677 0.0000000000
89693  34.283  -6.790  52.005 0.0000000000
90984  34.473  -6.232  52.405 0.0000000000
90983  34.893  -5.792  52.187 0.0000000000
86150  34.026  -9.374  53.717 0.0000000000
87317  34.671  -8.294  53.793 0.0000000000
186627  34.468  -7.838  53.962 0.0000000000
88524  35.647  -7.702  52.957 0.0000000000
88515  35.513  -7.390  53.371 0.0000000000
89664  34.900  -6.879  53.711 0.0000000000
90959  35.045  -6.122  53.414 0.0000000000
92223  35.394  -5.642  53.208 0.0000000000
93499  35.544  -4.939  52.424 0.0000000000
93498  35.946  -4.546  52.596 0.0000000000
93497  36.507  -4.304  52.630 0.0000000000
93496  36.918  -4.133  52.511 0.0000000000
92238  37.254  -4.832  52.229 0.0000000000
199324  37.515  -4.496  51.922 0.0000000000
94705  37.529  -3.555  52.089 0.0000000000
94719  37.787  -3.192  51.747 0.0000000000
95796  38.071  -2.869  51.131 0.0000000000
95821  38.704  -2.466  50.078 0.0000000000
97029  38.867  -1.913  49.880 0.0000000000
94742  38.792  -3.154  49.780 0.0000000000
94754  38.874  -3.274  49.157 0.0000000000
93581  38.898  -3.933  48.269 0.0000000000
92296  38.893  -5.063  48.706 0.0000000000
93582  38.921  -4.506  48.357 0.0000000000
76285  28.871  -15.740  49.203 0.0000000000
78988  28.551  -13.677  49.897 0.0000000000
84955  31.517  -10.244  50.785 0.0000000000
86162  31.590  -9.586  51.954 0.0000000000
183279  31.410  -9.688  52.517 0.0000000000
84938  30.218  -10.092  52.787 0.0000000000
84937  30.706  -9.891  52.979 0.0000000000
86141  31.562  -9.623  53.722 0.0000000000
84914  31.986  -10.099  54.516 0.0000000000
83762  32.711  -10.560  54.569 0.0000000000
82598  32.887  -11.551  54.000 0.0000000000
78942  31.238  -14.368  52.737 0.0000000000
78929  31.997  -14.175  53.271 0.0000000000
80154  32.368  -13.738  53.410 0.0000000000
185103  32.777  -13.743  53.465 0.0000000000
80146  32.240  -13.035  53.510 0.0000000000
81448  32.708  -12.331  53.577 0.0000000000
63373  27.289  -25.297  57.071 0.0000000000
110862  52.877  7.123  25.061 0.0000000000
111952  49.790  8.022  31.896 0.0000000000
113059  50.656  7.760  32.615 0.0000000000
111922  50.460  7.477  33.173 0.0000000000
111921  50.942  7.287  32.920 0.0000000000
110780  51.348  6.868  32.534 0.0000000000
184356  52.150  5.460  31.795 0.0000000000
107160  52.068  4.903  31.904 0.0000000000
105921  50.846  3.836  30.560 0.0000000000
109543  50.122  5.548  34.805 0.0000000000
109557  50.484  5.398  34.105 0.0000000000
107125  51.028  4.852  33.704 0.0000000000
105897  50.147  3.641  32.800 0.0000000000
105896  50.650  3.868  32.495 0.0000000000
105886  50.836  4.280  32.717 0.0000000000
105895  51.163  4.028  32.102 0.0000000000
105922  50.193  3.606  30.671 0.0000000000
209537  49.551  3.650  29.601 0.0000000000
103407  38.313  1.926  40.011 0.0000000000
92265  35.712  -4.985  50.734 0.0000000000
92272  35.653  -5.650  49.669 0.0000000000
104547  35.528  2.142  42.532 0.0000000000
103395  37.022  1.771  40.892 0.0000000000
104574  37.698  1.926  41.282 0.0000000000
218609  38.622  2.149  40.913 0.0000000000
104555  39.079  2.511  41.554 0.0000000000
211353  39.731  3.333  43.039 0.0000000000
106948  38.561  3.760  44.113 0.0000000000
106947  39.244  3.789  44.042 0.0000000000
106946  39.892  3.874  43.942 0.0000000000
106927  40.332  4.286  44.407 0.0000000000
108164  41.221  4.830  45.325 0.0000000000
108145  41.499  4.676  45.606 0.0000000000
106875  37.791  4.385  47.468 0.0000000000
108121  38.401  4.579  47.329 0.0000000000
108135  39.513  4.783  46.914 0.0000000000
105638  39.462  3.692  48.221 0.0000000000
106843  39.652  3.995  47.898 0.0000000000
106874  40.258  4.572  46.964 0.0000000000
106873  40.760  4.245  46.666 0.0000000000
106872  41.308  3.838  46.410 0.0000000000
106871  41.904  3.689  46.058 0.0000000000
104463  42.235  2.570  45.727 0.0000000000
103311  42.298  1.780  45.569 0.0000000000
100846  42.198  1.255  45.054 0.0000000000
212647  41.559  1.920  45.658 0.0000000000
100847  41.736  1.314  45.211 0.0000000000
98270  38.773  -1.695  49.430 0.0000000000
213093  38.734  -1.233  49.130 0.0000000000
186354  38.566  -1.046  48.463 0.0000000000
97047  38.616  -2.184  48.230 0.0000000000
98294  38.416  -1.703  48.108 0.0000000000
99583  38.377  -0.280  48.213 0.0000000000
62410  28.241  -25.364  56.473 0.0000000000
64433  30.518  -24.035  53.912 0.0000000000
65463  29.073  -24.081  56.017 0.0000000000
65492  30.637  -23.416  53.777 0.0000000000
66520  30.844  -23.362  53.331 0.0000000000
69659  27.074  -20.292  52.919 0.0000000000
69672  27.242  -20.208  52.081 0.0000000000
73951  28.002  -17.106  49.320 0.0000000000
77542  32.316  -15.066  53.106 0.0000000000
78986  29.847  -14.281  50.401 0.0000000000
80145  32.726  -13.051  53.422 0.0000000000
80155  31.797  -13.406  53.327 0.0000000000
80157  30.620  -12.689  52.882 0.0000000000
80163  29.775  -12.624  51.936 0.0000000000
80169  29.441  -12.898  51.532 0.0000000000
81449  32.346  -12.366  53.751 0.0000000000
82592  31.642  -11.259  54.342 0.0000000000
82601  31.014  -11.169  53.949 0.0000000000
82602  30.615  -11.068  53.508 0.0000000000
82606  30.829  -11.607  53.563 0.0000000000
82608  30.055  -11.247  52.592 0.0000000000
82619  28.409  -11.795  51.076 0.0000000000
83763  32.363  -10.629  54.632 0.0000000000
83764  31.853  -10.710  54.519 0.0000000000
83772  32.972  -10.843  54.272 0.0000000000
83773  32.690  -11.125  54.526 0.0000000000
83781  30.308  -10.658  53.096 0.0000000000
83785  29.538  -10.785  52.155 0.0000000000
83791  29.065  -11.105  51.685 0.0000000000
84915  31.576  -10.259  54.223 0.0000000000
84927  31.743  -9.805  54.101 0.0000000000
84928  31.090  -10.007  53.684 0.0000000000
84929  30.558  -10.158  53.235 0.0000000000
84935  33.692  -10.189  53.535 0.0000000000
84936  33.254  -10.333  53.986 0.0000000000
84942  29.924  -10.260  52.207 0.0000000000
84948  29.917  -10.327  51.700 0.0000000000
86121  33.746  -8.823  54.194 0.0000000000
86123  32.682  -9.218  54.406 0.0000000000
86124  32.224  -9.555  54.381 0.0000000000
86137  34.299  -8.805  53.960 0.0000000000
86139  32.363  -9.092  54.243 0.0000000000
86149  34.521  -8.995  53.449 0.0000000000
86151  31.772  -9.333  53.628 0.0000000000
86152  31.296  -9.755  53.284 0.0000000000
86157  30.967  -9.812  52.726 0.0000000000
86163  30.778  -9.749  52.156 0.0000000000
86173  31.167  -9.961  51.501 0.0000000000
87305  33.637  -8.279  54.224 0.0000000000
87306  33.199  -8.683  54.289 0.0000000000
87318  34.072  -8.383  54.103 0.0000000000
87320  32.222  -8.946  53.966 0.0000000000
87329  32.499  -8.592  53.064 0.0000000000
87330  32.074  -8.981  53.449 0.0000000000
87341  33.415  -8.442  51.163 0.0000000000
88505  34.811  -7.370  53.829 0.0000000000
88507  33.683  -7.868  54.129 0.0000000000
88516  34.974  -7.618  53.695 0.0000000000
88518  32.944  -8.045  53.418 0.0000000000
89663  35.344  -6.997  53.600 0.0000000000
89665  34.294  -6.978  53.760 0.0000000000
89666  33.955  -7.439  53.928 0.0000000000
89673  34.161  -6.737  53.175 0.0000000000
89679  36.844  -6.497  52.232 0.0000000000
90967  36.619  -5.768  52.791 0.0000000000
90968  36.281  -6.079  53.173 0.0000000000
90969  35.937  -6.451  53.596 0.0000000000
90981  37.303  -5.513  52.081 0.0000000000
90982  36.961  -5.899  52.419 0.0000000000
90995  34.670  -6.256  51.672 0.0000000000
91010  38.222  -6.211  50.342 0.0000000000
92240  35.685  -5.112  52.907 0.0000000000
92241  35.181  -5.366  52.639 0.0000000000
92253  37.667  -5.183  51.624 0.0000000000
92264  38.099  -5.167  50.971 0.0000000000
93479  36.698  -4.737  52.710 0.0000000000
93495  37.299  -4.118  52.265 0.0000000000
93516  38.142  -3.969  51.074 0.0000000000
94706  37.189  -3.618  52.246 0.0000000000
94707  36.845  -3.735  52.384 0.0000000000
94743  38.781  -3.659  50.126 0.0000000000
94763  38.889  -3.384  48.611 0.0000000000
94769  38.834  -3.424  48.237 0.0000000000
95798  37.508  -2.587  51.565 0.0000000000
95809  38.474  -2.628  50.672 0.0000000000
95810  36.803  -2.435  51.180 0.0000000000
95820  38.791  -2.681  49.497 0.0000000000
95823  36.378  -3.111  50.310 0.0000000000
97014  37.091  -1.918  51.136 0.0000000000
97020  38.577  -2.006  50.585 0.0000000000
97028  38.768  -2.101  49.498 0.0000000000
97037  38.781  -2.009  49.149 0.0000000000
97039  36.474  -2.492  49.169 0.0000000000
97067  36.091  -1.862  47.093 0.0000000000
98254  37.971  -1.170  50.990 0.0000000000
98255  37.375  -1.381  50.866 0.0000000000
98262  38.396  -0.952  50.733 0.0000000000
98278  38.776  -1.774  49.034 0.0000000000
98287  36.547  -1.115  48.580 0.0000000000
99552  38.383  -0.488  50.516 0.0000000000
99569  36.891  -0.471  49.468 0.0000000000
99584  36.408  -0.454  47.628 0.0000000000
99603  35.845  -0.533  46.487 0.0000000000
100796  37.760  0.470  50.584 0.0000000000
100804  37.014  0.213  49.675 0.0000000000
100812  36.855  0.635  49.083 0.0000000000
100829  36.218  0.647  46.989 0.0000000000
102039  38.285  1.389  50.042 0.0000000000
102040  37.884  1.009  50.333 0.0000000000
102051  37.515  1.386  50.080 0.0000000000
102052  37.224  0.960  49.884 0.0000000000
102059  38.807  1.242  49.467 0.0000000000
102077  36.341  1.082  47.303 0.0000000000
102084  41.960  2.075  45.850 0.0000000000
102102  41.087  1.546  45.559 0.0000000000
102105  35.462  1.330  45.801 0.0000000000
102117  43.404  1.697  44.228 0.0000000000
102119  42.384  1.193  44.868 0.0000000000
102129  44.074  1.538  43.676 0.0000000000
102164  45.544  2.173  41.101 0.0000000000
103246  38.420  1.943  49.805 0.0000000000
103248  37.633  1.929  49.940 0.0000000000
103257  39.018  2.469  48.887 0.0000000000
103269  36.751  2.319  48.270 0.0000000000
103270  36.611  1.720  48.053 0.0000000000
103281  36.336  1.669  47.339 0.0000000000
103290  42.390  2.247  45.517 0.0000000000
103291  42.056  2.290  45.792 0.0000000000
103292  41.282  2.608  46.342 0.0000000000
103293  40.776  2.217  46.468 0.0000000000
103309  43.354  2.415  44.984 0.0000000000
103334  43.720  2.340  43.829 0.0000000000
103345  44.162  1.969  43.113 0.0000000000
103346  34.890  2.115  43.904 0.0000000000
103432  47.736  2.905  36.922 0.0000000000
103487  48.704  2.399  34.400 0.0000000000
103488  48.210  2.111  34.610 0.0000000000
104425  37.818  2.475  49.694 0.0000000000
104436  37.158  2.560  48.857 0.0000000000
104443  39.717  3.332  47.694 0.0000000000
104444  37.389  3.116  48.699 0.0000000000
104464  41.551  3.076  46.286 0.0000000000
104466  35.928  2.526  46.558 0.0000000000
104477  43.038  2.823  45.083 0.0000000000
104478  42.475  3.213  45.587 0.0000000000
104480  35.433  2.420  45.488 0.0000000000
104489  43.514  2.625  44.317 0.0000000000
104502  43.927  2.530  43.512 0.0000000000
104504  35.595  2.935  44.700 0.0000000000
104514  44.395  2.641  42.693 0.0000000000
104516  35.429  2.727  44.021 0.0000000000
104526  45.364  2.830  41.418 0.0000000000
104527  44.829  2.980  42.047 0.0000000000
104529  37.628  2.665  42.565 0.0000000000
104531  35.740  2.500  43.103 0.0000000000
104541  46.073  3.280  41.069 0.0000000000
104543  38.570  2.499  42.032 0.0000000000
104544  37.988  2.490  42.184 0.0000000000
104553  47.257  3.239  40.647 0.0000000000
104556  38.456  2.208  41.340 0.0000000000
104570  47.251  3.076  39.865 0.0000000000
104572  39.464  2.386  40.548 0.0000000000
104620  48.744  3.681  36.409 0.0000000000
104621  48.341  3.519  36.811 0.0000000000
104679  48.640  2.399  33.456 0.0000000000
105629  38.316  3.495  49.074 0.0000000000
105630  37.869  3.379  49.010 0.0000000000
105637  39.822  3.638  47.603 0.0000000000
105639  39.137  3.856  48.594 0.0000000000
105649  41.189  3.111  46.575 0.0000000000
105650  40.785  3.354  46.797 0.0000000000
105652  37.286  3.783  47.942 0.0000000000
105653  36.802  3.494  47.454 0.0000000000
105662  41.940  3.065  46.016 0.0000000000
105665  36.070  3.091  46.376 0.0000000000
105678  42.403  3.507  45.691 0.0000000000
105679  36.398  3.518  46.170 0.0000000000
105692  35.914  3.335  45.257 0.0000000000
105704  43.305  3.525  44.209 0.0000000000
105706  37.355  3.665  44.492 0.0000000000
105717  43.823  3.339  43.279 0.0000000000
105718  40.078  3.670  43.348 0.0000000000
105719  39.504  3.517  43.504 0.0000000000
105720  38.874  3.409  43.580 0.0000000000
105721  38.116  3.344  43.640 0.0000000000
105723  36.407  3.097  43.744 0.0000000000
105733  44.561  3.386  42.338 0.0000000000
105738  37.906  2.937  43.077 0.0000000000
105739  37.246  2.887  43.066 0.0000000000
105740  36.494  2.791  43.188 0.0000000000
105749  46.840  3.378  40.929 0.0000000000
105751  45.461  3.668  41.370 0.0000000000
105764  46.666  3.775  40.916 0.0000000000
105766  41.129  3.187  41.262 0.0000000000
105778  47.144  3.494  40.269 0.0000000000
105805  47.740  4.168  37.919 0.0000000000
105810  42.227  3.066  39.154 0.0000000000
105816  48.496  4.102  37.142 0.0000000000
105817  48.076  3.904  37.368 0.0000000000
105856  45.679  4.030  35.294 0.0000000000
105867  50.109  4.126  34.399 0.0000000000
105868  49.677  3.802  34.806 0.0000000000
105887  50.477  3.975  33.125 0.0000000000
105888  50.041  3.706  33.523 0.0000000000
105909  50.058  3.509  31.678 0.0000000000
105937  51.793  4.351  29.947 0.0000000000
106835  38.663  3.903  48.732 0.0000000000
106845  39.020  4.148  48.346 0.0000000000
106852  40.773  3.718  46.772 0.0000000000
106853  39.998  4.275  47.395 0.0000000000
106854  39.353  4.360  47.861 0.0000000000
106855  38.768  4.416  47.904 0.0000000000
106856  38.216  4.388  47.857 0.0000000000
106858  36.899  3.879  47.030 0.0000000000
106877  36.831  3.888  46.514 0.0000000000
106887  42.718  3.774  45.236 0.0000000000
106888  42.359  4.043  45.654 0.0000000000
106889  41.783  4.229  45.906 0.0000000000
106890  41.172  4.455  46.185 0.0000000000
106905  42.921  3.844  44.586 0.0000000000
106907  42.042  4.413  45.358 0.0000000000
106908  40.128  4.624  45.017 0.0000000000
106909  39.423  4.420  45.121 0.0000000000
106910  38.693  4.295  45.189 0.0000000000
106911  37.982  4.178  45.164 0.0000000000
106912  37.395  3.927  45.017 0.0000000000
106923  43.530  3.686  43.711 0.0000000000
106925  42.714  4.237  44.368 0.0000000000
106926  41.008  4.329  44.288 0.0000000000
106940  44.178  3.614  42.733 0.0000000000
106942  43.355  4.106  43.483 0.0000000000
106945  40.531  3.979  43.803 0.0000000000
106956  44.981  3.747  41.844 0.0000000000
106958  44.048  4.104  42.539 0.0000000000
106961  41.353  3.928  42.989 0.0000000000
106962  40.694  3.777  43.173 0.0000000000
106971  44.909  4.181  41.670 0.0000000000
106973  42.038  3.858  41.782 0.0000000000
106981  47.182  4.119  40.773 0.0000000000
106982  46.453  4.096  40.743 0.0000000000
106983  45.862  4.251  40.947 0.0000000000
106995  46.923  4.274  40.158 0.0000000000
106996  46.704  4.244  40.408 0.0000000000
107009  47.111  3.893  39.198 0.0000000000
107010  46.966  4.232  39.596 0.0000000000
107059  49.518  4.936  35.768 0.0000000000
107060  49.152  4.459  36.263 0.0000000000
107093  50.479  5.034  33.988 0.0000000000
107107  50.344  4.590  33.900 0.0000000000
107161  51.585  4.453  31.573 0.0000000000
107174  52.484  4.881  30.700 0.0000000000
107188  52.208  4.635  29.678 0.0000000000
107200  52.509  4.951  29.340 0.0000000000
108119  39.772  4.578  47.321 0.0000000000
108120  38.995  4.615  47.289 0.0000000000
108133  40.616  4.736  46.472 0.0000000000
108134  40.119  4.825  46.766 0.0000000000
108136  38.878  4.669  46.927 0.0000000000
108150  38.389  4.530  46.639 0.0000000000
108177  41.958  4.533  44.440 0.0000000000
108178  41.425  4.738  44.695 0.0000000000
108179  40.807  4.635  44.905 0.0000000000
108186  42.729  4.398  43.527 0.0000000000
108198  43.380  4.328  42.682 0.0000000000
108200  42.468  4.358  43.092 0.0000000000
108226  44.306  4.721  41.027 0.0000000000
108227  43.881  4.646  41.430 0.0000000000
108244  44.584  4.846  40.530 0.0000000000
108265  46.735  4.568  39.492 0.0000000000
108268  44.789  4.892  39.894 0.0000000000
108288  47.247  4.727  38.552 0.0000000000
108289  46.816  4.742  38.913 0.0000000000
108307  47.911  4.369  37.751 0.0000000000
108310  47.227  5.017  37.858 0.0000000000
108397  51.097  5.245  33.833 0.0000000000
108448  52.818  5.339  30.768 0.0000000000
109507  48.633  5.616  36.966 0.0000000000
109527  49.422  6.085  35.907 0.0000000000
109529  48.617  5.992  36.491 0.0000000000
109546  47.837  6.181  35.627 0.0000000000
109589  51.265  6.162  33.375 0.0000000000
109605  51.905  5.868  32.342 0.0000000000
109626  52.889  5.886  30.665 0.0000000000
109669  52.750  6.932  26.551 0.0000000000
109691  52.796  6.615  25.128 0.0000000000
110731  50.072  6.221  34.993 0.0000000000
110733  49.393  6.554  35.470 0.0000000000
110739  50.252  6.586  34.472 0.0000000000
110742  48.657  6.872  34.819 0.0000000000
110750  50.451  6.732  33.884 0.0000000000
110779  51.908  6.541  32.208 0.0000000000
110796  48.140  6.980  31.722 0.0000000000
110806  52.296  6.946  30.884 0.0000000000
110840  52.743  6.801  27.643 0.0000000000
110847  52.635  7.137  27.110 0.0000000000
111905  50.097  7.114  34.312 0.0000000000
111912  50.771  6.993  33.415 0.0000000000
111914  50.052  7.371  33.826 0.0000000000
111924  49.412  7.598  33.135 0.0000000000
111935  51.063  7.294  32.241 0.0000000000
111975  52.969  7.496  29.725 0.0000000000
113069  50.623  7.990  32.091 0.0000000000
113082  50.636  8.191  31.486 0.0000000000
113112  52.320  8.354  29.764 0.0000000000
114282  51.275  8.772  30.354 0.0000000000
181321  48.264  4.835  37.561 0.0000000000
181475  31.265  -13.801  53.039 0.0000000000
181521  40.386  4.087  47.014 0.0000000000
182218  51.260  5.636  33.488 0.0000000000
184684  51.851  4.568  30.901 0.0000000000
184710  36.661  2.139  42.105 0.0000000000
185575  33.705  -13.521  53.108 0.0000000000
185839  50.935  4.714  33.051 0.0000000000
186513  39.657  4.263  47.733 0.0000000000
187920  37.952  -5.690  51.122 0.0000000000
188775  37.750  -0.041  50.659 0.0000000000
188844  47.389  3.043  39.585 0.0000000000
188921  29.161  -19.577  50.693 0.0000000000
190064  38.621  -4.172  50.495 0.0000000000
192471  36.313  3.566  45.632 0.0000000000
193595  41.969  2.789  45.959 0.0000000000
193942  38.453  3.062  49.334 0.0000000000
194053  30.967  -12.557  53.307 0.0000000000
195175  32.955  -9.706  50.600 0.0000000000
197973  36.066  -5.965  53.366 0.0000000000
198347  37.918  4.461  46.951 0.0000000000
198378  35.517  -6.548  53.617 0.0000000000
199667  34.364  -6.313  52.941 0.0000000000
201112  44.129  2.450  43.298 0.0000000000
201799  37.779  4.148  48.095 0.0000000000
201950  36.508  0.025  47.843 0.0000000000
202147  36.208  3.351  44.722 0.0000000000
202487  48.466  3.286  31.704 0.0000000000
202953  46.644  4.951  36.594 0.0000000000
206631  38.253  2.000  40.768 0.0000000000
206859  39.206  2.706  42.082 0.0000000000
207287  50.608  8.441  30.912 0.0000000000
207983  42.325  1.742  45.326 0.0000000000
208259  37.257  4.108  46.260 0.0000000000
208664  42.604  1.909  45.220 0.0000000000
209234  30.806  -13.218  52.816 0.0000000000
209835  47.443  3.610  38.385 0.0000000000
210023  36.101  -4.008  51.588 0.0000000000
210837  36.913  3.714  45.378 0.0000000000
212928  31.181  -19.589  51.352 0.0000000000
215059  49.580  3.191  31.594 0.0000000000
215188  51.516  4.251  31.086 0.0000000000
216588  38.006  -3.410  51.298 0.0000000000
216761  32.814  -9.601  54.465 0.0000000000
218031  48.700  4.814  36.762 0.0000000000
218119  52.072  4.846  31.267 0.0000000000
219409  52.691  7.588  27.411 0.0000000000
