#!ascii label  , from subject sub-v2s11x28695_ses-1 vox2ras=TkReg
1246
78744  23.363  7.898  -20.076 0.2500000000
78756  23.622  7.533  -20.875 0.2500000000
77750  23.498  6.773  -20.855 0.7500000000
82820  22.842  10.806  -20.966 0.2500000000
162445  23.026  10.348  -21.280 0.1250000000
81732  23.338  10.220  -21.695 0.3750000000
80707  22.885  9.487  -20.719 0.2500000000
79722  23.182  8.761  -20.360 0.2500000000
78755  24.110  7.792  -21.473 0.7500000000
79734  23.557  8.230  -20.961 0.3750000000
76743  23.881  6.379  -21.258 0.8750000000
77749  24.204  7.115  -21.414 0.8750000000
76742  24.491  5.879  -21.544 0.8750000000
81722  23.093  9.683  -21.421 0.3750000000
80718  23.701  9.125  -21.825 0.3750000000
80727  24.376  8.747  -22.093 0.8750000000
79733  23.875  8.468  -21.667 0.7500000000
78761  25.942  7.428  -22.194 1.0000000000
78762  25.057  7.559  -22.275 1.0000000000
79746  24.530  8.060  -22.081 0.8750000000
76758  25.186  6.362  -21.854 1.0000000000
78754  24.604  7.449  -22.110 0.8750000000
76757  26.035  6.250  -22.015 1.0000000000
82838  23.197  10.896  -21.616 0.2500000000
82850  23.874  10.392  -22.182 0.7500000000
81731  24.288  9.727  -22.530 0.8750000000
80726  24.800  9.121  -22.594 0.8750000000
153255  24.158  9.250  -22.281 0.7500000000
79755  26.470  7.926  -22.397 1.0000000000
151545  25.836  8.165  -22.238 1.0000000000
79744  25.853  8.804  -22.385 1.0000000000
77771  27.019  6.874  -22.713 1.0000000000
78760  26.540  7.170  -22.389 1.0000000000
77758  26.673  6.543  -22.348 1.0000000000
77759  26.166  6.883  -22.140 1.0000000000
175299  22.977  11.345  -21.243 0.1250000000
82858  24.336  10.666  -22.602 0.6250000000
82856  25.359  10.094  -23.538 1.0000000000
82857  24.762  10.294  -23.093 0.8750000000
80735  25.263  9.377  -23.230 1.0000000000
78783  28.066  8.104  -23.144 1.0000000000
79753  27.281  8.342  -23.451 1.0000000000
148883  26.449  8.484  -22.707 1.0000000000
80734  26.211  9.035  -23.028 1.0000000000
78771  27.913  7.431  -22.872 1.0000000000
173244  27.037  7.592  -22.842 1.0000000000
77779  29.439  6.780  -23.512 1.0000000000
77769  28.259  6.642  -22.946 1.0000000000
158258  24.745  15.073  -23.434 0.2500000000
84091  23.968  11.966  -22.031 0.2500000000
84099  24.420  12.000  -22.530 0.3750000000
82837  23.989  11.276  -22.181 0.5000000000
84109  25.709  11.547  -23.545 1.0000000000
84098  25.153  11.727  -22.918 0.6250000000
84097  25.397  11.025  -23.056 1.0000000000
82870  27.232  10.058  -24.100 1.0000000000
81751  25.950  10.042  -23.949 1.0000000000
79764  29.251  8.576  -23.704 1.0000000000
79766  27.630  8.603  -23.594 1.0000000000
81749  27.955  9.605  -23.900 1.0000000000
173770  30.362  8.823  -23.852 1.0000000000
169169  29.918  7.591  -23.674 1.0000000000
79762  30.964  8.993  -23.905 1.0000000000
78780  30.744  7.766  -23.793 1.0000000000
153620  25.308  15.146  -23.915 0.5000000000
88543  24.405  14.424  -23.190 0.3750000000
87508  24.627  13.874  -23.386 0.3750000000
86415  24.841  13.427  -23.476 0.5000000000
87517  25.257  13.832  -23.828 0.5000000000
85288  25.652  12.699  -24.156 0.8750000000
84122  26.115  11.812  -24.190 1.0000000000
165179  26.814  13.064  -24.358 1.0000000000
81763  27.918  10.324  -24.120 1.0000000000
84121  26.686  11.453  -24.210 1.0000000000
81760  30.246  10.007  -23.946 1.0000000000
81761  29.510  10.188  -23.965 1.0000000000
80744  31.333  9.616  -23.965 1.0000000000
80745  31.031  9.854  -24.069 1.0000000000
79774  31.797  8.505  -24.081 0.8750000000
89647  25.548  15.820  -24.210 0.5000000000
88554  24.989  14.443  -23.634 0.5000000000
87516  26.563  14.605  -24.138 0.6250000000
87531  27.281  14.280  -24.518 0.6250000000
86435  27.305  13.578  -24.470 1.0000000000
86424  25.767  13.391  -24.170 0.7500000000
158910  27.510  12.778  -24.390 1.0000000000
84106  32.079  11.087  -23.685 1.0000000000
84107  31.425  11.040  -23.622 1.0000000000
84117  30.657  10.993  -23.791 1.0000000000
160922  29.380  11.278  -24.509 1.0000000000
81745  32.065  10.274  -23.812 1.0000000000
81747  30.985  9.938  -24.101 1.0000000000
82880  30.362  10.593  -23.903 1.0000000000
81744  32.325  10.100  -23.858 0.8750000000
81758  31.789  9.834  -23.899 1.0000000000
80754  32.898  9.157  -24.121 0.8750000000
88553  26.016  15.286  -24.004 0.5000000000
147337  27.398  15.039  -24.404 0.8750000000
87528  30.343  13.831  -24.778 1.0000000000
153361  29.129  13.377  -24.473 1.0000000000
168943  32.427  11.813  -23.698 1.0000000000
86423  31.589  12.409  -23.835 1.0000000000
85295  29.090  11.957  -24.502 1.0000000000
149794  33.257  12.774  -24.307 1.0000000000
164296  33.582  10.231  -24.748 1.0000000000
82878  33.457  10.985  -24.535 1.0000000000
85284  32.893  12.258  -23.802 1.0000000000
84137  33.983  11.322  -25.837 1.0000000000
89646  26.352  16.044  -24.103 0.5000000000
168351  27.494  15.645  -24.518 0.8750000000
170443  28.269  15.077  -25.015 1.0000000000
88550  31.775  15.207  -24.115 1.0000000000
88561  29.812  14.518  -24.456 1.0000000000
88562  29.090  14.547  -24.606 1.0000000000
88574  33.967  14.654  -25.820 1.0000000000
87537  33.771  14.065  -25.144 1.0000000000
87546  34.198  13.703  -27.073 1.0000000000
87542  34.208  13.978  -26.126 1.0000000000
86431  33.312  13.595  -24.312 1.0000000000
159590  34.013  11.900  -26.235 1.0000000000
151350  34.180  13.244  -26.240 1.0000000000
84145  33.933  11.143  -26.900 0.8750000000
93606  31.570  18.634  -24.557 1.0000000000
93594  30.628  18.453  -23.654 0.3750000000
92658  31.182  18.294  -23.887 0.8750000000
175867  32.132  16.550  -24.244 1.0000000000
157128  33.828  15.153  -26.531 1.0000000000
89669  33.715  15.361  -25.609 1.0000000000
94595  31.993  19.690  -24.993 0.8750000000
94594  32.358  19.444  -25.607 1.0000000000
93613  32.281  18.653  -25.600 1.0000000000
92657  31.760  18.128  -24.493 1.0000000000
93612  32.585  18.367  -26.134 1.0000000000
150153  33.263  16.910  -25.499 1.0000000000
90725  33.515  15.760  -26.487 1.0000000000
164718  33.036  16.232  -27.071 1.0000000000
89680  33.806  15.280  -28.427 1.0000000000
148132  32.334  20.692  -25.696 0.7500000000
93620  32.449  18.929  -26.077 1.0000000000
93626  32.715  18.528  -27.399 1.0000000000
178471  33.192  17.488  -29.385 1.0000000000
91681  32.629  17.271  -27.286 1.0000000000
160082  32.678  16.731  -27.141 1.0000000000
94608  32.450  19.955  -26.828 1.0000000000
94607  32.618  19.013  -27.589 1.0000000000
92679  32.807  18.024  -27.775 1.0000000000
102438  29.730  26.262  -23.932 0.1250000000
103299  29.268  26.982  -23.480 0.1250000000
102447  30.344  25.820  -24.988 0.2500000000
164837  29.939  26.678  -24.324 0.1250000000
102455  30.093  25.983  -25.717 0.3750000000
103302  29.999  27.069  -24.649 0.2500000000
171369  30.097  26.436  -26.310 0.5000000000
103305  29.982  27.028  -26.007 0.2500000000
169402  29.990  27.676  -24.274 0.2500000000
161340  29.788  27.618  -25.640 0.2500000000
104143  30.007  27.608  -24.861 0.2500000000
104972  30.006  28.352  -25.186 0.2500000000
104975  29.820  28.223  -25.988 0.2500000000
104146  30.009  27.607  -26.351 0.3750000000
104979  30.089  28.238  -26.797 0.3750000000
104980  29.829  28.775  -26.404 0.2500000000
78732  22.838  7.865  -19.306 0.1250000000
81710  22.768  9.767  -20.186 0.1250000000
76769  27.633  5.878  -22.913 1.0000000000
149484  28.396  14.545  -24.777 0.8750000000
87524  33.011  13.783  -23.967 1.0000000000
77717  23.392  6.535  -18.839 0.1250000000
76744  23.453  6.162  -20.751 0.6250000000
75660  24.054  5.269  -21.160 0.7500000000
151271  22.792  10.340  -20.378 0.1250000000
74549  24.407  4.577  -21.268 1.0000000000
79709  22.877  8.527  -19.643 0.1250000000
174986  26.357  5.546  -21.986 1.0000000000
76755  27.267  5.367  -22.940 1.0000000000
76767  28.974  5.610  -22.948 1.0000000000
85273  24.154  12.488  -22.196 0.3750000000
87509  24.116  13.917  -22.786 0.2500000000
86407  23.866  13.446  -22.298 0.2500000000
78779  31.410  7.659  -24.081 0.8750000000
80753  33.518  9.229  -24.720 0.8750000000
79773  32.112  8.806  -24.131 0.8750000000
81780  34.145  9.658  -26.408 0.8750000000
156135  29.820  18.821  -23.684 0.1250000000
93595  29.724  18.220  -23.775 0.1250000000
171042  26.435  16.677  -24.379 0.3750000000
90712  28.940  16.216  -24.881 0.6250000000
86451  34.139  12.963  -27.343 1.0000000000
82898  33.957  10.510  -26.430 0.8750000000
94573  31.146  18.855  -23.893 0.5000000000
93614  31.951  18.995  -25.099 0.8750000000
91652  29.963  17.182  -23.819 0.8750000000
176752  33.977  14.593  -27.646 1.0000000000
90743  33.714  15.906  -29.869 1.0000000000
147625  32.449  20.055  -25.982 1.0000000000
90738  33.226  16.346  -28.945 1.0000000000
96596  32.312  21.142  -26.290 0.8750000000
96606  32.138  20.895  -28.105 1.0000000000
94613  32.234  19.640  -29.008 1.0000000000
92684  32.988  18.012  -28.974 1.0000000000
103295  29.232  27.091  -22.982 0.1250000000
101519  30.285  25.631  -24.363 0.1250000000
100577  30.864  24.496  -26.004 0.6250000000
101543  30.267  25.355  -25.701 0.6250000000
102467  30.443  26.384  -27.185 0.5000000000
148736  29.763  27.291  -24.008 0.2500000000
104137  29.920  27.771  -23.622 0.2500000000
104140  30.226  28.258  -24.246 0.2500000000
103308  30.256  26.919  -26.823 0.5000000000
104149  30.483  27.615  -27.448 0.5000000000
171916  30.315  28.805  -24.647 0.1250000000
104976  29.869  28.865  -25.777 0.2500000000
105801  29.922  29.474  -27.038 0.2500000000
104982  30.289  28.221  -28.223 0.3750000000
105804  29.780  29.973  -27.865 0.2500000000
105793  30.162  29.135  -25.189 0.1250000000
157252  23.308  7.254  -19.582 0.1250000000
77742  23.346  6.611  -20.236 0.3750000000
76735  23.472  5.939  -19.969 0.5000000000
80708  22.838  9.201  -19.939 0.1250000000
176348  23.789  5.794  -21.079 0.7500000000
154815  24.606  6.576  -21.581 0.8750000000
158421  24.583  5.168  -21.638 1.0000000000
75675  25.425  5.586  -21.789 1.0000000000
79745  25.123  8.465  -22.243 1.0000000000
77748  24.826  7.029  -22.143 1.0000000000
76756  26.856  5.836  -22.267 1.0000000000
76770  27.151  6.171  -22.793 1.0000000000
158530  24.677  11.200  -22.737 0.8750000000
81736  25.726  9.588  -23.762 1.0000000000
148865  28.789  8.057  -23.547 1.0000000000
79767  27.102  8.813  -23.814 1.0000000000
157996  27.010  9.317  -24.078 1.0000000000
175633  28.883  6.943  -23.281 1.0000000000
77780  28.914  6.272  -23.093 1.0000000000
163671  24.232  12.946  -22.402 0.3750000000
85277  24.871  12.892  -23.199 0.5000000000
84110  25.318  12.395  -23.562 0.8750000000
168326  26.171  11.227  -24.019 1.0000000000
82871  26.559  10.589  -24.027 1.0000000000
79763  29.827  8.517  -23.815 1.0000000000
150518  29.121  9.121  -23.754 1.0000000000
80749  27.519  8.983  -23.852 1.0000000000
80757  28.931  9.631  -23.798 1.0000000000
178057  30.416  9.633  -23.940 1.0000000000
159965  31.771  8.933  -24.030 1.0000000000
86425  25.250  13.148  -23.754 0.6250000000
168118  25.959  14.006  -24.082 0.6250000000
85297  26.644  12.304  -24.322 1.0000000000
168398  27.859  13.442  -24.578 1.0000000000
82882  29.124  10.778  -24.256 1.0000000000
82883  28.324  10.847  -24.230 1.0000000000
152822  27.448  11.865  -24.231 1.0000000000
173478  31.027  9.779  -24.507 1.0000000000
152835  32.322  9.628  -23.902 0.8750000000
158630  32.601  8.080  -23.984 0.8750000000
152934  27.870  14.098  -24.641 1.0000000000
161075  29.447  12.628  -24.433 1.0000000000
84116  33.341  11.808  -24.447 1.0000000000
171999  31.251  10.655  -23.683 1.0000000000
85294  29.792  11.739  -24.392 1.0000000000
85286  31.239  11.570  -23.646 1.0000000000
81769  33.710  9.531  -25.195 0.8750000000
87526  31.500  13.903  -24.165 1.0000000000
87529  29.498  13.963  -24.406 1.0000000000
86432  31.920  13.222  -23.886 1.0000000000
86434  30.424  13.222  -24.586 1.0000000000
86422  32.400  12.542  -23.704 1.0000000000
161076  30.085  12.559  -24.359 1.0000000000
86421  32.952  13.097  -23.802 1.0000000000
85303  34.042  12.567  -25.738 1.0000000000
84130  33.965  11.947  -25.358 1.0000000000
89659  27.806  16.014  -24.653 0.6250000000
89658  28.456  15.669  -25.004 0.7500000000
151392  29.459  15.032  -24.487 1.0000000000
88560  30.557  14.565  -24.595 1.0000000000
89655  30.466  15.305  -24.307 1.0000000000
148066  31.255  14.527  -24.284 1.0000000000
89654  32.288  15.915  -24.256 1.0000000000
89653  33.020  15.808  -24.514 1.0000000000
88558  33.302  15.087  -24.507 1.0000000000
88585  34.095  14.127  -27.942 1.0000000000
88569  33.671  14.904  -24.900 1.0000000000
147311  32.850  14.513  -24.257 1.0000000000
91666  31.314  17.757  -24.059 1.0000000000
171521  30.872  17.977  -23.837 0.7500000000
89644  30.912  15.881  -23.771 1.0000000000
90720  33.163  16.390  -24.829 1.0000000000
90699  30.775  16.459  -23.745 1.0000000000
90709  32.369  17.159  -24.331 1.0000000000
89670  33.291  16.065  -25.632 1.0000000000
95596  32.432  20.497  -26.295 0.8750000000
91664  32.274  17.609  -24.327 1.0000000000
92669  33.016  17.880  -26.096 1.0000000000
91675  33.085  17.354  -26.245 1.0000000000
90726  33.267  16.541  -26.309 1.0000000000
153401  33.146  17.520  -25.582 1.0000000000
90737  33.402  15.773  -28.760 1.0000000000
170098  32.395  19.530  -27.742 1.0000000000
92674  32.788  18.059  -26.770 1.0000000000
94612  32.561  19.062  -28.709 1.0000000000
165970  32.158  20.140  -27.976 1.0000000000
95601  32.229  20.620  -27.066 1.0000000000
102439  29.434  26.373  -23.410 0.1250000000
102443  30.185  26.161  -24.510 0.1250000000
101515  29.877  25.786  -23.801 0.1250000000
170709  29.937  26.989  -25.279 0.2500000000
102454  30.415  25.761  -26.529 0.7500000000
105797  29.883  29.317  -26.193 0.2500000000
169073  30.061  28.748  -27.274 0.2500000000
77728  23.426  6.444  -19.247 0.2500000000
77703  22.960  6.688  -18.302 0.1250000000
76713  23.420  5.728  -18.710 0.1250000000
148463  23.569  5.271  -19.908 0.6250000000
75661  23.635  5.517  -20.602 0.7500000000
92646  28.837  18.161  -24.118 0.5000000000
90714  27.429  16.729  -24.966 0.6250000000
89657  29.158  15.629  -24.825 0.8750000000
90701  29.370  16.695  -24.089 0.7500000000
90711  29.572  16.013  -24.179 0.8750000000
92645  29.577  17.745  -23.812 0.7500000000
167840  28.597  16.982  -24.655 0.8750000000
90700  30.088  16.494  -23.803 1.0000000000
91650  31.229  17.146  -23.886 1.0000000000
96603  32.142  21.170  -27.180 1.0000000000
155166  31.988  21.172  -29.056 1.0000000000
94620  32.294  19.002  -30.128 1.0000000000
100545  30.566  24.895  -24.433 0.3750000000
100586  31.440  24.610  -26.684 0.7500000000
101542  30.838  25.012  -26.244 0.7500000000
101527  30.509  24.779  -25.549 0.5000000000
101559  31.139  25.249  -27.189 0.7500000000
105800  30.049  29.152  -28.211 0.2500000000
153903  30.245  28.452  -29.313 0.3750000000
70178  24.822  0.945  -20.007 0.7500000000
69225  26.652  0.483  -20.067 0.7500000000
70179  24.514  1.142  -19.776 0.7500000000
71242  24.355  1.942  -19.810 0.7500000000
70194  25.868  1.325  -20.653 0.7500000000
71255  24.775  1.724  -20.803 0.7500000000
72355  24.513  2.133  -20.524 0.7500000000
70209  26.299  1.503  -21.218 0.7500000000
70210  25.892  1.576  -21.551 0.7500000000
71254  25.355  1.716  -21.062 0.7500000000
74540  24.028  4.182  -20.318 0.7500000000
75653  23.808  4.825  -20.631 0.6250000000
175443  24.738  2.801  -21.174 0.7500000000
73447  24.670  3.307  -21.166 0.8750000000
73458  24.406  3.960  -20.928 0.8750000000
155308  27.267  1.962  -21.138 0.7500000000
71274  26.262  2.016  -21.826 0.7500000000
72370  26.208  2.336  -22.113 0.7500000000
73456  25.441  3.477  -21.555 0.8750000000
74547  25.628  4.170  -21.847 0.8750000000
174996  27.292  2.751  -21.929 0.7500000000
72391  26.767  3.106  -22.470 0.7500000000
73473  26.517  3.553  -22.409 0.8750000000
75674  25.965  4.897  -21.917 0.8750000000
73492  27.854  3.780  -22.743 0.7500000000
74559  27.499  4.178  -22.859 0.8750000000
75672  27.382  4.780  -23.076 0.8750000000
74571  29.508  4.474  -22.928 0.8750000000
75686  29.039  5.029  -22.934 0.8750000000
76766  29.573  5.418  -23.008 0.8750000000
76780  29.520  6.010  -23.336 0.8750000000
75700  32.788  5.029  -24.024 0.3750000000
75701  31.985  5.232  -23.301 0.6250000000
76777  31.651  6.008  -23.472 0.7500000000
76778  30.863  6.147  -23.418 0.7500000000
75699  33.645  5.247  -24.381 0.5000000000
76775  33.011  5.819  -24.285 0.5000000000
77789  33.139  6.589  -24.334 0.7500000000
77790  32.585  7.096  -24.143 0.7500000000
76803  35.125  5.846  -25.443 0.1250000000
77803  34.561  6.214  -25.146 0.3750000000
77788  33.856  6.665  -24.653 0.6250000000
78791  33.197  7.334  -24.443 0.6250000000
166035  33.319  8.098  -24.522 0.6250000000
76801  36.362  5.830  -25.462 0.1250000000
76802  35.701  5.628  -25.627 0.1250000000
78803  34.924  7.286  -25.545 0.1250000000
79791  35.924  7.796  -26.766 0.1250000000
79782  34.547  8.553  -26.114 0.6250000000
80772  33.549  8.827  -26.876 0.6250000000
169991  33.437  8.938  -26.543 0.7500000000
78813  36.078  7.282  -26.547 0.1250000000
79796  37.169  8.693  -27.077 0.1250000000
80778  35.966  8.721  -27.885 0.1250000000
176176  34.968  9.360  -26.841 0.5000000000
80780  34.531  9.646  -26.635 0.6250000000
81787  34.295  10.188  -27.352 0.7500000000
77808  36.725  7.168  -26.033 0.1250000000
81794  35.582  9.799  -28.412 0.5000000000
82912  35.348  10.578  -28.538 0.5000000000
82913  34.223  10.857  -28.168 0.6250000000
84153  33.992  11.064  -27.884 0.7500000000
168479  32.256  21.401  -25.465 0.6250000000
98585  31.781  22.547  -25.425 0.5000000000
97606  32.204  21.849  -26.049 0.7500000000
85320  34.885  11.706  -29.488 0.6250000000
86459  34.172  12.586  -28.415 0.6250000000
148070  34.173  13.382  -28.123 0.8750000000
85326  35.562  12.550  -29.494 0.5000000000
85321  34.428  12.509  -29.309 0.6250000000
86465  35.086  13.242  -29.305 0.6250000000
87552  34.272  13.770  -28.562 0.7500000000
98592  32.020  22.439  -25.995 0.7500000000
91690  33.557  16.544  -29.957 0.8750000000
91696  33.453  17.210  -30.138 0.8750000000
87558  34.305  14.292  -28.684 0.7500000000
89691  34.208  15.789  -30.300 0.8750000000
90748  34.200  16.185  -30.507 0.8750000000
91700  34.018  17.008  -30.396 0.8750000000
92689  33.706  17.898  -30.682 0.8750000000
86463  36.447  13.151  -28.896 0.3750000000
86464  35.772  13.315  -29.277 0.5000000000
155959  35.890  14.406  -28.951 0.5000000000
88595  34.951  14.995  -29.378 0.6250000000
155616  36.605  14.468  -28.113 0.2500000000
87555  36.268  13.833  -28.894 0.3750000000
89685  35.589  15.094  -29.024 0.5000000000
98593  31.611  23.010  -25.904 0.6250000000
98602  31.717  22.848  -26.669 0.7500000000
97613  32.151  21.739  -26.792 0.8750000000
98601  32.136  22.270  -26.483 0.7500000000
97620  32.068  21.654  -28.080 0.8750000000
93636  32.560  18.454  -30.076 0.8750000000
94625  32.616  19.010  -31.453 0.7500000000
93646  32.968  19.014  -31.829 0.8750000000
89690  34.648  15.786  -30.094 0.6250000000
90747  34.469  16.078  -30.558 0.7500000000
88584  36.313  15.028  -28.212 0.3750000000
90742  35.687  15.917  -29.128 0.5000000000
92683  34.473  17.837  -30.308 0.7500000000
148154  36.636  15.575  -27.639 0.2500000000
99597  31.217  23.608  -25.757 0.6250000000
97614  31.789  22.306  -27.357 0.8750000000
96611  31.673  21.064  -30.268 0.8750000000
98616  31.151  22.581  -30.769 0.7500000000
94626  32.616  19.655  -31.695 0.8750000000
95618  33.867  20.023  -31.513 0.7500000000
91689  34.756  17.302  -30.090 0.5000000000
91680  36.591  17.682  -27.626 0.2500000000
92678  36.075  17.860  -28.429 0.5000000000
154084  35.697  16.648  -29.161 0.5000000000
89673  37.044  15.877  -26.946 0.2500000000
100562  30.747  24.183  -25.416 0.5000000000
100576  30.997  24.090  -26.034 0.5000000000
99610  31.458  24.141  -27.076 0.6250000000
99611  31.282  23.802  -28.053 0.7500000000
98617  31.279  23.169  -30.138 0.7500000000
99619  31.362  23.438  -29.101 0.7500000000
98624  30.675  23.458  -31.544 0.7500000000
97642  31.720  22.688  -32.286 0.7500000000
97637  31.239  22.772  -31.994 0.7500000000
99627  30.581  23.896  -30.935 0.7500000000
96631  32.512  22.117  -32.203 0.7500000000
96621  33.229  21.250  -31.599 0.7500000000
97635  32.891  22.085  -31.962 0.7500000000
94619  34.430  19.698  -30.150 0.5000000000
95612  34.378  20.463  -29.984 0.3750000000
96620  33.950  20.784  -31.244 0.6250000000
93624  35.682  18.724  -27.492 0.2500000000
93630  35.134  19.096  -28.812 0.3750000000
95611  34.812  20.180  -28.823 0.3750000000
100587  31.411  24.904  -27.674 0.6250000000
172675  31.310  24.336  -27.795 0.7500000000
159368  31.301  24.241  -29.539 0.7500000000
99636  30.362  24.242  -31.941 0.7500000000
98629  31.954  23.007  -32.319 0.7500000000
98615  33.073  22.957  -30.582 0.6250000000
96605  34.346  21.419  -28.194 0.3750000000
96610  33.826  21.687  -30.688 0.3750000000
93625  35.327  19.309  -27.282 0.1250000000
95600  34.728  20.485  -26.937 0.1250000000
96602  34.622  20.985  -27.423 0.2500000000
152814  30.809  25.220  -29.160 0.7500000000
159127  30.767  24.556  -31.084 0.6250000000
100613  30.976  24.715  -31.752 0.7500000000
154954  33.395  22.908  -29.330 0.3750000000
99635  32.299  23.286  -31.354 0.3750000000
98623  32.800  22.689  -32.062 0.7500000000
97618  34.087  22.018  -27.985 0.2500000000
97625  34.160  21.757  -29.090 0.3750000000
97598  34.263  21.965  -25.652 0.1250000000
96595  34.264  21.452  -26.049 0.1250000000
94600  35.115  19.511  -26.454 0.1250000000
101573  30.828  25.545  -28.456 0.6250000000
102506  30.846  25.375  -30.045 0.3750000000
101584  30.771  25.418  -29.957 0.3750000000
101591  30.986  24.962  -31.146 0.3750000000
163984  33.038  24.092  -28.180 0.2500000000
158922  32.952  23.517  -29.868 0.3750000000
99626  32.005  24.061  -30.641 0.3750000000
98590  33.739  22.844  -26.262 0.1250000000
98599  33.857  22.548  -27.869 0.3750000000
98607  33.554  22.843  -28.259 0.3750000000
96586  34.559  21.538  -25.273 0.1250000000
97612  33.832  22.371  -27.003 0.1250000000
103329  30.214  27.015  -29.927 0.3750000000
103315  30.798  26.478  -28.240 0.3750000000
174181  30.573  25.681  -29.564 0.3750000000
160571  30.504  26.249  -30.037 0.3750000000
102497  30.692  25.916  -29.837 0.3750000000
101582  32.096  25.473  -29.514 0.3750000000
102496  31.189  25.852  -29.969 0.3750000000
101583  31.242  25.232  -30.316 0.3750000000
101572  33.193  25.384  -28.088 0.3750000000
99625  32.690  24.142  -29.232 0.3750000000
100602  31.730  24.851  -30.223 0.3750000000
101540  34.765  24.796  -25.911 0.1250000000
98600  33.553  23.140  -27.197 0.1250000000
99618  33.451  23.904  -27.490 0.2500000000
99596  34.431  23.832  -25.261 0.1250000000
104162  30.273  27.263  -30.634 0.2500000000
147421  31.692  27.149  -29.410 0.2500000000
103342  30.520  26.738  -30.343 0.3750000000
103343  30.387  26.543  -30.147 0.3750000000
103327  33.063  26.513  -28.316 0.1250000000
103341  31.707  26.563  -29.168 0.3750000000
102482  33.481  26.015  -27.827 0.1250000000
102495  32.443  26.088  -28.647 0.2500000000
102480  34.791  26.188  -27.185 0.1250000000
100592  33.399  24.578  -27.753 0.1250000000
104990  30.152  27.752  -30.130 0.3750000000
161640  30.608  27.244  -30.502 0.2500000000
104161  32.728  27.051  -28.490 0.1250000000
105001  32.589  28.287  -29.323 0.1250000000
167780  33.680  27.536  -28.350 0.1250000000
104986  33.451  28.037  -28.870 0.1250000000
102479  35.366  26.135  -27.249 0.1250000000
104177  34.807  27.901  -28.869 0.1250000000
105814  31.642  29.780  -30.005 0.1250000000
104999  34.386  28.553  -29.336 0.1250000000
105000  33.472  28.736  -29.236 0.1250000000
104176  35.482  27.610  -29.182 0.1250000000
103354  35.765  27.036  -28.913 0.1250000000
74560  27.060  4.303  -22.430 0.8750000000
75684  30.533  4.861  -22.974 0.6250000000
84151  34.967  11.087  -29.178 0.6250000000
88596  34.473  15.347  -29.493 0.8750000000
91694  34.973  16.722  -29.872 0.5000000000
89679  36.170  15.668  -28.308 0.3750000000
99603  31.445  23.474  -26.442 0.6250000000
98609  31.691  23.054  -27.760 0.8750000000
98608  31.639  22.541  -28.903 0.8750000000
97636  31.627  22.007  -31.065 0.7500000000
95620  32.740  20.582  -31.458 0.7500000000
95619  33.332  20.015  -31.903 0.7500000000
93635  34.949  18.491  -29.614 0.5000000000
94618  34.871  19.569  -29.091 0.5000000000
94624  34.581  19.056  -29.959 0.7500000000
93629  35.636  18.522  -28.471 0.5000000000
102465  34.434  25.682  -26.831 0.1250000000
104985  34.090  28.087  -28.691 0.1250000000
104159  35.140  27.338  -28.554 0.1250000000
154995  34.511  7.977  -25.712 0.5000000000
149588  33.946  8.048  -25.236 0.6250000000
79771  33.609  8.672  -24.845 0.7500000000
84150  36.700  11.020  -29.749 0.3750000000
161534  36.184  11.652  -29.749 0.3750000000
86457  37.333  13.125  -28.246 0.2500000000
176019  33.810  17.990  -30.693 0.7500000000
103326  33.827  26.565  -27.751 0.1250000000
87545  37.432  14.369  -27.336 0.1250000000
68246  25.112  -0.310  -19.292 0.7500000000
68233  24.799  -0.016  -19.316 0.7500000000
154942  24.292  0.950  -19.160 0.7500000000
150101  24.394  1.585  -19.155 0.7500000000
67236  26.302  -0.775  -19.608 0.7500000000
176455  25.494  0.473  -19.661 0.7500000000
68256  27.180  -0.184  -20.228 0.7500000000
73439  23.973  3.667  -19.766 0.6250000000
151207  24.219  2.808  -20.013 0.7500000000
70208  27.339  1.327  -20.745 0.6250000000
71272  28.014  1.889  -21.717 0.7500000000
71290  28.354  2.175  -21.921 0.6250000000
73470  28.962  3.429  -22.276 0.6250000000
74570  30.282  4.377  -22.871 0.5000000000
165529  31.970  4.086  -23.489 0.3750000000
75683  31.181  4.803  -23.150 0.5000000000
162786  33.096  4.142  -23.807 0.1250000000
75720  34.986  4.760  -24.792 0.1250000000
75730  35.639  5.228  -25.224 0.1250000000
75728  37.029  5.520  -24.802 0.1250000000
77799  37.502  6.782  -25.779 0.1250000000
176782  37.832  7.573  -25.883 0.1250000000
79789  37.358  8.312  -26.336 0.1250000000
97599  32.103  22.052  -25.566 0.3750000000
80770  38.104  9.317  -27.004 0.1250000000
80777  37.314  9.171  -27.595 0.1250000000
82910  37.149  10.557  -29.122 0.1250000000
165322  37.192  11.785  -29.160 0.2500000000
85319  36.701  12.529  -29.099 0.2500000000
99582  31.106  23.633  -25.010 0.5000000000
89668  37.101  16.004  -26.344 0.1250000000
88579  36.999  15.099  -27.327 0.2500000000
173261  36.351  17.537  -26.451 0.1250000000
94606  35.487  18.918  -26.704 0.1250000000
94593  35.095  19.785  -25.614 0.1250000000
154381  34.765  20.982  -25.108 0.1250000000
173151  34.828  22.610  -24.701 0.1250000000
96578  34.801  21.340  -24.581 0.1250000000
101539  35.258  25.074  -25.828 0.1250000000
101570  36.374  25.358  -27.426 0.1250000000
104132  29.996  27.805  -22.915 0.1250000000
105807  30.524  28.600  -30.457 0.2500000000
105003  30.627  28.866  -30.264 0.1250000000
105815  30.959  29.778  -29.901 0.1250000000
105812  33.833  29.471  -29.817 0.1250000000
105813  32.795  29.691  -29.817 0.1250000000
104998  35.229  28.302  -29.458 0.1250000000
103338  36.127  26.555  -28.503 0.1250000000
105016  35.505  28.556  -30.100 0.1250000000
173973  30.536  6.969  -23.619 0.7500000000
85314  34.167  12.337  -27.504 0.7500000000
85322  34.256  11.847  -28.084 0.7500000000
171226  31.661  19.838  -24.474 0.3750000000
92690  33.122  17.869  -30.246 0.8750000000
75688  27.582  5.199  -22.995 0.8750000000
176901  24.196  4.357  -20.785 0.7500000000
73457  24.944  4.032  -21.439 0.8750000000
75673  26.874  5.045  -22.177 0.8750000000
177114  31.298  6.456  -23.669 0.7500000000
176354  33.514  8.801  -26.873 0.6250000000
170005  34.004  14.707  -28.251 0.8750000000
95607  31.841  20.321  -29.474 0.8750000000
94621  32.249  19.698  -30.466 0.8750000000
93643  33.153  18.575  -31.094 0.8750000000
103316  30.644  26.953  -28.177 0.3750000000
104153  30.280  27.560  -28.934 0.3750000000
105808  30.446  29.124  -29.361 0.1250000000
154155  30.234  28.258  -30.376 0.2500000000
71241  24.658  1.536  -20.240 0.7500000000
69211  24.618  0.583  -19.622 0.7500000000
69210  25.018  0.315  -19.696 0.7500000000
69209  25.475  0.896  -19.987 0.7500000000
69226  25.963  0.473  -19.832 0.7500000000
68257  26.475  -0.084  -19.817 0.7500000000
70193  26.646  1.031  -20.468 0.7500000000
71235  24.141  2.096  -19.136 0.7500000000
70195  25.148  1.385  -20.444 0.7500000000
71275  25.628  2.105  -21.691 0.7500000000
73448  24.188  3.397  -20.629 0.7500000000
74535  23.574  4.380  -19.538 0.6250000000
168622  24.431  2.755  -20.841 0.7500000000
148832  25.804  2.931  -21.756 0.8750000000
71273  27.269  2.479  -21.500 0.7500000000
73474  26.045  3.557  -21.960 0.8750000000
74561  26.431  4.274  -22.069 0.8750000000
73472  27.264  3.664  -22.619 0.7500000000
173369  28.287  3.378  -22.528 0.7500000000
74572  28.767  4.521  -22.735 0.7500000000
74573  27.905  4.440  -23.056 0.8750000000
73489  29.931  3.859  -22.730 0.6250000000
75703  30.715  5.387  -23.096 0.7500000000
74588  32.344  4.528  -23.474 0.2500000000
75682  31.766  4.771  -23.136 0.5000000000
75702  31.440  5.384  -23.095 0.6250000000
76792  33.648  6.114  -24.408 0.5000000000
76774  34.546  5.321  -24.410 0.2500000000
75698  34.284  4.387  -24.439 0.1250000000
77802  35.073  6.582  -25.418 0.2500000000
78804  34.387  6.907  -25.195 0.3750000000
78790  33.800  7.421  -24.955 0.6250000000
77800  36.586  6.513  -25.700 0.1250000000
76800  37.237  6.152  -25.209 0.1250000000
77801  35.703  6.880  -26.009 0.1250000000
79781  35.074  8.552  -26.494 0.5000000000
79798  35.905  8.359  -27.240 0.1250000000
79790  36.034  7.859  -27.051 0.1250000000
177288  35.345  8.829  -26.823 0.5000000000
78812  36.562  7.724  -26.450 0.1250000000
79802  36.526  8.803  -27.928 0.1250000000
80788  36.555  9.382  -28.796 0.1250000000
82905  35.081  10.381  -27.752 0.6250000000
81799  36.491  9.889  -29.181 0.1250000000
84152  34.237  11.351  -28.702 0.6250000000
176099  34.205  11.950  -28.957 0.6250000000
88589  35.212  14.398  -29.438 0.6250000000
162750  34.187  17.385  -30.506 0.7500000000
166106  33.606  19.073  -31.262 0.7500000000
160122  31.502  23.402  -27.143 0.6250000000
94631  33.082  19.483  -31.945 0.7500000000
149533  36.250  17.244  -28.393 0.3750000000
95613  32.032  20.374  -30.791 0.7500000000
91688  35.542  17.330  -29.174 0.5000000000
151193  35.830  18.360  -26.924 0.1250000000
92667  36.542  17.808  -27.090 0.1250000000
91685  36.571  16.924  -27.638 0.2500000000
91679  36.643  17.303  -26.922 0.1250000000
100593  31.158  24.573  -28.660 0.7500000000
98630  31.039  23.636  -32.020 0.7500000000
95606  34.662  20.844  -28.535 0.3750000000
96609  34.290  21.212  -29.624 0.3750000000
174488  35.467  19.119  -28.013 0.1250000000
94611  35.094  19.671  -28.048 0.3750000000
100609  30.674  24.629  -31.778 0.3750000000
157038  34.967  19.927  -27.063 0.1250000000
150429  34.180  21.590  -26.990 0.1250000000
95594  34.775  20.238  -26.224 0.1250000000
147393  33.219  23.450  -28.389 0.3750000000
98584  34.158  22.594  -25.648 0.1250000000
97597  34.609  22.292  -25.180 0.1250000000
96594  34.576  20.887  -25.743 0.1250000000
97605  34.018  22.123  -26.224 0.1250000000
102483  30.379  26.124  -29.347 0.3750000000
156185  34.071  23.320  -25.716 0.1250000000
99601  34.077  23.988  -25.946 0.1250000000
99609  33.769  23.913  -26.723 0.1250000000
100601  32.634  24.718  -28.683 0.3750000000
100561  34.578  24.399  -25.520 0.1250000000
101541  34.277  24.970  -26.592 0.1250000000
102464  35.051  25.666  -26.823 0.1250000000
100585  33.817  24.483  -27.021 0.1250000000
101571  33.941  25.573  -27.240 0.1250000000
99595  34.890  23.715  -24.764 0.1250000000
100560  35.151  24.721  -25.291 0.1250000000
173502  30.443  28.205  -30.689 0.2500000000
104989  30.408  27.880  -30.723 0.2500000000
104178  31.610  27.793  -29.645 0.2500000000
177074  33.556  26.960  -28.087 0.1250000000
103340  34.834  27.054  -27.980 0.1250000000
102481  34.175  26.104  -27.376 0.1250000000
103339  35.451  26.814  -28.228 0.1250000000
105002  31.362  28.589  -30.002 0.1250000000
155557  32.488  29.062  -29.562 0.1250000000
102494  35.717  26.285  -27.904 0.1250000000
104152  34.184  27.104  -27.920 0.1250000000
106589  31.551  31.084  -30.186 0.1250000000
67223  24.954  -1.095  -18.924 0.7500000000
68245  25.693  -0.116  -19.572 0.7500000000
68232  25.695  -0.742  -19.139 0.7500000000
69197  24.403  0.374  -18.940 0.7500000000
68234  24.515  -0.302  -18.739 0.7500000000
72349  23.813  3.208  -19.069 0.5000000000
72388  29.342  2.865  -22.083 0.6250000000
73488  30.595  3.683  -22.913 0.5000000000
81785  37.740  9.845  -27.686 0.1250000000
81778  38.432  10.071  -26.840 0.1250000000
81793  37.195  9.901  -28.583 0.1250000000
93618  35.674  18.530  -26.142 0.1250000000
101538  35.859  25.084  -26.129 0.1250000000
102463  35.722  25.521  -27.063 0.1250000000
69187  24.121  0.197  -18.165 0.7500000000
71236  23.873  1.948  -18.737 0.5000000000
66186  25.925  -1.915  -18.988 0.6250000000
67222  26.152  -1.416  -19.348 0.6250000000
67234  27.665  -1.183  -19.839 0.3750000000
68244  26.983  -0.737  -19.945 0.6250000000
67242  28.749  -0.755  -20.152 0.2500000000
68255  27.883  -0.368  -20.593 0.3750000000
73487  31.212  3.598  -23.109 0.3750000000
155655  31.470  23.109  -25.277 0.3750000000
101528  30.522  25.241  -24.966 0.2500000000
154371  25.625  -1.249  -18.932 0.6250000000
69239  28.006  0.783  -21.025 0.5000000000
71271  28.829  1.791  -21.558 0.5000000000
71289  29.119  2.318  -21.729 0.3750000000
66195  27.479  -1.789  -19.342 0.5000000000
67235  26.832  -1.324  -19.573 0.6250000000
73469  29.571  3.395  -22.409 0.5000000000
65105  25.647  -2.804  -18.140 0.6250000000
70161  23.703  1.161  -17.934 0.3750000000
69181  23.811  0.052  -17.369 0.3750000000
66169  25.798  -2.326  -18.412 0.6250000000
66187  25.223  -1.760  -18.690 0.6250000000
68220  24.241  -0.490  -17.934 0.6250000000
65117  27.670  -2.764  -18.790 0.3750000000
65118  26.851  -2.732  -18.813 0.5000000000
71225  23.627  2.090  -18.203 0.2500000000
66182  28.785  -2.162  -19.036 0.3750000000
68254  28.668  -0.452  -20.621 0.2500000000
67233  28.513  -1.128  -19.850 0.2500000000
160645  23.614  4.716  -19.977 0.3750000000
69238  28.705  0.462  -21.198 0.2500000000
71270  29.557  1.690  -21.602 0.3750000000
72387  30.434  2.538  -22.795 0.2500000000
72403  30.833  2.964  -23.023 0.2500000000
87500  23.548  14.113  -21.985 0.1250000000
90703  25.606  16.523  -24.343 0.2500000000
165565  32.373  3.410  -23.319 0.2500000000
91653  28.227  17.874  -24.691 0.3750000000
90715  26.855  17.005  -24.956 0.2500000000
94587  31.590  19.267  -24.501 0.2500000000
100563  30.574  24.663  -24.984 0.2500000000
174512  24.201  15.055  -22.847 0.1250000000
170084  23.816  12.934  -21.844 0.2500000000
75641  23.420  5.007  -19.255 0.2500000000
91667  27.814  17.192  -24.927 0.3750000000
163307  27.848  1.440  -21.173 0.5000000000
70160  24.000  0.823  -18.401 0.5000000000
67244  27.565  -0.674  -20.230 0.5000000000
154902  27.439  0.450  -20.532 0.5000000000
73486  31.765  3.607  -23.323 0.2500000000
72342  23.676  2.523  -18.696 0.3750000000
72348  24.068  2.526  -19.342 0.3750000000
67224  24.619  -1.013  -18.618 0.6250000000
148323  23.449  3.103  -18.414 0.3750000000
71288  29.887  2.239  -22.068 0.2500000000
65119  26.296  -2.410  -18.838 0.6250000000
66185  26.663  -2.002  -19.159 0.5000000000
67243  28.121  -0.788  -20.358 0.2500000000
66194  28.276  -1.706  -19.466 0.2500000000
67232  29.160  -1.011  -19.841 0.2500000000
69224  28.270  0.030  -20.909 0.3750000000
70207  28.395  1.213  -21.327 0.3750000000
66184  27.350  -2.332  -19.043 0.5000000000
65116  28.379  -2.696  -18.721 0.3750000000
69182  23.699  0.689  -17.629 0.3750000000
66170  24.713  -1.641  -18.490 0.6250000000
65103  27.303  -3.155  -18.440 0.3750000000
164062  26.660  -3.189  -18.467 0.5000000000
69237  29.743  0.270  -20.983 0.2500000000
71287  30.649  1.867  -22.404 0.2500000000
86408  23.371  13.595  -21.573 0.1250000000
65090  24.281  -3.304  -17.556 0.5000000000
64133  26.949  -3.564  -18.096 0.2500000000
154104  26.326  -4.314  -17.395 0.3750000000
64134  26.186  -3.404  -18.156 0.5000000000
65106  24.762  -2.915  -17.932 0.5000000000
64125  23.976  -3.672  -17.071 0.3750000000
66157  23.560  -2.354  -16.963 0.5000000000
66171  24.534  -2.107  -17.800 0.5000000000
159977  24.108  -2.609  -17.465 0.5000000000
67212  24.316  -1.256  -17.695 0.3750000000
63133  22.793  -4.076  -15.239 0.1250000000
63155  23.725  -4.079  -16.502 0.3750000000
68210  23.648  -0.611  -17.209 0.2500000000
61272  23.249  -6.043  -15.704 0.1250000000
63132  23.476  -4.584  -15.842 0.2500000000
62235  24.521  -4.843  -17.005 0.3750000000
63168  26.828  -4.501  -17.338 0.2500000000
63153  25.598  -4.912  -16.836 0.3750000000
64123  25.012  -3.938  -17.694 0.5000000000
61273  22.916  -5.613  -15.240 0.1250000000
63170  24.862  -4.506  -17.312 0.3750000000
65054  23.004  -2.716  -15.354 0.1250000000
66133  22.868  -1.587  -15.977 0.1250000000
85318  37.568  12.467  -28.259 0.1250000000
156795  25.218  -2.246  -18.140 0.5000000000
64135  25.352  -3.395  -17.872 0.5000000000
69169  23.337  0.548  -16.944 0.2500000000
64132  27.698  -3.494  -17.990 0.2500000000
64124  24.506  -3.917  -17.516 0.5000000000
64136  24.743  -3.571  -17.841 0.5000000000
65091  23.798  -3.016  -17.055 0.5000000000
64121  26.607  -3.891  -17.587 0.3750000000
64122  25.898  -3.832  -17.481 0.3750000000
63169  25.686  -4.336  -17.160 0.3750000000
63171  24.226  -4.330  -17.057 0.3750000000
64102  23.617  -3.388  -16.500 0.2500000000
65069  23.504  -2.739  -16.530 0.1250000000
66141  23.311  -1.563  -16.593 0.1250000000
173097  23.639  -1.228  -17.068 0.1250000000
67200  23.943  -1.858  -17.261 0.5000000000
62196  23.194  -5.402  -15.785 0.1250000000
62197  22.833  -4.896  -15.249 0.1250000000
152100  23.367  -3.757  -15.824 0.2500000000
64082  22.879  -3.323  -15.319 0.1250000000
64081  23.360  -3.054  -15.903 0.1250000000
159540  23.121  -0.837  -16.603 0.1250000000
63154  23.997  -4.756  -16.608 0.3750000000
62233  26.314  -4.870  -17.224 0.2500000000
65058  23.376  -2.396  -15.913 0.1250000000
159618  23.367  -2.119  -16.375 0.1250000000
61296  24.079  -5.955  -16.459 0.2500000000
62219  25.501  -5.596  -16.803 0.2500000000
73431  23.378  3.717  -18.441 0.2500000000
168752  23.514  -5.809  -16.119 0.1250000000
62221  23.747  -5.302  -16.308 0.1250000000
62234  24.826  -5.269  -17.069 0.2500000000
62220  24.325  -5.377  -16.853 0.2500000000
149247  24.757  -5.898  -16.930 0.1250000000
152398  23.194  4.194  -18.109 0.1250000000
169353  32.007  21.311  -24.856 0.1250000000
95581  31.949  20.303  -24.748 0.1250000000
96587  31.851  21.940  -24.970 0.1250000000
97592  31.805  22.262  -24.207 0.1250000000
172688  31.359  23.188  -24.714 0.1250000000
154089  31.565  22.628  -24.843 0.1250000000
98568  31.130  23.079  -23.802 0.1250000000
98579  31.501  22.890  -24.241 0.1250000000
100534  30.994  24.395  -23.960 0.1250000000
149183  31.892  20.867  -24.504 0.1250000000
99563  31.308  23.804  -24.147 0.1250000000
99552  30.201  24.101  -23.029 0.1250000000
153876  31.251  19.574  -23.942 0.1250000000
95565  31.542  20.277  -24.191 0.1250000000
90702  26.273  17.143  -24.543 0.1250000000
70152  23.561  1.136  -17.357 0.1250000000
72321  23.449  2.917  -17.516 0.1250000000
92659  27.109  18.045  -24.932 0.1250000000
169080  30.740  19.637  -23.733 0.1250000000
96569  31.491  20.914  -24.005 0.1250000000
97582  31.756  22.420  -23.585 0.1250000000
173296  30.583  23.700  -23.210 0.1250000000
100531  29.917  24.738  -22.750 0.1250000000
100536  29.983  24.728  -23.191 0.1250000000
94574  30.647  19.140  -23.824 0.1250000000
76724  23.461  5.625  -19.172 0.1250000000
75630  23.145  5.191  -18.483 0.1250000000
73440  23.620  3.955  -19.038 0.1250000000
100544  30.816  24.228  -24.650 0.1250000000
72330  23.460  2.715  -18.028 0.1250000000
71212  23.530  2.238  -17.568 0.1250000000
91669  26.764  17.580  -24.901 0.1250000000
74524  23.271  4.680  -18.720 0.1250000000
168761  23.204  4.338  -18.413 0.1250000000
73417  23.348  3.414  -17.990 0.1250000000
74500  23.105  4.559  -18.108 0.1250000000
73407  23.382  3.687  -17.819 0.1250000000
96579  31.774  21.502  -24.401 0.1250000000
154939  31.689  21.646  -23.904 0.1250000000
99564  31.038  23.860  -23.680 0.1250000000
98569  30.970  22.947  -23.274 0.1250000000
99565  30.308  24.280  -23.461 0.1250000000
97583  31.658  22.035  -23.265 0.1250000000
65102  28.067  -3.144  -18.411 0.1250000000
65115  28.943  -2.595  -18.540 0.1250000000
66193  28.961  -1.526  -19.424 0.1250000000
177426  29.360  -1.386  -19.458 0.1250000000
68253  29.747  -0.237  -20.662 0.1250000000
69223  29.582  -0.236  -20.591 0.1250000000
69236  30.506  -0.334  -21.761 0.1250000000
70205  29.993  0.692  -21.702 0.1250000000
69234  31.664  0.580  -21.617 0.1250000000
70204  31.016  0.380  -22.046 0.1250000000
70221  30.283  1.244  -22.143 0.1250000000
71269  32.304  1.531  -22.422 0.1250000000
72386  31.203  2.295  -22.759 0.1250000000
71268  33.037  1.692  -22.621 0.1250000000
71285  32.603  1.783  -23.252 0.1250000000
166213  32.642  2.630  -23.337 0.1250000000
62217  26.788  -5.189  -17.003 0.1250000000
63152  27.544  -4.608  -16.900 0.1250000000
63166  28.189  -4.196  -17.228 0.1250000000
65100  29.257  -2.760  -18.055 0.1250000000
65089  29.003  -3.431  -17.835 0.1250000000
66168  29.454  -2.153  -18.401 0.1250000000
67220  30.087  -1.394  -18.971 0.1250000000
69208  30.849  -0.309  -20.177 0.1250000000
160991  30.460  -0.467  -21.748 0.1250000000
69220  31.689  0.260  -20.924 0.1250000000
71253  32.899  1.358  -21.650 0.1250000000
158729  33.473  2.868  -23.535 0.1250000000
72399  33.530  2.620  -23.304 0.1250000000
72368  33.517  1.651  -22.732 0.1250000000
74566  33.569  3.264  -23.918 0.1250000000
65101  28.722  -3.069  -18.315 0.1250000000
72385  32.061  2.275  -22.941 0.1250000000
67231  29.688  -1.175  -19.607 0.1250000000
161841  31.217  1.666  -22.416 0.1250000000
63167  27.420  -4.058  -17.620 0.1250000000
163722  26.551  -5.788  -16.844 0.1250000000
64120  28.778  -3.925  -17.629 0.1250000000
66181  29.951  -1.803  -18.619 0.1250000000
68252  30.210  -0.501  -21.077 0.1250000000
154022  29.880  -0.561  -20.172 0.1250000000
172030  30.674  -0.193  -21.875 0.1250000000
70219  31.581  1.183  -22.169 0.1250000000
69235  31.015  -0.136  -21.698 0.1250000000
70203  32.292  1.240  -21.614 0.1250000000
71286  31.805  1.772  -22.690 0.1250000000
72383  33.010  1.741  -23.365 0.1250000000
161314  33.555  1.370  -22.018 0.1250000000
61292  26.695  -6.170  -16.585 0.1250000000
62216  27.402  -5.178  -16.516 0.1250000000
66167  30.159  -2.024  -18.111 0.1250000000
72381  34.576  2.787  -22.421 0.1250000000
62218  26.212  -5.506  -16.992 0.1250000000
64131  28.428  -3.499  -17.997 0.1250000000
65088  29.535  -2.989  -17.465 0.1250000000
65104  26.266  -2.898  -18.547 0.6250000000
66183  28.036  -2.344  -19.166 0.5000000000
67221  29.453  -1.642  -19.019 0.1250000000
67230  30.255  -0.969  -19.459 0.1250000000
68242  30.310  -0.414  -19.974 0.1250000000
68243  29.494  -0.680  -20.196 0.1250000000
69222  30.254  -0.489  -21.309 0.1250000000
70169  23.832  1.444  -18.511 0.5000000000
70191  32.712  0.975  -21.023 0.1250000000
70192  32.148  0.683  -21.121 0.1250000000
70206  29.210  1.019  -21.438 0.3750000000
70220  30.837  1.082  -22.264 0.1250000000
72354  24.885  2.247  -21.109 0.7500000000
72369  26.409  2.558  -22.380 0.7500000000
72382  33.786  2.404  -22.745 0.1250000000
72384  32.715  1.897  -23.367 0.1250000000
72389  28.484  2.739  -22.196 0.6250000000
72390  27.889  2.453  -22.114 0.7500000000
72400  33.183  2.296  -23.412 0.1250000000
72401  32.215  2.836  -23.121 0.1250000000
72402  31.526  2.941  -23.087 0.2500000000
72404  30.219  3.139  -22.869 0.5000000000
73446  25.214  2.841  -21.387 0.7500000000
73455  26.439  2.742  -22.420 0.7500000000
73471  27.676  3.087  -22.472 0.7500000000
73485  33.003  3.106  -23.358 0.1250000000
73490  29.201  3.989  -22.579 0.6250000000
73491  28.530  3.985  -22.592 0.7500000000
74548  25.085  4.752  -21.732 1.0000000000
74567  32.696  3.791  -23.504 0.2500000000
74568  31.501  4.228  -23.163 0.3750000000
74569  30.923  4.299  -22.964 0.5000000000
75685  29.777  4.896  -23.065 0.8750000000
75687  28.295  5.284  -23.010 0.8750000000
75704  30.134  5.267  -23.083 0.8750000000
75717  36.728  4.778  -24.704 0.1250000000
75729  36.176  5.261  -25.179 0.1250000000
75731  35.329  5.313  -25.238 0.1250000000
76768  28.322  5.843  -22.973 1.0000000000
76776  32.339  5.840  -23.903 0.5000000000
76779  30.089  5.779  -23.294 0.7500000000
76790  34.835  5.600  -24.733 0.2500000000
76791  34.270  5.886  -24.497 0.5000000000
77760  25.548  6.942  -22.098 1.0000000000
77770  27.510  6.716  -22.842 1.0000000000
77775  32.603  6.391  -24.145 0.7500000000
77776  32.125  6.614  -23.931 0.7500000000
77777  31.561  6.842  -23.987 0.7500000000
77778  31.088  6.939  -23.904 0.7500000000
77809  36.075  6.686  -26.281 0.1250000000
78772  27.566  7.799  -22.991 1.0000000000
78778  32.019  7.471  -24.072 0.8750000000
78781  29.140  7.481  -23.506 1.0000000000
78782  28.529  7.469  -23.245 1.0000000000
78801  37.551  7.282  -25.908 0.1250000000
78802  35.298  7.782  -26.155 0.5000000000
78811  37.350  7.710  -26.093 0.1250000000
79754  26.957  8.156  -23.002 1.0000000000
79761  31.273  9.083  -23.921 1.0000000000
79765  28.505  8.558  -23.536 1.0000000000
79772  32.730  8.706  -24.230 0.8750000000
79783  34.014  8.684  -25.884 0.6250000000
79792  33.639  8.981  -26.673 0.6250000000
79797  36.150  8.336  -27.523 0.1250000000
80719  23.367  8.960  -21.154 0.3750000000
80733  26.556  9.248  -23.997 1.0000000000
80746  30.715  9.690  -23.999 1.0000000000
80747  29.963  9.243  -23.926 1.0000000000
80748  28.307  9.061  -23.675 1.0000000000
80755  32.081  9.209  -24.005 0.8750000000
80756  29.807  9.677  -24.035 1.0000000000
80761  33.879  9.055  -25.568 0.8750000000
80771  34.637  9.227  -26.539 0.6250000000
80779  35.523  8.972  -27.284 0.1250000000
80784  36.946  9.211  -28.352 0.1250000000
80785  36.213  8.978  -28.511 0.1250000000
80786  35.825  9.137  -28.158 0.1250000000
81709  22.789  10.071  -20.841 0.1250000000
81721  23.677  9.713  -22.014 0.3750000000
81737  24.814  9.682  -23.306 0.8750000000
81738  24.436  10.120  -22.728 0.8750000000
81746  31.202  9.815  -23.901 1.0000000000
81748  30.906  9.906  -24.542 1.0000000000
81750  26.397  9.667  -24.217 1.0000000000
81757  33.116  9.714  -24.104 0.8750000000
81759  30.636  10.263  -23.867 1.0000000000
81762  28.678  10.213  -23.956 1.0000000000
81779  38.180  10.361  -27.471 0.1250000000
81786  35.201  9.766  -27.298 0.5000000000
81788  34.098  10.031  -26.928 0.7500000000
81800  36.008  9.421  -28.861 0.5000000000
81801  35.988  10.071  -29.235 0.1250000000
82866  32.408  10.662  -23.769 1.0000000000
82867  31.892  10.539  -23.769 1.0000000000
82868  31.297  10.230  -23.815 1.0000000000
82869  30.797  10.446  -23.807 1.0000000000
82872  25.820  10.761  -23.696 1.0000000000
82879  33.071  10.536  -23.979 1.0000000000
82881  29.861  10.789  -24.224 1.0000000000
82884  27.423  10.945  -24.200 1.0000000000
82891  33.850  10.780  -25.370 1.0000000000
82906  34.049  10.618  -27.338 0.7500000000
82911  35.998  10.703  -29.689 0.3750000000
84077  23.458  11.625  -21.611 0.1250000000
84105  32.738  11.408  -23.735 1.0000000000
84108  30.946  11.042  -23.670 1.0000000000
84118  30.389  11.237  -23.986 1.0000000000
84119  28.714  11.395  -24.364 1.0000000000
84120  28.034  11.446  -24.275 1.0000000000
84129  33.787  11.409  -25.119 1.0000000000
84149  37.661  11.217  -28.917 0.1250000000
85278  24.494  12.709  -22.704 0.5000000000
85285  31.813  11.658  -23.685 1.0000000000
85287  30.757  11.588  -23.840 1.0000000000
85293  33.686  12.537  -24.979 1.0000000000
85296  28.252  12.156  -24.358 1.0000000000
85298  26.029  12.357  -24.255 0.8750000000
85308  34.042  12.483  -26.679 1.0000000000
86416  24.401  13.327  -22.965 0.5000000000
86433  31.178  13.139  -24.148 1.0000000000
86436  26.172  12.951  -24.352 1.0000000000
86442  33.769  13.228  -25.180 1.0000000000
86458  34.328  13.190  -28.901 0.7500000000
87523  33.391  14.363  -24.451 1.0000000000
87525  32.336  13.911  -23.947 1.0000000000
87527  30.828  13.909  -24.572 1.0000000000
87530  27.935  14.761  -24.787 0.8750000000
87532  26.513  13.673  -24.353 1.0000000000
87551  37.137  13.815  -28.220 0.2500000000
87556  35.529  13.832  -29.263 0.5000000000
87557  34.763  13.867  -29.151 0.6250000000
88551  31.055  15.193  -23.929 1.0000000000
88552  26.870  15.532  -24.113 0.8750000000
88559  32.624  15.198  -24.289 1.0000000000
88563  28.805  15.126  -25.008 1.0000000000
88570  33.421  15.581  -24.894 1.0000000000
88580  34.014  14.475  -26.939 1.0000000000
88590  34.668  14.580  -29.318 0.7500000000
88591  34.183  14.912  -29.049 0.8750000000
89643  31.531  16.008  -23.867 1.0000000000
89645  30.260  15.901  -23.861 1.0000000000
89656  29.805  15.462  -24.319 0.8750000000
89660  27.058  16.290  -24.607 0.6250000000
89674  33.864  15.095  -27.476 1.0000000000
89686  33.906  15.482  -29.403 0.8750000000
89689  35.154  15.510  -29.552 0.5000000000
90698  31.238  16.492  -23.763 1.0000000000
90708  32.834  16.571  -24.423 1.0000000000
90710  31.736  16.889  -24.111 1.0000000000
90713  28.194  16.463  -24.830 0.6250000000
90729  36.757  16.516  -26.930 0.1250000000
90730  33.507  15.704  -27.565 1.0000000000
90731  33.090  16.282  -27.878 1.0000000000
90735  36.609  16.182  -27.635 0.3750000000
90736  36.207  16.448  -28.393 0.3750000000
90746  35.102  16.057  -29.860 0.6250000000
91651  30.773  17.438  -23.890 0.8750000000
91663  32.851  17.217  -24.739 1.0000000000
91665  31.974  17.603  -24.042 1.0000000000
91668  27.179  17.380  -25.150 0.1250000000
91686  32.957  16.868  -28.073 1.0000000000
91691  33.188  16.943  -29.171 1.0000000000
91695  34.380  16.633  -30.558 0.7500000000
92644  30.295  17.831  -23.792 0.7500000000
92647  27.560  17.793  -24.997 0.3750000000
92668  36.113  17.988  -26.440 0.1250000000
92673  36.107  18.154  -27.591 0.2500000000
92682  35.284  17.910  -29.342 0.5000000000
93605  31.865  18.432  -25.138 1.0000000000
93619  32.616  18.824  -26.738 1.0000000000
93631  32.752  18.570  -28.355 1.0000000000
93641  34.032  18.437  -30.540 0.7500000000
93642  33.381  18.562  -31.224 0.8750000000
94601  32.501  19.436  -26.342 1.0000000000
95580  32.241  20.820  -25.063 0.6250000000
95588  34.854  20.427  -25.335 0.1250000000
95589  32.250  20.192  -25.346 0.8750000000
95595  34.284  20.843  -26.525 0.1250000000
95605  34.828  20.360  -27.714 0.2500000000
96622  32.371  21.479  -31.284 0.7500000000
96623  32.016  22.360  -32.398 0.7500000000
97591  34.779  22.009  -24.668 0.1250000000
97619  33.924  22.330  -29.126 0.3750000000
97626  31.574  21.761  -29.692 0.8750000000
97641  32.240  22.426  -32.403 0.7500000000
98578  34.996  23.159  -24.434 0.1250000000
98583  34.603  23.090  -25.083 0.1250000000
98591  33.669  23.433  -26.269 0.1250000000
99602  31.421  23.981  -26.311 0.5000000000
99640  31.254  23.972  -32.132 0.7500000000
99641  30.605  24.449  -32.184 0.7500000000
100584  34.049  24.406  -26.425 0.1250000000
100603  30.959  24.848  -29.978 0.3750000000
101555  36.181  25.173  -26.738 0.1250000000
101556  35.471  25.250  -26.525 0.1250000000
101557  34.828  25.163  -26.445 0.1250000000
101558  33.755  25.021  -27.287 0.1250000000
101592  30.842  25.026  -30.630 0.3750000000
102466  30.885  25.930  -27.779 0.3750000000
103324  35.144  26.604  -27.570 0.1250000000
103325  34.515  26.645  -27.579 0.1250000000
103328  30.232  26.471  -29.500 0.3750000000
103353  36.429  26.786  -29.189 0.1250000000
104160  34.481  27.568  -28.288 0.1250000000
104987  32.695  27.643  -28.882 0.1250000000
104988  30.444  27.780  -30.726 0.2500000000
147401  36.008  6.159  -26.029 0.1250000000
148433  27.976  15.307  -24.901 0.8750000000
148690  31.144  8.586  -23.904 0.8750000000
149317  32.038  14.545  -24.181 1.0000000000
149410  30.038  6.525  -23.542 1.0000000000
149739  29.357  8.063  -23.710 1.0000000000
150138  23.627  1.637  -17.773 0.3750000000
150397  30.499  8.501  -23.812 1.0000000000
152022  26.096  0.885  -20.146 0.7500000000
153360  28.406  13.663  -24.586 1.0000000000
153789  28.733  18.671  -23.869 0.1250000000
154001  29.802  13.271  -24.432 1.0000000000
154036  35.569  6.235  -25.698 0.1250000000
154066  28.102  -3.828  -17.680 0.1250000000
154250  30.632  16.919  -23.784 1.0000000000
155077  25.695  14.532  -23.905 0.6250000000
155264  23.520  7.329  -20.224 0.2500000000
155485  30.655  13.411  -24.595 1.0000000000
156452  26.886  8.730  -23.320 1.0000000000
157598  29.079  17.426  -24.159 0.7500000000
160887  27.348  7.289  -22.827 1.0000000000
161096  28.765  12.772  -24.531 1.0000000000
163047  30.181  26.458  -24.976 0.2500000000
163297  29.283  -0.554  -20.406 0.2500000000
163605  28.333  4.832  -23.062 0.8750000000
164277  34.882  24.206  -25.069 0.1250000000
164412  33.900  9.905  -25.788 0.8750000000
164516  34.039  11.781  -27.195 0.7500000000
164637  28.210  12.954  -24.541 1.0000000000
164712  27.787  4.846  -23.250 0.8750000000
164847  33.065  17.507  -28.368 1.0000000000
165085  33.413  22.416  -30.650 0.6250000000
165095  31.970  10.028  -23.896 1.0000000000
165563  30.539  0.363  -22.091 0.1250000000
166171  29.948  2.843  -22.537 0.5000000000
166340  28.982  -0.067  -20.804 0.2500000000
168380  32.980  11.017  -23.870 1.0000000000
168475  33.889  13.614  -25.702 1.0000000000
169521  30.355  11.897  -24.068 1.0000000000
169908  32.715  13.313  -23.712 1.0000000000
170201  25.740  12.155  -24.028 1.0000000000
170627  24.871  -0.567  -19.019 0.7500000000
170886  35.830  11.182  -29.841 0.6250000000
171300  33.520  4.498  -24.209 0.1250000000
171367  32.894  19.286  -32.050 0.7500000000
171729  30.669  12.570  -24.263 1.0000000000
172398  31.091  12.269  -24.027 1.0000000000
172579  27.562  18.473  -24.820 0.1250000000
173407  34.325  7.553  -25.309 0.6250000000
173725  34.339  24.507  -26.039 0.1250000000
173978  33.318  1.873  -23.208 0.1250000000
174313  36.103  18.062  -27.046 0.1250000000
175208  23.661  -6.224  -16.038 0.1250000000
175252  33.682  15.422  -26.979 1.0000000000
175604  26.153  8.357  -22.377 1.0000000000
175984  35.875  7.407  -26.420 0.1250000000
176671  33.528  1.250  -21.551 0.1250000000
176727  29.989  26.520  -25.651 0.2500000000
176771  32.572  19.374  -26.995 1.0000000000
176871  27.915  5.533  -23.019 1.0000000000
176879  32.350  18.057  -25.364 1.0000000000
177128  28.837  14.063  -24.586 1.0000000000
177618  30.832  9.909  -24.768 1.0000000000
177694  24.934  12.345  -22.877 0.5000000000
178035  36.456  10.450  -29.637 0.1250000000
178088  36.515  8.146  -26.897 0.1250000000
178319  30.065  15.018  -24.444 1.0000000000
