#!ascii label  , from subject sub-v2s11x28725_ses-1 vox2ras=TkReg
1964
39192  28.262  -45.706  -33.458 0.6000000238
37977  29.243  -45.898  -34.087 0.5000000000
37961  29.349  -46.040  -32.510 0.6999999881
215937  29.070  -46.687  -32.070 0.6000000238
36686  28.733  -47.192  -31.541 0.6000000238
36685  29.477  -47.143  -31.225 0.6000000238
39196  28.834  -45.511  -33.699 0.6999999881
39191  28.953  -45.560  -33.274 0.6000000238
203777  28.530  -45.936  -32.883 0.5000000000
37959  28.261  -46.649  -32.402 0.5000000000
36687  27.943  -47.245  -31.900 0.5000000000
36676  28.368  -47.641  -31.043 0.6000000238
36675  29.097  -47.600  -30.743 0.6000000238
39209  29.415  -45.227  -33.995 0.5000000000
39210  28.808  -45.605  -33.832 0.5000000000
229220  27.949  -45.991  -33.083 0.6000000238
35392  28.610  -47.937  -30.219 0.6000000238
36719  29.800  -46.954  -34.158 0.5000000000
210037  30.319  -47.812  -34.106 0.5000000000
39182  30.861  -45.834  -30.789 0.6000000238
37949  30.646  -46.477  -30.455 0.6999999881
40438  29.990  -44.897  -33.455 0.6000000238
39189  30.452  -45.536  -32.593 0.6999999881
39186  30.717  -45.816  -31.670 0.6000000238
37953  30.423  -46.335  -31.279 0.6000000238
36674  29.764  -47.436  -30.454 0.6000000238
40453  29.874  -44.798  -34.040 0.6000000238
39190  29.726  -45.581  -33.033 0.6999999881
36664  29.332  -47.784  -30.023 0.6000000238
240494  29.716  -45.290  -34.313 0.5000000000
213313  29.951  -44.808  -34.379 0.5000000000
35380  28.930  -47.936  -29.602 0.6000000238
218530  30.069  -46.149  -34.299 0.5000000000
201418  28.147  -48.252  -28.804 0.6000000238
36718  30.586  -47.104  -34.288 0.5000000000
35373  27.863  -48.296  -28.191 0.6000000238
35366  27.749  -48.252  -27.599 0.6999999881
35374  27.320  -48.681  -27.996 0.6000000238
36618  26.933  -47.982  -26.770 0.6999999881
35359  27.267  -48.512  -27.239 0.6000000238
35360  26.177  -48.535  -26.750 0.6000000238
35347  25.418  -48.257  -25.934 0.6000000238
35361  25.694  -48.690  -26.364 0.6000000238
39127  22.942  -46.053  -26.091 0.5000000000
40403  22.425  -44.697  -27.338 0.6999999881
39143  22.490  -45.518  -26.369 0.6000000238
40404  21.690  -44.844  -27.573 0.8000000119
40394  21.443  -45.435  -27.269 0.6999999881
40423  31.144  -45.224  -30.319 0.6000000238
39179  30.907  -45.886  -30.043 0.6999999881
40437  30.759  -44.949  -32.981 0.6999999881
40432  31.071  -45.368  -32.050 0.6999999881
40427  31.120  -45.331  -31.118 0.6000000238
37950  30.244  -46.995  -30.092 0.6999999881
37941  30.636  -46.482  -29.737 0.6999999881
40441  30.435  -44.551  -33.779 0.6000000238
40436  31.154  -44.542  -33.319 0.6000000238
39176  30.463  -46.307  -29.021 0.8000000119
39207  31.384  -44.769  -34.545 0.5000000000
40451  31.140  -44.477  -34.399 0.5000000000
37931  30.010  -46.895  -28.571 0.8000000119
36640  29.492  -47.456  -28.621 0.6000000238
224069  31.281  -45.517  -34.552 0.5000000000
39208  30.690  -44.745  -34.506 0.5000000000
36641  29.070  -47.587  -27.978 0.8000000119
36642  28.409  -47.978  -28.105 0.6000000238
36717  31.357  -47.184  -34.167 0.5000000000
36630  28.734  -47.368  -27.296 0.8000000119
36616  28.208  -47.460  -26.917 0.8000000119
239733  28.029  -48.064  -27.856 0.6999999881
37904  27.124  -47.288  -26.541 0.6999999881
37878  26.002  -46.971  -25.983 0.6999999881
37877  26.664  -46.797  -26.152 0.6999999881
36619  26.464  -48.141  -26.589 0.6999999881
220787  25.480  -46.378  -26.020 0.6000000238
208019  25.736  -47.635  -25.977 0.6000000238
36593  26.459  -47.575  -26.223 0.6000000238
39125  24.350  -45.736  -25.979 0.6999999881
37880  24.570  -47.074  -25.725 0.6999999881
37879  25.293  -47.047  -25.882 0.6000000238
40381  23.211  -45.427  -26.242 0.6999999881
39126  23.631  -45.909  -25.969 0.6000000238
40393  22.831  -45.030  -26.717 0.8000000119
41688  22.795  -44.301  -27.871 0.8999999762
41691  20.360  -44.535  -28.416 0.6999999881
41702  22.278  -43.940  -28.530 0.8000000119
40405  20.949  -44.925  -27.760 0.6999999881
40422  31.435  -44.779  -30.342 0.6000000238
40419  31.058  -45.359  -29.580 0.6999999881
236679  31.231  -44.949  -29.110 0.6999999881
242621  31.352  -44.951  -30.753 0.6000000238
39175  30.970  -45.638  -28.814 0.6000000238
219099  32.291  -44.390  -32.336 0.4000000060
221539  31.791  -44.530  -32.782 0.6000000238
40426  31.512  -44.913  -31.433 0.6000000238
236888  32.107  -44.441  -33.059 0.6000000238
39172  30.416  -46.125  -28.175 0.8000000119
40450  31.931  -44.574  -34.446 0.4000000060
41778  31.638  -44.405  -34.204 0.5000000000
40440  31.023  -44.427  -34.038 0.6000000238
37922  29.878  -46.657  -27.816 0.8000000119
39206  32.143  -45.229  -34.575 0.5000000000
37923  29.333  -47.003  -27.570 0.8000000119
37974  32.117  -46.255  -34.361 0.4000000060
37902  28.404  -46.923  -26.783 0.8000000119
215562  32.040  -47.123  -34.216 0.5000000000
210773  27.313  -46.481  -26.383 0.8000000119
240840  25.974  -44.883  -26.432 0.8000000119
241420  26.745  -46.174  -26.168 0.6999999881
219320  28.005  -46.566  -26.455 0.8000000119
40379  24.877  -45.320  -26.144 0.8000000119
39123  26.172  -46.271  -26.058 0.6999999881
41677  24.592  -44.352  -27.099 0.8999999762
40380  24.276  -45.132  -26.245 0.8999999762
40378  25.602  -45.615  -26.169 0.6999999881
40391  24.256  -44.772  -26.740 0.8999999762
212837  24.795  -46.421  -25.912 0.6999999881
229750  23.812  -45.372  -26.115 0.6000000238
41679  23.177  -44.552  -27.155 0.8999999762
43069  20.803  -43.822  -29.626 0.8000000119
41705  19.734  -44.028  -29.113 0.8000000119
41704  20.524  -44.175  -29.080 0.8000000119
41703  21.446  -44.080  -28.793 0.8000000119
41690  21.185  -44.530  -28.269 0.6999999881
40418  31.454  -44.784  -29.759 0.6999999881
41717  31.770  -44.197  -28.874 0.6000000238
213295  31.866  -44.508  -30.211 0.5000000000
40414  31.336  -44.524  -28.701 0.6999999881
207232  33.046  -44.388  -32.144 0.4000000060
41748  32.527  -44.386  -31.472 0.5000000000
41735  32.246  -44.454  -30.741 0.6000000238
39171  30.778  -45.489  -28.146 0.6999999881
41763  32.695  -44.444  -32.898 0.5000000000
39162  30.360  -45.572  -27.592 0.6999999881
41788  33.387  -44.472  -34.042 0.5000000000
41777  32.243  -44.492  -33.696 0.6000000238
40470  33.343  -45.038  -34.725 0.4000000060
40449  32.808  -44.754  -34.333 0.4000000060
40388  28.236  -45.325  -26.706 0.8000000119
39140  29.113  -45.968  -26.912 0.8000000119
39220  33.359  -45.708  -34.993 0.4000000060
39142  27.775  -45.869  -26.479 0.8000000119
39141  28.467  -46.136  -26.723 0.8000000119
37901  28.945  -46.637  -27.087 0.8000000119
36728  32.710  -46.938  -34.482 0.3000000119
213029  26.547  -44.460  -26.706 0.8000000119
40390  26.786  -45.064  -26.436 0.8000000119
39122  27.102  -45.710  -26.266 0.8000000119
205635  25.891  -44.219  -26.906 0.8000000119
40377  26.405  -45.623  -26.225 0.8000000119
43035  25.276  -43.910  -27.191 0.8999999762
41676  25.296  -44.501  -26.703 0.8999999762
43049  24.680  -43.815  -27.790 0.8999999762
43066  24.348  -43.604  -28.516 0.8999999762
41686  24.121  -44.184  -27.603 0.8999999762
41687  23.536  -44.225  -27.728 0.8999999762
43070  19.828  -43.554  -29.647 0.8000000119
43071  19.246  -43.336  -29.268 0.8000000119
43050  23.149  -43.853  -28.407 0.8999999762
43067  22.538  -43.640  -28.982 0.8999999762
41716  32.778  -43.845  -29.634 0.6000000238
232218  32.020  -44.224  -29.579 0.6000000238
43065  31.983  -43.916  -28.362 0.6000000238
41724  33.315  -44.150  -30.146 0.6000000238
41746  34.224  -44.237  -31.419 0.4000000060
41747  33.423  -44.296  -31.419 0.4000000060
41734  32.995  -44.319  -30.759 0.4000000060
41725  32.545  -44.290  -30.166 0.5000000000
40402  30.768  -45.018  -27.760 0.6999999881
40386  30.298  -45.007  -27.173 0.6999999881
41775  33.785  -44.170  -33.554 0.5000000000
41762  33.444  -44.387  -32.811 0.4000000060
40387  29.810  -45.644  -27.000 0.6999999881
41787  34.132  -44.184  -34.199 0.5000000000
41673  28.448  -44.527  -26.688 0.8000000119
225904  29.080  -45.270  -26.731 0.8000000119
41675  27.002  -44.006  -26.808 0.8000000119
222542  27.799  -44.692  -26.680 0.8000000119
44382  26.410  -43.502  -27.683 0.8000000119
43048  25.525  -43.488  -27.891 0.8999999762
44400  24.919  -43.419  -28.312 0.8999999762
235388  23.768  -43.650  -28.662 0.8999999762
208249  23.994  -43.306  -29.019 1.0000000000
44424  20.565  -42.645  -30.401 0.8000000119
44416  23.128  -43.354  -29.115 1.0000000000
43084  21.110  -43.453  -30.115 0.8000000119
44422  22.708  -42.964  -29.908 1.0000000000
43068  21.815  -43.844  -29.488 0.8000000119
44423  21.440  -43.083  -30.525 0.8000000119
41699  32.351  -43.910  -28.995 0.6000000238
43045  33.114  -43.563  -27.739 0.6000000238
41715  33.638  -43.998  -29.498 0.6000000238
43046  32.293  -43.625  -27.701 0.6999999881
41733  33.857  -44.211  -30.729 0.4000000060
41723  34.057  -44.144  -30.113 0.4000000060
204280  34.611  -44.344  -32.068 0.4000000060
41685  30.828  -44.514  -27.314 0.6999999881
41774  34.643  -44.100  -33.636 0.5000000000
204252  35.334  -44.310  -32.002 0.4000000060
41671  30.307  -44.386  -26.841 0.8000000119
43031  28.274  -43.867  -26.755 0.8000000119
240194  29.436  -43.615  -26.467 0.8000000119
206222  27.603  -43.062  -27.142 0.8000000119
41674  27.691  -44.045  -26.744 0.8000000119
211518  26.812  -43.016  -27.914 0.8000000119
43033  26.433  -43.966  -27.139 0.8000000119
44415  24.691  -43.205  -28.859 0.8999999762
45773  25.799  -42.567  -28.914 0.8999999762
44420  24.250  -42.673  -29.273 1.0000000000
44421  23.481  -42.843  -29.560 1.0000000000
44430  21.150  -42.323  -30.668 0.8000000119
44417  19.398  -42.707  -29.703 0.8000000119
45783  22.967  -42.360  -30.228 1.0000000000
44429  21.802  -42.754  -30.719 0.8000000119
209615  22.054  -43.070  -30.256 0.8000000119
43080  34.130  -44.012  -29.102 0.6000000238
43081  33.082  -43.844  -28.980 0.6000000238
43064  32.707  -43.828  -28.336 0.6000000238
44397  31.672  -43.315  -27.344 0.6999999881
41732  35.308  -44.374  -30.767 0.4000000060
41722  34.766  -44.219  -30.213 0.5000000000
43047  30.857  -43.950  -26.975 0.8000000119
44376  31.099  -42.963  -26.862 0.8000000119
41745  34.998  -44.383  -31.415 0.4000000060
43028  30.142  -43.632  -26.602 0.8000000119
204253  35.928  -44.168  -32.020 0.4000000060
41744  35.829  -44.454  -31.368 0.4000000060
241718  28.429  -43.468  -26.782 0.8000000119
217953  28.913  -43.940  -26.650 0.8000000119
233255  27.909  -43.458  -26.916 0.8000000119
44381  27.067  -43.258  -27.410 0.8000000119
45772  26.478  -42.353  -28.757 0.8999999762
45771  27.118  -42.146  -28.781 0.8000000119
45774  25.035  -42.607  -29.084 1.0000000000
45780  25.457  -42.064  -29.381 1.0000000000
45781  24.574  -42.044  -29.678 1.0000000000
47101  22.892  -41.316  -31.306 1.0000000000
220620  21.962  -41.649  -31.036 0.8999999762
45785  19.689  -42.124  -30.246 0.8000000119
47094  20.598  -41.300  -30.115 0.8999999762
45792  22.517  -42.010  -31.095 1.0000000000
47102  22.334  -41.260  -31.346 1.0000000000
47103  21.154  -41.498  -30.642 1.0000000000
47108  23.100  -40.675  -31.693 1.0000000000
48458  23.939  -39.935  -31.829 1.0000000000
48459  23.107  -39.844  -31.963 1.0000000000
49930  22.939  -39.365  -31.580 1.0000000000
49928  24.023  -39.334  -32.041 1.0000000000
49929  23.259  -39.210  -32.030 1.0000000000
43044  33.882  -43.391  -27.873 0.6999999881
44396  33.562  -43.175  -27.231 0.6999999881
44373  33.939  -42.776  -26.735 0.6999999881
43061  34.985  -43.599  -28.544 0.6000000238
43043  34.613  -43.268  -27.983 0.6000000238
233661  32.207  -43.162  -27.203 0.6999999881
41714  34.404  -44.121  -29.591 0.6000000238
41721  35.562  -44.297  -30.087 0.5000000000
45748  31.421  -42.301  -26.424 0.8000000119
41743  36.619  -44.364  -31.081 0.4000000060
44377  30.345  -42.966  -26.524 0.8000000119
239484  29.410  -42.330  -26.507 0.8000000119
45751  28.834  -42.568  -26.601 0.8000000119
44380  27.845  -42.596  -27.241 0.8000000119
239745  28.268  -42.164  -26.991 0.8000000119
45763  27.486  -42.229  -28.274 0.6999999881
44398  27.414  -42.743  -27.755 0.8000000119
47082  26.637  -41.829  -29.090 0.8999999762
47081  27.181  -41.579  -28.972 0.8000000119
45779  26.104  -42.101  -29.138 0.8999999762
47089  26.748  -41.231  -29.383 1.0000000000
47091  25.134  -41.516  -30.049 1.0000000000
48432  26.250  -40.930  -29.822 1.0000000000
234586  26.540  -39.755  -30.257 1.0000000000
47092  24.406  -41.572  -30.306 1.0000000000
48444  26.044  -40.467  -30.560 1.0000000000
233288  25.132  -41.101  -30.714 1.0000000000
48457  24.761  -40.086  -31.634 1.0000000000
47107  23.835  -40.590  -31.433 1.0000000000
241041  21.817  -40.206  -30.461 1.0000000000
47093  21.138  -40.848  -30.201 1.0000000000
49927  25.116  -39.641  -32.049 1.0000000000
48446  22.124  -40.229  -31.091 1.0000000000
49915  22.564  -39.562  -30.832 1.0000000000
49914  23.010  -39.183  -30.951 1.0000000000
51335  23.684  -38.916  -31.838 1.0000000000
49913  23.305  -39.011  -31.516 1.0000000000
44395  34.303  -43.097  -27.252 0.6999999881
44374  33.239  -42.793  -26.742 0.6999999881
43060  35.686  -43.573  -28.540 0.5000000000
44394  34.997  -42.889  -27.446 0.6999999881
220117  31.835  -42.803  -26.849 0.6999999881
43078  35.385  -43.923  -29.040 0.6000000238
41711  36.356  -44.138  -29.406 0.5000000000
43077  36.049  -43.952  -29.006 0.5000000000
45749  30.688  -42.423  -26.307 0.8000000119
45750  30.003  -42.417  -26.369 0.8000000119
45734  29.615  -41.843  -26.314 0.6999999881
45752  28.926  -41.834  -26.609 0.8000000119
47063  28.114  -41.714  -27.454 0.8000000119
47062  28.482  -41.470  -27.031 0.8000000119
47072  27.461  -41.799  -28.596 0.6999999881
47071  27.853  -41.614  -28.099 0.6999999881
236991  27.644  -40.687  -28.735 0.8999999762
49876  28.141  -39.517  -28.467 0.8000000119
51294  28.500  -38.952  -28.497 0.8000000119
52685  28.708  -38.312  -28.874 0.8000000119
48430  27.414  -40.208  -29.088 0.8999999762
49877  27.752  -39.629  -28.991 0.8000000119
51295  28.002  -39.150  -28.854 0.8000000119
48431  26.746  -40.405  -29.625 1.0000000000
49892  27.172  -39.656  -29.528 0.8999999762
51312  27.721  -39.163  -29.447 0.8999999762
51311  28.188  -38.694  -29.201 0.8000000119
49910  27.161  -39.196  -30.122 0.8999999762
48456  25.540  -40.326  -31.511 1.0000000000
47106  24.625  -40.648  -31.280 1.0000000000
49942  25.286  -39.001  -32.488 1.0000000000
49893  23.856  -39.074  -30.317 1.0000000000
234457  26.206  -39.044  -32.284 1.0000000000
49943  24.392  -38.735  -32.246 1.0000000000
51327  23.826  -38.641  -31.262 1.0000000000
51359  25.563  -38.243  -33.128 1.0000000000
52733  24.713  -37.521  -32.723 1.0000000000
52713  24.920  -37.794  -31.638 1.0000000000
44393  35.698  -42.829  -27.547 0.6999999881
44371  35.391  -42.461  -27.025 0.6999999881
44372  34.663  -42.611  -26.727 0.6999999881
45746  34.166  -42.388  -26.387 0.6999999881
44361  33.599  -42.353  -26.349 0.6999999881
44412  36.027  -43.186  -28.061 0.6000000238
45729  33.326  -41.793  -26.062 0.6999999881
43059  36.358  -43.505  -28.571 0.5000000000
45731  31.815  -41.577  -26.018 0.6999999881
43076  36.688  -43.781  -29.053 0.5000000000
45732  30.998  -41.727  -26.179 0.8000000119
47049  30.537  -41.157  -26.065 0.6999999881
47051  29.246  -41.267  -26.337 0.6999999881
47050  29.863  -41.235  -26.151 0.6999999881
226187  28.966  -40.818  -26.488 0.6999999881
47070  28.212  -41.145  -27.564 0.6999999881
48417  27.963  -40.775  -28.187 0.6999999881
48416  28.328  -40.528  -27.620 0.6999999881
51281  28.953  -39.033  -27.982 0.8000000119
52663  29.584  -38.167  -27.763 0.8000000119
52662  30.226  -37.924  -27.724 0.8000000119
51293  29.114  -38.587  -28.242 0.8000000119
52684  29.348  -37.954  -28.622 0.8000000119
235089  28.927  -37.813  -29.240 0.8000000119
52702  28.450  -38.058  -29.669 0.8999999762
52701  28.883  -37.437  -29.858 0.8000000119
214316  28.161  -38.004  -30.363 1.0000000000
54111  28.529  -37.641  -30.329 0.8000000119
49911  26.690  -39.428  -31.029 1.0000000000
51325  27.290  -38.849  -30.873 1.0000000000
49926  26.063  -39.429  -31.879 1.0000000000
51334  26.775  -39.028  -31.708 1.0000000000
51358  26.293  -38.425  -33.310 1.0000000000
242028  24.414  -38.678  -30.177 1.0000000000
51314  23.966  -39.184  -29.195 1.0000000000
224236  25.793  -37.839  -33.386 1.0000000000
54162  24.890  -37.039  -32.953 1.0000000000
52722  24.788  -37.366  -32.364 1.0000000000
52714  24.779  -38.347  -30.634 1.0000000000
54126  24.959  -36.833  -31.878 1.0000000000
203422  35.800  -42.034  -26.626 0.6999999881
45744  35.160  -42.036  -26.539 0.6999999881
219527  34.386  -41.382  -26.112 0.6000000238
47046  33.067  -41.094  -25.886 0.6000000238
242275  32.384  -41.168  -25.842 0.6000000238
47047  31.897  -40.801  -25.811 0.6999999881
48395  30.062  -40.586  -26.086 0.6999999881
48393  31.389  -40.332  -25.997 0.6999999881
48406  29.571  -40.014  -26.324 0.6999999881
48407  29.030  -40.262  -26.662 0.6999999881
51279  29.550  -38.387  -27.144 0.8000000119
49858  28.661  -39.923  -27.342 0.6999999881
230079  28.902  -39.174  -27.368 0.8000000119
52682  30.449  -37.638  -28.311 0.8000000119
54073  30.568  -37.402  -28.980 0.8000000119
211398  29.534  -37.245  -30.117 0.8000000119
52720  28.279  -37.678  -31.134 0.8000000119
54110  28.938  -37.295  -30.844 0.8000000119
51343  27.393  -38.517  -31.696 1.0000000000
52721  27.816  -37.949  -31.639 1.0000000000
52732  27.478  -37.956  -32.631 1.0000000000
54123  28.748  -37.432  -32.128 0.8999999762
52745  26.507  -37.797  -33.627 1.0000000000
54159  27.286  -36.636  -33.839 1.0000000000
51296  24.176  -38.712  -28.668 1.0000000000
52758  25.846  -37.107  -33.470 1.0000000000
55579  25.139  -36.266  -32.864 1.0000000000
52704  25.048  -37.957  -29.613 1.0000000000
52705  24.685  -38.183  -29.475 1.0000000000
45727  34.962  -41.479  -26.233 0.6999999881
213297  32.046  -40.102  -25.900 0.6000000238
49841  31.522  -39.638  -26.211 0.6999999881
222248  30.384  -39.304  -26.299 0.6999999881
49842  30.875  -39.792  -26.173 0.6999999881
51267  29.392  -38.897  -26.980 0.6999999881
51265  31.063  -38.617  -26.850 0.8000000119
52661  31.047  -37.950  -27.847 0.6999999881
218259  31.778  -37.915  -28.251 0.6999999881
54093  30.711  -37.219  -29.623 0.6999999881
54109  30.299  -37.171  -30.379 0.6999999881
234000  29.288  -37.231  -31.827 0.8000000119
229358  29.682  -37.173  -31.077 0.6999999881
54124  28.094  -37.547  -32.334 0.8999999762
54143  27.814  -37.238  -33.478 1.0000000000
54158  27.997  -36.492  -34.024 1.0000000000
232479  24.383  -38.079  -28.629 1.0000000000
55597  26.513  -35.744  -33.436 1.0000000000
52703  25.652  -37.874  -30.334 1.0000000000
54125  25.819  -36.498  -31.342 1.0000000000
47044  35.324  -40.965  -26.105 0.6000000238
213915  34.267  -40.701  -25.987 0.6000000238
213207  33.627  -40.714  -25.958 0.6000000238
225515  34.695  -39.445  -26.030 0.6000000238
48391  33.196  -40.345  -25.940 0.6000000238
49839  33.392  -39.700  -26.108 0.6000000238
51251  32.915  -39.268  -26.261 0.6000000238
49840  32.215  -39.489  -26.270 0.6000000238
49854  31.663  -39.050  -26.566 0.6000000238
51264  31.820  -38.626  -27.075 0.6999999881
51278  31.812  -38.256  -27.653 0.6999999881
52680  32.444  -38.140  -28.590 0.6999999881
232093  31.130  -37.522  -29.188 0.6999999881
54091  32.181  -37.597  -29.813 0.6999999881
54092  31.396  -37.492  -29.726 0.6999999881
54108  30.979  -37.197  -30.211 0.6999999881
61155  38.882  -33.340  -32.375 0.3000000119
54122  30.259  -37.061  -31.465 0.6999999881
54121  30.894  -37.004  -30.965 0.6999999881
61165  39.031  -33.542  -33.035 0.3000000119
54140  29.734  -37.005  -32.169 0.8000000119
54024  21.435  -37.478  -26.832 0.8999999762
54142  28.409  -36.987  -33.310 1.0000000000
52664  22.728  -38.063  -27.492 1.0000000000
52687  23.841  -38.272  -28.228 1.0000000000
54049  23.250  -37.750  -27.890 1.0000000000
237411  26.931  -35.365  -33.282 1.0000000000
55558  25.264  -36.151  -32.281 1.0000000000
52686  24.915  -37.731  -28.804 1.0000000000
242240  26.084  -37.239  -30.536 1.0000000000
212711  35.867  -39.835  -25.961 0.6000000238
207412  35.246  -39.751  -25.923 0.6000000238
51248  35.168  -39.058  -26.059 0.6000000238
52635  35.377  -37.965  -26.551 0.6000000238
52636  34.644  -38.336  -26.770 0.6999999881
52637  34.115  -38.384  -27.210 0.6999999881
51261  33.933  -38.712  -26.720 0.6000000238
52638  33.507  -38.558  -27.275 0.6999999881
234739  39.772  -34.219  -27.881 0.3000000119
59553  39.675  -33.638  -28.178 0.3000000119
51277  32.649  -38.541  -27.409 0.6999999881
229585  32.668  -38.045  -29.262 0.6999999881
59621  38.369  -33.614  -32.071 0.3000000119
59634  38.055  -34.174  -32.408 0.4000000060
59633  38.574  -33.879  -32.718 0.4000000060
58263  37.391  -35.336  -32.993 0.4000000060
54025  20.750  -37.502  -26.832 0.6999999881
54053  20.285  -37.006  -27.161 0.6999999881
55616  37.554  -36.862  -35.761 0.3000000119
59641  38.734  -34.115  -33.382 0.3000000119
55555  30.173  -36.819  -32.463 0.6999999881
54051  21.812  -36.876  -27.364 0.8999999762
58276  38.410  -35.803  -35.147 0.3000000119
56905  37.872  -35.268  -33.501 0.3000000119
54141  29.140  -36.942  -33.144 0.8000000119
54050  22.600  -37.214  -27.648 0.8999999762
56909  37.864  -36.135  -34.180 0.3000000119
56906  37.433  -36.144  -33.432 0.3000000119
54157  28.615  -36.418  -34.180 0.8000000119
56889  27.545  -35.208  -33.195 1.0000000000
54077  24.409  -37.258  -28.322 1.0000000000
55577  26.456  -34.966  -32.743 1.0000000000
54098  25.535  -37.648  -29.090 1.0000000000
54076  25.047  -37.081  -28.428 1.0000000000
55557  25.931  -35.481  -32.075 1.0000000000
54097  26.109  -37.292  -29.571 1.0000000000
54096  26.552  -36.720  -30.179 1.0000000000
55538  26.498  -36.801  -28.979 1.0000000000
55523  26.616  -36.217  -28.695 1.0000000000
54021  35.902  -37.367  -26.583 0.6999999881
54023  34.932  -37.785  -27.043 0.6999999881
58148  39.540  -34.773  -27.690 0.3000000119
58149  38.810  -34.832  -27.605 0.4000000060
52657  34.489  -38.000  -27.422 0.6999999881
52658  33.891  -38.190  -27.748 0.6999999881
52659  32.898  -38.375  -28.169 0.6999999881
59554  38.526  -33.621  -28.002 0.4000000060
52679  33.134  -38.365  -28.800 0.6999999881
61075  38.397  -33.326  -28.695 0.3000000119
59556  37.226  -33.961  -28.482 0.5000000000
54090  33.803  -38.544  -29.542 0.6999999881
52712  32.963  -37.979  -29.947 0.6999999881
220322  37.603  -33.482  -28.949 0.5000000000
59604  37.700  -33.724  -31.016 0.4000000060
58219  36.253  -34.867  -30.799 0.6000000238
58240  36.537  -35.149  -31.445 0.5000000000
54107  31.629  -37.171  -30.486 0.6999999881
61146  38.221  -33.425  -31.345 0.3000000119
232580  31.915  -37.139  -30.955 0.6999999881
58272  34.706  -35.403  -34.594 0.4000000060
211021  36.535  -36.112  -32.397 0.4000000060
55554  30.708  -36.785  -32.058 0.6999999881
55509  19.651  -36.570  -27.598 0.6999999881
56910  35.062  -35.569  -35.110 0.4000000060
58255  37.214  -35.051  -32.411 0.4000000060
208823  37.017  -35.733  -32.728 0.4000000060
236792  19.708  -37.167  -27.234 0.6000000238
55620  36.510  -36.802  -36.277 0.3000000119
218058  37.032  -37.275  -35.480 0.3000000119
55617  35.909  -37.035  -35.792 0.4000000060
55589  36.290  -36.961  -32.741 0.4000000060
55576  29.745  -36.648  -33.387 0.6999999881
55553  31.085  -36.701  -32.701 0.6999999881
54052  21.013  -36.908  -27.129 0.6999999881
55618  35.107  -36.984  -35.390 0.4000000060
55605  36.545  -37.259  -33.533 0.4000000060
54151  36.070  -37.649  -33.372 0.4000000060
55610  37.748  -36.731  -35.051 0.3000000119
55611  37.401  -36.827  -34.327 0.3000000119
54179  35.975  -37.852  -34.156 0.4000000060
55595  29.227  -36.295  -34.073 0.8000000119
54078  23.782  -37.500  -28.224 1.0000000000
56904  28.631  -35.673  -33.795 0.8999999762
54075  25.788  -36.993  -28.620 1.0000000000
55537  26.842  -36.273  -29.468 1.0000000000
55546  26.585  -35.978  -31.161 1.0000000000
55556  26.595  -34.989  -31.830 1.0000000000
55524  26.078  -36.311  -28.192 1.0000000000
55525  25.303  -36.496  -28.022 1.0000000000
56834  26.556  -35.637  -28.246 1.0000000000
55503  25.491  -35.939  -27.693 1.0000000000
55483  36.484  -36.931  -26.860 0.6000000238
55498  36.953  -36.227  -27.025 0.6000000238
55499  36.164  -36.265  -27.198 0.6000000238
55500  35.628  -36.479  -27.606 0.6999999881
56808  37.799  -35.522  -27.440 0.5000000000
56809  37.120  -35.579  -27.370 0.6000000238
55501  35.142  -36.857  -27.953 0.6999999881
59539  38.317  -34.199  -27.768 0.5000000000
58169  37.567  -34.292  -27.832 0.4000000060
241506  34.002  -38.065  -28.153 0.6999999881
54072  34.213  -38.019  -28.553 0.6999999881
58170  36.883  -34.518  -28.123 0.6000000238
54071  34.654  -37.529  -28.952 0.6999999881
58191  36.558  -34.206  -28.851 0.6000000238
54089  34.187  -38.247  -29.277 0.6999999881
59574  37.015  -33.806  -29.222 0.6000000238
59575  36.445  -34.132  -29.660 0.6000000238
54104  34.106  -38.363  -29.925 0.6999999881
54105  33.600  -38.529  -30.042 0.6999999881
59606  36.529  -34.231  -30.440 0.5000000000
56867  35.715  -36.071  -30.759 0.6000000238
55552  34.997  -37.423  -30.866 0.6000000238
54118  33.292  -38.084  -30.737 0.6000000238
58266  33.951  -35.335  -33.834 0.4000000060
58239  37.086  -34.841  -31.716 0.4000000060
56884  36.322  -35.809  -31.751 0.4000000060
206536  35.458  -36.749  -31.130 0.5000000000
54116  34.567  -38.087  -30.961 0.6000000238
54119  32.726  -37.484  -31.261 0.6999999881
58265  34.451  -35.000  -33.877 0.4000000060
55571  35.749  -37.023  -31.706 0.5000000000
225505  32.124  -37.161  -31.454 0.6999999881
56911  34.777  -36.130  -35.121 0.4000000060
58273  33.945  -35.741  -34.607 0.5000000000
55590  35.907  -37.179  -32.257 0.4000000060
54152  35.731  -37.620  -32.849 0.4000000060
55507  21.204  -36.309  -27.600 0.8999999762
55508  20.476  -36.415  -27.571 0.6999999881
206725  36.630  -37.387  -34.475 0.4000000060
54173  34.891  -38.140  -33.774 0.4000000060
55594  29.864  -36.169  -34.103 0.6999999881
55575  30.428  -36.509  -33.429 0.6999999881
54180  35.311  -38.081  -34.436 0.4000000060
55505  22.764  -36.611  -27.869 0.8999999762
56888  28.065  -34.811  -32.999 0.8999999762
210925  23.220  -36.175  -28.028 0.8999999762
55527  23.887  -36.811  -27.892 1.0000000000
56869  27.112  -34.553  -32.186 1.0000000000
55526  24.563  -36.555  -27.956 1.0000000000
55545  27.031  -35.563  -30.859 1.0000000000
55504  24.955  -36.102  -27.773 1.0000000000
56814  24.408  -35.901  -27.820 1.0000000000
56851  27.440  -35.478  -29.433 1.0000000000
240003  26.559  -33.859  -27.202 0.8999999762
58153  26.582  -34.667  -27.459 1.0000000000
56811  26.259  -35.171  -27.681 1.0000000000
56812  25.613  -35.260  -27.482 1.0000000000
56813  24.954  -35.567  -27.621 1.0000000000
58154  26.048  -34.780  -27.409 1.0000000000
58155  25.515  -34.524  -27.361 1.0000000000
215183  24.868  -34.247  -27.353 0.8999999762
59543  25.336  -33.736  -27.052 1.0000000000
61063  24.731  -32.997  -26.918 0.8999999762
56830  36.551  -35.202  -27.830 0.6000000238
55521  35.491  -36.331  -28.246 0.6999999881
55522  35.054  -36.867  -28.613 0.6999999881
56832  35.663  -35.769  -28.586 0.6999999881
55535  35.015  -36.999  -29.334 0.6999999881
58192  35.982  -34.585  -29.301 0.6000000238
56849  35.498  -35.780  -29.330 0.6000000238
54088  34.602  -37.745  -29.655 0.6999999881
55543  35.259  -36.439  -29.706 0.6999999881
55544  34.950  -37.167  -30.069 0.6000000238
54103  34.559  -37.973  -30.355 0.6000000238
54117  34.019  -38.345  -30.658 0.6000000238
59637  34.062  -34.525  -32.451 0.3000000119
58220  35.793  -35.303  -30.459 0.6000000238
55551  35.330  -36.599  -30.433 0.6000000238
52719  33.213  -37.803  -31.610 0.6000000238
58257  33.641  -35.146  -33.244 0.4000000060
59625  33.814  -34.177  -31.824 0.4000000060
54137  34.924  -37.989  -31.614 0.6000000238
52717  34.278  -38.207  -31.416 0.6000000238
52730  34.476  -38.191  -32.188 0.5000000000
54138  32.480  -37.220  -32.246 0.6000000238
231663  35.043  -38.258  -32.357 0.4000000060
58267  33.321  -35.764  -34.391 0.5000000000
54174  34.114  -37.806  -33.986 0.4000000060
54153  35.260  -38.226  -32.928 0.4000000060
54139  31.685  -36.937  -32.545 0.6000000238
56907  33.348  -36.359  -34.815 0.5000000000
54181  34.531  -37.571  -34.490 0.4000000060
55593  30.473  -36.131  -34.412 0.6000000238
55606  33.631  -37.036  -34.636 0.4000000060
54175  33.349  -37.289  -34.219 0.4000000060
55506  21.852  -36.164  -27.825 0.8999999762
56887  29.384  -35.320  -33.616 0.8999999762
204501  29.434  -35.926  -34.120 0.8000000119
56836  21.850  -35.489  -28.242 0.8999999762
56835  22.563  -35.522  -28.211 0.8999999762
206061  23.130  -35.454  -28.109 0.8999999762
56815  23.739  -35.653  -27.962 0.8999999762
212121  27.155  -35.036  -31.266 1.0000000000
56833  27.168  -35.309  -28.658 1.0000000000
222587  24.259  -35.212  -27.677 1.0000000000
58156  24.905  -34.861  -27.513 0.8999999762
62435  25.201  -32.399  -27.068 1.0000000000
62436  24.370  -32.337  -27.255 1.0000000000
61064  23.881  -32.917  -27.170 0.8999999762
63714  24.865  -31.781  -27.420 1.0000000000
63715  24.184  -31.902  -27.865 0.8999999762
55534  35.361  -36.359  -28.974 0.6999999881
61158  34.969  -33.545  -32.157 0.3000000119
59607  33.571  -33.817  -31.186 0.3000000119
52731  33.717  -38.014  -32.126 0.6000000238
58242  32.593  -34.855  -32.691 0.5000000000
58221  32.436  -34.443  -31.730 0.4000000060
52743  33.985  -38.147  -32.848 0.5000000000
201722  33.840  -37.957  -33.505 0.5000000000
54155  33.275  -37.685  -33.371 0.5000000000
54156  32.538  -37.098  -33.441 0.5000000000
56899  32.751  -35.580  -33.657 0.5000000000
54176  32.655  -36.827  -34.481 0.5000000000
55574  31.137  -36.617  -33.779 0.6000000238
56908  32.617  -36.412  -34.791 0.5000000000
55607  32.790  -36.772  -35.093 0.5000000000
56903  30.002  -35.810  -34.131 0.6999999881
58258  31.863  -35.300  -33.831 0.5000000000
56900  31.994  -36.111  -34.470 0.5000000000
56886  30.063  -35.218  -33.675 0.6000000238
240518  28.718  -34.994  -33.188 0.8999999762
56859  27.732  -34.849  -31.036 0.8999999762
238776  27.586  -34.659  -32.611 0.8999999762
59541  26.853  -34.160  -27.364 0.8999999762
58174  27.460  -34.803  -28.343 0.8999999762
58195  27.767  -35.088  -28.948 0.8999999762
56850  27.841  -35.080  -29.857 1.0000000000
58157  24.118  -34.372  -27.529 0.8999999762
62434  26.034  -32.599  -27.145 0.8000000119
63713  25.800  -31.841  -27.477 0.6999999881
59545  23.670  -33.562  -27.588 0.8999999762
62437  23.692  -32.333  -27.738 0.8999999762
61065  23.233  -32.879  -27.738 0.8999999762
61148  34.823  -33.395  -31.525 0.3000000119
61149  34.262  -33.689  -31.304 0.3000000119
61117  33.765  -33.019  -30.093 0.4000000060
235915  33.611  -32.761  -29.547 0.3000000119
61135  33.343  -33.498  -30.511 0.3000000119
61118  33.067  -33.118  -29.835 0.4000000060
59609  32.246  -34.072  -30.904 0.4000000060
208300  33.038  -37.521  -32.480 0.6000000238
58243  31.828  -34.895  -32.697 0.5000000000
58222  31.710  -34.344  -31.733 0.4000000060
55591  31.847  -36.588  -34.391 0.5000000000
55573  31.882  -36.952  -33.431 0.5000000000
55608  32.250  -36.527  -34.652 0.5000000000
55592  31.190  -36.205  -34.415 0.5000000000
56901  31.374  -35.813  -34.337 0.5000000000
203572  30.852  -35.709  -34.282 0.5000000000
58259  31.228  -35.249  -33.782 0.5000000000
56902  30.414  -35.649  -34.154 0.5000000000
58244  31.135  -34.861  -32.630 0.5000000000
58245  30.417  -34.716  -32.535 0.6000000238
58246  29.781  -34.877  -32.855 0.6000000238
58207  29.641  -34.329  -30.685 0.6999999881
58226  29.174  -34.716  -31.400 0.6999999881
58248  28.539  -34.741  -32.297 0.6999999881
58208  29.019  -34.526  -30.307 0.6999999881
58209  28.377  -34.794  -30.166 0.8000000119
58227  28.460  -34.715  -31.230 0.8000000119
239391  23.012  -34.510  -27.959 0.8999999762
58173  28.153  -34.670  -28.489 0.8999999762
58194  28.304  -34.771  -29.211 0.8999999762
62433  26.872  -32.836  -27.332 0.6999999881
61080  22.770  -32.874  -28.479 0.8999999762
235111  22.861  -32.122  -28.285 0.8999999762
65128  24.243  -30.819  -28.202 1.0000000000
62465  33.105  -32.493  -29.319 0.3000000119
61098  32.505  -32.742  -29.505 0.4000000060
63722  32.726  -31.584  -28.676 0.3000000119
59591  32.005  -33.807  -30.240 0.4000000060
62445  31.705  -32.409  -28.875 0.3000000119
59610  31.555  -34.064  -30.869 0.4000000060
61120  31.676  -33.356  -29.785 0.4000000060
61100  31.436  -33.040  -29.152 0.4000000060
59592  31.314  -33.721  -30.261 0.4000000060
59576  31.076  -33.416  -29.635 0.4000000060
58223  31.035  -34.364  -31.643 0.4000000060
59611  30.891  -34.066  -30.835 0.4000000060
58206  30.274  -34.185  -30.788 0.5000000000
58224  30.499  -34.371  -31.463 0.5000000000
58193  28.711  -34.443  -29.533 0.6000000238
59540  27.576  -33.975  -27.646 0.6999999881
226080  26.523  -32.203  -27.442 0.6999999881
63726  23.881  -31.456  -28.089 0.8999999762
65129  23.015  -31.574  -28.174 0.8999999762
66587  23.858  -30.268  -28.414 0.8999999762
66608  23.518  -29.671  -28.881 0.8000000119
66588  23.096  -30.250  -28.384 0.8000000119
68028  24.134  -29.274  -29.307 0.6999999881
69299  23.448  -28.543  -29.682 0.8000000119
65119  32.567  -31.082  -28.521 0.3000000119
63723  32.145  -31.583  -28.546 0.3000000119
63724  31.402  -31.860  -28.280 0.4000000060
61076  31.180  -32.772  -28.457 0.4000000060
62446  30.700  -32.484  -27.954 0.4000000060
62447  30.199  -32.868  -28.031 0.5000000000
59593  30.680  -33.812  -30.164 0.5000000000
61078  29.912  -33.328  -28.496 0.5000000000
61057  29.583  -32.924  -28.053 0.5000000000
59578  29.824  -33.675  -29.302 0.5000000000
61079  29.328  -33.402  -28.339 0.5000000000
59557  29.389  -33.858  -28.725 0.5000000000
58172  28.848  -34.439  -28.658 0.6000000238
59558  28.293  -34.200  -28.096 0.6999999881
61059  28.248  -33.530  -27.755 0.6999999881
63712  26.670  -31.569  -27.696 0.6999999881
65110  25.975  -31.115  -27.808 0.6999999881
65126  26.049  -30.459  -28.174 0.6999999881
66586  24.616  -30.333  -28.492 0.8000000119
66606  25.033  -29.856  -28.771 0.6999999881
65118  33.241  -31.207  -28.635 0.3000000119
214773  32.014  -29.848  -28.610 0.3000000119
242072  31.082  -30.236  -28.424 0.4000000060
236170  31.018  -30.909  -28.132 0.3000000119
238109  30.646  -30.690  -28.106 0.4000000060
63725  30.476  -31.656  -27.750 0.4000000060
62429  30.013  -32.359  -27.784 0.4000000060
65106  29.231  -31.170  -27.820 0.3000000119
62430  29.241  -32.354  -27.825 0.5000000000
61058  28.823  -33.004  -28.029 0.6000000238
65107  28.543  -31.097  -27.833 0.3000000119
63710  28.203  -31.656  -27.663 0.5000000000
65108  27.855  -31.058  -27.791 0.4000000060
215826  28.838  -33.749  -28.288 0.6999999881
213015  28.137  -32.833  -27.558 0.6999999881
63711  27.493  -31.633  -27.689 0.6000000238
228280  27.548  -32.670  -27.461 0.6999999881
61060  27.576  -33.244  -27.471 0.6999999881
65125  26.800  -30.440  -28.112 0.6000000238
66601  30.101  -29.660  -28.634 0.3000000119
66579  29.867  -30.215  -28.285 0.3000000119
66580  29.210  -30.154  -28.258 0.3000000119
66602  29.436  -29.708  -28.629 0.3000000119
232575  28.897  -29.775  -28.590 0.3000000119
68043  28.580  -28.829  -29.638 0.3000000119
66581  28.581  -30.083  -28.272 0.3000000119
66603  28.353  -29.626  -28.711 0.4000000060
65124  27.509  -30.489  -28.079 0.5000000000
66582  27.911  -30.027  -28.414 0.5000000000
66604  27.686  -29.495  -28.826 0.5000000000
66583  27.127  -29.900  -28.506 0.6000000238
206847  26.441  -29.920  -28.351 0.6000000238
69295  31.667  -28.681  -29.264 0.4000000060
69296  30.879  -28.596  -29.437 0.3000000119
68020  30.358  -29.056  -29.117 0.3000000119
69297  30.236  -28.561  -29.647 0.3000000119
211735  29.642  -29.189  -29.036 0.3000000119
69312  29.661  -28.517  -29.896 0.3000000119
228761  29.260  -28.781  -29.473 0.3000000119
69313  29.005  -28.536  -30.147 0.3000000119
69314  28.395  -28.617  -30.253 0.3000000119
68044  27.858  -28.862  -29.943 0.4000000060
241412  27.985  -28.544  -30.548 0.4000000060
66605  27.093  -29.341  -28.933 0.6000000238
68045  27.027  -28.738  -29.934 0.4000000060
228387  26.780  -28.678  -30.576 0.4000000060
238670  26.537  -28.618  -29.699 0.5000000000
68026  25.952  -29.123  -29.079 0.6000000238
69320  23.667  -28.400  -30.302 0.6999999881
69300  22.871  -28.671  -29.336 0.8000000119
69310  31.289  -28.238  -29.861 0.4000000060
69311  30.637  -28.412  -30.055 0.3000000119
69328  30.343  -28.395  -30.715 0.3000000119
69329  29.563  -28.263  -30.692 0.3000000119
232111  28.559  -28.207  -30.995 0.3000000119
215531  27.698  -28.312  -31.071 0.4000000060
69343  26.635  -28.283  -31.591 0.4000000060
69331  26.129  -28.557  -31.084 0.4000000060
69298  26.104  -28.743  -29.669 0.5000000000
69344  26.063  -28.234  -32.004 0.4000000060
68046  25.351  -29.122  -29.681 0.6000000238
69332  25.177  -28.626  -31.014 0.4000000060
69319  24.318  -28.608  -30.156 0.6999999881
70609  24.613  -28.395  -31.629 0.4000000060
69333  24.316  -28.440  -30.818 0.6000000238
70633  23.654  -27.645  -31.866 0.5000000000
70611  23.286  -27.941  -31.317 0.6000000238
70594  23.122  -28.071  -30.680 0.6999999881
70612  22.803  -27.601  -30.976 0.6999999881
70593  31.637  -27.884  -30.399 0.3000000119
70607  30.644  -28.214  -31.276 0.3000000119
70608  30.009  -28.198  -31.417 0.3000000119
69340  29.214  -27.973  -31.595 0.3000000119
69341  28.595  -27.853  -31.839 0.3000000119
228930  27.976  -28.145  -31.849 0.4000000060
70629  27.432  -28.034  -32.448 0.3000000119
70651  26.907  -27.918  -33.080 0.3000000119
70630  26.734  -28.037  -32.242 0.3000000119
70652  26.093  -28.109  -32.863 0.3000000119
69345  25.366  -28.448  -31.781 0.4000000060
201982  25.473  -28.350  -32.561 0.3000000119
211651  25.142  -28.015  -33.068 0.3000000119
70631  24.867  -28.250  -32.322 0.3000000119
71974  24.645  -27.322  -32.946 0.3000000119
70632  24.226  -28.060  -32.120 0.3000000119
71976  23.604  -26.697  -32.776 0.4000000060
71967  23.406  -26.993  -32.183 0.5000000000
71962  23.107  -27.277  -31.585 0.5000000000
71963  22.574  -26.926  -31.291 0.5000000000
70625  30.331  -28.158  -32.006 0.3000000119
70626  29.686  -28.078  -32.265 0.3000000119
70627  28.911  -28.040  -32.608 0.3000000119
70628  27.947  -28.115  -32.681 0.3000000119
70671  26.396  -28.156  -33.608 0.3000000119
70672  25.500  -27.769  -33.634 0.3000000119
71985  25.083  -27.322  -33.563 0.3000000119
213387  24.205  -26.841  -32.909 0.3000000119
73323  23.008  -26.493  -32.595 0.4000000060
71968  22.819  -26.682  -31.980 0.5000000000
74774  22.517  -26.149  -32.339 0.5000000000
73316  22.297  -26.348  -31.681 0.5000000000
207487  30.073  -28.167  -32.843 0.3000000119
70648  29.383  -28.303  -33.195 0.3000000119
238929  28.803  -28.397  -33.510 0.3000000119
70649  28.275  -28.174  -33.333 0.3000000119
70650  27.630  -27.972  -33.324 0.3000000119
70670  27.118  -28.050  -33.904 0.3000000119
70690  26.070  -27.827  -33.834 0.3000000119
71999  25.740  -27.157  -34.024 0.3000000119
73330  23.304  -26.264  -32.861 0.4000000060
203977  22.859  -25.396  -32.745 0.4000000060
230650  21.838  -24.892  -32.650 0.4000000060
219534  22.066  -24.386  -32.782 0.4000000060
74775  21.638  -25.212  -32.255 0.5000000000
75993  21.296  -24.661  -32.315 0.4000000060
211340  31.149  -27.854  -32.512 0.3000000119
236519  30.605  -28.048  -32.490 0.3000000119
226876  29.079  -28.452  -34.085 0.3000000119
70668  28.390  -28.446  -34.226 0.3000000119
70669  27.734  -28.374  -34.181 0.3000000119
70689  26.706  -27.899  -34.155 0.3000000119
73328  24.673  -26.680  -33.285 0.3000000119
74784  24.270  -25.479  -33.191 0.3000000119
73329  23.984  -26.252  -33.112 0.3000000119
74785  23.518  -25.599  -32.744 0.4000000060
76012  22.421  -24.956  -32.969 0.3000000119
70647  30.661  -28.179  -33.321 0.3000000119
70667  29.857  -28.421  -33.895 0.3000000119
71994  29.373  -28.355  -35.417 0.3000000119
224175  29.386  -28.551  -34.704 0.3000000119
70686  28.717  -28.363  -35.075 0.3000000119
70687  27.883  -28.373  -35.017 0.3000000119
71997  27.582  -27.415  -35.220 0.3000000119
70688  27.256  -28.126  -34.634 0.3000000119
230152  26.905  -27.264  -34.749 0.3000000119
215778  27.422  -26.543  -35.145 0.3000000119
73336  25.204  -26.543  -33.854 0.3000000119
70685  29.982  -28.687  -34.993 0.3000000119
71995  28.962  -27.591  -35.798 0.3000000119
71996  28.247  -27.540  -35.623 0.3000000119
223895  26.334  -26.740  -34.523 0.3000000119
73351  25.900  -26.250  -34.240 0.3000000119
74799  25.013  -25.206  -33.706 0.3000000119
72012  29.837  -28.107  -35.732 0.3000000119
72013  29.461  -27.572  -35.806 0.3000000119
73347  28.750  -26.476  -35.695 0.3000000119
73348  28.039  -26.237  -35.603 0.3000000119
218641  27.527  -25.669  -35.197 0.3000000119
74814  26.774  -25.383  -34.826 0.3000000119
215128  28.545  -25.637  -35.311 0.4000000060
74812  28.004  -25.319  -35.171 0.4000000060
73346  29.490  -26.414  -35.650 0.3000000119
45791  23.233  -41.746  -30.508 1.0000000000
47100  23.719  -41.276  -30.898 1.0000000000
65111  25.277  -31.250  -27.763 0.6999999881
66607  24.318  -29.847  -28.902 0.8000000119
68048  23.962  -28.764  -29.739 0.8000000119
68047  24.613  -28.992  -29.741 0.6999999881
37957  30.148  -46.109  -32.175 0.6000000238
37958  29.837  -46.662  -31.733 0.6000000238
36663  29.860  -47.469  -29.734 0.6000000238
37976  30.373  -45.390  -34.443 0.5000000000
37975  30.875  -46.344  -34.341 0.5000000000
40431  31.437  -44.913  -32.425 0.6000000238
41678  23.900  -44.513  -27.173 0.8999999762
41749  31.853  -44.459  -31.904 0.5000000000
40471  32.620  -44.927  -34.503 0.4000000060
236613  32.713  -44.675  -33.983 0.5000000000
37984  32.808  -46.026  -34.598 0.4000000060
39163  29.531  -46.342  -27.297 0.6999999881
41665  25.302  -44.973  -26.297 0.8999999762
41700  31.467  -44.158  -28.284 0.6999999881
41776  33.039  -44.503  -33.486 0.5000000000
40448  33.748  -44.603  -34.473 0.5000000000
43029  29.661  -44.198  -26.633 0.8000000119
222287  27.196  -44.527  -26.569 0.8000000119
234110  31.209  -44.076  -27.632 0.6999999881
41761  34.229  -44.339  -32.806 0.4000000060
44399  26.169  -42.895  -28.268 0.8000000119
45784  20.056  -41.706  -30.611 0.8000000119
43062  34.210  -43.704  -28.553 0.6000000238
41759  35.647  -44.139  -32.587 0.4000000060
44378  29.556  -42.992  -26.328 0.8000000119
45790  23.971  -41.829  -30.282 1.0000000000
41731  36.073  -44.306  -30.603 0.5000000000
41713  35.108  -44.263  -29.545 0.5000000000
47109  22.642  -40.803  -31.600 1.0000000000
44413  35.324  -43.206  -28.036 0.6999999881
47099  25.704  -41.091  -30.297 1.0000000000
211926  24.515  -41.164  -30.772 1.0000000000
51326  24.140  -38.398  -31.867 1.0000000000
52723  24.538  -38.022  -32.414 1.0000000000
48422  28.270  -40.027  -28.038 0.8000000119
51344  26.775  -38.716  -32.629 1.0000000000
54094  30.061  -37.194  -29.496 0.8000000119
51333  27.813  -38.267  -30.895 1.0000000000
52639  31.256  -38.284  -27.284 0.6999999881
213144  27.429  -35.899  -33.733 1.0000000000
55578  25.748  -35.664  -32.800 1.0000000000
55596  28.097  -36.012  -33.989 1.0000000000
51249  34.461  -38.941  -26.272 0.6000000238
51263  32.403  -38.941  -26.662 0.6999999881
61131  38.110  -33.287  -30.540 0.4000000060
52665  22.101  -37.684  -27.113 1.0000000000
54079  23.248  -37.014  -27.879 1.0000000000
59623  37.369  -34.245  -31.398 0.4000000060
56852  26.952  -35.781  -29.036 1.0000000000
61115  38.015  -33.219  -29.618 0.4000000060
58218  36.904  -34.610  -31.050 0.5000000000
59588  37.562  -33.574  -30.240 0.5000000000
56912  34.116  -36.039  -34.863 0.4000000060
55614  34.574  -36.801  -34.916 0.4000000060
54136  35.483  -37.834  -32.128 0.5000000000
224874  23.478  -30.850  -28.181 0.8000000119
55609  31.676  -36.326  -34.422 0.5000000000
58247  29.242  -34.832  -32.537 0.6999999881
58225  29.876  -34.669  -31.690 0.6000000238
59594  30.062  -33.923  -30.051 0.5000000000
59595  29.518  -34.023  -29.949 0.5000000000
61102  30.311  -33.297  -28.944 0.5000000000
66585  25.318  -30.313  -28.351 0.6999999881
66584  25.800  -29.708  -28.546 0.6999999881
69318  24.929  -28.706  -30.268 0.6000000238
35348  24.805  -48.366  -25.497 0.5000000000
36596  24.335  -47.748  -25.455 0.5000000000
217787  24.096  -46.432  -25.768 0.5000000000
32841  24.253  -49.872  -26.186 0.5000000000
215042  24.519  -48.860  -25.552 0.5000000000
34104  25.582  -49.486  -27.367 0.5000000000
34088  25.078  -48.948  -25.931 0.5000000000
32862  25.527  -49.524  -28.192 0.5000000000
34116  26.597  -48.899  -28.930 0.4000000060
34102  26.790  -48.883  -27.556 0.5000000000
35383  27.054  -48.464  -29.289 0.4000000060
34109  26.699  -48.989  -28.228 0.5000000000
35404  28.004  -47.867  -30.615 0.5000000000
208782  27.538  -48.481  -28.709 0.5000000000
48411  19.803  -40.482  -26.430 0.6999999881
47052  19.278  -40.885  -26.087 0.6999999881
47064  20.685  -41.150  -27.362 0.8000000119
47085  20.307  -41.757  -28.977 0.8000000119
47075  20.382  -41.660  -27.999 0.8000000119
47083  21.189  -40.844  -29.505 0.8999999762
209976  19.786  -39.888  -26.504 0.6999999881
47074  20.803  -41.295  -28.208 0.8999999762
48419  21.633  -40.495  -27.335 0.8999999762
47073  21.434  -40.951  -28.281 0.8999999762
48433  22.388  -40.217  -29.197 0.8999999762
49861  20.128  -39.320  -26.615 0.6000000238
49860  20.303  -40.051  -26.672 0.8000000119
235507  21.969  -40.506  -27.964 0.8999999762
48425  21.892  -40.565  -28.802 0.8999999762
49894  23.355  -39.428  -29.929 0.8999999762
49852  38.087  -39.635  -26.827 0.5000000000
47042  36.732  -40.767  -26.357 0.5000000000
48388  36.238  -40.277  -26.118 0.5000000000
206241  37.041  -41.793  -26.832 0.6000000238
47060  36.613  -41.405  -26.456 0.5000000000
47043  36.050  -41.017  -26.150 0.5000000000
45761  36.716  -42.260  -27.265 0.6000000238
228539  20.116  -38.644  -26.725 0.6000000238
49859  20.893  -39.555  -26.707 0.8999999762
49868  22.038  -39.843  -27.477 0.8999999762
49869  21.419  -39.837  -27.010 0.8999999762
49867  22.674  -39.612  -27.856 0.8999999762
49879  22.936  -39.915  -28.653 0.8999999762
49878  23.451  -39.559  -28.967 0.8999999762
214408  37.323  -38.163  -26.572 0.5000000000
52633  36.670  -38.030  -26.370 0.5000000000
52632  37.954  -38.254  -26.747 0.5000000000
49835  37.025  -39.320  -26.453 0.5000000000
240425  36.473  -39.050  -26.171 0.5000000000
51259  38.205  -38.923  -26.845 0.5000000000
220622  37.680  -39.296  -26.657 0.5000000000
51268  21.620  -38.131  -26.852 0.8999999762
52642  21.072  -38.046  -26.744 0.6999999881
51284  21.531  -38.961  -27.000 0.8999999762
203605  22.203  -39.101  -27.451 0.8999999762
51298  23.162  -39.233  -28.187 0.8999999762
51297  23.707  -38.950  -28.457 0.8999999762
219203  37.686  -37.773  -26.759 0.5000000000
52634  36.043  -37.924  -26.200 0.5000000000
52656  38.212  -37.675  -26.939 0.5000000000
52655  38.779  -37.587  -27.331 0.5000000000
51283  22.216  -38.430  -27.103 0.8999999762
51282  23.279  -38.511  -27.906 0.8999999762
54020  37.095  -37.505  -26.687 0.5000000000
206214  38.224  -36.196  -27.383 0.5000000000
227052  37.572  -36.001  -27.226 0.5000000000
55496  38.803  -36.637  -27.491 0.5000000000
56807  38.501  -35.527  -27.544 0.4000000060
56818  19.984  -35.910  -28.037 0.6000000238
58181  19.965  -34.654  -28.772 0.6000000238
56817  20.717  -35.737  -27.834 0.8000000119
59565  20.101  -34.107  -29.498 0.6999999881
61085  19.636  -33.645  -29.506 0.6999999881
62469  18.754  -32.451  -29.636 0.6999999881
58180  20.689  -34.683  -28.598 0.8000000119
56816  21.320  -35.747  -27.909 0.8000000119
215081  20.446  -34.261  -29.199 0.6999999881
59580  20.140  -33.603  -29.727 0.6999999881
62468  19.444  -32.573  -29.745 0.6999999881
61104  20.052  -32.862  -29.601 0.6999999881
63741  19.859  -32.024  -29.735 0.6999999881
59562  22.055  -33.903  -28.631 0.8000000119
61082  21.243  -33.361  -29.185 0.8000000119
58178  22.046  -34.945  -28.425 0.8000000119
63740  20.525  -31.789  -29.312 0.6999999881
61083  21.023  -32.750  -29.188 0.6999999881
223449  21.834  -32.836  -28.992 0.8000000119
59561  22.685  -34.099  -28.235 0.8000000119
63729  21.239  -31.735  -28.997 0.6999999881
63728  22.060  -31.821  -28.844 0.8000000119
66611  21.193  -29.894  -29.115 0.6000000238
224920  22.988  -33.452  -28.019 0.8000000119
223782  22.388  -32.833  -28.901 0.8000000119
65141  21.507  -30.553  -28.888 0.6000000238
68031  21.605  -29.238  -29.140 0.6000000238
69302  21.160  -28.612  -29.212 0.6000000238
65130  22.130  -31.089  -28.707 0.8000000119
66610  21.952  -29.803  -28.881 0.6000000238
69301  22.059  -28.618  -29.299 0.6000000238
63727  22.503  -32.060  -28.683 0.8000000119
70581  21.817  -27.919  -29.605 0.6000000238
66589  22.328  -30.356  -28.532 0.6999999881
68030  22.370  -29.182  -28.997 0.6000000238
70595  22.553  -27.732  -30.156 0.6999999881
70596  21.914  -27.285  -30.002 0.6000000238
70580  22.505  -28.191  -29.615 0.6000000238
71952  22.249  -27.169  -30.626 0.6000000238
66609  22.702  -29.712  -28.687 0.6999999881
223958  23.005  -29.223  -28.995 0.6999999881
35405  27.408  -47.844  -30.600 0.4000000060
35394  27.254  -48.089  -29.923 0.5000000000
35382  27.789  -48.418  -29.397 0.5000000000
241126  26.363  -48.882  -27.206 0.5000000000
34096  25.405  -49.260  -26.624 0.5000000000
231843  22.131  -40.024  -30.267 0.8999999762
56806  39.274  -35.552  -27.617 0.3000000119
58179  21.377  -34.801  -28.531 0.8000000119
32849  25.007  -49.645  -27.076 0.5000000000
34110  26.134  -49.220  -28.547 0.5000000000
48409  20.964  -40.389  -26.902 0.8000000119
48404  37.966  -40.292  -26.809 0.5000000000
203875  20.972  -34.274  -28.932 0.8000000119
61084  20.561  -33.315  -29.468 0.6999999881
61081  21.920  -33.322  -28.894 0.8000000119
65142  20.801  -31.126  -29.153 0.6999999881
65131  21.527  -31.260  -28.850 0.6999999881
206986  36.801  -44.238  -30.371 0.4000000060
41730  38.069  -44.340  -30.671 0.4000000060
41710  36.981  -44.096  -29.621 0.4000000060
203625  37.568  -44.315  -30.111 0.4000000060
43057  37.577  -43.371  -28.532 0.5000000000
41719  38.335  -44.076  -30.011 0.4000000060
41729  38.838  -44.025  -30.617 0.4000000060
44390  37.694  -42.606  -27.751 0.5000000000
45760  37.405  -42.212  -27.258 0.5000000000
43075  38.112  -43.412  -28.883 0.5000000000
43074  38.907  -43.031  -29.212 0.4000000060
207784  37.360  -43.686  -29.024 0.4000000060
43089  39.582  -43.628  -30.601 0.4000000060
238140  39.110  -43.564  -29.924 0.4000000060
43087  37.808  -43.899  -29.509 0.4000000060
41728  39.979  -43.695  -31.053 0.4000000060
45742  37.706  -41.692  -26.876 0.5000000000
44409  37.921  -42.942  -28.306 0.5000000000
44427  39.534  -42.839  -29.712 0.4000000060
44432  39.751  -43.201  -30.193 0.4000000060
47114  41.107  -41.212  -32.342 0.4000000060
44436  40.452  -42.607  -31.373 0.4000000060
43088  40.175  -43.160  -30.726 0.4000000060
47117  41.273  -41.537  -32.818 0.4000000060
44435  40.778  -42.430  -31.987 0.4000000060
45759  37.977  -42.013  -27.447 0.5000000000
45770  38.239  -42.329  -28.050 0.5000000000
44408  38.560  -42.747  -28.548 0.4000000060
211940  44.638  -37.221  -33.640 0.3000000119
44419  39.475  -42.376  -29.204 0.4000000060
52762  43.558  -37.972  -34.287 0.3000000119
45788  40.245  -41.834  -30.314 0.4000000060
52760  44.136  -38.020  -34.399 0.3000000119
49961  43.185  -38.930  -34.604 0.3000000119
49957  42.596  -39.214  -33.743 0.3000000119
48478  41.789  -40.113  -32.975 0.3000000119
214703  41.054  -40.616  -32.047 0.4000000060
47112  40.658  -41.445  -31.326 0.4000000060
222731  40.282  -42.436  -30.722 0.4000000060
48481  42.756  -39.535  -34.277 0.3000000119
48482  41.997  -40.547  -33.497 0.3000000119
47113  41.507  -40.803  -32.755 0.4000000060
47068  38.729  -41.018  -27.576 0.4000000060
47079  39.030  -41.238  -28.139 0.4000000060
47088  39.719  -41.637  -29.197 0.4000000060
47078  39.408  -41.417  -28.642 0.4000000060
54171  44.152  -37.169  -33.555 0.3000000119
52742  42.939  -37.809  -32.775 0.3000000119
52756  43.776  -37.599  -34.034 0.3000000119
51356  42.630  -38.323  -33.022 0.3000000119
229347  41.869  -39.202  -32.650 0.3000000119
48469  40.997  -40.095  -31.445 0.4000000060
48470  40.680  -40.808  -31.329 0.4000000060
47105  40.501  -41.308  -30.807 0.4000000060
51367  43.020  -38.495  -33.895 0.3000000119
49958  42.039  -39.493  -33.090 0.3000000119
49952  41.668  -39.719  -32.527 0.3000000119
48415  38.409  -40.696  -27.075 0.4000000060
54115  42.059  -37.413  -30.754 0.3000000119
51322  41.152  -38.180  -30.054 0.3000000119
51323  40.469  -39.027  -29.974 0.4000000060
51309  40.225  -38.839  -29.428 0.4000000060
49891  39.851  -39.810  -29.230 0.4000000060
48421  39.527  -40.698  -28.416 0.4000000060
54150  43.269  -37.356  -32.362 0.3000000119
54135  42.352  -37.592  -31.349 0.3000000119
51331  41.296  -38.498  -30.713 0.3000000119
51332  40.624  -39.179  -30.602 0.4000000060
49909  40.133  -39.933  -29.762 0.4000000060
230609  39.741  -40.987  -29.024 0.4000000060
52729  42.157  -38.167  -31.764 0.3000000119
51342  41.547  -38.716  -31.532 0.3000000119
49924  40.848  -39.598  -31.022 0.4000000060
48442  40.372  -40.259  -30.259 0.4000000060
47098  40.079  -41.406  -29.685 0.4000000060
229960  42.482  -38.163  -32.359 0.3000000119
49939  41.582  -39.268  -32.104 0.3000000119
48455  40.683  -40.207  -30.879 0.4000000060
47097  40.284  -41.031  -30.214 0.4000000060
52654  39.258  -37.843  -27.771 0.4000000060
234339  39.551  -38.148  -28.159 0.4000000060
51276  38.870  -38.887  -27.371 0.4000000060
48403  38.533  -40.027  -27.039 0.4000000060
52698  40.335  -38.183  -29.103 0.3000000119
51292  39.619  -38.684  -28.406 0.4000000060
206519  39.727  -39.272  -28.739 0.4000000060
48414  38.891  -40.377  -27.476 0.4000000060
52711  40.661  -38.478  -29.717 0.4000000060
51310  39.948  -38.735  -28.911 0.4000000060
49874  39.601  -39.923  -28.571 0.4000000060
242180  39.187  -40.700  -27.889 0.4000000060
65143  20.097  -30.707  -29.677 0.6000000238
216547  19.521  -31.317  -29.877 0.6000000238
68032  20.824  -29.399  -29.019 0.5000000000
66612  20.448  -30.012  -29.373 0.5000000000
217215  20.404  -28.906  -28.931 0.5000000000
206908  20.940  -27.835  -29.381 0.5000000000
70582  21.390  -27.414  -29.718 0.5000000000
71953  21.715  -26.789  -30.357 0.5000000000
71964  22.012  -26.585  -31.004 0.4000000060
77487  25.496  -23.685  -33.982 0.3000000119
78955  24.984  -23.167  -34.101 0.3000000119
80449  24.208  -22.021  -34.286 0.3000000119
74813  27.293  -25.030  -34.970 0.3000000119
240403  26.346  -24.925  -35.202 0.3000000119
76037  26.267  -24.661  -35.221 0.3000000119
77497  25.778  -23.326  -34.523 0.3000000119
80458  24.659  -21.907  -34.924 0.3000000119
230506  23.830  -21.524  -34.022 0.3000000119
83222  24.197  -20.790  -34.735 0.3000000119
76036  26.496  -24.650  -35.356 0.3000000119
210054  26.288  -24.180  -35.328 0.3000000119
241209  26.162  -23.403  -34.839 0.3000000119
78966  25.329  -22.856  -34.610 0.3000000119
235857  25.023  -22.114  -35.002 0.3000000119
81869  24.657  -21.390  -35.168 0.3000000119
84625  23.939  -19.995  -34.986 0.3000000119
84638  23.426  -19.079  -35.335 0.3000000119
76035  27.101  -24.440  -34.887 0.3000000119
77495  26.472  -23.680  -35.043 0.3000000119
78964  26.407  -22.855  -34.715 0.3000000119
80456  25.901  -22.342  -34.869 0.3000000119
81859  25.945  -21.700  -34.918 0.3000000119
81868  25.035  -21.295  -35.336 0.3000000119
83232  24.747  -20.684  -35.320 0.3000000119
74797  28.630  -25.097  -34.302 0.3000000119
76022  27.759  -24.045  -34.134 0.3000000119
77494  27.045  -23.803  -34.562 0.3000000119
80455  26.578  -21.985  -34.485 0.3000000119
81866  26.084  -21.123  -35.026 0.3000000119
83231  25.272  -20.945  -35.404 0.3000000119
229990  25.366  -20.248  -35.530 0.3000000119
76021  28.446  -24.426  -33.730 0.3000000119
77486  27.637  -23.369  -33.813 0.3000000119
238923  27.006  -22.511  -34.219 0.3000000119
80454  27.356  -21.953  -33.968 0.3000000119
83230  25.759  -20.779  -35.364 0.3000000119
77485  28.346  -23.646  -33.530 0.3000000119
78954  27.619  -22.621  -33.715 0.3000000119
80448  27.989  -21.942  -33.620 0.3000000119
81857  27.140  -21.260  -34.171 0.3000000119
78953  28.245  -22.966  -33.403 0.3000000119
80447  28.617  -21.925  -33.412 0.3000000119
219092  28.813  -22.532  -33.266 0.3000000119
43092  40.308  -43.388  -31.427 0.4000000060
202814  37.330  -44.356  -30.823 0.4000000060
41741  37.776  -44.380  -31.373 0.4000000060
43093  39.952  -43.854  -31.534 0.4000000060
221712  39.432  -44.140  -31.215 0.4000000060
45804  41.490  -42.098  -33.325 0.4000000060
44439  41.033  -42.640  -32.701 0.4000000060
44440  40.609  -43.031  -32.011 0.4000000060
51365  44.993  -38.146  -33.123 0.3000000119
51370  43.935  -38.498  -34.842 0.3000000119
49960  43.758  -38.981  -35.145 0.3000000119
48484  43.243  -39.587  -35.150 0.3000000119
48485  42.533  -40.172  -34.259 0.3000000119
47116  41.779  -41.314  -33.401 0.3000000119
224652  44.535  -37.684  -33.788 0.3000000119
54170  44.753  -36.828  -33.342 0.3000000119
54134  43.004  -37.156  -31.515 0.3000000119
54148  44.435  -36.760  -32.925 0.3000000119
55520  39.858  -36.629  -28.113 0.4000000060
54069  40.289  -37.136  -28.528 0.4000000060
52676  40.242  -37.724  -28.600 0.4000000060
54102  41.406  -37.562  -29.811 0.3000000119
52710  41.652  -37.857  -30.387 0.3000000119
54044  39.247  -37.102  -27.697 0.4000000060
63742  19.150  -31.876  -29.914 0.6000000238
76020  29.114  -24.696  -33.368 0.3000000119
77484  28.989  -23.937  -33.208 0.3000000119
78952  28.884  -23.201  -33.135 0.3000000119
78940  29.516  -23.436  -32.916 0.3000000119
52753  45.784  -37.276  -33.247 0.3000000119
41720  36.271  -44.259  -29.923 0.4000000060
44411  36.693  -43.067  -28.144 0.5000000000
45789  39.850  -42.111  -29.711 0.4000000060
52741  43.530  -37.443  -33.270 0.3000000119
49864  39.423  -39.298  -28.020 0.4000000060
76034  27.858  -24.725  -34.510 0.3000000119
81858  26.471  -21.355  -34.600 0.3000000119
83221  26.736  -20.870  -34.721 0.3000000119
204254  36.560  -44.334  -31.828 0.3000000119
40406  20.194  -44.927  -27.896 0.6000000238
41692  19.596  -44.508  -28.610 0.6999999881
206265  18.840  -45.087  -28.086 0.6999999881
203786  38.249  -44.650  -31.934 0.3000000119
203931  34.008  -46.029  -35.351 0.3000000119
212420  33.796  -45.318  -35.161 0.3000000119
44403  18.276  -42.917  -28.863 0.6999999881
41758  36.225  -44.246  -32.475 0.3000000119
43051  18.093  -43.568  -28.815 0.6999999881
41693  18.742  -44.332  -28.675 0.6999999881
214145  37.226  -44.490  -32.916 0.3000000119
204248  37.392  -44.538  -32.077 0.3000000119
41706  19.141  -43.946  -29.110 0.6999999881
41756  38.005  -44.676  -32.715 0.3000000119
228435  39.269  -44.586  -33.127 0.3000000119
41755  38.757  -44.681  -32.537 0.3000000119
232689  39.003  -44.507  -31.854 0.3000000119
43100  40.460  -43.722  -34.089 0.3000000119
41753  40.331  -43.770  -33.083 0.3000000119
238060  39.291  -44.502  -32.425 0.3000000119
40469  34.085  -44.800  -34.979 0.3000000119
225611  35.270  -43.887  -34.241 0.4000000060
45767  18.642  -42.628  -28.409 0.6999999881
214144  36.527  -44.307  -33.035 0.3000000119
41773  35.427  -43.984  -33.331 0.3000000119
44402  18.869  -42.851  -29.086 0.6999999881
41707  18.647  -43.415  -29.111 0.6999999881
41769  38.604  -44.684  -33.372 0.3000000119
41768  39.110  -44.408  -34.078 0.3000000119
41786  34.726  -43.948  -34.461 0.4000000060
45754  18.908  -42.195  -27.512 0.6999999881
224351  36.577  -44.259  -34.413 0.3000000119
41772  36.070  -44.153  -33.766 0.3000000119
41770  37.754  -44.519  -33.678 0.3000000119
41771  36.914  -44.314  -33.683 0.3000000119
44401  19.511  -42.519  -28.863 0.6999999881
224349  38.422  -44.433  -34.331 0.3000000119
43095  40.676  -43.322  -32.604 0.3000000119
43096  40.205  -43.678  -32.167 0.3000000119
43103  41.018  -43.362  -34.352 0.3000000119
43099  40.860  -43.319  -33.361 0.3000000119
45766  19.351  -42.533  -28.030 0.6999999881
41784  37.285  -44.480  -34.343 0.3000000119
209517  20.004  -42.103  -28.633 0.6999999881
41797  38.345  -44.488  -35.089 0.3000000119
232100  37.875  -44.525  -34.494 0.3000000119
45776  19.695  -42.188  -29.725 0.6999999881
44444  41.298  -42.803  -33.698 0.3000000119
41798  37.618  -44.683  -34.914 0.3000000119
45775  19.993  -41.762  -30.142 0.6999999881
55519  40.399  -36.537  -28.494 0.3000000119
40395  20.742  -45.528  -27.460 0.5000000000
39165  18.692  -45.617  -27.598 0.6999999881
40396  20.027  -45.578  -27.600 0.6000000238
39148  19.141  -46.136  -27.214 0.6000000238
44404  17.769  -42.975  -28.469 0.6999999881
44383  18.249  -42.519  -27.841 0.6999999881
39219  34.346  -45.227  -35.369 0.3000000119
41801  35.149  -43.966  -35.018 0.4000000060
45753  19.631  -41.932  -27.211 0.6999999881
41800  35.859  -44.304  -35.241 0.4000000060
45735  19.734  -41.218  -26.681 0.6999999881
237841  36.342  -44.345  -34.965 0.3000000119
40465  37.289  -44.922  -35.261 0.3000000119
39217  37.345  -45.617  -35.419 0.3000000119
40407  19.464  -45.040  -28.121 0.6000000238
40464  37.986  -44.752  -35.263 0.3000000119
40466  35.992  -44.854  -35.472 0.3000000119
35325  24.007  -48.476  -25.391 0.5000000000
37881  22.696  -46.636  -25.845 0.5000000000
36598  22.405  -47.176  -25.484 0.5000000000
36597  23.847  -47.071  -25.512 0.4000000060
35335  16.208  -48.784  -25.730 0.4000000060
34077  14.674  -49.457  -25.047 0.5000000000
37865  23.108  -47.082  -25.405 0.4000000060
39128  22.253  -46.174  -26.217 0.5000000000
34054  13.367  -49.703  -24.815 0.4000000060
32816  12.729  -50.394  -24.656 0.4000000060
225559  15.174  -49.330  -25.574 0.5000000000
39145  21.167  -45.968  -26.926 0.4000000060
220578  12.058  -50.202  -24.611 0.4000000060
31621  11.811  -51.009  -24.905 0.4000000060
34078  13.904  -48.996  -25.011 0.4000000060
35337  14.658  -48.598  -25.392 0.5000000000
35352  16.586  -48.173  -26.085 0.5000000000
37887  17.329  -47.327  -26.617 0.4000000060
39146  20.469  -46.037  -27.095 0.5000000000
37906  18.895  -46.621  -26.770 0.4000000060
37907  18.228  -46.716  -26.761 0.4000000060
39147  19.799  -46.070  -27.191 0.4000000060
32817  11.213  -50.432  -24.569 0.4000000060
230542  10.195  -48.580  -23.625 0.4000000060
35338  13.188  -48.424  -25.341 0.4000000060
36557  10.488  -47.470  -24.137 0.4000000060
35354  15.034  -47.989  -25.936 0.5000000000
225337  13.926  -48.261  -25.343 0.4000000060
37868  10.791  -46.837  -24.761 0.4000000060
227061  15.494  -47.676  -26.160 0.5000000000
40370  12.233  -45.663  -25.697 0.4000000060
40371  11.622  -45.626  -25.129 0.4000000060
36605  16.032  -47.733  -26.409 0.5000000000
36621  16.159  -47.102  -26.600 0.5000000000
41669  12.595  -44.964  -25.793 0.4000000060
41660  12.359  -44.298  -25.292 0.4000000060
226056  16.670  -47.518  -26.390 0.5000000000
37908  17.101  -46.665  -26.860 0.6000000238
39150  17.664  -46.173  -27.014 0.6000000238
39149  18.452  -46.160  -27.151 0.5000000000
34037  9.878  -49.570  -23.433 0.4000000060
35308  10.133  -48.115  -23.980 0.4000000060
34056  11.666  -49.542  -24.518 0.4000000060
35317  10.256  -47.882  -24.105 0.4000000060
36607  14.490  -47.450  -26.126 0.5000000000
36583  13.453  -47.783  -25.777 0.4000000060
36586  10.908  -47.350  -25.112 0.4000000060
36606  15.064  -47.277  -26.113 0.5000000000
39132  12.379  -46.338  -26.039 0.4000000060
39111  11.851  -46.333  -25.503 0.4000000060
36622  15.575  -47.128  -26.314 0.5000000000
39151  16.866  -45.986  -27.093 0.5000000000
41668  13.363  -44.067  -26.022 0.4000000060
39166  18.005  -45.610  -27.556 0.6000000238
211590  9.956  -48.542  -23.996 0.4000000060
36584  12.678  -47.895  -25.809 0.4000000060
34081  10.368  -48.195  -24.275 0.4000000060
36585  11.503  -47.663  -25.533 0.4000000060
37892  12.605  -46.883  -26.175 0.4000000060
37888  15.063  -46.758  -26.486 0.5000000000
212848  12.951  -46.405  -26.322 0.4000000060
40383  12.979  -45.722  -26.125 0.4000000060
37909  16.321  -46.511  -26.946 0.5000000000
208947  13.301  -44.869  -26.204 0.4000000060
40408  18.272  -45.065  -27.976 0.6000000238
40409  17.620  -45.004  -27.938 0.6000000238
39167  17.278  -45.517  -27.514 0.6000000238
34057  10.661  -49.687  -24.354 0.4000000060
235320  11.053  -48.698  -24.522 0.4000000060
219924  12.037  -47.942  -25.713 0.4000000060
37866  11.934  -46.873  -25.908 0.4000000060
37889  14.442  -47.001  -26.455 0.5000000000
36608  13.824  -47.279  -26.261 0.5000000000
37891  13.305  -46.819  -26.416 0.5000000000
37890  13.951  -46.670  -26.619 0.5000000000
39155  13.934  -45.636  -26.618 0.5000000000
39152  15.611  -45.996  -27.020 0.5000000000
39153  14.879  -45.931  -26.860 0.5000000000
40399  14.505  -45.330  -26.780 0.5000000000
40382  13.909  -45.065  -26.581 0.4000000060
226181  16.267  -45.807  -27.069 0.6000000238
43040  14.318  -43.946  -26.610 0.5000000000
43022  13.862  -43.686  -26.248 0.4000000060
41694  17.889  -44.385  -28.438 0.6000000238
41695  17.268  -44.549  -28.195 0.6000000238
40397  15.955  -45.308  -27.246 0.6000000238
40398  15.218  -45.223  -27.209 0.5000000000
41682  14.395  -44.627  -26.721 0.5000000000
40410  16.941  -44.964  -27.903 0.6000000238
41697  16.050  -44.378  -27.663 0.6000000238
223139  14.812  -44.772  -27.159 0.5000000000
226094  17.232  -44.095  -28.377 0.6000000238
43052  17.503  -43.612  -28.529 0.6000000238
47054  17.462  -41.866  -25.693 0.5000000000
211405  17.558  -42.106  -26.306 0.6000000238
45738  16.978  -42.236  -26.050 0.5000000000
45755  17.868  -42.214  -27.026 0.6000000238
45756  17.216  -42.377  -27.009 0.6000000238
44364  15.993  -42.679  -26.664 0.5000000000
44388  15.124  -43.121  -26.701 0.5000000000
41696  16.690  -44.330  -28.077 0.6000000238
43055  15.830  -43.952  -27.469 0.5000000000
41681  14.839  -44.178  -26.936 0.5000000000
43039  14.746  -43.503  -26.704 0.5000000000
44366  14.605  -42.876  -26.323 0.5000000000
45737  18.117  -41.786  -26.262 0.5000000000
48398  18.678  -40.407  -26.005 0.5000000000
45736  18.978  -41.585  -26.651 0.6000000238
224087  18.443  -42.027  -27.050 0.6000000238
44386  16.241  -42.928  -27.266 0.6000000238
44387  15.653  -43.024  -26.955 0.5000000000
44384  17.532  -42.602  -27.759 0.6000000238
44385  16.851  -42.838  -27.654 0.6000000238
37883  21.296  -46.824  -25.958 0.4000000060
39130  20.783  -46.472  -26.454 0.4000000060
209096  22.111  -45.201  -26.943 0.5000000000
39129  21.546  -46.292  -26.318 0.4000000060
43053  16.846  -43.536  -28.210 0.6000000238
36576  23.547  -47.732  -25.363 0.5000000000
223664  22.117  -47.789  -25.310 0.5000000000
36577  22.808  -47.723  -25.309 0.5000000000
37882  21.992  -46.720  -25.897 0.5000000000
35353  15.795  -48.242  -26.104 0.5000000000
34055  12.571  -49.498  -24.800 0.4000000060
34079  12.682  -48.857  -25.204 0.4000000060
39113  10.847  -46.129  -24.289 0.4000000060
221606  11.977  -44.955  -25.282 0.4000000060
35340  11.691  -48.191  -25.136 0.4000000060
36609  12.998  -47.368  -26.132 0.4000000060
34058  10.095  -49.018  -24.174 0.4000000060
43054  16.309  -43.808  -27.798 0.6000000238
234040  10.763  -47.983  -23.717 0.3000000119
231852  10.541  -44.898  -24.215 0.3000000119
37843  10.785  -46.701  -24.171 0.3000000119
41661  11.701  -44.307  -24.626 0.3000000119
234019  10.530  -45.365  -23.914 0.3000000119
41653  10.310  -44.579  -24.025 0.3000000119
40329  10.527  -44.931  -23.768 0.3000000119
34021  10.146  -49.562  -22.992 0.4000000060
34035  10.772  -48.675  -23.272 0.4000000060
34036  10.128  -49.082  -23.251 0.4000000060
34080  12.037  -48.849  -24.916 0.4000000060
34095  25.917  -49.023  -27.003 0.5000000000
34097  24.843  -49.568  -26.330 0.5000000000
34103  26.151  -49.171  -27.736 0.5000000000
35326  23.177  -48.390  -25.245 0.5000000000
35336  15.452  -48.781  -25.789 0.5000000000
35339  12.396  -48.366  -25.403 0.4000000060
35341  11.053  -47.923  -24.882 0.4000000060
35342  10.555  -47.773  -24.640 0.4000000060
35381  28.419  -48.260  -29.513 0.5000000000
35393  27.966  -48.170  -30.025 0.5000000000
35416  27.652  -47.586  -31.255 0.5000000000
36542  10.722  -47.247  -23.871 0.3000000119
36567  10.486  -47.364  -24.430 0.4000000060
36582  14.256  -47.808  -25.697 0.5000000000
36594  26.033  -48.150  -26.222 0.6000000238
36595  25.055  -47.703  -25.716 0.5000000000
36599  21.701  -47.258  -25.518 0.5000000000
36610  12.142  -47.430  -25.960 0.4000000060
36617  27.636  -47.818  -26.967 0.8000000119
36620  16.731  -46.998  -26.618 0.5000000000
36631  28.213  -47.836  -27.454 0.8000000119
36650  29.840  -47.362  -29.122 0.6000000238
36651  29.396  -47.666  -29.326 0.6000000238
36652  28.826  -47.847  -28.845 0.6000000238
37856  10.704  -46.806  -24.253 0.4000000060
37867  11.349  -46.857  -25.365 0.4000000060
37903  27.852  -47.164  -26.518 0.6999999881
37905  19.580  -46.559  -26.789 0.4000000060
37910  15.631  -46.669  -26.798 0.5000000000
37911  14.585  -46.478  -26.669 0.5000000000
37932  29.617  -47.184  -28.065 0.8000000119
37942  30.218  -46.977  -29.375 0.6000000238
37954  30.123  -46.909  -30.867 0.6000000238
39100  10.707  -45.794  -24.099 0.3000000119
39112  11.400  -46.249  -25.054 0.4000000060
39124  25.014  -45.873  -26.019 0.6999999881
39131  13.501  -46.146  -26.639 0.5000000000
39144  21.850  -45.802  -26.705 0.5000000000
39154  14.210  -46.051  -26.676 0.5000000000
39164  19.341  -45.597  -27.631 0.6000000238
39168  16.607  -45.379  -27.415 0.6000000238
39195  29.404  -45.193  -33.712 0.6999999881
39197  28.251  -45.765  -33.690 0.6000000238
39221  32.879  -45.331  -34.668 0.4000000060
40328  11.357  -44.889  -23.610 0.3000000119
40361  10.477  -45.245  -24.092 0.3000000119
40372  11.066  -45.587  -24.415 0.3000000119
40389  27.482  -45.168  -26.485 0.8000000119
40392  23.639  -44.941  -26.565 0.8999999762
40411  16.315  -44.869  -27.708 0.6000000238
40412  15.745  -44.834  -27.488 0.6000000238
40415  31.016  -44.965  -28.475 0.6999999881
40452  30.451  -44.589  -34.257 0.5000000000
40468  34.715  -44.545  -35.251 0.4000000060
41645  10.413  -44.616  -23.835 0.3000000119
41662  10.785  -44.352  -24.242 0.3000000119
41666  24.772  -44.809  -26.465 0.8999999762
41667  13.866  -44.383  -26.412 0.4000000060
41672  29.208  -44.589  -26.664 0.8000000119
41680  15.374  -44.456  -27.366 0.5000000000
41689  21.986  -44.412  -28.052 0.8000000119
41701  31.065  -44.487  -28.084 0.6999999881
41712  35.799  -44.256  -29.464 0.5000000000
41736  31.669  -44.658  -30.754 0.6000000238
41739  39.602  -44.152  -31.973 0.3000000119
41740  38.572  -44.389  -31.251 0.4000000060
41742  37.127  -44.368  -31.442 0.3000000119
41754  39.757  -44.180  -32.741 0.3000000119
41757  36.790  -44.373  -32.447 0.3000000119
41760  34.988  -44.172  -32.722 0.4000000060
41764  31.630  -44.396  -33.591 0.6000000238
41785  35.873  -44.093  -34.651 0.3000000119
41789  32.167  -44.537  -34.259 0.5000000000
41799  36.937  -44.546  -34.916 0.3000000119
41802  34.486  -44.282  -34.733 0.4000000060
43021  14.267  -43.349  -26.453 0.4000000060
43026  32.841  -43.321  -27.155 0.6999999881
43027  31.239  -43.573  -27.280 0.8000000119
43030  28.891  -43.248  -26.656 0.8000000119
43032  27.321  -43.540  -26.966 0.8000000119
43034  25.900  -43.800  -27.362 0.8000000119
43036  16.452  -43.285  -27.709 0.6000000238
43037  15.977  -43.411  -27.418 0.6000000238
43038  15.359  -43.670  -27.098 0.5000000000
43058  36.994  -43.394  -28.599 0.5000000000
43063  33.448  -43.683  -28.410 0.6000000238
43079  34.706  -43.980  -29.057 0.6000000238
43082  22.326  -43.440  -29.632 1.0000000000
43083  21.772  -43.459  -30.046 0.8000000119
43085  20.102  -43.055  -30.066 0.8000000119
44362  32.922  -42.307  -26.308 0.6999999881
44363  16.602  -42.640  -26.753 0.5000000000
44365  15.420  -42.675  -26.222 0.5000000000
44370  36.077  -42.420  -27.104 0.6000000238
44375  32.542  -42.791  -26.764 0.6999999881
44379  28.229  -42.909  -26.915 0.8000000119
44391  37.062  -42.688  -27.678 0.5000000000
44392  36.388  -42.772  -27.615 0.6000000238
44405  17.266  -43.050  -28.237 0.6000000238
44410  37.335  -43.020  -28.164 0.5000000000
44414  25.367  -43.037  -28.560 0.8999999762
44426  39.993  -42.609  -30.208 0.4000000060
44428  22.302  -42.637  -30.686 0.8000000119
44443  41.732  -42.429  -34.046 0.3000000119
45725  36.119  -41.642  -26.330 0.5000000000
45726  35.579  -41.552  -26.276 0.6999999881
45728  33.972  -41.881  -26.176 0.6999999881
45730  32.618  -41.727  -25.976 0.6999999881
45733  30.293  -41.830  -26.199 0.8000000119
45743  36.405  -41.931  -26.746 0.6999999881
45745  34.562  -41.997  -26.323 0.6999999881
45747  32.186  -42.236  -26.400 0.8000000119
45758  38.518  -41.673  -27.788 0.4000000060
45762  27.831  -42.186  -27.634 0.8000000119
45764  26.947  -42.593  -28.351 0.6999999881
45765  19.898  -42.099  -27.852 0.6999999881
45769  38.891  -41.976  -28.387 0.4000000060
45777  39.376  -42.002  -28.824 0.4000000060
45778  39.151  -42.494  -28.754 0.4000000060
45782  23.759  -42.267  -29.905 1.0000000000
45793  21.875  -42.248  -30.926 0.8000000119
45795  40.491  -41.920  -31.022 0.4000000060
45797  40.979  -41.859  -32.288 0.4000000060
45798  40.676  -41.908  -31.654 0.4000000060
47045  34.776  -40.982  -26.071 0.6000000238
47048  31.229  -41.026  -25.955 0.6999999881
47053  18.512  -41.139  -26.073 0.5000000000
47058  37.831  -40.986  -26.831 0.4000000060
47059  37.235  -41.216  -26.621 0.6000000238
47061  28.829  -41.225  -26.670 0.8000000119
47065  20.260  -41.627  -27.151 0.8000000119
47069  38.218  -41.375  -27.207 0.4000000060
47080  27.590  -41.265  -28.650 0.8000000119
47084  20.693  -41.292  -29.233 0.8999999762
47090  26.017  -41.522  -29.553 1.0000000000
47111  40.784  -41.283  -31.866 0.4000000060
48387  36.820  -40.049  -26.508 0.5000000000
48389  35.620  -40.371  -25.991 0.6000000238
48390  33.845  -40.160  -26.004 0.6000000238
48392  32.546  -40.563  -25.832 0.6000000238
48394  30.734  -40.484  -26.031 0.6999999881
48396  29.422  -40.695  -26.208 0.6999999881
48405  37.356  -40.536  -26.600 0.5000000000
48408  28.589  -40.755  -27.007 0.6999999881
48410  20.275  -40.765  -26.860 0.8000000119
48418  22.436  -40.260  -28.259 0.8999999762
48423  27.865  -40.106  -28.574 0.8000000119
48424  27.296  -40.948  -29.130 0.8999999762
48434  21.668  -40.402  -29.896 1.0000000000
48443  40.019  -40.621  -29.558 0.4000000060
48445  25.371  -40.697  -31.045 1.0000000000
48447  21.667  -40.822  -30.714 1.0000000000
48460  22.609  -40.033  -31.676 1.0000000000
49836  36.382  -39.612  -26.126 0.5000000000
49837  35.865  -39.189  -25.983 0.5000000000
49838  34.088  -39.546  -26.124 0.6000000238
49843  30.247  -39.915  -26.192 0.6999999881
49851  38.573  -39.431  -27.045 0.4000000060
49853  37.495  -39.853  -26.632 0.5000000000
49855  30.925  -39.101  -26.384 0.6000000238
49856  29.806  -39.364  -26.550 0.6999999881
49857  29.164  -39.542  -26.835 0.6999999881
49865  38.980  -39.691  -27.456 0.4000000060
49866  28.617  -39.460  -27.982 0.8000000119
49875  39.335  -40.123  -27.944 0.4000000060
49890  40.149  -39.395  -29.632 0.4000000060
49895  22.858  -39.809  -29.597 0.8999999762
49908  40.396  -39.588  -30.132 0.4000000060
49912  26.065  -39.977  -31.343 1.0000000000
49925  40.582  -39.747  -30.585 0.4000000060
49940  41.181  -39.413  -31.548 0.4000000060
49941  25.780  -38.718  -32.844 1.0000000000
49953  41.361  -39.914  -31.989 0.3000000119
51250  33.650  -39.150  -26.356 0.6000000238
51260  37.529  -38.764  -26.582 0.5000000000
51262  33.164  -38.851  -26.704 0.6999999881
51266  30.176  -38.683  -26.764 0.8000000119
51269  20.809  -38.728  -26.631 0.6999999881
51275  39.266  -38.503  -27.878 0.4000000060
51280  29.264  -38.707  -27.571 0.8000000119
51313  24.361  -38.689  -29.338 1.0000000000
51324  27.812  -38.580  -30.037 1.0000000000
51330  41.792  -38.004  -31.107 0.3000000119
51345  24.896  -38.287  -32.811 1.0000000000
51357  42.077  -38.703  -32.343 0.3000000119
51368  42.311  -38.898  -33.124 0.3000000119
51371  43.643  -38.357  -34.705 0.3000000119
52625  36.256  -38.541  -26.148 0.5000000000
52626  35.642  -38.528  -26.144 0.5000000000
52627  35.070  -38.558  -26.311 0.6000000238
52640  30.610  -38.208  -27.234 0.6999999881
52641  29.952  -38.189  -27.255 0.8000000119
52643  20.442  -38.121  -26.782 0.6000000238
52660  32.321  -38.201  -27.997 0.6999999881
52677  39.900  -38.170  -28.554 0.4000000060
52678  33.739  -38.513  -28.986 0.6999999881
52681  31.132  -37.671  -28.584 0.8000000119
52683  29.887  -37.810  -28.214 0.8000000119
52697  40.896  -37.868  -29.481 0.3000000119
52699  33.369  -38.442  -29.429 0.6999999881
52700  31.830  -37.750  -29.043 0.6999999881
52718  33.707  -38.239  -31.263 0.6000000238
52728  42.703  -37.730  -31.990 0.3000000119
52744  27.219  -37.624  -33.776 1.0000000000
52746  25.137  -37.716  -33.043 1.0000000000
52752  46.578  -37.165  -33.464 0.3000000119
52754  45.122  -37.465  -33.398 0.3000000119
52755  44.161  -37.562  -34.076 0.3000000119
52757  43.213  -37.890  -33.614 0.3000000119
52759  25.317  -37.272  -33.242 1.0000000000
52761  43.911  -37.945  -34.507 0.3000000119
54019  37.732  -37.235  -26.889 0.5000000000
54022  35.350  -37.359  -27.012 0.6999999881
54045  38.346  -36.989  -27.181 0.5000000000
54046  35.341  -36.972  -27.450 0.6999999881
54047  34.890  -37.430  -27.598 0.6999999881
54048  34.368  -37.822  -27.983 0.6999999881
54054  19.091  -37.072  -27.409 0.6000000238
54070  39.800  -37.546  -28.157 0.4000000060
54074  29.946  -37.572  -28.814 0.8000000119
54087  40.615  -37.505  -28.972 0.4000000060
54095  29.414  -37.476  -29.323 0.8000000119
54101  41.907  -37.234  -30.118 0.3000000119
54106  32.439  -37.422  -30.603 0.6999999881
54112  25.627  -37.356  -31.205 1.0000000000
54120  31.459  -36.882  -31.533 0.6999999881
54144  24.769  -36.743  -32.600 1.0000000000
54149  43.888  -37.086  -32.712 0.3000000119
54154  34.553  -38.294  -33.073 0.5000000000
54160  26.560  -36.840  -33.613 1.0000000000
54161  25.191  -36.692  -33.167 1.0000000000
54172  35.521  -38.027  -33.634 0.4000000060
55482  37.201  -36.900  -26.898 0.5000000000
55484  35.770  -36.846  -27.075 0.6000000238
55497  37.690  -36.568  -27.031 0.5000000000
55502  25.989  -35.682  -27.771 1.0000000000
55518  40.824  -36.205  -28.700 0.3000000119
55528  22.435  -36.099  -28.070 0.8999999762
55536  27.150  -35.787  -29.907 1.0000000000
55570  36.168  -36.556  -32.007 0.5000000000
55572  35.346  -37.443  -31.472 0.6000000238
55580  24.906  -36.635  -32.899 1.0000000000
55598  25.763  -36.273  -33.273 1.0000000000
55604  37.096  -36.910  -33.677 0.4000000060
55612  35.785  -37.628  -34.958 0.4000000060
55613  35.115  -37.625  -34.878 0.4000000060
55615  34.041  -36.648  -34.794 0.4000000060
55619  37.204  -36.806  -36.190 0.3000000119
56810  35.943  -35.795  -27.804 0.6000000238
56831  35.971  -35.292  -28.308 0.6999999881
56837  21.052  -35.227  -28.206 0.8000000119
56838  20.329  -35.246  -28.299 0.6000000238
56848  35.772  -35.192  -28.966 0.6000000238
56858  35.540  -35.896  -30.066 0.6000000238
56860  27.413  -35.314  -30.422 1.0000000000
56866  36.064  -35.546  -31.125 0.6000000238
56868  27.780  -34.592  -32.157 0.8999999762
56885  35.934  -36.290  -31.400 0.4000000060
56897  36.788  -35.436  -32.070 0.4000000060
56898  36.842  -36.514  -33.042 0.4000000060
56914  37.988  -36.431  -35.694 0.3000000119
56916  35.220  -36.125  -35.765 0.4000000060
58150  38.045  -34.878  -27.591 0.5000000000
58151  37.311  -34.962  -27.632 0.6000000238
58152  27.176  -34.493  -27.790 0.8999999762
58171  36.243  -34.789  -28.540 0.6000000238
58175  26.850  -34.992  -28.038 1.0000000000
58176  23.456  -34.893  -27.863 0.8999999762
58177  22.710  -34.880  -28.211 0.8999999762
58204  35.983  -34.610  -30.113 0.6000000238
58205  35.657  -35.168  -29.717 0.6000000238
58238  37.519  -34.457  -32.089 0.4000000060
58241  33.344  -34.745  -32.551 0.4000000060
58254  37.707  -34.766  -32.750 0.4000000060
59538  39.105  -34.078  -27.846 0.3000000119
59542  26.183  -34.201  -27.178 0.8999999762
59544  24.404  -33.670  -27.189 0.8999999762
59552  40.315  -33.988  -28.137 0.3000000119
59555  37.902  -33.735  -28.209 0.5000000000
59559  27.764  -34.444  -28.025 0.6999999881
59560  23.303  -34.140  -27.774 0.8999999762
59563  21.371  -33.860  -28.975 0.8000000119
59564  20.649  -33.908  -29.426 0.6999999881
59577  30.439  -33.472  -29.535 0.5000000000
59579  29.208  -34.110  -29.387 0.6000000238
59589  37.018  -33.848  -29.979 0.5000000000
59590  32.671  -33.730  -30.301 0.4000000060
59605  37.185  -34.028  -30.704 0.5000000000
59608  32.913  -34.005  -31.014 0.4000000060
59622  37.876  -33.935  -31.731 0.4000000060
59624  34.440  -33.931  -31.926 0.3000000119
59626  33.144  -34.418  -31.740 0.4000000060
59636  34.671  -34.193  -32.532 0.3000000119
59642  38.216  -34.456  -33.094 0.3000000119
61061  26.952  -33.582  -27.359 0.6999999881
61062  26.212  -33.408  -27.098 0.8000000119
61074  39.123  -33.176  -28.734 0.3000000119
61077  30.570  -33.012  -28.380 0.5000000000
61096  39.369  -32.985  -29.172 0.3000000119
61099  31.954  -32.756  -29.469 0.4000000060
61101  30.881  -33.197  -28.940 0.4000000060
61103  20.434  -32.391  -29.382 0.6999999881
61105  19.713  -33.171  -29.650 0.6999999881
61113  39.168  -32.753  -30.494 0.4000000060
61114  38.658  -33.039  -30.111 0.4000000060
61119  32.310  -33.286  -29.852 0.4000000060
61134  33.993  -33.310  -30.735 0.3000000119
61154  39.367  -33.046  -32.671 0.3000000119
61164  39.508  -33.228  -33.339 0.3000000119
62431  28.531  -32.287  -27.743 0.5000000000
62432  27.873  -32.217  -27.533 0.6000000238
62448  22.997  -32.411  -28.082 0.8999999762
62449  22.587  -32.476  -28.698 0.8000000119
62450  22.279  -32.413  -28.960 0.8000000119
62451  21.598  -32.297  -28.957 0.8000000119
62466  32.399  -32.166  -28.993 0.3000000119
62467  20.966  -32.177  -29.162 0.6999999881
63708  29.654  -31.764  -27.687 0.4000000060
63709  28.887  -31.725  -27.807 0.5000000000
63716  23.467  -31.992  -28.010 0.8999999762
65109  27.146  -31.040  -27.907 0.5000000000
65112  24.579  -31.303  -27.890 1.0000000000
65120  31.871  -31.065  -28.320 0.3000000119
65121  29.568  -30.692  -28.008 0.3000000119
65122  28.889  -30.562  -27.934 0.3000000119
65123  28.213  -30.540  -28.041 0.4000000060
65127  24.925  -30.771  -28.085 0.6999999881
65144  19.165  -30.668  -29.747 0.6000000238
66577  31.632  -30.432  -28.434 0.3000000119
66578  30.556  -30.305  -28.283 0.4000000060
66599  31.382  -29.787  -28.657 0.4000000060
66600  30.764  -29.679  -28.669 0.4000000060
68006  26.498  -29.335  -28.655 0.6000000238
68021  29.825  -28.775  -29.412 0.3000000119
68022  28.897  -29.316  -29.059 0.3000000119
68023  28.137  -29.215  -29.259 0.4000000060
68024  27.434  -29.055  -29.341 0.4000000060
68025  26.656  -28.811  -29.235 0.6000000238
68027  24.800  -29.427  -29.233 0.8000000119
68029  23.503  -29.023  -29.327 0.6999999881
69315  27.400  -28.649  -30.527 0.4000000060
69316  26.373  -28.755  -30.276 0.5000000000
69317  25.685  -28.821  -30.368 0.5000000000
69321  23.089  -28.179  -29.904 0.6999999881
69327  30.963  -28.157  -30.554 0.3000000119
69330  26.986  -28.370  -31.055 0.4000000060
69334  23.602  -28.219  -30.972 0.6000000238
69342  27.246  -28.180  -31.663 0.3000000119
70597  21.413  -27.002  -29.946 0.5000000000
70610  23.913  -28.165  -31.487 0.5000000000
70653  24.586  -27.855  -32.593 0.3000000119
71975  24.061  -27.336  -32.465 0.3000000119
71998  26.344  -27.417  -34.269 0.3000000119
73324  22.016  -25.757  -31.976 0.5000000000
73331  22.853  -25.952  -32.672 0.4000000060
73337  24.751  -25.993  -33.535 0.3000000119
73349  26.930  -26.248  -34.838 0.3000000119
73350  26.382  -26.017  -34.683 0.3000000119
74786  22.252  -25.515  -32.616 0.4000000060
74816  25.463  -25.710  -34.022 0.3000000119
76011  23.209  -24.848  -32.837 0.4000000060
76013  21.552  -24.378  -32.515 0.4000000060
76023  26.029  -24.086  -34.798 0.3000000119
77496  26.135  -23.699  -34.934 0.3000000119
78963  26.986  -23.154  -34.240 0.3000000119
78965  25.836  -23.004  -34.729 0.3000000119
80457  25.353  -22.488  -34.894 0.3000000119
80463  25.410  -21.969  -35.095 0.3000000119
80464  25.025  -21.719  -35.246 0.3000000119
81848  27.771  -21.488  -33.873 0.3000000119
81860  24.266  -21.453  -34.572 0.3000000119
81867  25.456  -21.404  -35.310 0.3000000119
83229  26.330  -20.650  -35.143 0.3000000119
201605  26.680  -48.536  -27.006 0.6000000238
202597  34.583  -44.218  -30.836 0.4000000060
203818  32.716  -39.888  -25.996 0.6000000238
204251  33.839  -44.323  -32.096 0.4000000060
205345  33.582  -38.322  -28.323 0.6999999881
206531  33.281  -38.363  -27.780 0.6999999881
207862  40.508  -40.738  -30.693 0.4000000060
208156  11.502  -47.252  -25.714 0.4000000060
208684  30.104  -28.467  -30.204 0.3000000119
210615  23.394  -46.541  -25.776 0.6000000238
210676  34.516  -39.998  -25.998 0.6000000238
210854  15.131  -46.411  -26.869 0.5000000000
210916  22.728  -38.809  -27.618 0.8999999762
211345  21.633  -34.363  -28.630 0.8000000119
211626  28.322  -28.011  -32.461 0.3000000119
211711  41.019  -39.029  -31.048 0.3000000119
213450  34.956  -40.445  -25.995 0.6000000238
214143  35.973  -44.167  -33.028 0.3000000119
214825  38.071  -36.133  -34.848 0.3000000119
214980  22.204  -34.444  -28.409 0.8000000119
215325  34.724  -37.395  -28.287 0.6999999881
215584  26.870  -38.139  -33.251 1.0000000000
216307  42.293  -39.877  -33.592 0.3000000119
216667  29.769  -44.882  -26.795 0.8000000119
217216  23.942  -43.907  -28.128 0.8999999762
217222  27.059  -48.735  -28.628 0.5000000000
217284  26.932  -36.138  -30.326 1.0000000000
217416  36.518  -35.755  -27.364 0.6000000238
218030  39.954  -39.211  -29.197 0.4000000060
218156  38.918  -38.205  -27.488 0.4000000060
218604  13.155  -49.079  -25.060 0.4000000060
219449  20.841  -30.436  -29.421 0.5000000000
219688  11.361  -44.976  -24.597 0.3000000119
220162  10.326  -45.027  -23.966 0.3000000119
220627  38.824  -36.067  -27.563 0.3000000119
221202  20.158  -31.392  -29.601 0.6000000238
222914  17.682  -46.927  -26.850 0.4000000060
223130  22.758  -30.915  -28.373 0.8999999762
223174  21.183  -40.948  -27.462 0.8999999762
223292  30.637  -35.150  -33.703 0.5000000000
223297  26.563  -24.155  -35.337 0.3000000119
223502  28.244  -22.393  -33.403 0.3000000119
223533  22.503  -33.374  -28.599 0.8000000119
224080  36.512  -44.647  -35.301 0.3000000119
224198  30.312  -30.822  -27.972 0.4000000060
224637  11.015  -45.432  -23.728 0.3000000119
225000  38.526  -38.244  -27.049 0.5000000000
225387  36.438  -37.527  -26.498 0.6000000238
225453  30.019  -46.091  -27.523 0.6999999881
225610  33.773  -41.264  -26.011 0.6000000238
225702  26.536  -30.932  -27.942 0.6000000238
225880  25.508  -30.761  -28.006 0.6999999881
226078  27.167  -32.196  -27.545 0.6999999881
226513  30.830  -45.922  -29.438 0.6999999881
227245  39.035  -33.500  -28.285 0.4000000060
228413  38.484  -43.668  -29.470 0.4000000060
228739  23.970  -36.230  -27.957 1.0000000000
228766  41.478  -40.244  -32.437 0.3000000119
229110  22.296  -36.581  -27.794 0.8999999762
230949  25.756  -28.066  -33.361 0.3000000119
231099  25.362  -29.425  -29.035 0.6999999881
231119  22.500  -31.525  -28.610 0.8000000119
231446  24.064  -49.062  -25.526 0.5000000000
231817  31.560  -46.531  -34.272 0.5000000000
232339  13.528  -45.507  -26.491 0.4000000060
232563  28.729  -45.689  -26.766 0.8000000119
232993  25.490  -33.026  -26.947 1.0000000000
233460  9.932  -49.014  -23.776 0.4000000060
233740  30.758  -43.362  -26.900 0.8000000119
234691  29.869  -31.231  -27.787 0.3000000119
234708  31.628  -43.814  -27.785 0.6999999881
235358  39.743  -40.393  -28.972 0.4000000060
235471  12.896  -44.367  -25.779 0.4000000060
235496  17.884  -41.371  -25.789 0.5000000000
236379  40.863  -38.719  -30.285 0.3000000119
236621  33.694  -43.898  -28.897 0.6000000238
237002  31.926  -44.535  -31.226 0.6000000238
237095  34.328  -44.171  -30.477 0.5000000000
237493  25.571  -28.263  -33.025 0.3000000119
238012  39.910  -41.157  -29.362 0.4000000060
238204  36.379  -37.507  -35.234 0.4000000060
238505  31.882  -31.960  -28.730 0.3000000119
239493  18.458  -44.696  -28.270 0.6000000238
239531  37.375  -33.440  -29.575 0.6000000238
239560  38.799  -37.082  -27.436 0.4000000060
239947  40.934  -38.868  -30.678 0.3000000119
240076  28.620  -47.720  -27.687 0.6999999881
240201  41.183  -42.038  -32.766 0.4000000060
240419  24.705  -22.530  -34.567 0.3000000119
240666  31.554  -44.532  -29.219 0.6999999881
242076  21.253  -38.428  -26.751 0.8999999762
242166  20.480  -32.827  -29.387 0.6999999881
242542  26.842  -43.647  -27.160 0.8000000119
242663  36.890  -38.636  -26.344 0.5000000000
