#!ascii label  , from subject sub-v2s11x28725_ses-1 vox2ras=TkReg
864
25981  14.572  -54.778  -25.857 0.6000000238
22786  20.393  -57.262  -22.057 0.6999999881
22798  20.096  -56.747  -23.036 0.6999999881
22855  18.533  -56.929  -25.613 0.8999999762
24950  16.904  -55.693  -25.564 0.8000000119
24951  16.242  -55.542  -25.816 0.8000000119
25963  14.727  -54.726  -25.198 0.6000000238
25964  14.148  -54.343  -25.441 0.6999999881
27022  13.449  -54.151  -25.573 0.6999999881
23901  20.183  -56.649  -21.468 0.6999999881
21564  20.304  -57.621  -20.685 0.6999999881
22787  20.010  -56.569  -22.270 0.6999999881
23921  18.992  -56.161  -22.945 0.6000000238
23930  18.830  -56.356  -23.537 0.6999999881
23943  18.723  -56.494  -24.149 0.6999999881
23932  17.675  -55.842  -23.859 0.8000000119
24921  17.089  -55.550  -24.047 0.8000000119
24935  17.038  -55.511  -24.843 0.8000000119
24936  16.406  -55.329  -25.138 0.8000000119
25962  15.319  -54.991  -24.948 0.6000000238
27010  13.664  -54.045  -24.986 0.6000000238
27011  12.918  -53.855  -25.168 0.6999999881
27023  12.610  -53.983  -25.764 0.6999999881
22774  20.210  -56.798  -20.630 0.5000000000
22753  20.086  -57.355  -20.044 0.6000000238
24880  19.148  -55.635  -21.243 0.4000000060
210935  19.617  -56.080  -21.688 0.6000000238
232874  18.049  -55.452  -21.772 0.5000000000
24901  17.175  -55.701  -22.526 0.6000000238
24908  17.741  -55.772  -23.142 0.8000000119
24910  16.608  -55.306  -23.467 0.6999999881
25946  16.078  -55.024  -23.636 0.6999999881
25940  15.044  -54.409  -23.723 0.6999999881
27003  13.779  -54.132  -24.244 0.5000000000
27004  13.107  -53.921  -24.498 0.6000000238
28114  11.699  -53.624  -24.443 0.6000000238
28122  11.429  -53.415  -25.131 0.6000000238
28129  10.939  -53.133  -25.614 0.5000000000
212368  19.678  -56.151  -19.593 0.5000000000
22728  19.817  -57.242  -19.391 0.6000000238
21531  19.542  -57.776  -18.910 0.6000000238
201589  19.976  -56.704  -19.852 0.5000000000
24890  17.272  -55.549  -21.861 0.5000000000
24891  16.662  -55.555  -21.957 0.6000000238
25922  15.505  -55.060  -21.712 0.6000000238
25933  15.007  -54.476  -22.917 0.6000000238
26986  13.793  -54.072  -23.005 0.5000000000
26996  13.262  -54.005  -23.641 0.5000000000
26988  12.660  -53.805  -23.366 0.6000000238
28115  11.236  -53.069  -24.369 0.6000000238
28123  11.171  -53.090  -24.936 0.5000000000
29203  10.646  -52.014  -25.551 0.5000000000
29215  11.045  -51.877  -25.929 0.5000000000
22710  19.624  -57.032  -18.716 0.5000000000
22692  19.006  -57.380  -17.744 0.5000000000
24872  19.321  -55.590  -20.627 0.5000000000
24881  18.747  -55.198  -20.904 0.4000000060
26956  17.318  -54.292  -20.122 0.3000000119
25910  17.000  -54.816  -20.897 0.4000000060
26966  15.999  -54.490  -20.333 0.3000000119
26958  16.283  -53.588  -19.975 0.3000000119
25920  16.791  -55.341  -21.309 0.5000000000
26976  15.088  -54.491  -21.349 0.5000000000
26969  14.213  -53.628  -21.591 0.5000000000
26978  13.772  -53.799  -22.217 0.5000000000
26987  13.156  -53.840  -22.876 0.5000000000
28095  12.536  -53.513  -22.861 0.6000000238
28105  11.359  -53.003  -23.636 0.6000000238
29204  10.271  -52.796  -24.887 0.5000000000
30438  11.391  -51.588  -25.700 0.5000000000
23868  19.580  -56.518  -18.332 0.5000000000
202209  19.661  -56.188  -18.895 0.5000000000
25890  19.106  -54.925  -19.304 0.5000000000
25891  18.487  -54.481  -19.771 0.4000000060
25900  18.330  -54.866  -20.449 0.5000000000
26947  17.017  -53.912  -19.272 0.4000000060
26948  16.635  -53.826  -19.218 0.3000000119
26959  15.657  -53.770  -20.436 0.3000000119
28079  14.605  -53.270  -21.159 0.4000000060
242209  13.875  -53.424  -21.854 0.5000000000
28094  13.085  -53.508  -22.423 0.4000000060
29195  10.446  -52.805  -24.231 0.5000000000
30409  9.866  -51.785  -24.159 0.5000000000
29205  10.022  -52.317  -24.618 0.5000000000
30437  12.536  -51.543  -25.301 0.5000000000
30417  11.948  -51.437  -25.169 0.4000000060
30418  10.896  -51.671  -25.419 0.5000000000
215987  19.846  -55.952  -17.574 0.5000000000
24855  19.740  -55.890  -18.222 0.5000000000
228802  19.595  -55.434  -18.847 0.5000000000
26945  18.510  -53.687  -19.482 0.4000000060
28064  17.816  -53.336  -19.197 0.4000000060
29146  17.087  -52.812  -19.548 0.3000000119
28072  15.812  -52.965  -20.285 0.3000000119
29158  14.865  -52.654  -21.042 0.4000000060
234221  14.099  -52.244  -21.575 0.4000000060
211153  13.615  -51.950  -21.808 0.4000000060
28080  14.028  -53.113  -21.556 0.4000000060
29171  13.115  -52.552  -21.942 0.4000000060
29172  12.491  -52.473  -22.184 0.5000000000
30396  11.230  -51.589  -22.609 0.5000000000
29186  11.064  -52.611  -23.225 0.6000000238
222255  10.070  -51.396  -24.556 0.4000000060
31622  10.685  -51.341  -24.781 0.5000000000
24842  20.082  -55.353  -17.741 0.4000000060
26937  19.163  -53.459  -19.158 0.4000000060
25882  19.566  -54.672  -18.759 0.4000000060
29135  18.229  -52.624  -19.224 0.4000000060
30365  17.498  -52.050  -20.356 0.4000000060
29156  16.149  -52.327  -20.506 0.4000000060
30392  15.678  -51.549  -21.752 0.4000000060
30381  15.260  -52.095  -21.354 0.4000000060
30382  14.597  -52.211  -21.436 0.4000000060
216245  13.964  -51.402  -22.045 0.4000000060
30394  12.859  -51.962  -22.063 0.5000000000
31588  11.984  -51.251  -22.275 0.5000000000
31589  11.436  -50.893  -22.531 0.6000000238
30410  9.756  -51.190  -23.827 0.5000000000
32807  9.748  -49.817  -23.866 0.4000000060
30421  9.837  -51.121  -24.211 0.4000000060
25873  20.487  -54.751  -17.555 0.4000000060
28062  19.409  -53.052  -19.440 0.4000000060
26927  19.970  -54.200  -18.474 0.4000000060
29134  18.916  -52.694  -19.609 0.4000000060
238568  17.097  -51.936  -20.728 0.4000000060
31585  15.384  -51.014  -22.118 0.4000000060
31586  14.591  -51.063  -22.093 0.4000000060
228294  13.314  -51.350  -22.248 0.4000000060
210215  12.703  -50.877  -22.463 0.5000000000
32789  11.507  -50.167  -22.704 0.4000000060
31591  10.274  -50.610  -23.049 0.6000000238
26926  20.556  -54.107  -18.019 0.4000000060
28061  20.180  -52.971  -19.418 0.4000000060
29143  19.351  -52.309  -20.151 0.4000000060
222347  18.232  -51.895  -20.246 0.4000000060
31576  17.741  -51.100  -21.577 0.4000000060
31597  16.563  -50.607  -22.497 0.4000000060
31584  16.078  -50.984  -22.101 0.4000000060
31599  15.086  -50.456  -22.364 0.3000000119
32799  14.285  -49.756  -22.560 0.3000000119
32786  13.823  -50.309  -22.632 0.4000000060
34020  11.998  -49.505  -22.834 0.4000000060
208296  10.904  -49.371  -22.927 0.4000000060
32790  10.597  -50.043  -22.869 0.5000000000
26917  20.903  -54.245  -17.281 0.4000000060
236476  18.534  -51.489  -20.719 0.4000000060
213788  18.432  -51.041  -21.200 0.4000000060
229249  17.557  -50.267  -22.344 0.3000000119
32796  16.441  -50.020  -22.754 0.3000000119
32797  15.368  -49.893  -22.531 0.3000000119
34031  14.790  -49.291  -22.708 0.3000000119
34018  13.613  -49.685  -22.754 0.3000000119
35284  11.640  -48.811  -23.001 0.4000000060
35298  11.452  -48.278  -23.307 0.4000000060
29126  20.849  -52.850  -19.264 0.3000000119
29142  20.147  -52.218  -20.166 0.3000000119
30377  19.160  -51.192  -20.952 0.3000000119
31575  18.933  -50.630  -21.586 0.3000000119
32785  18.077  -50.200  -22.309 0.3000000119
206917  16.958  -49.524  -22.894 0.3000000119
34029  16.252  -49.350  -22.925 0.4000000060
35293  15.962  -48.594  -23.086 0.4000000060
35294  15.148  -48.702  -22.978 0.3000000119
231673  14.542  -48.749  -22.916 0.3000000119
34033  13.373  -49.016  -22.886 0.3000000119
36539  12.747  -47.682  -23.184 0.4000000060
204437  11.832  -47.611  -23.427 0.4000000060
36541  11.138  -47.150  -23.681 0.4000000060
204289  16.780  -48.818  -23.236 0.4000000060
36553  15.576  -47.351  -23.309 0.4000000060
230320  14.942  -47.554  -23.329 0.4000000060
36537  14.266  -47.653  -23.204 0.3000000119
36538  13.530  -47.721  -23.257 0.4000000060
36556  13.174  -47.079  -23.413 0.4000000060
39087  12.616  -45.782  -23.412 0.4000000060
233117  12.531  -47.119  -23.433 0.4000000060
36540  11.987  -46.802  -23.519 0.4000000060
235692  15.133  -47.028  -23.496 0.4000000060
37840  14.166  -46.468  -23.463 0.5000000000
217224  13.754  -45.989  -23.553 0.4000000060
39086  13.128  -45.798  -23.492 0.4000000060
39068  11.383  -46.015  -23.680 0.3000000119
40350  12.494  -44.974  -23.518 0.3000000119
25980  15.192  -54.992  -25.667 0.6999999881
23961  17.947  -56.223  -25.006 0.8000000119
25949  14.243  -54.465  -24.714 0.6000000238
24922  16.415  -55.204  -24.312 0.6999999881
25948  14.879  -54.683  -24.477 0.6999999881
29216  10.389  -52.853  -25.733 0.6000000238
221224  18.572  -55.354  -21.390 0.4000000060
24882  17.432  -55.160  -21.268 0.4000000060
24902  16.628  -55.545  -22.670 0.6999999881
25938  16.113  -55.070  -22.949 0.6999999881
25941  14.444  -54.250  -24.023 0.6999999881
24864  18.944  -55.075  -19.883 0.5000000000
25923  14.949  -54.659  -22.116 0.5000000000
239895  15.506  -54.343  -20.782 0.4000000060
28086  12.600  -53.030  -22.313 0.6000000238
29196  10.153  -52.319  -23.832 0.5000000000
30397  10.512  -51.558  -23.117 0.6000000238
30391  16.353  -51.460  -21.648 0.3000000119
32787  13.158  -50.254  -22.698 0.4000000060
28053  21.104  -52.985  -18.707 0.4000000060
34032  14.098  -49.147  -22.803 0.3000000119
35295  13.953  -48.402  -23.011 0.3000000119
36555  13.870  -47.075  -23.399 0.3000000119
212453  11.807  -45.449  -23.470 0.3000000119
19419  18.198  -59.603  -27.818 0.6000000238
229177  17.959  -59.916  -28.252 0.6000000238
19460  15.930  -59.825  -29.756 0.6000000238
19462  14.637  -59.736  -29.878 0.6000000238
16125  20.086  -61.663  -28.036 0.5000000000
17140  19.694  -60.933  -27.758 0.6000000238
19396  19.152  -59.326  -27.213 0.6999999881
19417  19.336  -59.862  -27.416 0.6999999881
17141  19.104  -60.763  -28.284 0.6000000238
19420  17.596  -59.457  -28.103 0.6000000238
19438  16.909  -59.407  -28.358 0.6000000238
19439  16.311  -59.288  -28.674 0.6000000238
20608  15.698  -59.115  -28.938 0.6000000238
19448  15.475  -59.499  -29.380 0.6000000238
20620  14.413  -59.200  -29.618 0.6000000238
21757  12.817  -58.785  -30.002 0.6999999881
17123  20.630  -60.935  -26.885 0.6000000238
19382  20.161  -59.101  -26.483 0.6999999881
17139  20.300  -61.321  -27.418 0.5000000000
18264  20.238  -60.309  -26.938 0.6999999881
18265  19.687  -60.346  -27.320 0.6999999881
20563  18.244  -58.570  -27.163 0.6999999881
20584  17.846  -59.025  -27.565 0.6999999881
20598  16.504  -58.945  -28.224 0.5000000000
207573  14.973  -58.972  -29.196 0.6000000238
21745  13.614  -58.017  -29.230 0.6000000238
21756  13.308  -58.406  -29.488 0.6999999881
21746  12.859  -57.895  -29.264 0.6999999881
21765  11.653  -58.365  -30.098 0.6999999881
21758  11.109  -57.804  -30.089 0.6999999881
26064  16.376  -55.176  -31.303 0.4000000060
25011  13.270  -55.405  -31.334 0.5000000000
25013  11.812  -55.455  -31.269 0.6000000238
24051  10.979  -56.430  -31.421 0.6000000238
22912  10.805  -57.248  -30.294 0.6999999881
16069  21.277  -61.914  -24.527 0.5000000000
233383  21.527  -60.925  -25.026 0.5000000000
19380  21.300  -59.683  -25.635 0.6000000238
17114  21.386  -61.022  -25.698 0.5000000000
20541  20.491  -58.645  -25.968 0.6999999881
18252  21.192  -60.338  -26.003 0.5000000000
17115  21.036  -60.789  -26.356 0.6000000238
20542  19.982  -58.314  -26.471 0.6999999881
20561  19.523  -58.899  -26.781 0.6999999881
21705  18.610  -58.158  -26.713 0.6999999881
20585  17.038  -58.871  -27.768 0.6999999881
21743  15.352  -58.531  -28.718 0.6000000238
204644  14.243  -57.781  -28.874 0.6000000238
22903  13.410  -57.451  -29.033 0.6999999881
22905  11.683  -57.341  -28.966 0.6999999881
22911  11.126  -57.397  -29.424 0.6999999881
24032  10.638  -56.512  -30.699 0.6000000238
25015  10.463  -55.894  -30.284 0.6000000238
18199  20.645  -60.538  -22.703 0.5000000000
16035  20.161  -61.755  -23.081 0.4000000060
19362  21.348  -60.074  -24.291 0.5000000000
18218  20.910  -60.817  -23.226 0.5000000000
18233  21.462  -60.517  -24.681 0.5000000000
211225  21.364  -58.746  -24.019 0.6000000238
20510  21.458  -59.345  -24.491 0.6000000238
21666  20.272  -57.738  -25.268 0.6999999881
20524  20.651  -58.285  -25.375 0.6000000238
21687  20.121  -58.031  -25.789 0.6999999881
21689  18.906  -57.761  -26.228 0.6999999881
21721  17.558  -58.401  -27.294 0.6999999881
21724  15.928  -57.642  -27.846 0.6999999881
21734  15.691  -58.072  -28.319 0.6999999881
22894  14.679  -57.191  -28.463 0.6999999881
22895  13.966  -56.945  -28.744 0.6999999881
24017  13.068  -56.922  -28.611 0.8000000119
22906  11.246  -56.853  -28.989 0.6999999881
26050  12.132  -54.860  -30.922 0.5000000000
26052  10.651  -55.199  -30.413 0.6000000238
24026  10.394  -55.889  -29.699 0.6000000238
18200  20.083  -60.898  -22.380 0.4000000060
19340  21.219  -59.402  -22.917 0.6000000238
19350  21.326  -59.594  -23.701 0.6000000238
21631  21.190  -58.276  -23.492 0.6000000238
21647  21.073  -57.981  -24.191 0.6000000238
22822  19.493  -57.048  -24.487 0.6000000238
224465  18.854  -56.907  -25.089 0.6999999881
21668  19.111  -57.300  -25.668 0.6999999881
22867  17.843  -57.323  -26.692 0.6999999881
21706  18.030  -57.938  -26.931 0.6999999881
23985  17.022  -56.407  -26.587 0.8000000119
22869  16.627  -56.756  -27.097 0.8000000119
22883  15.621  -57.014  -27.708 0.6000000238
24006  14.373  -56.538  -28.264 0.6000000238
24009  11.885  -56.141  -28.278 0.8000000119
24018  12.087  -56.790  -28.627 0.6999999881
27105  13.211  -54.074  -30.563 0.5000000000
26032  11.597  -54.302  -30.537 0.6000000238
26021  10.286  -54.778  -29.484 0.6999999881
27106  12.409  -54.123  -30.614 0.6000000238
19324  20.134  -60.099  -21.478 0.5000000000
19302  19.060  -59.966  -20.722 0.4000000060
18152  17.724  -60.277  -20.603 0.4000000060
19322  21.084  -59.212  -22.269 0.5000000000
18176  20.391  -60.311  -22.108 0.5000000000
21618  21.140  -58.620  -22.775 0.6000000238
21632  20.877  -57.614  -23.597 0.6000000238
22807  19.831  -56.839  -23.633 0.6000000238
22823  19.041  -56.873  -24.543 0.6999999881
22856  18.169  -57.071  -26.126 0.8000000119
23974  17.329  -56.144  -25.964 0.8000000119
210080  15.855  -55.910  -26.961 0.6000000238
228920  14.597  -55.795  -27.359 0.6000000238
24976  13.089  -55.877  -28.007 0.6999999881
26011  10.936  -54.758  -28.276 0.6999999881
26033  10.860  -54.538  -30.282 0.6000000238
27076  10.490  -54.110  -29.050 0.6000000238
28165  10.805  -52.872  -28.885 0.6000000238
27089  11.927  -53.750  -29.990 0.6000000238
27075  10.704  -53.600  -29.263 0.6000000238
20439  20.153  -58.346  -20.804 0.5000000000
19285  19.496  -59.411  -20.617 0.5000000000
19287  18.370  -59.814  -20.392 0.5000000000
220308  17.798  -59.793  -20.149 0.5000000000
21586  20.479  -57.989  -21.246 0.5000000000
20449  20.467  -58.658  -21.284 0.5000000000
22797  20.517  -57.422  -22.889 0.6000000238
24964  16.090  -55.660  -26.483 0.6999999881
24953  15.012  -55.164  -26.303 0.6000000238
24967  14.036  -55.473  -27.098 0.6000000238
26000  13.190  -55.466  -27.353 0.6000000238
24977  12.399  -55.401  -27.698 0.6999999881
25992  12.244  -54.739  -27.112 0.6000000238
26002  10.633  -54.022  -27.765 0.6000000238
218089  10.524  -53.987  -28.401 0.6999999881
27088  12.702  -53.257  -30.207 0.5000000000
29302  12.189  -52.501  -28.903 0.4000000060
21565  19.947  -58.092  -20.212 0.5000000000
20425  18.770  -58.978  -19.490 0.5000000000
20426  18.030  -59.130  -19.305 0.5000000000
20415  16.884  -58.980  -18.711 0.5000000000
20416  16.087  -59.127  -18.606 0.5000000000
20418  14.509  -58.620  -18.542 0.5000000000
25982  13.828  -54.692  -25.987 0.6000000238
27038  12.240  -54.325  -26.298 0.6000000238
25993  11.288  -53.915  -26.720 0.4000000060
27052  10.380  -53.517  -27.085 0.5000000000
28144  10.295  -52.617  -27.230 0.4000000060
28154  11.130  -52.421  -28.463 0.4000000060
28155  10.505  -52.618  -28.177 0.5000000000
21549  19.701  -57.908  -19.588 0.6000000238
20413  18.528  -58.673  -18.917 0.5000000000
20414  17.729  -58.875  -18.668 0.5000000000
20402  16.536  -58.796  -18.076 0.5000000000
21519  15.514  -58.381  -17.705 0.5000000000
21520  14.632  -58.156  -17.891 0.5000000000
22694  14.091  -57.655  -17.673 0.4000000060
205709  12.851  -57.135  -17.933 0.5000000000
22696  12.203  -56.762  -18.104 0.4000000060
202208  11.269  -56.219  -18.272 0.4000000060
23856  10.403  -56.450  -18.243 0.4000000060
27024  11.611  -53.753  -25.829 0.6000000238
27025  10.388  -53.182  -25.847 0.4000000060
232653  10.046  -52.343  -26.517 0.4000000060
216316  11.342  -52.125  -27.889 0.4000000060
21515  18.707  -57.851  -18.074 0.5000000000
236189  17.508  -58.461  -17.769 0.4000000060
21518  16.157  -58.376  -17.510 0.4000000060
21503  15.452  -58.124  -17.242 0.5000000000
23837  14.608  -56.791  -16.631 0.4000000060
22677  13.770  -56.963  -17.388 0.5000000000
23838  14.024  -56.476  -16.797 0.4000000060
24845  12.779  -55.776  -17.204 0.5000000000
23854  12.741  -56.556  -17.583 0.5000000000
25866  12.411  -55.081  -16.823 0.3000000119
24846  11.219  -55.339  -17.343 0.3000000119
25868  10.163  -54.596  -17.171 0.3000000119
29233  10.615  -52.037  -26.027 0.4000000060
22693  18.346  -57.749  -17.527 0.5000000000
22673  17.321  -57.803  -16.590 0.5000000000
22674  16.544  -57.668  -16.429 0.4000000060
23853  19.322  -56.935  -17.369 0.4000000060
21500  18.120  -57.745  -16.789 0.4000000060
22660  17.071  -57.375  -16.038 0.4000000060
218093  16.469  -56.463  -15.491 0.4000000060
23836  19.140  -56.914  -16.699 0.4000000060
23824  18.198  -56.874  -15.955 0.4000000060
23825  17.498  -56.907  -15.821 0.4000000060
23809  19.323  -56.325  -15.676 0.4000000060
221211  17.532  -56.255  -14.916 0.4000000060
24829  16.311  -55.628  -15.259 0.4000000060
220253  15.957  -55.046  -15.212 0.4000000060
23810  18.589  -56.472  -15.511 0.4000000060
24843  19.949  -55.653  -17.056 0.3000000119
24818  17.523  -55.634  -14.568 0.4000000060
25849  16.488  -54.942  -14.988 0.4000000060
26901  15.973  -54.504  -15.021 0.4000000060
25865  20.143  -55.276  -16.558 0.4000000060
26903  14.902  -53.791  -15.678 0.4000000060
28013  15.346  -52.808  -15.121 0.4000000060
25845  20.332  -54.833  -16.070 0.3000000119
25846  19.948  -54.917  -15.314 0.4000000060
25837  18.677  -54.758  -14.398 0.4000000060
26890  17.304  -54.324  -14.476 0.4000000060
209658  16.890  -53.781  -14.669 0.4000000060
28020  16.144  -53.776  -15.017 0.4000000060
28010  17.128  -53.187  -14.411 0.3000000119
25990  14.216  -55.286  -26.356 0.6000000238
219627  20.788  -58.000  -22.328 0.5000000000
25983  13.103  -54.490  -26.043 0.6000000238
29250  10.549  -51.969  -26.425 0.4000000060
18315  16.513  -60.040  -29.511 0.6000000238
21747  11.843  -57.835  -29.363 0.6999999881
22904  12.455  -57.423  -28.920 0.6999999881
25010  14.060  -55.503  -31.212 0.5000000000
26048  13.627  -54.824  -30.906 0.5000000000
25031  12.239  -55.915  -31.655 0.5000000000
25012  12.555  -55.334  -31.433 0.4000000060
25014  10.978  -55.722  -31.031 0.6000000238
17074  21.079  -61.042  -23.804 0.5000000000
22882  16.234  -57.161  -27.499 0.6999999881
25001  10.314  -55.346  -29.845 0.6000000238
21665  20.755  -57.751  -24.850 0.6000000238
22893  15.304  -57.475  -28.074 0.6999999881
24007  13.584  -56.410  -28.326 0.8000000119
24010  11.087  -55.580  -28.684 0.6999999881
18177  19.783  -60.610  -21.844 0.4000000060
23998  15.929  -56.452  -27.327 0.6000000238
23999  14.756  -56.276  -27.664 0.6000000238
24985  11.723  -55.463  -28.071 0.6999999881
27087  13.743  -53.326  -30.123 0.5000000000
27104  14.041  -54.139  -30.591 0.5000000000
24986  10.491  -54.744  -28.920 0.6999999881
27091  10.495  -54.274  -29.671 0.6000000238
24966  14.794  -55.488  -26.903 0.6999999881
230726  13.952  -56.018  -27.687 0.6999999881
27063  10.498  -53.300  -27.804 0.6000000238
27074  11.289  -53.301  -29.498 0.6000000238
28164  11.686  -52.862  -29.069 0.6000000238
19286  19.018  -59.318  -20.160 0.5000000000
19273  18.279  -59.442  -19.832 0.5000000000
19274  17.522  -59.461  -19.773 0.4000000060
25991  13.293  -54.973  -26.615 0.6000000238
233681  11.236  -54.169  -27.293 0.6000000238
22697  11.646  -56.559  -18.449 0.3000000119
207946  10.198  -53.069  -26.233 0.5000000000
206379  10.618  -51.796  -27.178 0.4000000060
21504  14.841  -57.806  -17.252 0.5000000000
23840  12.069  -56.275  -17.480 0.4000000060
24851  10.094  -55.628  -17.910 0.4000000060
24825  19.607  -55.674  -15.447 0.4000000060
24817  18.440  -55.469  -14.526 0.4000000060
20597  26.336  -58.757  -28.722 0.3000000119
21732  25.763  -58.175  -28.521 0.3000000119
20649  15.798  -58.694  -32.243 0.4000000060
20642  17.671  -58.652  -31.774 0.4000000060
221752  18.281  -59.095  -31.614 0.4000000060
19474  18.837  -59.091  -31.107 0.4000000060
222954  14.812  -58.266  -32.692 0.4000000060
20655  13.628  -58.692  -33.369 0.4000000060
20656  12.572  -58.635  -33.562 0.4000000060
19506  10.841  -59.908  -33.701 0.5000000000
19507  10.357  -59.841  -33.614 0.5000000000
22929  17.234  -57.370  -32.181 0.4000000060
221596  16.109  -58.180  -32.114 0.5000000000
211652  14.493  -58.863  -32.963 0.5000000000
18384  10.809  -60.542  -33.332 0.5000000000
21774  18.064  -57.931  -32.088 0.5000000000
20643  16.867  -58.430  -32.032 0.5000000000
231997  19.146  -57.364  -31.905 0.5000000000
20631  18.916  -58.316  -31.288 0.4000000060
21764  19.415  -58.019  -30.982 0.4000000060
231180  19.766  -58.270  -30.637 0.4000000060
21763  20.183  -58.287  -30.188 0.4000000060
22910  21.095  -57.761  -29.480 0.3000000119
21753  22.374  -58.483  -29.805 0.4000000060
220632  15.596  -56.938  -32.127 0.4000000060
22947  13.980  -57.129  -32.563 0.4000000060
225057  13.222  -57.346  -32.732 0.4000000060
22930  16.213  -57.199  -32.057 0.4000000060
22931  15.493  -57.333  -32.411 0.4000000060
22946  14.653  -57.316  -32.654 0.4000000060
228986  12.648  -58.163  -33.312 0.4000000060
20652  11.981  -58.285  -33.224 0.5000000000
231199  10.830  -58.671  -33.247 0.5000000000
24043  17.657  -56.695  -32.263 0.4000000060
21777  15.922  -57.669  -32.207 0.4000000060
20644  15.385  -57.915  -32.567 0.4000000060
21785  11.475  -57.756  -32.845 0.5000000000
21787  10.710  -58.423  -32.967 0.5000000000
19492  10.537  -59.180  -32.532 0.5000000000
19491  10.783  -59.598  -32.136 0.6000000238
20646  11.431  -59.236  -31.268 0.6000000238
19490  11.787  -59.868  -31.517 0.6000000238
20634  10.994  -58.678  -30.843 0.6000000238
19478  12.683  -59.962  -30.930 0.5000000000
22917  20.153  -57.036  -30.254 0.4000000060
20621  13.681  -59.001  -29.692 0.5000000000
240272  20.937  -57.196  -29.534 0.4000000060
22902  21.579  -57.207  -29.432 0.4000000060
21742  21.899  -57.833  -29.437 0.4000000060
222299  13.428  -56.861  -32.451 0.4000000060
22948  12.591  -56.853  -32.294 0.5000000000
22933  11.350  -57.072  -32.376 0.5000000000
22934  10.555  -56.893  -31.974 0.5000000000
20648  10.392  -58.389  -32.025 0.5000000000
22919  10.652  -57.085  -31.205 0.5000000000
20635  10.334  -58.200  -31.378 0.6000000238
21766  10.552  -57.717  -30.921 0.6000000238
20604  26.386  -59.049  -29.521 0.3000000119
21704  26.040  -57.882  -26.916 0.3000000119
24962  24.445  -55.645  -26.724 0.3000000119
232008  16.597  -56.102  -31.965 0.4000000060
240225  15.689  -56.249  -31.671 0.4000000060
225688  14.709  -56.570  -32.203 0.4000000060
24065  13.860  -56.713  -32.372 0.4000000060
25029  13.699  -55.939  -31.762 0.4000000060
24050  11.694  -56.490  -31.882 0.5000000000
24049  12.590  -56.260  -32.020 0.4000000060
25032  11.535  -55.986  -31.513 0.5000000000
208889  12.054  -58.943  -30.621 0.6000000238
20632  13.343  -59.406  -30.024 0.5000000000
24047  14.098  -56.402  -32.166 0.4000000060
210648  14.209  -58.208  -32.900 0.4000000060
18365  11.220  -60.281  -32.479 0.5000000000
23996  23.633  -55.977  -27.868 0.3000000119
24064  14.418  -56.885  -32.388 0.4000000060
233879  12.265  -57.325  -32.683 0.5000000000
21779  10.374  -58.028  -32.349 0.5000000000
20636  10.122  -57.976  -31.876 0.6000000238
34034  12.545  -48.922  -22.959 0.3000000119
16050  20.980  -61.664  -23.931 0.5000000000
17031  19.391  -61.095  -22.258 0.4000000060
17075  20.755  -61.467  -23.337 0.4000000060
17092  21.328  -61.168  -24.450 0.5000000000
17105  21.544  -61.496  -25.086 0.5000000000
17124  20.064  -60.793  -27.246 0.6999999881
18156  19.452  -60.296  -21.299 0.4000000060
18198  21.131  -60.147  -23.093 0.6000000238
18217  21.173  -60.407  -23.713 0.5000000000
18242  21.469  -60.397  -25.323 0.5000000000
18253  20.820  -60.300  -26.590 0.6000000238
18279  19.211  -60.300  -27.785 0.6000000238
18280  18.481  -60.295  -28.017 0.6000000238
18299  17.453  -59.950  -28.676 0.6000000238
19288  17.193  -59.911  -20.239 0.5000000000
19300  20.296  -59.373  -21.376 0.5000000000
19301  19.749  -59.745  -21.026 0.5000000000
19303  18.383  -60.265  -20.786 0.4000000060
19323  20.641  -59.659  -21.891 0.5000000000
19341  20.994  -59.911  -22.444 0.6000000238
19372  21.467  -59.878  -24.916 0.6000000238
19381  20.870  -59.256  -26.173 0.6999999881
19394  20.535  -59.724  -26.633 0.6999999881
19395  19.776  -59.670  -26.947 0.6999999881
19418  18.828  -59.739  -27.636 0.6999999881
19447  16.110  -59.578  -29.208 0.6000000238
19449  14.934  -59.505  -29.531 0.6000000238
19461  15.258  -59.792  -29.817 0.6000000238
19463  13.966  -59.595  -29.941 0.5000000000
19493  10.611  -58.705  -32.750 0.5000000000
19500  10.420  -59.964  -33.183 0.5000000000
19508  10.561  -59.447  -33.387 0.5000000000
20400  17.758  -58.580  -18.131 0.5000000000
20401  17.251  -58.745  -18.116 0.5000000000
20403  15.775  -58.771  -18.057 0.5000000000
20404  15.112  -58.587  -18.023 0.5000000000
20417  15.262  -59.131  -18.517 0.5000000000
20424  19.353  -58.557  -19.868 0.5000000000
20427  17.232  -59.175  -19.305 0.4000000060
20440  19.679  -58.812  -20.404 0.5000000000
20450  19.960  -59.042  -20.928 0.5000000000
20468  20.935  -58.623  -22.156 0.5000000000
20469  20.754  -58.968  -21.758 0.5000000000
20493  21.318  -58.911  -23.371 0.6000000238
20523  21.255  -58.557  -24.824 0.6000000238
20540  21.012  -58.959  -25.493 0.6000000238
20543  19.246  -58.276  -26.553 0.6999999881
20562  18.873  -58.736  -26.967 0.6999999881
20582  26.339  -58.576  -27.960 0.3000000119
20583  18.533  -59.152  -27.421 0.6999999881
20586  16.360  -58.293  -27.992 0.6999999881
20599  16.023  -58.674  -28.546 0.6000000238
20609  14.155  -58.533  -29.272 0.6000000238
20630  19.368  -58.582  -30.849 0.4000000060
20633  12.765  -59.514  -30.357 0.5000000000
20641  18.462  -58.541  -31.761 0.4000000060
20645  12.190  -59.500  -30.898 0.5000000000
20647  10.594  -58.875  -31.671 0.6000000238
20650  15.159  -58.720  -32.607 0.5000000000
20651  13.332  -58.015  -33.174 0.4000000060
20653  11.143  -58.287  -33.271 0.5000000000
20654  10.516  -59.333  -33.556 0.5000000000
20657  11.335  -58.971  -33.423 0.5000000000
20658  10.843  -58.930  -33.362 0.5000000000
21501  17.570  -58.095  -17.306 0.5000000000
21502  15.993  -57.898  -16.893 0.4000000060
21516  18.015  -58.122  -17.886 0.5000000000
21517  16.984  -58.561  -17.546 0.4000000060
21532  19.014  -58.116  -18.607 0.6000000238
21533  18.241  -58.282  -18.436 0.5000000000
21550  19.231  -58.390  -19.176 0.6000000238
21607  20.729  -58.323  -21.726 0.5000000000
21619  20.962  -57.973  -23.014 0.6000000238
21648  20.618  -57.342  -24.249 0.6000000238
21649  20.098  -57.277  -24.815 0.6000000238
21667  19.753  -57.519  -25.445 0.6999999881
21688  19.511  -57.859  -26.023 0.6999999881
21690  18.411  -57.548  -26.516 0.6999999881
21707  17.426  -57.682  -27.136 0.6999999881
21719  25.832  -58.143  -27.619 0.3000000119
21722  16.932  -58.078  -27.511 0.6999999881
21723  16.440  -57.731  -27.626 0.6999999881
21735  14.998  -57.916  -28.518 0.6999999881
21741  22.746  -57.959  -29.257 0.4000000060
21744  14.758  -58.342  -28.920 0.6000000238
21767  10.112  -57.555  -31.800 0.6000000238
21773  19.141  -57.719  -31.605 0.4000000060
21775  17.310  -58.047  -32.088 0.5000000000
21776  16.585  -57.812  -32.111 0.4000000060
21778  10.460  -57.450  -32.446 0.5000000000
21782  14.808  -57.721  -32.807 0.4000000060
21783  14.081  -57.609  -32.839 0.4000000060
21784  12.533  -57.784  -33.046 0.5000000000
21786  10.752  -58.109  -32.837 0.5000000000
22647  16.902  -56.980  -15.588 0.4000000060
22658  18.526  -57.238  -16.455 0.4000000060
22659  17.811  -57.363  -16.268 0.4000000060
22672  18.770  -57.357  -17.102 0.4000000060
22676  14.400  -57.132  -17.107 0.5000000000
22678  13.225  -56.886  -17.583 0.5000000000
22691  19.449  -57.005  -18.028 0.5000000000
22695  13.437  -57.351  -17.830 0.5000000000
22711  19.364  -57.604  -18.280 0.6000000238
22773  20.394  -57.333  -21.286 0.5000000000
22806  20.342  -57.143  -23.612 0.6000000238
22808  19.270  -56.818  -23.962 0.6999999881
22821  19.965  -57.043  -24.150 0.6000000238
22824  18.668  -56.588  -24.669 0.6999999881
22840  19.372  -57.151  -25.009 0.6999999881
22841  18.394  -56.538  -25.087 0.8000000119
22868  17.222  -57.063  -26.863 0.8000000119
22881  16.828  -57.405  -27.312 0.8000000119
22884  15.012  -56.829  -27.946 0.6999999881
22901  22.223  -57.376  -29.058 0.4000000060
22927  18.697  -57.476  -32.082 0.5000000000
22928  18.027  -57.257  -32.227 0.5000000000
22932  15.084  -56.979  -32.510 0.4000000060
22945  15.133  -57.405  -32.751 0.4000000060
23811  17.870  -56.573  -15.376 0.4000000060
23812  17.179  -56.571  -15.299 0.4000000060
23823  18.913  -56.773  -16.076 0.4000000060
23835  19.569  -56.321  -17.001 0.5000000000
23839  13.337  -56.417  -17.206 0.5000000000
23841  11.492  -55.972  -17.612 0.4000000060
23852  19.645  -56.468  -17.755 0.5000000000
23855  11.731  -56.347  -17.989 0.4000000060
23869  11.139  -56.831  -18.782 0.3000000119
23883  19.790  -56.664  -19.285 0.6000000238
23892  19.738  -56.162  -20.258 0.5000000000
23902  19.774  -56.116  -20.967 0.4000000060
23911  19.267  -56.095  -22.346 0.6999999881
23920  19.573  -56.402  -22.797 0.6999999881
23922  18.325  -55.990  -23.035 0.6999999881
23929  19.465  -56.500  -23.346 0.6999999881
23931  18.260  -56.096  -23.701 0.8000000119
23944  18.214  -56.208  -24.445 0.8000000119
23945  17.568  -55.913  -24.565 0.8000000119
23962  17.502  -55.946  -25.281 0.8000000119
23973  17.961  -56.481  -25.640 0.8999999762
23975  16.733  -55.833  -26.271 0.6999999881
23984  24.590  -56.152  -27.142 0.3000000119
23986  16.400  -56.147  -26.813 0.6000000238
24004  23.934  -56.622  -28.190 0.3000000119
24008  12.748  -56.319  -28.314 0.8000000119
24015  21.804  -56.646  -29.111 0.4000000060
24019  10.850  -56.138  -29.179 0.6000000238
24025  10.725  -56.636  -29.730 0.6000000238
24044  16.806  -56.648  -32.094 0.4000000060
24045  16.021  -56.553  -31.811 0.4000000060
24046  15.289  -56.504  -31.945 0.4000000060
24048  13.324  -56.375  -32.171 0.4000000060
24826  18.952  -55.920  -15.105 0.4000000060
24827  18.176  -56.096  -14.950 0.4000000060
24828  16.971  -56.014  -15.049 0.4000000060
24830  15.644  -55.404  -15.619 0.4000000060
24835  19.758  -55.920  -16.218 0.4000000060
24844  13.438  -55.892  -16.619 0.5000000000
24850  10.844  -55.782  -17.817 0.4000000060
24863  19.434  -55.549  -19.407 0.5000000000
24889  18.856  -55.679  -21.835 0.5000000000
24899  18.556  -55.728  -22.447 0.6000000238
24900  17.832  -55.646  -22.478 0.5000000000
24909  17.162  -55.613  -23.275 0.6999999881
24923  15.928  -55.063  -24.816 0.8000000119
24937  15.784  -55.205  -25.416 0.8000000119
24952  15.657  -55.291  -26.096 0.6999999881
24965  15.479  -55.505  -26.727 0.6000000238
24975  15.281  -55.917  -27.279 0.6999999881
24984  12.404  -55.855  -28.059 0.6999999881
24993  10.340  -55.389  -29.357 0.6999999881
25026  16.071  -55.884  -31.541 0.4000000060
25027  15.356  -55.975  -31.484 0.4000000060
25028  14.574  -56.072  -31.737 0.4000000060
25030  12.943  -55.832  -31.823 0.4000000060
25838  17.842  -54.923  -14.286 0.4000000060
25839  17.098  -54.874  -14.720 0.4000000060
25847  19.199  -55.204  -14.907 0.4000000060
25848  16.876  -55.392  -14.914 0.4000000060
25850  15.533  -54.728  -15.537 0.4000000060
25856  19.956  -55.321  -15.920 0.4000000060
25864  20.504  -54.741  -16.865 0.4000000060
25874  20.040  -54.698  -18.118 0.4000000060
25875  10.461  -55.241  -17.387 0.3000000119
25883  19.018  -54.207  -19.227 0.5000000000
25892  17.867  -54.506  -20.179 0.5000000000
25901  17.046  -54.455  -20.567 0.4000000060
25909  17.575  -54.574  -20.807 0.4000000060
25911  16.340  -55.025  -20.817 0.3000000119
25912  15.720  -54.894  -20.977 0.5000000000
25921  16.162  -55.261  -21.451 0.5000000000
25931  16.101  -55.248  -22.179 0.6000000238
25932  15.459  -55.004  -22.485 0.6999999881
25939  15.571  -54.764  -23.309 0.6999999881
25947  15.602  -54.881  -24.178 0.6999999881
26001  11.571  -54.740  -27.724 0.6000000238
26034  10.440  -54.838  -29.924 0.6000000238
26049  12.846  -54.750  -31.022 0.5000000000
26051  11.278  -54.944  -30.870 0.6000000238
26889  18.135  -54.229  -14.183 0.4000000060
26891  16.678  -54.343  -14.887 0.4000000060
26900  19.391  -54.471  -14.835 0.4000000060
26902  15.534  -54.066  -15.450 0.4000000060
26916  21.168  -53.681  -17.699 0.4000000060
26935  20.280  -53.717  -18.676 0.4000000060
26936  19.611  -53.909  -18.863 0.4000000060
26946  17.845  -54.065  -19.673 0.4000000060
26957  16.668  -54.106  -20.012 0.3000000119
26967  15.119  -53.821  -20.945 0.4000000060
26968  14.674  -53.892  -21.327 0.5000000000
26977  14.510  -54.116  -21.827 0.5000000000
26985  14.429  -54.154  -22.564 0.5000000000
26994  14.500  -54.136  -23.328 0.5000000000
26995  13.938  -54.136  -23.640 0.6999999881
26997  12.493  -53.827  -24.035 0.6000000238
27005  12.252  -53.824  -24.755 0.6000000238
27064  10.529  -53.340  -28.562 0.6999999881
27090  11.051  -53.903  -29.942 0.6000000238
28011  16.526  -53.309  -14.677 0.3000000119
28021  15.486  -53.406  -15.351 0.4000000060
28022  14.987  -53.197  -15.409 0.4000000060
28048  20.837  -53.441  -18.355 0.4000000060
28054  20.557  -53.232  -18.957 0.4000000060
28055  19.873  -53.339  -19.058 0.4000000060
28063  18.653  -52.994  -19.226 0.4000000060
28065  16.962  -53.543  -18.946 0.3000000119
28071  16.580  -53.455  -19.278 0.3000000119
28078  15.232  -53.132  -20.711 0.4000000060
28085  13.469  -53.159  -22.016 0.5000000000
28104  11.929  -53.553  -23.600 0.6000000238
28121  11.944  -53.789  -25.336 0.6999999881
28135  9.903  -52.756  -26.093 0.4000000060
29132  20.487  -52.540  -19.677 0.3000000119
29133  19.729  -52.726  -19.872 0.4000000060
29136  17.571  -52.912  -19.187 0.4000000060
29144  18.565  -52.262  -19.780 0.4000000060
29145  17.872  -52.387  -19.648 0.4000000060
29147  16.429  -52.842  -19.947 0.3000000119
29155  16.812  -52.253  -20.332 0.3000000119
29157  15.487  -52.466  -20.743 0.4000000060
29159  14.270  -52.685  -21.293 0.4000000060
29170  13.769  -52.604  -21.694 0.4000000060
29173  11.386  -52.166  -22.719 0.5000000000
29174  10.618  -52.063  -23.103 0.6000000238
29185  11.895  -53.075  -22.941 0.6000000238
29267  11.660  -51.903  -27.349 0.4000000060
30363  19.759  -51.604  -20.511 0.3000000119
30364  18.935  -51.801  -20.383 0.4000000060
30378  17.984  -51.532  -20.860 0.4000000060
30379  16.675  -51.829  -21.020 0.4000000060
30380  15.907  -51.918  -21.123 0.4000000060
30390  17.011  -51.304  -21.605 0.4000000060
30393  14.988  -51.646  -21.801 0.4000000060
30395  12.059  -51.955  -22.319 0.5000000000
30398  10.069  -51.169  -23.340 0.5000000000
30404  10.038  -51.732  -23.571 0.5000000000
30419  9.933  -51.966  -24.875 0.5000000000
30420  9.984  -51.804  -24.597 0.4000000060
31583  18.298  -50.663  -21.862 0.3000000119
31587  13.940  -50.880  -22.356 0.4000000060
31590  10.735  -51.086  -22.907 0.6000000238
31596  17.203  -50.724  -22.125 0.4000000060
31598  15.842  -50.422  -22.499 0.5000000000
31600  14.446  -50.380  -22.396 0.3000000119
31601  9.872  -50.634  -23.543 0.6000000238
31608  9.730  -50.536  -23.940 0.4000000060
31623  9.923  -50.727  -24.276 0.4000000060
31624  9.773  -50.283  -24.048 0.4000000060
32788  12.390  -50.184  -22.646 0.4000000060
32791  10.009  -50.069  -23.171 0.6000000238
32798  14.850  -49.870  -22.464 0.3000000119
32800  9.810  -50.122  -23.640 0.4000000060
32818  10.287  -50.635  -24.479 0.4000000060
32819  9.938  -49.972  -24.193 0.4000000060
34019  12.862  -49.588  -22.770 0.3000000119
34030  15.496  -49.318  -22.792 0.3000000119
34044  9.800  -49.428  -23.998 0.4000000060
35296  13.082  -48.341  -23.062 0.3000000119
35297  12.233  -48.266  -23.103 0.4000000060
36536  15.401  -48.032  -23.216 0.4000000060
36554  14.548  -47.048  -23.421 0.3000000119
37825  11.508  -46.517  -23.636 0.4000000060
37826  11.012  -46.741  -23.872 0.3000000119
37839  14.875  -46.474  -23.489 0.4000000060
37841  13.477  -46.463  -23.507 0.3000000119
37842  12.747  -46.424  -23.489 0.4000000060
39067  12.109  -46.040  -23.417 0.3000000119
39069  10.786  -45.960  -24.000 0.3000000119
40349  13.018  -45.076  -23.570 0.4000000060
202126  17.593  -56.760  -26.297 0.6999999881
203171  20.565  -57.786  -21.717 0.5000000000
203622  17.682  -49.725  -22.692 0.3000000119
203847  19.372  -55.592  -19.994 0.5000000000
204918  12.002  -50.678  -22.392 0.4000000060
205342  12.596  -51.483  -22.222 0.5000000000
205538  17.348  -51.621  -21.050 0.4000000060
205730  15.097  -58.228  -17.598 0.5000000000
207858  11.925  -52.576  -22.549 0.6000000238
209065  21.509  -61.792  -25.773 0.5000000000
210470  11.435  -56.329  -28.720 0.6999999881
211244  16.647  -50.996  -22.000 0.4000000060
213646  13.410  -50.762  -22.571 0.4000000060
215449  19.810  -55.223  -18.345 0.5000000000
215641  12.365  -45.442  -23.406 0.3000000119
215807  16.770  -58.155  -16.984 0.4000000060
218077  12.546  -58.214  -29.659 0.6999999881
219353  18.102  -55.047  -21.135 0.4000000060
219593  14.304  -51.754  -21.770 0.4000000060
221303  21.249  -60.644  -24.190 0.5000000000
221333  21.370  -59.277  -25.074 0.6000000238
222171  20.459  -57.589  -29.822 0.4000000060
223304  10.827  -58.182  -30.630 0.6000000238
224790  20.991  -59.833  -26.269 0.5000000000
225472  19.869  -57.695  -30.528 0.4000000060
225473  17.079  -50.201  -22.666 0.3000000119
226347  11.917  -55.598  -17.199 0.4000000060
229381  11.204  -53.655  -26.215 0.4000000060
229588  20.276  -55.157  -17.186 0.4000000060
229918  18.946  -55.220  -20.354 0.5000000000
230006  10.629  -52.122  -27.856 0.5000000000
231748  19.540  -57.551  -31.140 0.4000000060
231829  19.387  -56.500  -16.292 0.4000000060
232157  16.619  -54.554  -20.570 0.3000000119
232931  14.710  -48.166  -23.051 0.3000000119
233536  18.689  -58.018  -31.862 0.4000000060
234331  12.686  -45.450  -23.442 0.4000000060
234464  10.937  -50.562  -22.790 0.6000000238
236998  18.632  -57.325  -26.024 0.6999999881
237544  20.260  -57.003  -22.559 0.6000000238
237898  17.767  -50.582  -22.031 0.3000000119
239010  15.327  -56.483  -27.593 0.6000000238
239566  15.121  -49.570  -22.550 0.3000000119
242920  15.877  -49.800  -22.702 0.4000000060
