#!ascii label  , from subject sub-v2s11x28718_ses-1 vox2ras=TkReg
2200
129234  -42.415  -8.791  9.174 0.0000000000
134137  -54.990  -5.782  -3.390 0.0000000000
143017  -50.270  0.303  10.509 0.0000000000
131561  -51.769  -7.403  7.577 0.0000000000
125757  -51.690  -11.837  18.168 0.0000000000
137461  -46.212  -3.499  -0.347 0.0000000000
146289  -52.279  3.006  -0.285 0.0000000000
148187  -47.963  4.485  8.350 0.0000000000
122162  -42.090  -13.388  23.621 0.0000000000
128140  -46.481  -9.867  7.754 0.0000000000
203170  -48.872  -6.919  3.153 0.0000000000
135122  -44.413  -5.319  5.016 0.0000000000
146197  -55.221  3.191  11.383 0.0000000000
194742  -52.896  0.202  4.975 0.0000000000
147229  -55.364  3.089  5.287 0.0000000000
220217  -49.975  1.898  4.852 0.0000000000
150718  -51.796  7.100  5.200 0.0000000000
134180  -50.115  -5.437  -6.095 0.0000000000
133907  -39.882  -5.975  12.207 0.0000000000
137338  -45.748  -4.106  9.186 0.0000000000
135026  -56.308  -4.567  12.399 0.0000000000
129189  -51.939  -9.440  12.710 0.0000000000
206432  -45.764  -11.288  13.236 0.0000000000
120931  -44.728  -14.929  17.906 0.0000000000
134134  -51.079  -5.803  -3.100 0.0000000000
202921  -47.913  -1.520  -5.194 0.0000000000
140695  -48.072  -1.410  4.870 0.0000000000
143125  -49.007  0.523  -0.214 0.0000000000
146342  -47.098  3.870  -4.548 0.0000000000
145272  -45.546  2.366  0.187 0.0000000000
143075  -45.127  0.871  4.460 0.0000000000
128137  -44.133  -9.997  7.963 0.0000000000
130415  -45.311  -8.226  6.014 0.0000000000
132786  -43.811  -7.105  7.053 0.0000000000
149848  -56.115  5.319  9.826 0.0000000000
146229  -56.256  3.608  7.605 0.0000000000
149039  -55.971  5.758  6.470 0.0000000000
149035  -53.906  5.420  6.333 0.0000000000
132969  -52.701  -6.084  -4.631 0.0000000000
135005  -39.206  -5.091  14.462 0.0000000000
137300  -42.785  -3.620  12.341 0.0000000000
126900  -51.561  -10.791  15.481 0.0000000000
126931  -48.773  -10.791  13.120 0.0000000000
124668  -48.480  -12.480  15.380 0.0000000000
120889  -43.142  -14.149  20.479 0.0000000000
120973  -39.545  -14.458  16.298 0.0000000000
126913  -38.789  -11.318  15.104 0.0000000000
124635  -38.297  -12.239  17.618 0.0000000000
133988  -52.581  -6.569  5.199 0.0000000000
134053  -47.073  -5.725  0.753 0.0000000000
134076  -49.559  -6.120  -0.053 0.0000000000
135218  -47.816  -4.871  -1.652 0.0000000000
136410  -49.036  -3.832  -4.418 0.0000000000
138552  -46.892  -2.598  -2.605 0.0000000000
139508  -48.210  -1.970  9.796 0.0000000000
139524  -47.130  -2.178  7.485 0.0000000000
141823  -49.399  -0.078  7.488 0.0000000000
193497  -53.891  1.022  0.911 0.0000000000
141883  -51.269  0.008  1.833 0.0000000000
144214  -52.155  1.761  -0.860 0.0000000000
145302  -49.041  2.423  -2.722 0.0000000000
147268  -49.765  4.337  -2.701 0.0000000000
146311  -46.932  3.413  -2.092 0.0000000000
145285  -49.327  2.981  -0.201 0.0000000000
145204  -49.367  2.036  7.270 0.0000000000
197679  -47.826  1.381  4.094 0.0000000000
144131  -46.445  1.458  6.570 0.0000000000
143056  -44.183  0.859  6.501 0.0000000000
146223  -45.456  2.684  8.493 0.0000000000
129263  -49.130  -8.728  8.027 0.0000000000
132814  -50.214  -7.022  4.995 0.0000000000
231318  -47.925  -7.864  5.858 0.0000000000
132843  -46.307  -6.443  3.753 0.0000000000
136309  -45.847  -4.234  2.218 0.0000000000
145164  -52.925  1.913  11.336 0.0000000000
144121  -51.837  1.032  7.885 0.0000000000
145195  -54.205  2.017  8.265 0.0000000000
194688  -56.210  1.399  4.426 0.0000000000
234125  -54.544  2.077  3.197 0.0000000000
145249  -50.881  2.252  2.152 0.0000000000
195208  -52.802  2.196  5.261 0.0000000000
148199  -51.767  4.216  7.294 0.0000000000
149891  -49.975  6.208  6.637 0.0000000000
135289  -48.372  -4.671  -5.952 0.0000000000
132747  -40.918  -7.027  10.954 0.0000000000
133940  -43.394  -6.187  9.166 0.0000000000
135042  -43.028  -5.408  10.877 0.0000000000
137312  -46.414  -3.974  11.788 0.0000000000
139459  -48.608  -2.733  13.134 0.0000000000
211314  -48.390  -1.062  14.522 0.0000000000
142990  -51.046  -0.304  13.813 0.0000000000
132749  -53.962  -6.604  10.437 0.0000000000
131504  -54.655  -7.416  13.010 0.0000000000
130358  -52.022  -8.666  10.473 0.0000000000
128096  -49.007  -9.926  9.922 0.0000000000
196580  -46.329  -10.786  10.321 0.0000000000
123453  -51.092  -13.308  20.615 0.0000000000
225926  -45.840  -13.026  23.207 0.0000000000
199032  -47.191  -14.344  20.417 0.0000000000
122257  -48.442  -14.128  17.973 0.0000000000
122305  -45.663  -13.725  15.057 0.0000000000
128063  -41.803  -10.255  12.070 0.0000000000
135223  -54.879  -4.619  -1.507 0.0000000000
199921  -51.358  -6.688  2.772 0.0000000000
134098  -52.384  -5.898  -0.662 0.0000000000
135249  -53.197  -4.364  -3.557 0.0000000000
136414  -51.880  -4.287  -5.149 0.0000000000
138590  -50.132  -2.638  -6.617 0.0000000000
139664  -48.181  -1.177  -7.264 0.0000000000
136253  -44.655  -4.427  7.125 0.0000000000
138486  -45.819  -3.304  4.981 0.0000000000
139565  -46.790  -1.855  2.585 0.0000000000
219858  -50.848  0.003  4.570 0.0000000000
140729  -48.613  -0.853  2.198 0.0000000000
140750  -46.867  -1.252  -0.193 0.0000000000
143139  -47.046  0.022  -2.393 0.0000000000
143167  -47.655  1.281  -5.670 0.0000000000
141950  -45.997  -0.007  -5.622 0.0000000000
145246  -48.414  1.777  1.873 0.0000000000
144183  -45.414  1.401  1.907 0.0000000000
230955  -42.776  1.053  2.589 0.0000000000
143072  -42.420  0.451  4.178 0.0000000000
141835  -41.974  -0.188  5.908 0.0000000000
129235  -42.930  -9.189  8.739 0.0000000000
226916  -43.965  -8.797  7.382 0.0000000000
131551  -42.951  -7.983  8.159 0.0000000000
149871  -56.233  5.895  7.859 0.0000000000
150733  -55.253  7.287  5.180 0.0000000000
134148  -54.018  -5.525  -4.230 0.0000000000
125768  -51.456  -11.487  17.006 0.0000000000
125789  -50.049  -11.520  15.291 0.0000000000
124659  -49.945  -12.521  16.668 0.0000000000
122254  -38.799  -13.747  17.963 0.0000000000
123486  -38.763  -13.231  17.174 0.0000000000
132780  -52.973  -6.385  7.784 0.0000000000
132787  -51.875  -6.948  6.286 0.0000000000
136343  -46.416  -4.778  -0.012 0.0000000000
135207  -47.443  -5.178  -0.482 0.0000000000
136367  -46.950  -4.082  -1.181 0.0000000000
137480  -47.179  -3.872  -2.262 0.0000000000
138535  -46.537  -2.904  -1.218 0.0000000000
140627  -48.997  -0.961  9.865 0.0000000000
140652  -48.592  -0.974  8.504 0.0000000000
141801  -49.926  0.092  9.137 0.0000000000
145279  -53.874  2.041  0.196 0.0000000000
143119  -53.051  1.231  0.212 0.0000000000
145286  -52.772  2.617  -0.914 0.0000000000
145305  -51.443  3.402  -2.260 0.0000000000
147254  -51.697  3.728  -1.549 0.0000000000
146314  -49.188  3.860  -1.429 0.0000000000
146287  -50.743  3.163  -0.291 0.0000000000
147212  -48.731  3.212  8.039 0.0000000000
145213  -47.783  1.922  6.824 0.0000000000
146233  -47.132  2.621  7.760 0.0000000000
145200  -46.176  2.038  7.672 0.0000000000
206741  -46.725  2.958  8.362 0.0000000000
128142  -47.849  -9.657  7.804 0.0000000000
129273  -48.168  -8.548  6.803 0.0000000000
130404  -47.526  -8.586  6.656 0.0000000000
132812  -44.634  -6.460  5.216 0.0000000000
131606  -45.680  -6.926  4.833 0.0000000000
133998  -45.134  -5.924  4.310 0.0000000000
135146  -45.784  -5.281  3.191 0.0000000000
135145  -45.270  -5.038  3.658 0.0000000000
146195  -54.200  2.782  11.083 0.0000000000
145184  -53.305  1.851  9.101 0.0000000000
146218  -54.570  2.535  9.573 0.0000000000
147231  -56.591  3.296  6.119 0.0000000000
146247  -56.396  2.659  6.243 0.0000000000
145228  -56.577  2.087  4.724 0.0000000000
193494  -55.597  1.883  3.485 0.0000000000
220574  -54.996  2.471  3.884 0.0000000000
220575  -53.215  2.118  4.067 0.0000000000
194418  -54.445  2.796  5.241 0.0000000000
149902  -52.825  6.302  6.113 0.0000000000
216324  -52.726  4.636  6.863 0.0000000000
215972  -51.666  5.407  6.924 0.0000000000
149019  -50.748  4.939  7.420 0.0000000000
203312  -50.722  6.173  6.547 0.0000000000
135290  -48.956  -4.995  -6.115 0.0000000000
132738  -40.757  -6.476  11.388 0.0000000000
133923  -42.041  -6.052  10.689 0.0000000000
135030  -41.403  -5.372  11.649 0.0000000000
138391  -43.920  -3.146  12.347 0.0000000000
137302  -44.560  -3.658  11.994 0.0000000000
138394  -46.506  -3.492  12.434 0.0000000000
137314  -47.928  -3.976  12.499 0.0000000000
139458  -47.933  -3.651  12.941 0.0000000000
141737  -48.138  -0.085  16.163 0.0000000000
140552  -50.488  -1.234  14.911 0.0000000000
142982  -51.563  -0.090  15.872 0.0000000000
144052  -52.349  0.726  14.068 0.0000000000
142979  -52.232  1.111  16.617 0.0000000000
135058  -55.111  -5.343  10.130 0.0000000000
133915  -55.241  -5.744  11.483 0.0000000000
131494  -54.126  -8.221  14.263 0.0000000000
130335  -53.366  -8.622  13.179 0.0000000000
223858  -53.297  -8.115  11.396 0.0000000000
205495  -52.059  -9.207  11.586 0.0000000000
128098  -50.481  -9.563  10.372 0.0000000000
128073  -50.247  -10.065  11.315 0.0000000000
125830  -47.712  -10.932  13.365 0.0000000000
126960  -47.470  -10.734  11.886 0.0000000000
126946  -46.384  -10.764  12.275 0.0000000000
122165  -44.110  -13.170  23.252 0.0000000000
120892  -45.295  -14.220  20.522 0.0000000000
120921  -45.889  -14.548  19.240 0.0000000000
120923  -48.073  -14.502  19.160 0.0000000000
120934  -46.660  -14.762  17.969 0.0000000000
122285  -46.884  -14.128  16.274 0.0000000000
120967  -45.239  -14.610  16.512 0.0000000000
128061  -40.204  -10.085  12.220 0.0000000000
205090  -39.679  -11.298  12.913 0.0000000000
136344  -55.730  -4.479  0.495 0.0000000000
131622  -49.375  -7.037  4.202 0.0000000000
132849  -50.951  -6.747  3.751 0.0000000000
132865  -50.165  -6.812  2.990 0.0000000000
206425  -50.683  -6.318  -1.259 0.0000000000
205418  -51.118  -6.242  0.254 0.0000000000
134112  -51.876  -5.796  -1.807 0.0000000000
135220  -53.062  -5.167  -2.175 0.0000000000
134136  -51.996  -4.959  -2.986 0.0000000000
135262  -52.488  -4.387  -4.267 0.0000000000
135261  -51.628  -4.563  -4.214 0.0000000000
138565  -48.424  -2.746  -4.657 0.0000000000
137515  -50.221  -2.746  -5.599 0.0000000000
139645  -49.075  -1.924  -5.959 0.0000000000
216356  -48.856  -2.012  -7.103 0.0000000000
140800  -48.515  -0.808  -6.727 0.0000000000
135063  -44.893  -5.041  9.325 0.0000000000
135072  -44.350  -5.170  8.072 0.0000000000
136226  -45.079  -4.284  8.153 0.0000000000
139540  -47.747  -1.982  6.496 0.0000000000
138479  -46.595  -2.812  5.771 0.0000000000
229252  -47.113  -1.916  4.839 0.0000000000
139558  -46.354  -2.229  3.493 0.0000000000
139560  -47.431  -1.659  3.880 0.0000000000
194448  -52.186  0.555  6.247 0.0000000000
220058  -51.352  0.487  6.425 0.0000000000
195013  -52.122  0.294  4.752 0.0000000000
141901  -50.299  0.245  0.532 0.0000000000
197139  -50.004  -0.347  1.785 0.0000000000
141900  -49.304  -0.003  0.671 0.0000000000
141889  -48.003  -0.752  0.830 0.0000000000
141908  -48.300  -0.104  -0.124 0.0000000000
206463  -47.050  -0.570  -1.358 0.0000000000
143132  -47.882  0.410  -1.354 0.0000000000
146332  -48.610  3.596  -4.006 0.0000000000
144249  -47.784  1.942  -3.864 0.0000000000
145324  -47.596  2.665  -5.069 0.0000000000
144285  -47.428  1.114  -6.312 0.0000000000
145330  -46.742  2.295  -5.409 0.0000000000
143165  -45.528  0.697  -4.594 0.0000000000
145317  -46.077  2.694  -4.251 0.0000000000
212261  -46.428  2.921  -1.035 0.0000000000
146308  -44.811  2.747  -1.927 0.0000000000
195153  -50.562  1.998  3.667 0.0000000000
145247  -49.608  1.892  2.282 0.0000000000
144164  -49.385  1.757  3.526 0.0000000000
144154  -46.149  1.140  4.348 0.0000000000
224289  -46.273  1.141  3.116 0.0000000000
144159  -45.161  1.054  3.411 0.0000000000
211870  -44.054  1.119  2.519 0.0000000000
144157  -43.912  0.976  3.219 0.0000000000
196462  -42.389  0.593  3.486 0.0000000000
143073  -43.619  0.705  4.321 0.0000000000
144117  -43.688  0.826  7.371 0.0000000000
143058  -43.149  0.381  6.019 0.0000000000
143045  -42.763  0.444  7.387 0.0000000000
141821  -41.726  -0.093  7.267 0.0000000000
128124  -45.459  -10.145  8.133 0.0000000000
211236  -45.825  -9.083  6.681 0.0000000000
233604  -44.707  -8.939  6.854 0.0000000000
131566  -44.183  -7.766  6.482 0.0000000000
133977  -44.014  -6.016  6.054 0.0000000000
146220  -55.711  3.430  8.857 0.0000000000
148188  -56.382  4.504  8.130 0.0000000000
201583  -56.403  4.688  7.057 0.0000000000
148209  -56.032  4.385  6.246 0.0000000000
148207  -54.539  4.342  6.242 0.0000000000
202447  -55.084  5.978  5.907 0.0000000000
150721  -54.055  6.810  5.347 0.0000000000
132977  -51.141  -6.137  -5.330 0.0000000000
135014  -39.179  -5.336  13.439 0.0000000000
135023  -41.010  -4.942  12.097 0.0000000000
224384  -40.742  -3.781  13.032 0.0000000000
128048  -51.784  -10.023  14.009 0.0000000000
126951  -50.062  -10.336  12.946 0.0000000000
126922  -50.433  -10.700  14.125 0.0000000000
125814  -48.499  -11.258  14.102 0.0000000000
124697  -47.139  -11.857  14.280 0.0000000000
122208  -42.841  -13.491  21.741 0.0000000000
120902  -42.273  -14.703  19.651 0.0000000000
122300  -39.783  -13.810  14.521 0.0000000000
124692  -39.058  -12.209  14.153 0.0000000000
123520  -39.016  -13.084  15.106 0.0000000000
205455  -39.154  -12.383  16.504 0.0000000000
134036  -48.182  -6.238  1.722 0.0000000000
132884  -49.497  -6.683  1.864 0.0000000000
134075  -48.315  -5.910  0.193 0.0000000000
134108  -48.929  -5.873  -0.978 0.0000000000
135231  -49.319  -5.394  -2.344 0.0000000000
135259  -49.452  -4.907  -3.541 0.0000000000
136386  -48.353  -4.386  -3.085 0.0000000000
137494  -47.766  -3.553  -3.803 0.0000000000
139626  -47.472  -2.144  -4.024 0.0000000000
137340  -46.699  -3.418  9.889 0.0000000000
138447  -46.598  -3.056  8.270 0.0000000000
139518  -47.769  -2.072  8.564 0.0000000000
140662  -48.221  -1.474  7.451 0.0000000000
140685  -49.237  -0.464  6.195 0.0000000000
195132  -53.880  0.334  3.286 0.0000000000
193493  -52.254  0.128  3.313 0.0000000000
196238  -52.708  0.398  0.993 0.0000000000
143118  -51.540  0.708  0.275 0.0000000000
144212  -50.646  1.314  -0.721 0.0000000000
144223  -48.993  1.193  -1.572 0.0000000000
145293  -50.524  2.346  -1.971 0.0000000000
146324  -50.170  3.576  -2.785 0.0000000000
147278  -48.572  4.349  -3.550 0.0000000000
147265  -47.214  3.955  -3.236 0.0000000000
146323  -48.060  4.163  -2.486 0.0000000000
146297  -47.734  2.917  -1.142 0.0000000000
146285  -47.716  2.560  -0.381 0.0000000000
219380  -50.028  1.495  6.528 0.0000000000
195265  -48.932  1.877  4.511 0.0000000000
144140  -48.649  2.006  5.468 0.0000000000
144147  -47.359  1.347  5.179 0.0000000000
226246  -45.757  1.123  5.197 0.0000000000
143066  -44.365  0.511  5.287 0.0000000000
144130  -45.695  1.170  6.454 0.0000000000
212243  -44.930  1.216  7.495 0.0000000000
145190  -44.580  1.971  8.439 0.0000000000
130396  -49.946  -8.113  7.615 0.0000000000
199160  -50.731  -7.350  6.654 0.0000000000
131567  -49.618  -7.615  6.423 0.0000000000
131596  -49.061  -7.497  5.311 0.0000000000
131610  -48.610  -7.296  4.373 0.0000000000
130431  -46.345  -7.809  5.630 0.0000000000
131608  -46.974  -7.249  4.566 0.0000000000
132845  -47.537  -6.858  3.426 0.0000000000
134021  -47.016  -6.084  2.315 0.0000000000
135178  -46.175  -4.758  1.311 0.0000000000
137444  -45.938  -3.560  1.251 0.0000000000
144084  -51.270  1.008  10.496 0.0000000000
200435  -50.846  0.667  9.344 0.0000000000
144094  -52.066  1.330  9.610 0.0000000000
196830  -52.798  1.102  7.837 0.0000000000
195154  -53.756  1.080  6.564 0.0000000000
146240  -55.566  2.664  7.665 0.0000000000
199717  -54.954  1.295  6.110 0.0000000000
218972  -54.433  0.495  4.756 0.0000000000
221091  -54.810  0.762  2.980 0.0000000000
194801  -54.315  1.673  1.690 0.0000000000
194694  -53.206  2.315  1.152 0.0000000000
145260  -51.428  2.365  1.251 0.0000000000
193500  -52.945  2.183  2.033 0.0000000000
219151  -51.625  2.048  3.732 0.0000000000
218888  -51.248  1.985  5.061 0.0000000000
147227  -53.506  3.507  6.454 0.0000000000
146246  -52.550  2.818  6.429 0.0000000000
226215  -51.172  2.051  6.288 0.0000000000
146237  -50.313  2.978  7.474 0.0000000000
148193  -49.842  4.291  7.793 0.0000000000
149016  -48.832  5.405  7.798 0.0000000000
130369  -41.497  -8.054  10.048 0.0000000000
205100  -42.701  -7.126  9.068 0.0000000000
132758  -42.543  -6.719  9.645 0.0000000000
135054  -43.376  -5.648  10.264 0.0000000000
135056  -44.681  -5.196  9.978 0.0000000000
206550  -42.992  -4.697  11.746 0.0000000000
207101  -44.653  -4.756  11.046 0.0000000000
136207  -46.007  -4.312  10.594 0.0000000000
138406  -47.322  -3.597  11.186 0.0000000000
139479  -48.371  -2.651  11.629 0.0000000000
140597  -49.615  -1.074  11.690 0.0000000000
140570  -47.661  -1.733  13.579 0.0000000000
140572  -49.171  -2.032  13.812 0.0000000000
206428  -49.746  -1.440  13.254 0.0000000000
141769  -50.584  -0.199  12.230 0.0000000000
144067  -51.767  1.125  12.685 0.0000000000
145148  -53.496  2.059  12.883 0.0000000000
146174  -54.916  2.789  12.663 0.0000000000
133942  -54.071  -5.922  9.181 0.0000000000
132766  -53.064  -6.901  8.987 0.0000000000
209981  -55.310  -6.574  14.392 0.0000000000
133903  -55.328  -6.443  12.910 0.0000000000
132733  -54.434  -7.139  11.885 0.0000000000
131525  -52.731  -7.719  10.174 0.0000000000
130380  -51.588  -8.233  9.185 0.0000000000
129250  -50.381  -8.727  8.637 0.0000000000
128112  -48.967  -9.668  9.187 0.0000000000
128110  -47.732  -10.207  8.922 0.0000000000
211895  -48.674  -10.575  11.702 0.0000000000
126982  -47.763  -10.503  10.065 0.0000000000
232675  -46.791  -10.536  9.139 0.0000000000
126995  -45.115  -10.614  9.523 0.0000000000
203702  -47.737  -13.807  22.742 0.0000000000
122210  -44.727  -13.743  21.718 0.0000000000
122213  -46.740  -14.048  21.656 0.0000000000
201904  -48.542  -14.148  21.798 0.0000000000
122227  -49.321  -14.285  20.135 0.0000000000
122249  -49.797  -14.030  18.988 0.0000000000
123474  -50.045  -13.297  17.988 0.0000000000
123502  -48.399  -13.256  16.330 0.0000000000
123513  -47.530  -13.185  15.570 0.0000000000
123540  -45.579  -12.801  14.310 0.0000000000
129207  -41.897  -9.319  10.425 0.0000000000
129205  -40.855  -8.839  10.779 0.0000000000
130346  -39.817  -8.285  11.748 0.0000000000
131508  -39.184  -7.630  12.379 0.0000000000
131502  -38.603  -7.150  13.655 0.0000000000
199611  -57.106  -4.456  0.465 0.0000000000
202043  -56.728  -4.298  -0.929 0.0000000000
233895  -55.529  -4.343  -2.538 0.0000000000
132816  -51.563  -6.909  4.906 0.0000000000
132851  -52.118  -6.722  3.486 0.0000000000
132904  -50.758  -6.583  1.507 0.0000000000
134059  -51.807  -6.531  0.779 0.0000000000
134061  -52.954  -5.961  0.905 0.0000000000
135208  -53.487  -5.315  -0.889 0.0000000000
135235  -53.932  -4.561  -2.738 0.0000000000
135265  -54.344  -4.388  -3.663 0.0000000000
135276  -53.485  -4.471  -4.521 0.0000000000
135285  -52.722  -4.697  -5.136 0.0000000000
135293  -51.554  -4.555  -5.897 0.0000000000
136412  -50.731  -3.983  -4.774 0.0000000000
137517  -51.252  -3.540  -5.781 0.0000000000
135292  -50.220  -4.604  -6.459 0.0000000000
136440  -49.305  -3.720  -6.659 0.0000000000
137530  -48.125  -3.143  -6.662 0.0000000000
138579  -46.823  -2.100  -6.157 0.0000000000
201910  -43.375  -6.586  8.186 0.0000000000
135096  -44.040  -5.447  6.980 0.0000000000
136265  -44.408  -4.526  5.987 0.0000000000
137372  -45.751  -3.354  7.273 0.0000000000
137384  -45.263  -3.736  6.154 0.0000000000
137394  -44.957  -4.222  5.120 0.0000000000
138499  -45.689  -3.110  3.575 0.0000000000
138506  -46.010  -2.690  2.495 0.0000000000
139580  -46.195  -2.326  1.216 0.0000000000
143047  -50.451  0.501  7.454 0.0000000000
141831  -49.653  0.673  6.274 0.0000000000
140706  -49.242  -0.838  4.779 0.0000000000
141863  -51.045  -0.436  3.393 0.0000000000
141861  -49.979  -0.869  3.885 0.0000000000
140711  -48.660  -1.171  3.799 0.0000000000
140728  -47.808  -1.075  1.964 0.0000000000
140737  -47.179  -1.594  1.074 0.0000000000
139596  -46.276  -2.256  -0.137 0.0000000000
139604  -46.585  -1.799  -1.140 0.0000000000
140780  -47.096  -0.836  -4.318 0.0000000000
144233  -47.876  1.125  -2.453 0.0000000000
143157  -47.156  0.605  -3.889 0.0000000000
209571  -47.917  -0.315  -5.864 0.0000000000
141969  -48.182  0.015  -7.061 0.0000000000
140797  -46.716  -0.706  -6.465 0.0000000000
146329  -45.593  3.054  -3.037 0.0000000000
145277  -50.184  2.663  0.477 0.0000000000
145257  -48.470  1.976  1.081 0.0000000000
145255  -46.741  2.024  0.937 0.0000000000
144174  -48.066  1.540  3.143 0.0000000000
144185  -46.606  1.810  2.104 0.0000000000
144195  -45.691  1.714  1.431 0.0000000000
144193  -44.135  1.681  1.463 0.0000000000
144181  -42.344  1.498  1.630 0.0000000000
143095  -41.169  0.724  1.792 0.0000000000
231205  -43.377  0.547  5.057 0.0000000000
141844  -42.017  -0.051  5.356 0.0000000000
149015  -47.753  5.723  7.702 0.0000000000
226699  -46.761  5.530  8.111 0.0000000000
148180  -45.725  4.250  9.093 0.0000000000
225083  -44.782  3.336  9.005 0.0000000000
146215  -43.983  2.865  8.908 0.0000000000
130384  -43.116  -8.661  8.199 0.0000000000
130378  -42.672  -8.451  8.640 0.0000000000
132959  -54.257  -6.058  -3.566 0.0000000000
125758  -52.042  -11.158  18.091 0.0000000000
125769  -51.922  -11.057  17.294 0.0000000000
210030  -51.688  -11.524  17.630 0.0000000000
125778  -50.985  -11.549  16.469 0.0000000000
124648  -50.894  -12.409  17.484 0.0000000000
122245  -38.852  -13.751  18.764 0.0000000000
132779  -52.418  -6.894  7.672 0.0000000000
132778  -52.099  -6.974  6.961 0.0000000000
131569  -51.502  -7.285  6.813 0.0000000000
136354  -46.229  -4.170  -0.219 0.0000000000
136355  -46.773  -4.608  -0.605 0.0000000000
137462  -46.447  -4.000  -0.732 0.0000000000
137470  -46.554  -3.474  -0.952 0.0000000000
138528  -46.353  -2.879  -0.557 0.0000000000
141791  -49.375  -0.599  10.351 0.0000000000
141800  -49.408  -0.366  9.529 0.0000000000
141792  -49.825  -0.026  10.021 0.0000000000
146277  -53.128  2.654  -0.140 0.0000000000
145278  -53.339  2.320  -0.233 0.0000000000
146303  -52.759  2.799  -0.765 0.0000000000
146316  -52.251  3.331  -1.598 0.0000000000
146302  -52.216  3.362  -1.078 0.0000000000
146301  -51.391  3.725  -0.910 0.0000000000
146288  -51.577  3.231  -0.321 0.0000000000
146226  -48.187  3.123  8.201 0.0000000000
146234  -48.015  2.375  7.922 0.0000000000
146225  -47.468  3.045  8.240 0.0000000000
147203  -46.956  3.555  8.581 0.0000000000
128141  -47.127  -9.749  7.810 0.0000000000
129272  -47.699  -8.939  6.984 0.0000000000
129261  -46.758  -9.418  7.381 0.0000000000
133997  -44.650  -5.880  4.851 0.0000000000
132826  -45.035  -6.268  4.820 0.0000000000
135131  -44.752  -5.427  4.462 0.0000000000
135132  -45.110  -5.435  4.060 0.0000000000
135144  -44.986  -5.075  4.171 0.0000000000
146196  -54.777  2.973  10.987 0.0000000000
146208  -54.338  2.709  10.330 0.0000000000
146209  -55.022  3.143  10.315 0.0000000000
147234  -56.070  3.030  5.412 0.0000000000
147235  -56.448  2.789  5.555 0.0000000000
146258  -56.048  2.466  4.638 0.0000000000
232554  -55.641  2.423  3.974 0.0000000000
212642  -55.169  2.701  4.530 0.0000000000
194029  -54.295  2.403  4.592 0.0000000000
150719  -52.574  6.875  5.403 0.0000000000
149893  -52.291  5.740  6.673 0.0000000000
149901  -52.009  6.406  5.896 0.0000000000
149892  -51.487  6.023  6.540 0.0000000000
149900  -51.227  6.770  5.974 0.0000000000
132976  -50.377  -6.387  -5.459 0.0000000000
134170  -49.919  -6.130  -5.923 0.0000000000
134169  -49.455  -6.335  -5.938 0.0000000000
134179  -49.573  -5.826  -6.038 0.0000000000
133912  -40.542  -5.963  11.791 0.0000000000
133913  -41.109  -5.894  11.452 0.0000000000
135029  -40.882  -5.501  11.801 0.0000000000
139455  -45.076  -2.550  12.616 0.0000000000
138392  -44.784  -3.124  12.255 0.0000000000
139456  -45.952  -2.723  12.693 0.0000000000
139457  -46.940  -3.008  12.712 0.0000000000
142977  -51.672  0.407  16.606 0.0000000000
142983  -52.047  0.440  16.319 0.0000000000
135034  -55.595  -5.054  11.229 0.0000000000
133916  -55.679  -5.282  12.050 0.0000000000
223771  -52.703  -8.986  11.864 0.0000000000
129198  -51.814  -9.496  12.139 0.0000000000
128085  -51.309  -9.518  11.442 0.0000000000
128075  -51.182  -9.833  12.080 0.0000000000
205620  -46.438  -11.241  13.245 0.0000000000
125845  -46.733  -10.834  12.828 0.0000000000
125844  -46.048  -10.865  12.836 0.0000000000
126945  -45.695  -10.775  12.306 0.0000000000
125843  -45.397  -10.937  12.834 0.0000000000
122163  -42.800  -13.221  23.599 0.0000000000
200264  -45.137  -14.607  19.255 0.0000000000
120920  -45.445  -14.749  18.503 0.0000000000
196583  -46.256  -14.673  18.648 0.0000000000
120932  -45.502  -14.823  17.735 0.0000000000
120952  -45.732  -14.708  17.129 0.0000000000
120951  -45.023  -14.768  17.219 0.0000000000
125822  -40.484  -11.933  13.008 0.0000000000
125836  -40.136  -11.367  12.745 0.0000000000
125821  -39.737  -11.917  13.164 0.0000000000
135169  -53.603  -5.607  1.545 0.0000000000
132847  -49.473  -6.884  3.414 0.0000000000
132864  -49.339  -6.814  2.656 0.0000000000
134111  -50.618  -6.057  -1.953 0.0000000000
228703  -51.272  -6.201  -1.811 0.0000000000
134124  -51.445  -5.815  -2.557 0.0000000000
134125  -52.165  -5.240  -2.522 0.0000000000
134135  -51.511  -5.419  -3.173 0.0000000000
134147  -51.881  -4.789  -3.578 0.0000000000
135247  -51.113  -5.229  -3.538 0.0000000000
139635  -48.636  -2.234  -5.171 0.0000000000
138573  -49.083  -2.541  -5.280 0.0000000000
139657  -48.901  -1.425  -6.735 0.0000000000
140787  -48.305  -0.961  -5.983 0.0000000000
136225  -44.731  -4.805  8.515 0.0000000000
204730  -45.200  -4.423  8.893 0.0000000000
218238  -48.134  -1.455  5.544 0.0000000000
218095  -47.613  -1.864  5.838 0.0000000000
139547  -47.542  -1.719  5.178 0.0000000000
139552  -46.978  -1.907  4.309 0.0000000000
140704  -48.053  -1.430  4.170 0.0000000000
194749  -52.803  0.413  6.176 0.0000000000
220057  -52.365  0.527  5.537 0.0000000000
143117  -49.720  0.376  0.091 0.0000000000
143116  -48.906  0.244  0.283 0.0000000000
141899  -48.551  -0.303  0.509 0.0000000000
141914  -48.388  0.402  -0.747 0.0000000000
214814  -47.588  3.985  -4.422 0.0000000000
145318  -47.825  2.904  -4.566 0.0000000000
146350  -47.458  3.484  -4.854 0.0000000000
146354  -46.934  2.788  -5.245 0.0000000000
146348  -46.493  2.917  -5.024 0.0000000000
145323  -46.153  2.200  -4.918 0.0000000000
146341  -46.552  3.374  -4.411 0.0000000000
146283  -46.072  2.735  -0.444 0.0000000000
146294  -44.918  2.858  -0.948 0.0000000000
146282  -45.429  2.744  -0.509 0.0000000000
209055  -44.797  2.178  0.422 0.0000000000
195913  -50.163  1.893  4.220 0.0000000000
194519  -50.049  1.877  3.624 0.0000000000
193490  -49.490  1.835  4.132 0.0000000000
144153  -45.575  1.126  4.007 0.0000000000
144152  -44.808  0.890  3.999 0.0000000000
144158  -44.525  1.046  3.524 0.0000000000
143083  -44.115  0.879  3.933 0.0000000000
222364  -43.533  0.768  3.741 0.0000000000
143074  -44.398  0.667  4.574 0.0000000000
204637  -43.666  1.203  7.904 0.0000000000
143046  -43.257  0.558  7.191 0.0000000000
128138  -45.176  -9.816  7.582 0.0000000000
129258  -44.503  -9.690  7.548 0.0000000000
130393  -43.715  -8.299  7.360 0.0000000000
130402  -44.258  -8.419  6.849 0.0000000000
131576  -43.937  -7.257  6.393 0.0000000000
132800  -44.195  -6.708  5.815 0.0000000000
132799  -43.870  -6.596  6.475 0.0000000000
147199  -56.417  4.355  10.011 0.0000000000
148996  -56.310  5.314  9.406 0.0000000000
149895  -56.029  6.074  6.830 0.0000000000
149021  -56.417  5.277  7.432 0.0000000000
149031  -56.263  5.388  6.944 0.0000000000
213211  -56.151  4.746  6.717 0.0000000000
149038  -55.832  5.236  6.463 0.0000000000
149037  -55.530  5.242  6.240 0.0000000000
149905  -55.519  5.976  6.008 0.0000000000
151534  -55.018  8.184  4.393 0.0000000000
150732  -54.718  7.277  5.067 0.0000000000
150731  -53.236  7.256  5.061 0.0000000000
208949  -52.879  -6.568  -4.004 0.0000000000
132957  -52.177  -6.802  -4.229 0.0000000000
132968  -51.845  -6.278  -4.945 0.0000000000
136164  -39.175  -4.898  13.838 0.0000000000
210124  -39.921  -4.540  13.138 0.0000000000
137286  -39.891  -4.059  13.549 0.0000000000
128029  -52.512  -10.203  15.764 0.0000000000
126916  -51.825  -10.451  15.140 0.0000000000
126923  -51.230  -10.396  14.204 0.0000000000
126914  -50.860  -10.798  14.778 0.0000000000
125788  -49.559  -11.784  15.279 0.0000000000
125802  -49.606  -11.427  14.758 0.0000000000
124683  -48.734  -11.971  15.013 0.0000000000
124698  -47.876  -11.694  14.303 0.0000000000
218000  -48.160  -12.155  14.861 0.0000000000
119721  -40.555  -14.960  16.038 0.0000000000
227659  -39.960  -14.695  15.961 0.0000000000
211851  -39.975  -14.278  14.927 0.0000000000
231435  -39.506  -13.919  15.015 0.0000000000
123521  -39.266  -13.463  14.754 0.0000000000
123510  -39.192  -13.677  15.360 0.0000000000
124646  -38.924  -12.843  16.822 0.0000000000
125765  -38.796  -12.306  17.022 0.0000000000
134054  -47.603  -6.002  1.243 0.0000000000
134055  -48.419  -6.082  0.997 0.0000000000
134074  -47.723  -5.807  0.530 0.0000000000
197260  -47.819  -5.140  -0.993 0.0000000000
134094  -48.198  -5.619  -0.551 0.0000000000
135219  -48.398  -5.369  -1.296 0.0000000000
134109  -49.149  -5.569  -1.648 0.0000000000
135230  -48.592  -5.115  -2.019 0.0000000000
135245  -48.900  -4.893  -2.811 0.0000000000
136377  -48.160  -4.573  -2.364 0.0000000000
137486  -46.914  -3.319  -2.431 0.0000000000
210016  -47.562  -3.767  -3.229 0.0000000000
138553  -47.310  -3.213  -3.192 0.0000000000
138564  -47.668  -2.888  -4.075 0.0000000000
138558  -47.211  -2.433  -3.384 0.0000000000
138420  -47.542  -2.787  10.047 0.0000000000
138433  -47.128  -2.845  9.487 0.0000000000
139507  -47.765  -2.357  9.409 0.0000000000
140664  -48.991  -0.543  7.914 0.0000000000
139526  -48.198  -1.530  8.140 0.0000000000
141822  -49.010  -0.614  7.411 0.0000000000
140674  -48.772  -1.034  7.101 0.0000000000
140675  -49.291  -0.298  6.915 0.0000000000
219644  -53.883  0.684  1.855 0.0000000000
194266  -52.986  0.302  2.335 0.0000000000
194001  -53.402  0.617  1.223 0.0000000000
226311  -52.335  1.432  -0.450 0.0000000000
215129  -52.216  0.935  0.086 0.0000000000
143128  -51.672  1.027  -0.249 0.0000000000
144213  -51.420  1.478  -0.771 0.0000000000
144225  -51.016  1.960  -1.304 0.0000000000
146325  -50.819  3.905  -2.549 0.0000000000
146335  -50.050  4.134  -2.727 0.0000000000
146345  -49.132  4.169  -3.581 0.0000000000
147279  -49.471  4.361  -3.277 0.0000000000
147266  -47.922  4.342  -3.050 0.0000000000
147267  -48.865  4.288  -2.802 0.0000000000
146299  -49.628  3.564  -0.784 0.0000000000
206513  -48.383  3.407  -1.478 0.0000000000
146298  -48.638  2.915  -0.653 0.0000000000
193487  -49.501  1.571  6.561 0.0000000000
232930  -48.958  2.028  5.681 0.0000000000
221437  -48.993  1.901  6.551 0.0000000000
198731  -47.295  1.643  6.348 0.0000000000
144139  -47.529  1.570  5.750 0.0000000000
144138  -46.750  1.415  5.765 0.0000000000
144137  -46.096  1.271  5.528 0.0000000000
198779  -46.093  1.297  6.013 0.0000000000
210260  -45.502  1.054  5.747 0.0000000000
145192  -45.810  2.310  8.044 0.0000000000
145199  -45.542  1.682  7.583 0.0000000000
145191  -45.199  2.099  8.237 0.0000000000
144111  -44.820  1.493  8.036 0.0000000000
129264  -49.595  -8.379  8.007 0.0000000000
130405  -49.716  -7.913  7.039 0.0000000000
130395  -49.313  -8.285  7.524 0.0000000000
130419  -48.379  -7.994  6.255 0.0000000000
130434  -48.486  -7.749  5.612 0.0000000000
131595  -48.532  -7.551  4.984 0.0000000000
202012  -47.994  -7.460  4.650 0.0000000000
129283  -45.579  -8.767  6.269 0.0000000000
129284  -46.327  -8.700  6.444 0.0000000000
130416  -45.953  -8.297  5.950 0.0000000000
132828  -45.950  -6.677  4.275 0.0000000000
131607  -46.335  -7.040  4.739 0.0000000000
132829  -46.629  -6.866  4.161 0.0000000000
131620  -47.249  -7.101  3.989 0.0000000000
132844  -46.900  -6.713  3.576 0.0000000000
132861  -47.101  -6.468  2.934 0.0000000000
134020  -46.570  -6.028  2.767 0.0000000000
135157  -45.880  -4.889  2.526 0.0000000000
135168  -46.363  -5.223  1.884 0.0000000000
205405  -46.025  -4.677  1.880 0.0000000000
136318  -45.970  -4.185  1.585 0.0000000000
144085  -51.783  1.284  11.008 0.0000000000
217584  -51.763  1.238  10.243 0.0000000000
144095  -52.443  1.440  10.603 0.0000000000
145194  -53.480  1.828  8.376 0.0000000000
144114  -52.878  1.324  8.542 0.0000000000
145206  -53.669  1.726  7.774 0.0000000000
193486  -53.357  1.070  7.028 0.0000000000
144124  -53.969  1.311  7.229 0.0000000000
147207  -56.078  3.797  8.318 0.0000000000
146227  -55.380  2.856  8.453 0.0000000000
146228  -55.920  3.298  7.996 0.0000000000
195116  -56.370  1.836  5.117 0.0000000000
145218  -55.963  1.993  6.015 0.0000000000
144141  -55.644  1.506  5.720 0.0000000000
193951  -54.507  0.816  5.357 0.0000000000
193489  -55.464  0.778  4.835 0.0000000000
219085  -54.925  0.581  4.225 0.0000000000
193863  -55.687  0.896  4.178 0.0000000000
220956  -55.054  1.924  3.045 0.0000000000
193499  -54.561  1.609  2.532 0.0000000000
219171  -54.398  1.755  2.466 0.0000000000
194463  -53.931  2.060  1.168 0.0000000000
193786  -53.866  2.043  2.057 0.0000000000
220079  -53.046  2.089  2.804 0.0000000000
194436  -53.435  2.139  4.662 0.0000000000
224648  -52.380  2.057  3.448 0.0000000000
193496  -52.567  2.004  4.685 0.0000000000
222694  -51.883  1.585  4.749 0.0000000000
219221  -52.046  1.767  5.267 0.0000000000
149030  -54.081  4.787  6.445 0.0000000000
147228  -54.188  3.630  6.148 0.0000000000
148202  -53.780  4.206  6.470 0.0000000000
148200  -52.424  4.139  6.969 0.0000000000
147222  -52.830  3.466  6.716 0.0000000000
147221  -52.036  3.385  6.961 0.0000000000
145216  -51.655  2.175  6.294 0.0000000000
146239  -51.444  2.848  7.215 0.0000000000
146238  -50.846  2.479  7.293 0.0000000000
214610  -50.964  3.060  7.474 0.0000000000
149025  -50.361  5.591  7.149 0.0000000000
148194  -50.423  4.308  7.567 0.0000000000
149018  -50.061  4.960  7.564 0.0000000000
149017  -49.388  4.844  7.817 0.0000000000
149885  -49.550  5.643  7.336 0.0000000000
135282  -48.668  -5.393  -5.734 0.0000000000
135281  -47.648  -4.411  -5.693 0.0000000000
131524  -41.132  -7.709  10.597 0.0000000000
132757  -41.934  -6.945  9.974 0.0000000000
132756  -41.417  -6.964  10.462 0.0000000000
135041  -42.366  -5.564  11.034 0.0000000000
133924  -42.722  -5.888  10.495 0.0000000000
135055  -43.990  -5.321  10.049 0.0000000000
135044  -44.331  -5.048  10.562 0.0000000000
136179  -41.698  -4.425  12.306 0.0000000000
136186  -42.276  -4.780  11.826 0.0000000000
136180  -42.512  -4.201  12.070 0.0000000000
136190  -45.586  -4.266  11.620 0.0000000000
136189  -44.917  -4.435  11.451 0.0000000000
136197  -45.273  -4.575  11.067 0.0000000000
136198  -45.818  -4.375  11.174 0.0000000000
137327  -46.780  -3.665  10.705 0.0000000000
137320  -46.945  -3.858  11.554 0.0000000000
139466  -48.485  -3.021  12.607 0.0000000000
138401  -48.183  -3.533  12.163 0.0000000000
140595  -48.731  -2.274  11.930 0.0000000000
140596  -49.010  -1.519  11.638 0.0000000000
208798  -49.354  -1.585  12.312 0.0000000000
140549  -47.802  -0.542  15.157 0.0000000000
140558  -47.041  -0.952  13.919 0.0000000000
140559  -47.791  -1.070  14.217 0.0000000000
140571  -48.486  -1.860  13.857 0.0000000000
140560  -49.046  -1.380  14.396 0.0000000000
141757  -50.822  -0.840  14.478 0.0000000000
140574  -50.039  -1.361  13.786 0.0000000000
140575  -50.581  -0.900  13.698 0.0000000000
141768  -50.242  -0.898  12.895 0.0000000000
208904  -50.757  -0.305  13.044 0.0000000000
143009  -51.279  0.862  12.208 0.0000000000
143001  -51.430  0.635  12.957 0.0000000000
144058  -53.029  1.229  13.926 0.0000000000
145147  -53.005  1.484  13.025 0.0000000000
206995  -53.543  1.730  13.661 0.0000000000
146173  -54.200  2.331  12.777 0.0000000000
146162  -54.158  2.050  13.575 0.0000000000
136208  -55.724  -4.310  9.618 0.0000000000
217385  -54.754  -5.710  10.430 0.0000000000
133935  -54.562  -5.762  9.748 0.0000000000
233323  -53.919  -6.319  9.793 0.0000000000
132767  -53.676  -6.321  9.204 0.0000000000
132759  -53.347  -6.694  9.463 0.0000000000
218199  -54.416  -8.046  13.773 0.0000000000
131495  -54.597  -7.684  14.364 0.0000000000
131500  -54.700  -7.588  13.586 0.0000000000
132726  -55.420  -6.595  13.626 0.0000000000
132734  -54.819  -6.853  12.512 0.0000000000
131503  -54.445  -7.546  12.528 0.0000000000
130359  -52.569  -8.299  10.684 0.0000000000
130360  -53.081  -7.964  10.835 0.0000000000
223159  -52.257  -8.222  10.126 0.0000000000
130373  -52.234  -7.846  9.534 0.0000000000
130372  -51.785  -8.468  9.843 0.0000000000
130379  -50.963  -8.506  8.913 0.0000000000
130371  -51.190  -8.873  9.536 0.0000000000
128097  -49.801  -9.743  10.033 0.0000000000
128113  -49.458  -9.663  9.475 0.0000000000
128111  -48.369  -9.944  9.053 0.0000000000
128095  -48.592  -10.019  9.546 0.0000000000
126950  -49.401  -10.494  12.819 0.0000000000
215153  -49.890  -10.274  12.428 0.0000000000
126949  -48.737  -10.657  12.442 0.0000000000
126969  -46.860  -10.712  10.845 0.0000000000
126970  -47.540  -10.676  10.706 0.0000000000
196926  -47.027  -10.595  10.164 0.0000000000
198539  -47.267  -10.465  9.453 0.0000000000
200794  -46.468  -10.661  9.552 0.0000000000
126996  -45.753  -10.504  9.207 0.0000000000
126981  -45.755  -10.786  9.897 0.0000000000
212775  -51.352  -13.065  19.524 0.0000000000
212169  -45.539  -13.031  23.596 0.0000000000
122168  -46.571  -13.148  23.499 0.0000000000
122169  -47.225  -13.512  23.345 0.0000000000
232158  -46.903  -13.487  22.907 0.0000000000
120875  -43.284  -13.665  21.074 0.0000000000
223569  -43.432  -13.400  21.752 0.0000000000
120876  -44.351  -13.879  21.135 0.0000000000
120894  -46.630  -14.225  20.413 0.0000000000
120879  -46.349  -14.022  21.038 0.0000000000
120880  -46.871  -14.179  20.919 0.0000000000
122214  -47.408  -14.230  21.242 0.0000000000
122215  -48.186  -14.274  21.061 0.0000000000
224768  -48.799  -14.409  21.220 0.0000000000
210730  -48.278  -14.425  20.369 0.0000000000
120936  -48.014  -14.450  18.449 0.0000000000
120924  -48.656  -14.453  19.300 0.0000000000
122258  -49.040  -13.944  18.165 0.0000000000
122259  -49.660  -13.795  18.363 0.0000000000
123473  -49.429  -13.463  17.760 0.0000000000
123488  -49.207  -13.269  17.111 0.0000000000
122274  -48.256  -13.980  17.329 0.0000000000
122284  -46.302  -14.253  16.112 0.0000000000
122295  -47.210  -13.677  15.921 0.0000000000
123511  -46.289  -13.523  15.236 0.0000000000
123525  -46.589  -13.024  14.882 0.0000000000
123524  -45.955  -13.201  14.727 0.0000000000
126940  -42.091  -10.857  12.310 0.0000000000
126941  -42.759  -10.875  12.293 0.0000000000
128070  -42.153  -9.959  11.500 0.0000000000
128080  -42.170  -9.735  10.826 0.0000000000
129197  -41.706  -9.485  11.094 0.0000000000
129206  -41.328  -9.038  10.631 0.0000000000
129196  -41.045  -9.229  11.269 0.0000000000
128060  -39.619  -9.560  12.318 0.0000000000
129194  -40.144  -8.792  11.612 0.0000000000
125800  -38.871  -11.739  14.630 0.0000000000
125810  -39.037  -11.538  13.965 0.0000000000
126919  -38.774  -11.031  14.362 0.0000000000
130328  -38.481  -8.249  14.052 0.0000000000
130334  -38.542  -7.971  13.403 0.0000000000
202794  -38.485  -7.687  14.036 0.0000000000
132720  -38.618  -6.591  14.220 0.0000000000
136333  -57.236  -4.510  1.354 0.0000000000
136332  -56.949  -4.183  1.049 0.0000000000
136357  -55.804  -4.383  -0.357 0.0000000000
136358  -56.588  -4.239  -0.816 0.0000000000
136369  -55.725  -4.387  -1.179 0.0000000000
136379  -55.963  -4.473  -2.046 0.0000000000
227185  -55.513  -4.398  -1.857 0.0000000000
131597  -50.546  -7.310  5.551 0.0000000000
132801  -51.159  -7.226  5.508 0.0000000000
132815  -50.899  -6.996  4.924 0.0000000000
231384  -51.334  -6.695  3.281 0.0000000000
132850  -51.588  -6.715  3.649 0.0000000000
134056  -49.248  -6.386  1.138 0.0000000000
132903  -50.023  -6.509  1.331 0.0000000000
134057  -50.533  -6.506  0.808 0.0000000000
134078  -51.818  -6.111  -0.117 0.0000000000
134079  -52.302  -6.058  0.199 0.0000000000
134060  -52.411  -6.278  0.946 0.0000000000
134080  -52.740  -5.929  0.378 0.0000000000
135195  -53.399  -5.575  0.057 0.0000000000
134099  -52.866  -5.773  -0.352 0.0000000000
203779  -53.369  -4.593  -2.976 0.0000000000
135250  -53.889  -4.133  -3.504 0.0000000000
197042  -54.413  -4.167  -3.333 0.0000000000
134163  -53.997  -4.646  -4.253 0.0000000000
135264  -53.774  -4.119  -4.084 0.0000000000
135274  -52.309  -4.249  -4.809 0.0000000000
135275  -52.958  -4.309  -4.844 0.0000000000
136415  -52.406  -4.475  -5.081 0.0000000000
135284  -52.147  -4.867  -5.522 0.0000000000
136427  -51.857  -4.394  -5.464 0.0000000000
136399  -49.284  -4.403  -4.027 0.0000000000
136400  -50.162  -4.621  -4.173 0.0000000000
136411  -49.864  -3.883  -4.540 0.0000000000
138583  -50.312  -2.609  -6.150 0.0000000000
137516  -50.704  -3.140  -5.848 0.0000000000
137525  -50.670  -3.108  -6.288 0.0000000000
137526  -51.090  -3.647  -6.197 0.0000000000
137533  -50.117  -3.268  -6.738 0.0000000000
136441  -49.905  -3.982  -6.630 0.0000000000
137532  -49.567  -2.899  -6.802 0.0000000000
215696  -48.303  -1.938  -7.206 0.0000000000
138587  -48.494  -2.580  -6.995 0.0000000000
138581  -47.842  -2.634  -6.858 0.0000000000
138580  -47.273  -2.665  -6.219 0.0000000000
139656  -47.526  -1.899  -6.904 0.0000000000
225689  -42.968  -6.549  9.294 0.0000000000
132771  -43.012  -7.219  8.247 0.0000000000
133946  -43.559  -6.148  8.514 0.0000000000
135083  -44.292  -4.986  7.374 0.0000000000
135082  -44.099  -5.581  7.620 0.0000000000
135109  -43.953  -5.402  6.332 0.0000000000
135097  -44.195  -4.777  6.607 0.0000000000
207231  -46.777  -2.637  7.717 0.0000000000
137364  -46.029  -3.510  7.972 0.0000000000
138459  -46.712  -2.624  7.133 0.0000000000
205338  -46.290  -3.026  5.278 0.0000000000
138478  -45.989  -3.376  5.757 0.0000000000
137395  -45.356  -3.745  5.392 0.0000000000
137407  -45.252  -3.732  4.560 0.0000000000
235408  -45.420  -3.518  3.911 0.0000000000
138495  -45.792  -3.194  4.265 0.0000000000
230205  -46.709  -1.961  3.143 0.0000000000
138500  -45.986  -2.646  3.196 0.0000000000
139571  -46.340  -2.178  2.034 0.0000000000
138511  -46.010  -2.890  1.733 0.0000000000
143040  -51.219  0.918  8.084 0.0000000000
143032  -50.536  0.573  8.620 0.0000000000
143048  -51.054  0.574  7.381 0.0000000000
219733  -50.801  0.826  4.816 0.0000000000
220053  -50.937  0.799  6.187 0.0000000000
193488  -50.445  0.644  5.246 0.0000000000
141837  -49.624  0.188  5.687 0.0000000000
141846  -50.296  -0.345  4.785 0.0000000000
141873  -51.696  0.072  2.144 0.0000000000
194922  -51.603  -0.263  3.878 0.0000000000
141872  -51.103  -0.242  2.571 0.0000000000
141881  -49.415  -0.572  1.991 0.0000000000
195416  -49.990  -0.584  2.440 0.0000000000
140730  -49.346  -0.851  2.719 0.0000000000
140720  -49.345  -0.984  3.468 0.0000000000
140719  -48.625  -1.065  3.065 0.0000000000
140718  -47.907  -1.185  2.699 0.0000000000
140751  -47.489  -1.018  0.311 0.0000000000
140744  -47.477  -1.215  0.799 0.0000000000
140743  -46.974  -1.481  0.487 0.0000000000
139589  -46.482  -1.808  0.158 0.0000000000
139597  -46.511  -1.736  -0.456 0.0000000000
140757  -46.695  -1.319  -0.789 0.0000000000
210908  -46.832  -0.588  -2.023 0.0000000000
141926  -46.808  -0.470  -2.766 0.0000000000
141935  -46.950  -0.235  -3.596 0.0000000000
144234  -48.609  1.543  -2.249 0.0000000000
144243  -48.204  1.999  -3.083 0.0000000000
210444  -47.646  1.717  -4.968 0.0000000000
144257  -47.556  1.411  -4.277 0.0000000000
143166  -47.459  1.009  -4.820 0.0000000000
216138  -47.618  0.622  -5.361 0.0000000000
141951  -47.988  0.432  -5.966 0.0000000000
143176  -47.746  0.825  -6.349 0.0000000000
143184  -46.394  0.784  -6.000 0.0000000000
143185  -46.958  0.783  -6.539 0.0000000000
141956  -46.541  0.065  -6.299 0.0000000000
139654  -46.478  -1.503  -6.029 0.0000000000
140779  -45.828  -0.935  -5.055 0.0000000000
146321  -46.816  3.594  -2.664 0.0000000000
146330  -46.242  3.524  -2.998 0.0000000000
146320  -45.552  3.027  -2.373 0.0000000000
145292  -44.043  2.641  -1.776 0.0000000000
145300  -44.499  2.195  -2.223 0.0000000000
194167  -51.552  2.241  1.948 0.0000000000
145259  -50.790  2.487  0.926 0.0000000000
222327  -50.686  2.339  1.684 0.0000000000
144188  -48.820  1.627  2.336 0.0000000000
195874  -49.132  1.898  1.658 0.0000000000
145256  -47.534  2.003  1.001 0.0000000000
145245  -47.750  1.800  1.738 0.0000000000
144155  -48.372  1.700  4.317 0.0000000000
144163  -48.246  1.573  3.735 0.0000000000
144162  -47.656  1.341  3.466 0.0000000000
144172  -45.608  1.130  2.643 0.0000000000
202445  -46.582  1.542  2.622 0.0000000000
144184  -46.103  1.644  2.082 0.0000000000
144196  -46.353  1.907  1.575 0.0000000000
144194  -44.888  1.787  1.385 0.0000000000
144182  -44.637  1.375  2.102 0.0000000000
144170  -43.381  1.109  2.598 0.0000000000
144169  -42.857  1.367  2.081 0.0000000000
143096  -41.751  1.196  1.696 0.0000000000
143097  -42.284  1.136  2.181 0.0000000000
217402  -41.712  0.849  2.325 0.0000000000
143081  -41.819  0.400  3.677 0.0000000000
143071  -41.800  0.186  4.313 0.0000000000
143060  -44.298  0.607  5.889 0.0000000000
143065  -43.675  0.502  5.489 0.0000000000
141830  -42.521  -0.024  6.284 0.0000000000
141836  -42.554  0.039  5.621 0.0000000000
149869  -46.318  5.680  8.097 0.0000000000
149008  -46.479  5.207  8.509 0.0000000000
149007  -45.904  5.335  8.562 0.0000000000
148179  -45.029  4.335  9.029 0.0000000000
210845  -44.277  3.352  9.021 0.0000000000
128122  -43.423  -9.744  8.566 0.0000000000
129257  -43.886  -9.400  7.666 0.0000000000
129246  -43.416  -9.254  8.167 0.0000000000
130392  -43.333  -8.280  7.799 0.0000000000
131558  -43.460  -7.638  7.597 0.0000000000
203592  -56.352  5.632  8.616 0.0000000000
149886  -55.841  6.381  7.277 0.0000000000
149913  -55.540  6.762  5.529 0.0000000000
151518  -55.678  7.445  5.550 0.0000000000
152335  -55.161  8.473  5.003 0.0000000000
153202  -55.015  9.049  4.620 0.0000000000
132970  -53.413  -5.897  -4.456 0.0000000000
134998  -39.525  -5.198  15.216 0.0000000000
136166  -40.104  -4.148  14.251 0.0000000000
126882  -52.139  -10.523  16.895 0.0000000000
126890  -51.794  -11.041  15.972 0.0000000000
125804  -50.647  -11.151  15.328 0.0000000000
217118  -50.038  -12.190  16.174 0.0000000000
124658  -49.460  -12.545  16.169 0.0000000000
122283  -39.154  -14.097  16.762 0.0000000000
123500  -38.979  -13.450  16.574 0.0000000000
122270  -38.837  -13.713  17.263 0.0000000000
133955  -53.420  -6.025  7.623 0.0000000000
133954  -53.087  -6.109  7.120 0.0000000000
232025  -52.516  -6.439  6.122 0.0000000000
132803  -52.264  -6.638  5.770 0.0000000000
135193  -46.736  -5.248  0.359 0.0000000000
135194  -47.220  -5.561  0.090 0.0000000000
198533  -46.907  -5.103  -0.168 0.0000000000
136356  -47.351  -4.711  -1.076 0.0000000000
136368  -47.395  -4.374  -1.513 0.0000000000
136376  -47.560  -4.315  -2.037 0.0000000000
136375  -47.213  -4.010  -1.705 0.0000000000
137479  -46.817  -3.497  -1.680 0.0000000000
138543  -46.668  -2.795  -1.891 0.0000000000
140626  -48.519  -1.516  10.261 0.0000000000
140640  -48.581  -1.309  9.387 0.0000000000
140641  -48.981  -0.678  9.074 0.0000000000
141815  -49.451  -0.159  8.091 0.0000000000
143110  -54.254  1.728  0.641 0.0000000000
143109  -53.915  1.339  0.590 0.0000000000
144206  -53.583  1.940  0.040 0.0000000000
144216  -53.163  2.197  -0.467 0.0000000000
144227  -52.466  2.495  -1.283 0.0000000000
145294  -51.403  2.705  -1.933 0.0000000000
146315  -52.086  3.005  -1.770 0.0000000000
147261  -51.656  3.564  -1.918 0.0000000000
147260  -51.148  4.109  -1.928 0.0000000000
147259  -49.590  4.303  -2.193 0.0000000000
147252  -50.258  4.171  -1.575 0.0000000000
146300  -50.502  3.656  -0.864 0.0000000000
146286  -49.953  3.111  -0.241 0.0000000000
146236  -49.129  2.789  7.685 0.0000000000
144120  -48.855  1.726  7.247 0.0000000000
145203  -48.238  2.027  7.351 0.0000000000
145202  -47.509  2.150  7.406 0.0000000000
145212  -47.021  1.846  6.997 0.0000000000
144119  -46.333  1.662  7.282 0.0000000000
145201  -46.782  2.113  7.505 0.0000000000
145193  -46.437  2.477  7.945 0.0000000000
146224  -46.066  2.804  8.466 0.0000000000
129247  -48.523  -9.257  8.041 0.0000000000
130394  -48.662  -8.608  7.470 0.0000000000
198693  -48.102  -9.154  7.336 0.0000000000
130418  -47.696  -8.165  6.303 0.0000000000
131578  -45.010  -7.659  5.756 0.0000000000
131591  -45.318  -7.340  5.226 0.0000000000
132813  -45.130  -6.766  5.013 0.0000000000
132827  -45.414  -6.491  4.492 0.0000000000
132842  -45.635  -6.261  3.891 0.0000000000
134008  -46.071  -5.918  3.316 0.0000000000
134007  -45.478  -5.673  3.716 0.0000000000
136308  -45.676  -4.272  2.887 0.0000000000
145165  -53.482  2.474  11.230 0.0000000000
145173  -53.064  1.859  10.557 0.0000000000
146207  -53.522  2.573  10.409 0.0000000000
145175  -53.799  2.291  9.691 0.0000000000
145186  -54.733  2.457  8.774 0.0000000000
208563  -56.693  3.234  6.458 0.0000000000
214173  -56.253  3.158  7.124 0.0000000000
146253  -56.531  2.669  5.662 0.0000000000
145223  -56.623  2.173  5.083 0.0000000000
193866  -55.880  1.455  3.705 0.0000000000
219086  -56.111  1.998  3.931 0.0000000000
221117  -55.467  2.236  3.506 0.0000000000
218909  -54.835  2.206  3.416 0.0000000000
218566  -53.963  2.121  3.437 0.0000000000
220958  -54.138  2.160  3.998 0.0000000000
220100  -53.643  2.418  5.297 0.0000000000
149894  -53.144  5.639  6.549 0.0000000000
149029  -53.375  4.848  6.700 0.0000000000
149028  -52.716  5.158  6.804 0.0000000000
149027  -52.140  4.907  7.035 0.0000000000
148195  -51.094  4.269  7.515 0.0000000000
149026  -51.055  5.499  6.983 0.0000000000
135283  -49.188  -5.693  -5.938 0.0000000000
207981  -41.347  -6.332  10.878 0.0000000000
133914  -41.713  -5.734  11.198 0.0000000000
135032  -42.684  -5.142  11.412 0.0000000000
213659  -43.413  -3.542  12.241 0.0000000000
137301  -43.932  -3.785  11.988 0.0000000000
137303  -45.282  -3.772  12.000 0.0000000000
137304  -46.102  -3.897  12.067 0.0000000000
137313  -47.376  -3.907  12.218 0.0000000000
137305  -47.002  -3.857  12.271 0.0000000000
210742  -48.324  -3.199  13.080 0.0000000000
140550  -48.772  -0.617  15.206 0.0000000000
221373  -49.484  -1.123  14.891 0.0000000000
140551  -50.054  -1.237  14.961 0.0000000000
141749  -50.933  -0.624  15.378 0.0000000000
142985  -51.349  -0.233  14.762 0.0000000000
142991  -51.647  0.276  13.851 0.0000000000
142986  -52.115  0.276  15.112 0.0000000000
144053  -52.666  0.892  14.806 0.0000000000
136199  -55.776  -4.370  10.277 0.0000000000
136191  -55.892  -4.436  10.923 0.0000000000
135046  -55.192  -5.481  10.792 0.0000000000
133926  -54.724  -6.019  11.005 0.0000000000
130330  -53.920  -8.395  13.599 0.0000000000
130336  -53.816  -8.255  12.909 0.0000000000
130342  -53.766  -8.177  12.320 0.0000000000
130349  -53.328  -8.526  11.971 0.0000000000
129209  -51.736  -9.134  10.892 0.0000000000
129223  -50.890  -9.220  10.038 0.0000000000
129208  -51.098  -9.383  10.649 0.0000000000
128084  -50.652  -9.763  11.028 0.0000000000
128083  -50.037  -9.962  10.762 0.0000000000
126930  -48.065  -10.728  12.893 0.0000000000
126948  -48.100  -10.781  12.115 0.0000000000
233539  -47.613  -10.740  12.442 0.0000000000
126959  -46.760  -10.705  11.618 0.0000000000
126968  -46.199  -10.728  11.009 0.0000000000
197014  -45.692  -10.987  10.570 0.0000000000
126967  -45.643  -10.891  11.157 0.0000000000
211592  -43.598  -14.283  20.034 0.0000000000
120891  -44.585  -14.193  20.552 0.0000000000
222658  -44.859  -14.389  19.900 0.0000000000
120905  -45.590  -14.452  19.893 0.0000000000
120907  -46.917  -14.423  19.861 0.0000000000
120908  -47.526  -14.498  19.734 0.0000000000
224142  -47.125  -14.508  19.341 0.0000000000
120935  -47.427  -14.693  18.181 0.0000000000
122256  -47.868  -14.430  17.743 0.0000000000
122273  -47.666  -14.220  17.103 0.0000000000
120953  -46.507  -14.648  17.153 0.0000000000
120968  -46.009  -14.522  16.582 0.0000000000
120980  -45.663  -14.348  16.030 0.0000000000
125824  -41.855  -11.914  12.818 0.0000000000
125838  -41.646  -11.423  12.568 0.0000000000
126939  -41.355  -10.812  12.363 0.0000000000
128062  -41.041  -10.218  12.091 0.0000000000
126938  -40.575  -10.765  12.457 0.0000000000
126937  -39.879  -10.797  12.592 0.0000000000
128053  -39.523  -10.169  12.695 0.0000000000
136331  -56.453  -4.211  0.811 0.0000000000
135197  -55.002  -4.861  0.285 0.0000000000
135210  -54.991  -4.792  -0.575 0.0000000000
230439  -50.005  -6.938  4.453 0.0000000000
132830  -50.606  -6.864  4.350 0.0000000000
132848  -50.233  -6.854  3.758 0.0000000000
198841  -50.854  -6.748  3.183 0.0000000000
132866  -50.699  -6.726  2.588 0.0000000000
134095  -50.100  -6.357  -0.655 0.0000000000
134077  -50.292  -6.262  0.097 0.0000000000
199037  -50.813  -6.304  -0.527 0.0000000000
134096  -51.369  -6.161  -1.125 0.0000000000
134097  -51.891  -5.974  -0.943 0.0000000000
134113  -52.443  -5.734  -1.526 0.0000000000
134126  -52.436  -5.394  -2.156 0.0000000000
135234  -52.792  -4.970  -2.772 0.0000000000
135233  -52.540  -4.828  -3.110 0.0000000000
135263  -53.187  -4.247  -4.244 0.0000000000
135248  -52.562  -4.549  -3.624 0.0000000000
137503  -48.784  -3.299  -4.860 0.0000000000
137504  -49.635  -3.317  -4.978 0.0000000000
137514  -49.561  -2.761  -5.266 0.0000000000
138574  -49.778  -2.311  -5.922 0.0000000000
138582  -49.802  -2.293  -6.459 0.0000000000
138589  -49.624  -2.383  -6.725 0.0000000000
139658  -49.276  -1.938  -6.813 0.0000000000
207646  -48.775  -1.320  -7.145 0.0000000000
140809  -48.417  -0.588  -7.069 0.0000000000
208290  -43.889  -5.783  8.968 0.0000000000
135071  -43.990  -5.684  8.284 0.0000000000
204073  -44.364  -5.341  8.775 0.0000000000
136241  -44.995  -4.184  7.551 0.0000000000
139532  -47.128  -2.203  6.816 0.0000000000
138469  -46.664  -2.649  6.492 0.0000000000
139539  -47.079  -2.236  6.135 0.0000000000
139546  -46.978  -2.144  5.396 0.0000000000
138488  -46.559  -2.583  5.172 0.0000000000
138496  -45.990  -2.587  3.903 0.0000000000
139551  -46.445  -2.195  4.144 0.0000000000
203618  -46.832  -1.893  3.688 0.0000000000
139559  -47.244  -1.567  3.126 0.0000000000
144122  -52.238  0.990  7.481 0.0000000000
199297  -51.346  0.475  6.929 0.0000000000
219828  -51.740  0.563  6.610 0.0000000000
219859  -51.865  0.873  5.192 0.0000000000
194244  -51.434  0.589  4.558 0.0000000000
141893  -51.151  0.161  1.239 0.0000000000
141882  -50.639  -0.279  1.989 0.0000000000
141892  -50.457  -0.058  1.211 0.0000000000
141891  -49.568  -0.171  1.295 0.0000000000
141880  -48.958  -0.631  1.557 0.0000000000
140739  -48.277  -0.771  1.474 0.0000000000
141890  -48.795  -0.497  1.027 0.0000000000
195515  -48.023  -0.657  0.225 0.0000000000
141907  -47.567  -0.729  -0.253 0.0000000000
141906  -46.961  -0.807  -0.781 0.0000000000
141913  -47.632  -0.235  -0.893 0.0000000000
141919  -47.266  -0.067  -1.657 0.0000000000
143140  -47.592  0.479  -2.053 0.0000000000
215645  -48.808  3.003  -3.504 0.0000000000
145311  -48.246  2.868  -4.006 0.0000000000
144258  -47.775  2.171  -4.780 0.0000000000
144271  -47.566  2.006  -5.281 0.0000000000
144286  -47.437  1.615  -5.709 0.0000000000
145331  -47.232  2.326  -5.532 0.0000000000
144270  -47.026  1.631  -5.834 0.0000000000
144269  -46.343  1.563  -5.590 0.0000000000
143175  -45.877  0.772  -5.256 0.0000000000
144256  -45.750  1.428  -4.596 0.0000000000
145316  -45.766  2.045  -4.158 0.0000000000
222159  -46.463  3.103  -1.577 0.0000000000
146310  -46.225  3.069  -2.127 0.0000000000
146309  -45.249  2.932  -1.655 0.0000000000
146293  -44.359  2.851  -1.383 0.0000000000
145239  -50.577  2.144  2.680 0.0000000000
145248  -50.339  2.171  2.260 0.0000000000
145238  -49.984  1.914  2.944 0.0000000000
144175  -49.173  1.711  2.919 0.0000000000
224422  -48.520  1.575  2.874 0.0000000000
198778  -46.731  1.107  4.292 0.0000000000
196597  -47.196  1.027  3.888 0.0000000000
198860  -46.391  1.122  3.747 0.0000000000
144160  -45.832  1.028  3.326 0.0000000000
144171  -44.654  1.177  2.924 0.0000000000
212527  -42.308  0.877  2.824 0.0000000000
143091  -43.058  0.770  3.206 0.0000000000
143082  -43.011  0.608  3.948 0.0000000000
196461  -43.077  0.540  4.661 0.0000000000
144128  -44.080  0.852  7.058 0.0000000000
143059  -43.772  0.595  6.123 0.0000000000
143055  -43.595  0.600  6.717 0.0000000000
143054  -42.960  0.302  6.746 0.0000000000
143053  -42.355  0.075  6.981 0.0000000000
141829  -41.884  -0.228  6.572 0.0000000000
143044  -42.164  0.277  7.668 0.0000000000
128139  -45.846  -9.850  7.693 0.0000000000
129260  -46.221  -9.628  7.335 0.0000000000
128150  -45.647  -9.452  7.154 0.0000000000
129269  -45.265  -9.044  6.758 0.0000000000
130403  -44.963  -8.536  6.522 0.0000000000
129268  -44.353  -9.113  7.223 0.0000000000
130414  -44.692  -7.981  6.296 0.0000000000
131577  -44.392  -7.421  6.005 0.0000000000
133987  -44.307  -5.981  5.416 0.0000000000
146210  -55.645  3.489  9.857 0.0000000000
147185  -56.117  3.848  10.405 0.0000000000
147208  -56.252  4.332  8.897 0.0000000000
147217  -56.375  4.015  7.651 0.0000000000
149011  -56.445  5.177  8.033 0.0000000000
148196  -56.447  4.595  7.520 0.0000000000
148203  -56.518  4.130  7.070 0.0000000000
204883  -56.494  3.991  6.350 0.0000000000
147230  -56.364  3.489  5.923 0.0000000000
209208  -55.810  3.691  5.765 0.0000000000
204658  -55.014  3.755  5.820 0.0000000000
148208  -55.380  4.457  6.130 0.0000000000
149036  -54.751  5.175  6.174 0.0000000000
207843  -54.403  5.995  5.888 0.0000000000
149912  -55.116  6.701  5.442 0.0000000000
149904  -54.757  6.557  5.454 0.0000000000
149903  -53.622  6.175  6.055 0.0000000000
150720  -53.269  6.714  5.616 0.0000000000
150730  -52.412  7.440  4.716 0.0000000000
134171  -50.825  -5.711  -5.828 0.0000000000
133902  -39.408  -5.643  12.741 0.0000000000
135022  -40.375  -5.390  12.106 0.0000000000
135016  -40.280  -4.800  12.605 0.0000000000
136178  -40.877  -4.297  12.616 0.0000000000
137298  -41.307  -3.783  12.797 0.0000000000
137292  -40.472  -3.599  13.414 0.0000000000
136173  -40.923  -3.267  13.225 0.0000000000
138389  -42.349  -3.143  12.787 0.0000000000
128049  -52.362  -9.796  14.213 0.0000000000
128056  -52.072  -9.722  13.579 0.0000000000
128054  -50.914  -10.042  13.088 0.0000000000
126933  -50.755  -10.245  13.599 0.0000000000
199581  -50.202  -10.425  13.500 0.0000000000
126920  -49.296  -10.753  13.482 0.0000000000
125803  -50.240  -11.095  14.766 0.0000000000
125815  -49.249  -11.048  14.145 0.0000000000
125832  -48.816  -10.938  13.677 0.0000000000
205932  -47.969  -11.228  13.789 0.0000000000
125813  -47.434  -11.398  13.782 0.0000000000
125812  -46.804  -11.598  13.710 0.0000000000
122183  -42.417  -13.397  23.079 0.0000000000
232914  -41.906  -13.130  22.246 0.0000000000
122207  -42.247  -13.568  21.670 0.0000000000
120873  -42.116  -13.953  21.094 0.0000000000
197059  -41.890  -14.529  20.080 0.0000000000
120903  -43.033  -14.625  19.772 0.0000000000
120917  -43.302  -14.804  19.074 0.0000000000
123546  -40.021  -13.183  13.515 0.0000000000
123545  -39.471  -12.634  13.631 0.0000000000
124679  -39.137  -12.862  14.417 0.0000000000
124678  -38.947  -12.427  14.861 0.0000000000
123509  -39.117  -13.271  15.800 0.0000000000
124666  -39.006  -12.672  15.519 0.0000000000
211168  -39.201  -12.278  15.964 0.0000000000
132863  -48.506  -6.703  2.744 0.0000000000
132883  -48.722  -6.592  2.145 0.0000000000
134037  -48.804  -6.504  1.554 0.0000000000
197096  -49.012  -6.125  0.452 0.0000000000
134093  -47.779  -5.605  -0.047 0.0000000000
197454  -48.842  -6.056  -0.296 0.0000000000
230865  -49.425  -6.081  -0.662 0.0000000000
134110  -49.810  -6.055  -1.323 0.0000000000
134122  -49.873  -5.771  -2.060 0.0000000000
135232  -49.938  -5.569  -2.563 0.0000000000
135246  -50.429  -5.423  -2.980 0.0000000000
207232  -49.640  -5.322  -2.993 0.0000000000
136387  -48.915  -4.505  -3.399 0.0000000000
136398  -48.595  -4.192  -3.794 0.0000000000
136385  -47.671  -4.128  -2.774 0.0000000000
136397  -47.981  -4.016  -3.508 0.0000000000
137495  -48.336  -3.737  -4.145 0.0000000000
137502  -48.123  -3.322  -4.357 0.0000000000
139634  -48.033  -2.117  -4.659 0.0000000000
139633  -47.460  -1.570  -4.487 0.0000000000
137339  -46.252  -3.770  9.501 0.0000000000
137352  -46.136  -3.599  8.734 0.0000000000
137353  -46.649  -3.262  9.087 0.0000000000
203336  -46.938  -2.754  8.786 0.0000000000
139517  -47.091  -2.329  8.229 0.0000000000
139519  -48.220  -1.742  8.939 0.0000000000
139533  -47.672  -1.831  7.154 0.0000000000
140673  -48.280  -1.570  6.832 0.0000000000
140683  -48.255  -1.604  6.196 0.0000000000
218169  -48.803  -1.223  5.864 0.0000000000
193498  -53.494  0.179  4.293 0.0000000000
220260  -52.626  0.127  4.480 0.0000000000
194794  -53.058  0.375  3.132 0.0000000000
219886  -52.126  0.190  2.528 0.0000000000
143098  -51.894  0.291  1.257 0.0000000000
143108  -53.282  0.864  0.563 0.0000000000
143107  -52.463  0.618  0.588 0.0000000000
143106  -51.695  0.570  0.669 0.0000000000
206438  -51.101  0.614  0.201 0.0000000000
143127  -50.732  0.782  -0.183 0.0000000000
143126  -49.903  0.882  -0.480 0.0000000000
143134  -49.146  0.821  -0.928 0.0000000000
144224  -49.972  1.507  -1.235 0.0000000000
144235  -49.521  1.953  -2.014 0.0000000000
145303  -49.973  2.775  -2.540 0.0000000000
145312  -49.554  3.305  -3.191 0.0000000000
146333  -49.131  3.777  -3.687 0.0000000000
146344  -48.622  4.086  -3.960 0.0000000000
147285  -47.400  4.127  -3.941 0.0000000000
146331  -46.760  3.750  -3.779 0.0000000000
147277  -47.805  4.326  -3.555 0.0000000000
146322  -47.416  3.903  -2.593 0.0000000000
146313  -48.634  3.976  -2.077 0.0000000000
146312  -47.724  3.533  -1.935 0.0000000000
146296  -47.002  3.066  -1.435 0.0000000000
146284  -46.916  2.690  -0.561 0.0000000000
145273  -46.416  2.303  0.199 0.0000000000
221800  -49.983  1.477  5.537 0.0000000000
193934  -49.462  2.025  4.673 0.0000000000
219249  -49.311  1.906  5.292 0.0000000000
144148  -48.471  1.862  4.886 0.0000000000
196981  -47.909  1.565  4.722 0.0000000000
144132  -48.103  1.835  6.080 0.0000000000
199139  -48.020  1.721  5.352 0.0000000000
196598  -47.282  1.162  4.511 0.0000000000
144146  -46.471  1.198  4.947 0.0000000000
144145  -45.680  1.102  4.677 0.0000000000
143067  -45.099  0.730  5.097 0.0000000000
143061  -44.869  0.590  5.685 0.0000000000
144129  -44.896  0.981  6.319 0.0000000000
233168  -45.872  1.372  6.988 0.0000000000
144118  -45.268  1.191  6.987 0.0000000000
198772  -44.624  0.972  7.028 0.0000000000
198131  -44.288  1.121  7.591 0.0000000000
144110  -44.127  1.591  8.103 0.0000000000
130397  -50.591  -8.012  7.736 0.0000000000
131560  -51.045  -7.643  7.296 0.0000000000
131559  -50.326  -7.697  7.193 0.0000000000
131568  -50.114  -7.563  6.711 0.0000000000
196607  -49.744  -7.304  5.657 0.0000000000
130420  -48.964  -8.076  6.808 0.0000000000
131579  -49.030  -7.683  6.026 0.0000000000
131611  -49.028  -7.345  4.747 0.0000000000
131621  -48.749  -7.041  3.731 0.0000000000
129271  -47.010  -8.921  6.889 0.0000000000
130417  -47.046  -8.374  6.367 0.0000000000
130432  -47.197  -7.932  5.671 0.0000000000
131592  -45.976  -7.412  5.165 0.0000000000
131593  -46.706  -7.484  5.140 0.0000000000
131594  -47.386  -7.525  4.955 0.0000000000
131609  -47.517  -7.339  4.410 0.0000000000
217018  -47.979  -7.202  3.958 0.0000000000
132846  -48.237  -6.905  3.307 0.0000000000
132862  -47.812  -6.603  2.868 0.0000000000
134035  -47.512  -6.159  1.937 0.0000000000
134034  -46.929  -5.795  1.601 0.0000000000
134019  -46.174  -5.524  2.632 0.0000000000
135179  -46.600  -5.275  1.078 0.0000000000
135192  -46.270  -4.835  0.609 0.0000000000
136342  -46.140  -4.354  0.304 0.0000000000
137454  -45.979  -3.627  0.403 0.0000000000
143018  -50.826  0.549  10.920 0.0000000000
143027  -50.809  0.657  10.072 0.0000000000
144093  -51.291  1.074  9.624 0.0000000000
144112  -51.797  1.093  8.334 0.0000000000
144105  -52.789  1.394  9.337 0.0000000000
144104  -52.178  1.289  8.791 0.0000000000
144113  -52.275  1.112  8.152 0.0000000000
195125  -52.816  0.993  7.198 0.0000000000
193484  -53.063  0.816  6.597 0.0000000000
219289  -53.214  0.378  5.490 0.0000000000
146219  -55.156  3.059  9.292 0.0000000000
145196  -54.968  2.216  8.083 0.0000000000
145208  -55.797  2.366  6.860 0.0000000000
145207  -55.159  1.922  7.402 0.0000000000
228953  -54.707  1.482  7.178 0.0000000000
144134  -54.482  1.286  6.646 0.0000000000
194222  -54.004  0.504  5.239 0.0000000000
221026  -53.692  0.266  4.919 0.0000000000
221075  -54.201  0.333  4.442 0.0000000000
193501  -54.418  0.608  2.377 0.0000000000
220272  -55.350  1.616  3.127 0.0000000000
219092  -54.500  1.087  2.232 0.0000000000
144198  -54.322  1.653  1.145 0.0000000000
145264  -54.260  1.804  1.012 0.0000000000
220284  -53.755  2.141  0.554 0.0000000000
145261  -53.240  2.500  0.493 0.0000000000
146276  -52.420  2.714  0.465 0.0000000000
225178  -52.353  2.361  1.182 0.0000000000
220152  -52.328  2.191  1.761 0.0000000000
193851  -51.790  2.141  2.459 0.0000000000
194402  -53.096  2.089  3.462 0.0000000000
220153  -52.115  2.097  2.982 0.0000000000
194450  -51.161  2.190  3.267 0.0000000000
220154  -50.889  1.998  3.995 0.0000000000
219079  -50.636  1.902  4.557 0.0000000000
146252  -54.539  3.210  5.731 0.0000000000
235546  -53.807  2.955  5.950 0.0000000000
146251  -53.036  2.578  5.878 0.0000000000
148201  -53.113  4.117  6.721 0.0000000000
232597  -53.190  3.002  6.360 0.0000000000
212967  -52.225  2.165  5.925 0.0000000000
221127  -51.599  2.018  5.884 0.0000000000
193987  -50.888  1.879  5.992 0.0000000000
194447  -50.675  1.989  6.838 0.0000000000
145205  -50.160  2.210  7.237 0.0000000000
147215  -50.714  3.637  7.547 0.0000000000
147214  -50.121  3.699  7.663 0.0000000000
209608  -49.707  3.231  7.749 0.0000000000
147213  -49.200  3.499  8.051 0.0000000000
147205  -48.570  3.833  8.310 0.0000000000
148192  -48.715  4.638  8.162 0.0000000000
130370  -41.954  -8.316  9.529 0.0000000000
130377  -42.364  -8.212  9.051 0.0000000000
131536  -41.840  -7.588  9.687 0.0000000000
132765  -42.232  -7.194  9.500 0.0000000000
133932  -42.344  -6.368  10.168 0.0000000000
133933  -43.013  -6.166  9.814 0.0000000000
133934  -43.723  -5.835  9.637 0.0000000000
135062  -44.303  -5.459  9.453 0.0000000000
135057  -45.161  -4.939  9.977 0.0000000000
135024  -41.696  -4.967  11.910 0.0000000000
135033  -43.369  -5.079  11.312 0.0000000000
137310  -43.938  -4.237  11.728 0.0000000000
136187  -43.667  -4.641  11.589 0.0000000000
136196  -43.982  -5.024  11.149 0.0000000000
135045  -44.968  -4.881  10.519 0.0000000000
136206  -45.544  -4.636  10.435 0.0000000000
136216  -45.934  -4.302  9.925 0.0000000000
137326  -46.351  -3.949  10.266 0.0000000000
138419  -47.151  -3.180  10.349 0.0000000000
205647  -47.634  -3.109  10.805 0.0000000000
225576  -47.557  -3.913  11.922 0.0000000000
139478  -48.015  -2.972  11.223 0.0000000000
139496  -48.246  -2.236  10.691 0.0000000000
140614  -48.584  -1.824  11.130 0.0000000000
227491  -49.323  -0.901  11.062 0.0000000000
199503  -49.809  -0.340  10.981 0.0000000000
139444  -47.356  -2.391  13.034 0.0000000000
139445  -48.208  -2.742  13.295 0.0000000000
139447  -49.073  -2.392  13.473 0.0000000000
140561  -49.650  -1.651  14.405 0.0000000000
140573  -49.505  -1.821  13.869 0.0000000000
140579  -49.393  -1.852  13.076 0.0000000000
140580  -49.783  -1.272  12.498 0.0000000000
141782  -50.109  -0.635  11.911 0.0000000000
141783  -50.338  0.108  11.391 0.0000000000
143008  -50.839  0.460  11.783 0.0000000000
144075  -51.722  1.297  11.865 0.0000000000
144086  -52.324  1.579  11.530 0.0000000000
144057  -51.869  0.843  13.362 0.0000000000
144076  -52.333  1.445  12.403 0.0000000000
145155  -52.923  1.779  12.177 0.0000000000
145156  -53.411  2.391  12.069 0.0000000000
146183  -54.136  2.721  11.940 0.0000000000
146185  -55.312  3.164  12.244 0.0000000000
146164  -55.125  2.861  13.357 0.0000000000
135065  -55.005  -5.217  9.444 0.0000000000
135064  -54.472  -5.414  9.044 0.0000000000
133948  -54.056  -5.630  8.535 0.0000000000
231107  -53.179  -6.472  8.295 0.0000000000
132773  -52.853  -6.834  8.382 0.0000000000
131554  -52.256  -7.326  8.250 0.0000000000
132740  -54.714  -6.373  11.725 0.0000000000
132739  -54.223  -6.639  11.115 0.0000000000
130350  -53.686  -7.957  11.738 0.0000000000
131527  -53.791  -7.111  10.737 0.0000000000
132748  -53.585  -6.882  10.094 0.0000000000
131537  -52.745  -7.432  9.597 0.0000000000
131545  -51.963  -7.719  8.794 0.0000000000
131553  -51.694  -7.638  8.240 0.0000000000
130387  -50.777  -8.264  8.313 0.0000000000
130386  -50.162  -8.388  8.128 0.0000000000
129249  -49.712  -8.868  8.448 0.0000000000
129238  -50.515  -8.996  9.268 0.0000000000
129236  -49.530  -9.308  8.995 0.0000000000
129248  -49.108  -9.268  8.534 0.0000000000
128129  -48.659  -9.634  8.637 0.0000000000
128128  -48.130  -9.850  8.438 0.0000000000
128127  -47.448  -10.033  8.321 0.0000000000
126963  -50.604  -10.101  12.487 0.0000000000
126971  -49.708  -10.297  11.291 0.0000000000
198328  -48.663  -10.380  11.021 0.0000000000
126983  -48.414  -10.268  10.015 0.0000000000
126997  -48.033  -10.252  9.511 0.0000000000
128109  -47.079  -10.438  8.772 0.0000000000
128126  -46.773  -10.148  8.263 0.0000000000
127005  -45.748  -10.269  8.654 0.0000000000
127004  -45.082  -10.439  8.716 0.0000000000
128123  -44.330  -10.328  8.503 0.0000000000
128108  -43.779  -10.234  8.980 0.0000000000
129221  -42.659  -9.438  9.453 0.0000000000
124637  -51.393  -12.450  18.274 0.0000000000
122153  -47.932  -13.571  24.408 0.0000000000
122170  -47.965  -13.685  23.511 0.0000000000
122171  -48.646  -13.632  23.156 0.0000000000
122184  -43.723  -13.336  22.539 0.0000000000
122185  -44.448  -13.363  22.405 0.0000000000
122186  -45.101  -13.359  22.227 0.0000000000
120877  -44.998  -14.000  21.127 0.0000000000
218334  -45.273  -13.595  21.578 0.0000000000
122187  -45.976  -13.311  22.551 0.0000000000
122189  -47.215  -13.846  22.323 0.0000000000
226589  -47.894  -14.079  21.951 0.0000000000
122191  -48.923  -13.950  22.346 0.0000000000
197251  -49.215  -14.233  21.621 0.0000000000
122217  -49.937  -13.967  21.187 0.0000000000
122228  -49.919  -14.051  20.349 0.0000000000
120909  -48.146  -14.494  19.835 0.0000000000
122240  -49.870  -14.108  19.640 0.0000000000
122241  -50.455  -13.787  19.777 0.0000000000
123467  -50.884  -13.430  19.159 0.0000000000
123475  -50.900  -13.001  18.381 0.0000000000
124636  -51.046  -12.581  17.901 0.0000000000
123489  -49.879  -12.999  17.269 0.0000000000
123504  -49.502  -12.910  16.722 0.0000000000
123515  -48.819  -12.839  15.888 0.0000000000
122287  -48.021  -13.711  16.736 0.0000000000
123501  -47.787  -13.449  16.147 0.0000000000
124667  -47.858  -12.691  15.198 0.0000000000
123526  -47.226  -12.868  15.025 0.0000000000
124696  -46.526  -12.134  14.074 0.0000000000
124695  -45.884  -12.329  13.916 0.0000000000
196695  -44.515  -14.713  16.734 0.0000000000
197067  -44.602  -14.654  16.070 0.0000000000
122291  -44.646  -14.381  15.435 0.0000000000
122303  -44.325  -14.016  14.829 0.0000000000
122304  -44.995  -13.886  14.963 0.0000000000
123539  -44.939  -12.924  14.207 0.0000000000
124694  -45.214  -12.402  13.888 0.0000000000
124706  -45.498  -11.865  13.551 0.0000000000
128093  -42.499  -9.717  10.204 0.0000000000
129220  -42.148  -9.070  9.790 0.0000000000
129219  -41.613  -8.733  10.096 0.0000000000
130357  -41.129  -8.482  10.447 0.0000000000
130356  -40.751  -8.312  10.913 0.0000000000
217963  -40.516  -9.155  11.524 0.0000000000
129195  -40.576  -8.769  11.224 0.0000000000
131523  -40.606  -7.687  11.137 0.0000000000
132737  -39.935  -7.186  11.858 0.0000000000
132732  -39.704  -6.728  12.220 0.0000000000
125820  -39.346  -11.410  13.388 0.0000000000
126928  -39.382  -10.810  13.064 0.0000000000
130339  -38.840  -8.106  12.696 0.0000000000
131507  -38.815  -7.423  12.908 0.0000000000
133906  -39.294  -6.339  12.608 0.0000000000
133901  -39.025  -6.064  13.200 0.0000000000
133896  -38.848  -5.920  13.944 0.0000000000
135004  -38.891  -5.594  14.439 0.0000000000
131493  -38.590  -7.451  15.251 0.0000000000
133882  -38.873  -6.262  15.266 0.0000000000
133883  -39.361  -5.867  15.570 0.0000000000
135211  -56.956  -4.610  -0.554 0.0000000000
136345  -56.433  -4.240  0.174 0.0000000000
136359  -56.936  -4.313  -0.728 0.0000000000
135224  -56.785  -4.574  -0.982 0.0000000000
135238  -56.252  -4.874  -1.944 0.0000000000
200526  -55.983  -5.248  -2.492 0.0000000000
134139  -55.681  -4.852  -3.037 0.0000000000
131582  -51.278  -7.123  6.178 0.0000000000
132802  -51.711  -6.946  5.595 0.0000000000
132817  -52.149  -6.753  5.016 0.0000000000
132831  -51.296  -6.785  4.274 0.0000000000
132832  -52.014  -6.749  4.211 0.0000000000
202442  -50.046  -6.741  2.397 0.0000000000
132885  -50.366  -6.555  1.996 0.0000000000
132886  -51.086  -6.744  2.136 0.0000000000
134058  -51.186  -6.657  0.982 0.0000000000
134038  -52.087  -6.731  1.586 0.0000000000
134039  -52.663  -6.363  1.748 0.0000000000
135180  -53.575  -5.585  0.849 0.0000000000
135196  -54.180  -5.156  0.149 0.0000000000
135209  -54.197  -5.138  -0.715 0.0000000000
134114  -52.979  -5.591  -1.248 0.0000000000
205150  -54.103  -4.917  -1.419 0.0000000000
135222  -54.396  -4.607  -2.165 0.0000000000
135236  -54.694  -4.291  -2.876 0.0000000000
135251  -54.883  -4.251  -3.282 0.0000000000
134149  -54.559  -5.121  -3.899 0.0000000000
134162  -53.675  -5.099  -4.710 0.0000000000
134161  -53.208  -5.488  -4.908 0.0000000000
134174  -53.189  -4.842  -4.952 0.0000000000
134173  -52.606  -5.408  -5.220 0.0000000000
134172  -51.775  -5.637  -5.583 0.0000000000
231206  -51.482  -5.132  -5.823 0.0000000000
134181  -50.922  -4.940  -6.157 0.0000000000
204454  -50.834  -4.805  -3.940 0.0000000000
136401  -51.005  -4.397  -4.361 0.0000000000
136413  -51.583  -4.045  -4.877 0.0000000000
137505  -50.370  -3.493  -5.280 0.0000000000
136425  -51.188  -3.521  -5.346 0.0000000000
136426  -51.584  -3.833  -5.342 0.0000000000
136437  -51.521  -3.974  -5.914 0.0000000000
136436  -51.088  -4.198  -6.335 0.0000000000
136435  -49.392  -4.500  -6.419 0.0000000000
136434  -48.783  -4.286  -6.342 0.0000000000
137531  -48.771  -3.195  -6.617 0.0000000000
136433  -48.118  -3.871  -6.310 0.0000000000
136432  -47.288  -3.815  -5.941 0.0000000000
131544  -42.617  -7.783  8.717 0.0000000000
132777  -43.504  -6.824  7.656 0.0000000000
133953  -43.680  -6.121  7.787 0.0000000000
133965  -43.799  -6.428  7.144 0.0000000000
133976  -43.875  -5.973  6.667 0.0000000000
215628  -44.188  -5.433  5.723 0.0000000000
205218  -44.363  -4.907  5.523 0.0000000000
137351  -45.538  -3.895  8.456 0.0000000000
137363  -45.400  -3.795  7.724 0.0000000000
136254  -45.152  -3.792  6.976 0.0000000000
138468  -46.272  -3.059  6.861 0.0000000000
137385  -45.780  -3.402  6.544 0.0000000000
206905  -44.639  -4.135  6.442 0.0000000000
137383  -44.899  -4.160  5.765 0.0000000000
212915  -44.621  -4.513  5.470 0.0000000000
136274  -44.585  -4.708  4.990 0.0000000000
136296  -45.003  -4.597  4.044 0.0000000000
136297  -45.298  -4.365  3.489 0.0000000000
137424  -45.481  -3.702  3.313 0.0000000000
138505  -45.716  -3.130  2.906 0.0000000000
137425  -45.745  -3.671  2.594 0.0000000000
137434  -45.892  -3.609  1.946 0.0000000000
138516  -45.969  -2.887  0.866 0.0000000000
138523  -46.092  -2.869  0.143 0.0000000000
143026  -50.360  0.397  9.615 0.0000000000
141809  -49.933  0.172  8.354 0.0000000000
141816  -49.884  0.231  7.763 0.0000000000
193485  -50.889  0.553  6.887 0.0000000000
194576  -50.165  0.845  6.794 0.0000000000
194890  -49.650  0.368  6.975 0.0000000000
140697  -49.234  -0.665  5.449 0.0000000000
140696  -48.736  -1.218  5.170 0.0000000000
193491  -52.115  -0.086  4.241 0.0000000000
194110  -51.698  -0.067  4.330 0.0000000000
219410  -51.187  -0.171  4.201 0.0000000000
141871  -50.548  -0.561  2.899 0.0000000000
141862  -50.546  -0.728  3.650 0.0000000000
194887  -50.568  -0.596  4.260 0.0000000000
141852  -49.837  -0.675  4.473 0.0000000000
140712  -49.309  -0.974  4.145 0.0000000000
140705  -48.674  -1.177  4.489 0.0000000000
140710  -47.978  -1.352  3.460 0.0000000000
140717  -47.309  -1.467  2.352 0.0000000000
140738  -47.646  -1.099  1.305 0.0000000000
140727  -47.277  -1.505  1.670 0.0000000000
139572  -46.676  -1.849  1.460 0.0000000000
139581  -46.638  -1.944  0.815 0.0000000000
139588  -46.187  -2.342  0.501 0.0000000000
138529  -46.522  -2.317  -0.791 0.0000000000
209077  -46.559  -2.368  -1.405 0.0000000000
139610  -46.626  -1.971  -1.972 0.0000000000
140763  -46.743  -1.176  -1.484 0.0000000000
139625  -47.019  -1.678  -3.732 0.0000000000
140781  -47.663  -0.938  -5.196 0.0000000000
143133  -48.529  0.694  -1.287 0.0000000000
143141  -48.201  0.908  -1.789 0.0000000000
143148  -47.368  0.646  -2.745 0.0000000000
144242  -47.668  1.276  -3.087 0.0000000000
144241  -47.322  0.985  -3.444 0.0000000000
143147  -46.963  0.278  -3.102 0.0000000000
141943  -47.204  0.169  -4.532 0.0000000000
141944  -47.589  -0.135  -5.278 0.0000000000
140799  -48.340  -0.201  -6.558 0.0000000000
141959  -48.384  -0.303  -6.910 0.0000000000
140808  -48.043  -0.464  -7.261 0.0000000000
143186  -47.766  0.501  -6.785 0.0000000000
141968  -47.828  0.041  -7.130 0.0000000000
139663  -47.624  -1.119  -7.076 0.0000000000
139655  -47.011  -1.370  -6.637 0.0000000000
145310  -46.023  3.235  -3.664 0.0000000000
226879  -45.362  2.395  -3.500 0.0000000000
232945  -44.786  1.886  -2.845 0.0000000000
146275  -51.583  2.797  0.387 0.0000000000
145276  -49.521  2.780  0.310 0.0000000000
197250  -50.034  2.239  1.480 0.0000000000
145258  -49.370  2.312  0.902 0.0000000000
223729  -48.930  2.425  0.235 0.0000000000
145275  -48.082  2.332  0.264 0.0000000000
145274  -47.222  2.262  0.240 0.0000000000
199614  -48.863  1.673  3.967 0.0000000000
212260  -48.694  1.611  3.394 0.0000000000
144187  -47.998  1.571  2.440 0.0000000000
144161  -46.963  1.126  3.251 0.0000000000
144173  -47.410  1.390  2.835 0.0000000000
144186  -47.207  1.542  2.203 0.0000000000
144197  -47.018  1.801  1.608 0.0000000000
145254  -46.004  2.032  0.878 0.0000000000
235268  -44.799  2.011  0.894 0.0000000000
145252  -44.202  2.047  0.833 0.0000000000
144192  -43.354  1.874  1.136 0.0000000000
230021  -43.603  1.467  1.924 0.0000000000
229993  -42.891  1.641  1.559 0.0000000000
144191  -42.534  1.736  1.092 0.0000000000
144180  -41.995  1.411  1.246 0.0000000000
143090  -41.740  0.638  3.025 0.0000000000
143080  -41.211  0.224  3.190 0.0000000000
201832  -43.721  0.632  4.901 0.0000000000
196242  -43.030  0.406  5.291 0.0000000000
143064  -42.371  0.245  4.910 0.0000000000
141828  -41.298  -0.442  6.884 0.0000000000
150729  -51.580  7.703  4.508 0.0000000000
150704  -49.680  6.717  6.156 0.0000000000
149890  -49.310  6.376  6.697 0.0000000000
149884  -48.803  6.045  7.299 0.0000000000
199548  -48.323  5.765  7.622 0.0000000000
204806  -47.261  6.987  6.607 0.0000000000
149014  -47.181  5.651  7.902 0.0000000000
149009  -47.519  5.106  8.179 0.0000000000
148185  -46.653  4.743  8.754 0.0000000000
147197  -46.425  4.098  8.932 0.0000000000
146217  -45.707  3.143  8.908 0.0000000000
148995  -45.475  4.893  8.939 0.0000000000
147195  -45.285  3.627  9.055 0.0000000000
217646  -45.133  3.016  8.887 0.0000000000
145183  -44.907  2.460  8.710 0.0000000000
145182  -44.293  2.446  8.708 0.0000000000
120874  -42.666  -13.895  21.067 0.0000000000
120878  -45.684  -13.750  21.134 0.0000000000
120888  -42.412  -14.310  20.388 0.0000000000
120890  -43.834  -13.954  20.587 0.0000000000
120893  -45.994  -14.176  20.466 0.0000000000
120895  -48.765  -14.474  20.608 0.0000000000
120904  -43.748  -14.558  19.493 0.0000000000
120906  -46.290  -14.398  19.870 0.0000000000
120910  -48.721  -14.369  19.941 0.0000000000
120922  -47.543  -14.565  18.948 0.0000000000
120933  -45.986  -14.747  18.086 0.0000000000
120954  -47.269  -14.731  17.454 0.0000000000
120969  -46.572  -14.430  16.582 0.0000000000
120974  -40.251  -14.655  15.426 0.0000000000
120979  -45.101  -14.472  15.890 0.0000000000
120987  -39.641  -14.246  15.566 0.0000000000
122164  -43.361  -13.062  23.497 0.0000000000
122167  -45.974  -13.024  23.794 0.0000000000
122188  -46.558  -13.473  22.515 0.0000000000
122190  -48.297  -13.877  22.568 0.0000000000
122209  -44.056  -13.546  21.733 0.0000000000
122211  -45.620  -13.399  21.940 0.0000000000
122212  -46.137  -13.721  21.792 0.0000000000
122216  -49.327  -14.259  20.855 0.0000000000
122229  -50.514  -13.690  20.503 0.0000000000
122239  -49.277  -14.311  19.445 0.0000000000
122247  -48.576  -14.293  18.636 0.0000000000
122248  -49.175  -14.163  18.799 0.0000000000
122250  -50.299  -13.842  19.210 0.0000000000
122271  -39.139  -14.209  17.447 0.0000000000
122272  -47.101  -14.492  16.827 0.0000000000
122275  -48.837  -13.714  17.529 0.0000000000
122286  -47.454  -13.963  16.493 0.0000000000
122290  -39.258  -13.878  16.055 0.0000000000
122292  -45.340  -14.139  15.495 0.0000000000
122293  -45.987  -13.996  15.592 0.0000000000
122294  -46.609  -13.848  15.741 0.0000000000
122319  -44.030  -13.705  14.286 0.0000000000
123460  -51.028  -13.435  19.932 0.0000000000
123466  -50.281  -13.485  18.618 0.0000000000
123487  -48.603  -13.468  16.939 0.0000000000
123490  -50.555  -12.878  17.740 0.0000000000
123503  -49.006  -13.064  16.514 0.0000000000
123512  -46.902  -13.342  15.411 0.0000000000
123514  -48.160  -13.013  15.738 0.0000000000
123522  -44.632  -13.462  14.530 0.0000000000
123523  -45.298  -13.339  14.622 0.0000000000
123534  -39.616  -13.278  14.124 0.0000000000
124647  -50.423  -12.459  17.127 0.0000000000
124649  -51.355  -12.079  17.620 0.0000000000
124657  -39.117  -12.829  16.193 0.0000000000
124660  -50.499  -12.055  16.549 0.0000000000
124669  -49.161  -12.223  15.495 0.0000000000
124670  -49.812  -12.029  15.694 0.0000000000
124671  -50.446  -11.607  15.931 0.0000000000
124680  -46.239  -12.670  14.409 0.0000000000
124681  -46.876  -12.474  14.564 0.0000000000
124682  -47.515  -12.283  14.722 0.0000000000
124684  -49.202  -11.782  15.047 0.0000000000
124711  -42.334  -12.229  12.908 0.0000000000
125746  -51.737  -12.175  18.788 0.0000000000
125767  -50.941  -11.981  17.048 0.0000000000
125779  -51.451  -11.240  16.376 0.0000000000
125787  -38.897  -12.020  15.326 0.0000000000
125790  -51.115  -11.119  15.862 0.0000000000
125801  -48.933  -11.478  14.660 0.0000000000
125811  -39.257  -11.991  13.590 0.0000000000
125816  -49.863  -10.985  14.329 0.0000000000
125827  -45.115  -11.407  13.208 0.0000000000
125828  -46.155  -11.744  13.627 0.0000000000
125829  -47.085  -11.078  13.314 0.0000000000
125831  -48.285  -10.903  13.499 0.0000000000
126881  -51.840  -11.050  16.585 0.0000000000
126899  -51.118  -10.878  15.285 0.0000000000
126901  -52.096  -10.626  15.592 0.0000000000
126915  -51.405  -10.600  14.915 0.0000000000
126921  -49.799  -10.735  13.816 0.0000000000
126927  -39.005  -10.879  13.685 0.0000000000
126929  -47.384  -10.780  12.878 0.0000000000
126932  -49.751  -10.542  13.310 0.0000000000
126947  -47.064  -10.711  12.336 0.0000000000
126954  -42.473  -10.321  12.082 0.0000000000
126958  -45.998  -10.752  11.671 0.0000000000
126961  -49.129  -10.376  11.326 0.0000000000
126962  -50.076  -10.156  11.876 0.0000000000
126984  -48.716  -10.177  10.459 0.0000000000
127006  -46.395  -10.485  8.798 0.0000000000
128042  -51.819  -10.225  14.590 0.0000000000
128055  -51.412  -9.935  13.488 0.0000000000
128064  -51.388  -9.765  12.734 0.0000000000
128065  -51.834  -9.625  13.117 0.0000000000
128068  -40.073  -9.400  11.820 0.0000000000
128069  -40.761  -9.616  11.795 0.0000000000
128074  -50.690  -9.942  11.695 0.0000000000
128082  -49.273  -10.130  10.667 0.0000000000
128125  -46.112  -10.154  8.209 0.0000000000
128136  -43.702  -9.735  8.103 0.0000000000
129191  -52.966  -8.919  12.630 0.0000000000
129210  -52.377  -8.829  11.127 0.0000000000
129222  -50.364  -9.278  9.820 0.0000000000
129224  -51.455  -8.974  10.229 0.0000000000
129237  -49.936  -9.332  9.424 0.0000000000
129259  -44.905  -9.377  7.135 0.0000000000
129262  -47.411  -9.255  7.412 0.0000000000
129270  -46.305  -9.260  6.930 0.0000000000
130341  -53.426  -8.467  12.610 0.0000000000
130347  -40.345  -8.254  11.383 0.0000000000
130348  -52.920  -8.467  11.317 0.0000000000
130385  -43.534  -8.804  7.732 0.0000000000
130388  -51.351  -8.014  8.573 0.0000000000
130430  -45.613  -7.901  5.497 0.0000000000
130433  -47.914  -7.629  5.313 0.0000000000
131499  -54.357  -7.955  13.131 0.0000000000
131509  -54.104  -7.728  12.084 0.0000000000
131515  -53.528  -7.671  11.084 0.0000000000
131516  -53.959  -7.375  11.437 0.0000000000
131526  -53.347  -7.453  10.425 0.0000000000
131535  -41.529  -7.435  10.127 0.0000000000
131538  -53.138  -7.179  9.845 0.0000000000
131543  -42.245  -7.695  9.229 0.0000000000
131546  -52.648  -7.341  8.955 0.0000000000
131552  -51.205  -7.841  7.949 0.0000000000
131565  -43.866  -7.773  6.924 0.0000000000
131580  -50.242  -7.365  6.199 0.0000000000
131581  -50.777  -7.258  6.060 0.0000000000
131590  -44.721  -7.094  5.458 0.0000000000
131612  -49.563  -7.107  4.921 0.0000000000
132707  -38.801  -6.850  15.460 0.0000000000
132721  -54.978  -7.072  14.010 0.0000000000
132724  -38.772  -6.485  13.602 0.0000000000
132725  -54.963  -6.985  13.276 0.0000000000
132730  -38.903  -6.732  13.045 0.0000000000
132731  -39.189  -7.004  12.521 0.0000000000
132736  -39.547  -7.260  12.200 0.0000000000
132772  -43.183  -6.644  8.760 0.0000000000
132788  -52.329  -6.566  6.440 0.0000000000
132882  -48.042  -6.392  2.330 0.0000000000
133891  -39.001  -5.642  14.975 0.0000000000
133925  -54.275  -6.114  10.457 0.0000000000
133941  -53.714  -6.084  8.800 0.0000000000
133947  -53.558  -6.160  8.224 0.0000000000
133966  -52.783  -6.236  6.430 0.0000000000
134009  -46.586  -6.329  3.265 0.0000000000
134022  -52.107  -6.503  2.219 0.0000000000
134102  -57.024  -5.068  -0.108 0.0000000000
134116  -56.523  -5.064  -1.227 0.0000000000
134123  -50.575  -5.846  -2.557 0.0000000000
134150  -55.189  -4.784  -3.533 0.0000000000
135009  -39.014  -5.351  14.028 0.0000000000
135015  -39.662  -5.038  12.963 0.0000000000
135021  -39.856  -5.330  12.446 0.0000000000
135031  -42.026  -5.253  11.509 0.0000000000
135043  -43.670  -5.219  10.688 0.0000000000
135047  -55.521  -4.931  10.547 0.0000000000
135059  -55.461  -4.867  9.869 0.0000000000
135110  -44.176  -4.979  6.039 0.0000000000
135156  -45.616  -4.759  3.170 0.0000000000
135221  -53.618  -4.973  -1.772 0.0000000000
135237  -54.959  -4.346  -2.309 0.0000000000
135239  -56.424  -4.560  -1.362 0.0000000000
135252  -55.392  -4.395  -3.020 0.0000000000
135253  -55.976  -4.673  -2.604 0.0000000000
135260  -50.257  -5.080  -3.502 0.0000000000
135291  -49.502  -5.220  -6.183 0.0000000000
136157  -39.761  -4.635  14.730 0.0000000000
136165  -39.549  -4.556  13.978 0.0000000000
136171  -39.455  -4.644  13.488 0.0000000000
136172  -40.333  -4.154  13.062 0.0000000000
136181  -43.335  -4.144  12.018 0.0000000000
136188  -44.300  -4.566  11.458 0.0000000000
136215  -45.485  -4.672  9.616 0.0000000000
136240  -44.652  -4.627  7.809 0.0000000000
136284  -44.712  -4.899  4.512 0.0000000000
136329  -46.029  -4.235  0.905 0.0000000000
136346  -56.974  -4.404  -0.347 0.0000000000
136370  -56.087  -4.415  -1.486 0.0000000000
136378  -55.509  -4.348  -2.217 0.0000000000
136388  -55.133  -4.242  -2.745 0.0000000000
136442  -50.588  -3.748  -6.539 0.0000000000
137293  -41.607  -3.200  13.013 0.0000000000
137299  -42.050  -3.740  12.552 0.0000000000
137311  -44.450  -4.131  11.730 0.0000000000
137319  -46.334  -3.996  11.051 0.0000000000
137406  -44.913  -4.349  4.519 0.0000000000
137415  -45.019  -3.958  3.920 0.0000000000
137487  -47.289  -3.693  -2.788 0.0000000000
137518  -51.682  -3.973  -5.530 0.0000000000
137524  -47.617  -3.268  -6.300 0.0000000000
138393  -45.613  -3.342  12.372 0.0000000000
138395  -47.874  -3.912  12.601 0.0000000000
138396  -48.090  -3.816  12.829 0.0000000000
138407  -47.808  -3.645  11.717 0.0000000000
138458  -46.409  -3.101  7.515 0.0000000000
138487  -46.210  -2.698  4.648 0.0000000000
138588  -49.149  -2.451  -6.922 0.0000000000
139446  -48.646  -2.563  13.332 0.0000000000
139467  -48.950  -2.242  12.662 0.0000000000
139495  -47.923  -2.575  10.293 0.0000000000
139506  -47.310  -2.442  8.884 0.0000000000
139525  -47.716  -1.918  7.823 0.0000000000
139545  -46.699  -2.225  4.752 0.0000000000
139553  -47.515  -1.673  4.538 0.0000000000
139564  -46.344  -2.251  2.821 0.0000000000
139644  -48.424  -1.738  -5.580 0.0000000000
139646  -49.455  -1.966  -6.443 0.0000000000
140562  -50.044  -1.534  14.417 0.0000000000
140563  -50.449  -1.361  14.306 0.0000000000
140615  -48.923  -1.164  10.714 0.0000000000
140653  -49.061  -0.491  8.455 0.0000000000
140663  -48.610  -1.011  7.725 0.0000000000
140684  -48.721  -1.123  6.506 0.0000000000
140788  -48.741  -1.341  -6.276 0.0000000000
140798  -47.379  -0.615  -6.911 0.0000000000
140810  -48.521  -0.823  -6.947 0.0000000000
141808  -49.488  -0.260  8.752 0.0000000000
141824  -49.922  0.334  7.330 0.0000000000
141845  -49.652  -0.312  5.066 0.0000000000
141853  -50.984  -0.529  3.939 0.0000000000
141864  -51.600  -0.132  3.020 0.0000000000
141870  -49.992  -0.832  3.194 0.0000000000
141957  -47.074  -0.086  -6.858 0.0000000000
141958  -48.133  0.243  -6.743 0.0000000000
142987  -52.378  0.697  15.687 0.0000000000
143000  -50.960  0.320  12.569 0.0000000000
143033  -51.191  0.633  8.907 0.0000000000
143038  -50.315  0.421  7.971 0.0000000000
143039  -50.710  0.613  7.859 0.0000000000
143049  -51.614  0.757  7.242 0.0000000000
143099  -52.444  0.269  1.719 0.0000000000
143105  -51.043  0.376  0.645 0.0000000000
143120  -53.726  1.487  0.304 0.0000000000
144049  -52.589  1.324  15.445 0.0000000000
144068  -52.407  1.134  13.256 0.0000000000
144074  -51.309  0.870  11.348 0.0000000000
144103  -51.627  1.020  8.876 0.0000000000
144123  -53.280  1.243  7.514 0.0000000000
144125  -54.458  1.748  7.673 0.0000000000
144133  -48.734  2.071  6.053 0.0000000000
144205  -52.838  1.697  -0.202 0.0000000000
144207  -54.064  1.832  0.314 0.0000000000
144215  -52.643  1.988  -0.715 0.0000000000
144226  -51.879  2.258  -1.372 0.0000000000
144284  -46.914  1.249  -6.152 0.0000000000
145133  -54.729  2.600  13.959 0.0000000000
145138  -54.450  2.167  13.976 0.0000000000
145174  -53.195  1.872  9.843 0.0000000000
145185  -53.992  2.170  8.947 0.0000000000
145214  -48.467  1.919  6.696 0.0000000000
145215  -49.858  1.710  6.901 0.0000000000
145217  -55.246  1.673  6.582 0.0000000000
145219  -56.389  2.104  5.698 0.0000000000
145253  -45.296  1.998  0.876 0.0000000000
145262  -53.716  2.205  0.123 0.0000000000
145263  -54.062  1.878  0.425 0.0000000000
145295  -52.520  2.981  -1.440 0.0000000000
145296  -52.562  3.055  -1.288 0.0000000000
145301  -45.148  2.488  -2.582 0.0000000000
145304  -50.834  3.119  -2.461 0.0000000000
145332  -47.462  2.323  -5.346 0.0000000000
146163  -54.650  2.395  13.433 0.0000000000
146184  -54.844  2.967  11.747 0.0000000000
146216  -44.576  2.899  8.899 0.0000000000
146235  -48.539  2.725  7.860 0.0000000000
146244  -51.308  2.321  6.792 0.0000000000
146245  -51.903  2.572  6.629 0.0000000000
146259  -56.527  2.538  4.839 0.0000000000
146260  -56.686  2.392  5.063 0.0000000000
146274  -50.947  2.857  0.240 0.0000000000
146295  -45.820  2.924  -1.190 0.0000000000
146334  -49.706  4.026  -3.337 0.0000000000
146343  -48.037  3.728  -4.353 0.0000000000
146349  -46.943  3.336  -4.971 0.0000000000
146355  -47.294  2.852  -5.207 0.0000000000
147196  -45.900  3.655  9.051 0.0000000000
147198  -56.046  3.851  9.372 0.0000000000
147202  -46.320  3.300  8.893 0.0000000000
147204  -47.728  3.721  8.421 0.0000000000
147206  -49.269  4.149  8.125 0.0000000000
147216  -51.375  3.540  7.446 0.0000000000
147223  -56.491  3.679  7.050 0.0000000000
147253  -51.050  3.995  -1.403 0.0000000000
147269  -50.524  4.369  -2.370 0.0000000000
147270  -51.211  4.009  -2.287 0.0000000000
147286  -48.036  4.255  -4.069 0.0000000000
148181  -56.469  4.883  9.710 0.0000000000
148184  -46.140  4.796  8.934 0.0000000000
148186  -47.164  4.398  8.525 0.0000000000
148994  -44.743  4.955  8.842 0.0000000000
149010  -48.159  5.180  7.976 0.0000000000
149020  -51.424  4.884  7.283 0.0000000000
149858  -56.088  5.723  9.139 0.0000000000
149868  -45.736  5.849  8.061 0.0000000000
149870  -56.105  6.005  8.349 0.0000000000
149881  -46.186  6.215  7.658 0.0000000000
149906  -55.801  6.505  5.918 0.0000000000
150689  -47.401  6.419  7.428 0.0000000000
150722  -55.707  7.158  5.422 0.0000000000
151496  -55.335  7.920  5.585 0.0000000000
151497  -55.661  7.426  6.204 0.0000000000
151512  -51.728  8.219  4.169 0.0000000000
151516  -54.926  7.739  4.860 0.0000000000
151517  -55.176  7.875  5.065 0.0000000000
152329  -55.191  8.404  5.605 0.0000000000
152349  -55.246  8.551  4.306 0.0000000000
153186  -54.755  8.974  5.057 0.0000000000
153187  -55.127  8.876  5.047 0.0000000000
153216  -55.265  8.903  4.509 0.0000000000
193492  -52.129  -0.140  3.940 0.0000000000
193495  -50.562  2.105  3.152 0.0000000000
193877  -50.467  0.788  5.466 0.0000000000
194315  -51.302  0.974  5.514 0.0000000000
194360  -54.367  1.053  6.018 0.0000000000
194386  -51.803  0.745  5.901 0.0000000000
194524  -51.312  1.973  4.453 0.0000000000
194593  -52.313  0.747  6.765 0.0000000000
194611  -54.306  1.268  1.733 0.0000000000
194683  -48.958  1.979  4.966 0.0000000000
194982  -50.001  0.872  5.724 0.0000000000
195007  -50.091  0.149  5.279 0.0000000000
195075  -52.742  0.169  3.873 0.0000000000
195554  -49.764  -6.331  0.632 0.0000000000
196128  -47.771  -14.367  20.429 0.0000000000
196508  -46.958  -14.674  18.740 0.0000000000
196582  -46.082  -14.766  17.604 0.0000000000
197000  -46.592  -14.580  19.308 0.0000000000
197563  -52.613  -6.532  7.063 0.0000000000
197985  -53.345  -6.504  8.773 0.0000000000
198371  -48.017  -10.705  11.327 0.0000000000
198437  -48.224  -10.525  10.584 0.0000000000
199602  -41.791  -6.505  10.406 0.0000000000
199809  -51.425  -6.106  -0.462 0.0000000000
200093  -52.607  -6.632  4.554 0.0000000000
200531  -56.421  5.008  8.780 0.0000000000
200812  -46.185  -13.099  23.117 0.0000000000
200828  -45.522  -13.169  22.779 0.0000000000
201407  -42.969  -13.230  22.666 0.0000000000
201470  -41.441  -9.793  11.652 0.0000000000
202228  -56.588  3.768  6.608 0.0000000000
202651  -53.180  1.423  7.993 0.0000000000
203486  -56.853  -4.214  0.141 0.0000000000
204091  -49.665  3.768  7.943 0.0000000000
204731  -44.167  -14.246  19.940 0.0000000000
205081  -50.530  0.137  4.913 0.0000000000
205756  -40.162  -13.651  13.994 0.0000000000
205813  -46.863  -1.757  2.018 0.0000000000
205833  -50.505  -10.239  13.120 0.0000000000
205970  -48.650  2.177  7.529 0.0000000000
206895  -38.528  -8.904  14.202 0.0000000000
207089  -40.235  -6.578  11.843 0.0000000000
207217  -50.013  -9.068  8.943 0.0000000000
207547  -52.351  -9.224  12.418 0.0000000000
207912  -46.595  -5.742  2.221 0.0000000000
208068  -50.738  -9.106  9.669 0.0000000000
208435  -46.573  -8.209  6.025 0.0000000000
210285  -42.393  -13.328  22.399 0.0000000000
210743  -49.370  -10.409  11.985 0.0000000000
210815  -43.843  -10.046  8.398 0.0000000000
212398  -46.782  -1.500  13.418 0.0000000000
212579  -56.699  -5.022  -0.764 0.0000000000
212860  -46.972  5.113  8.355 0.0000000000
212879  -46.268  -3.075  6.277 0.0000000000
215227  -56.234  5.838  7.268 0.0000000000
216209  -45.846  -3.164  2.324 0.0000000000
217050  -43.934  -5.924  7.236 0.0000000000
218231  -49.715  2.677  7.404 0.0000000000
218889  -49.352  1.692  5.988 0.0000000000
218914  -55.315  1.072  3.500 0.0000000000
219033  -55.000  1.349  2.893 0.0000000000
219118  -50.076  0.703  5.792 0.0000000000
219248  -50.585  1.796  4.994 0.0000000000
219290  -55.134  1.082  5.520 0.0000000000
219711  -51.002  2.216  2.657 0.0000000000
219885  -53.703  0.424  2.586 0.0000000000
219925  -53.624  0.701  5.921 0.0000000000
220080  -52.256  1.930  4.109 0.0000000000
220573  -54.259  1.935  1.957 0.0000000000
220957  -53.889  2.066  2.819 0.0000000000
221027  -55.125  0.570  4.605 0.0000000000
221043  -54.503  0.434  3.775 0.0000000000
221074  -54.710  0.602  4.921 0.0000000000
222803  -56.458  4.225  6.759 0.0000000000
223115  -49.330  1.641  6.987 0.0000000000
225914  -47.340  -10.809  11.277 0.0000000000
226654  -45.036  -4.028  11.773 0.0000000000
226706  -38.680  -8.524  13.069 0.0000000000
226996  -55.201  8.966  4.180 0.0000000000
227272  -43.790  2.406  8.793 0.0000000000
227378  -53.013  -7.102  9.366 0.0000000000
227710  -54.105  -7.948  12.599 0.0000000000
228211  -51.145  0.158  13.224 0.0000000000
228743  -55.856  1.292  5.073 0.0000000000
230670  -49.012  -0.763  6.723 0.0000000000
231331  -55.599  6.759  7.467 0.0000000000
231927  -52.261  -9.238  12.018 0.0000000000
233014  -52.784  1.429  10.004 0.0000000000
233162  -48.434  -11.680  14.623 0.0000000000
233346  -56.237  4.109  8.191 0.0000000000
233582  -56.823  -4.246  -0.494 0.0000000000
233981  -50.958  1.970  4.788 0.0000000000
234204  -47.326  -3.695  12.532 0.0000000000
234964  -47.849  -3.784  12.877 0.0000000000
235109  -50.441  -13.150  18.186 0.0000000000
235117  -43.768  -13.643  21.201 0.0000000000
235211  -47.484  -6.325  2.479 0.0000000000
235293  -48.715  -3.796  -6.484 0.0000000000
