#!ascii label  , from subject sub-v2s11x28718_ses-1 vox2ras=TkReg
336
122939  -39.639  -13.997  -30.847 0.0000000000
119027  -36.585  -16.130  -28.636 0.0000000000
116543  -39.471  -17.596  -30.459 0.0000000000
114140  -35.894  -19.785  -28.518 0.0000000000
143588  -39.324  0.294  -38.582 0.0000000000
134561  -41.406  -5.744  -37.305 0.0000000000
128713  -39.633  -10.010  -32.229 0.0000000000
214756  -33.537  -22.145  -28.172 0.0000000000
116517  -36.659  -17.710  -28.596 0.0000000000
233794  -34.117  -19.594  -29.046 0.0000000000
137916  -40.350  -3.431  -39.293 0.0000000000
134548  -39.653  -5.857  -35.563 0.0000000000
205317  -38.525  -12.918  -29.788 0.0000000000
127531  -38.315  -11.151  -30.525 0.0000000000
126442  -39.664  -11.727  -31.521 0.0000000000
127586  -40.369  -10.609  -34.046 0.0000000000
200506  -39.471  -12.952  -34.403 0.0000000000
208184  -39.362  -14.739  -33.896 0.0000000000
121643  -36.758  -14.040  -29.142 0.0000000000
122918  -38.128  -14.339  -29.426 0.0000000000
121666  -39.550  -15.192  -30.622 0.0000000000
119028  -37.982  -16.370  -28.987 0.0000000000
202185  -37.751  -18.273  -28.934 0.0000000000
112934  -37.146  -20.288  -28.670 0.0000000000
132100  -39.679  -7.774  -32.954 0.0000000000
130930  -39.106  -8.643  -34.600 0.0000000000
130937  -42.049  -8.199  -35.439 0.0000000000
112929  -33.572  -20.865  -28.694 0.0000000000
201868  -34.651  -21.176  -28.215 0.0000000000
116528  -34.637  -18.280  -28.955 0.0000000000
115360  -33.339  -19.143  -29.861 0.0000000000
135699  -39.656  -5.152  -35.833 0.0000000000
134543  -39.337  -6.109  -35.047 0.0000000000
208547  -39.422  -13.573  -30.371 0.0000000000
125323  -39.317  -12.262  -30.513 0.0000000000
124167  -39.786  -12.974  -31.414 0.0000000000
125341  -39.836  -12.297  -32.679 0.0000000000
124173  -39.791  -12.934  -32.376 0.0000000000
124178  -39.615  -13.509  -34.130 0.0000000000
122947  -39.637  -14.178  -31.796 0.0000000000
121625  -36.699  -14.719  -28.985 0.0000000000
122906  -37.498  -14.512  -29.042 0.0000000000
210602  -37.461  -15.200  -28.886 0.0000000000
120313  -38.025  -15.682  -28.976 0.0000000000
120312  -37.404  -15.905  -28.675 0.0000000000
115345  -36.045  -19.189  -28.588 0.0000000000
199431  -37.079  -18.367  -28.707 0.0000000000
115346  -36.779  -19.049  -28.829 0.0000000000
114142  -37.333  -19.550  -28.809 0.0000000000
114141  -36.572  -19.708  -28.799 0.0000000000
142372  -37.766  0.009  -38.652 0.0000000000
144692  -37.737  1.065  -38.162 0.0000000000
144694  -38.788  1.420  -37.992 0.0000000000
146701  -40.029  2.987  -36.469 0.0000000000
143590  -40.909  0.880  -38.412 0.0000000000
136857  -41.198  -4.735  -38.158 0.0000000000
128681  -39.261  -10.341  -31.164 0.0000000000
128701  -38.990  -9.782  -31.517 0.0000000000
130919  -39.845  -8.834  -32.961 0.0000000000
130927  -39.135  -8.500  -34.130 0.0000000000
129817  -39.752  -9.413  -33.313 0.0000000000
222555  -40.363  -10.637  -34.498 0.0000000000
209365  -40.499  -9.357  -34.584 0.0000000000
128727  -41.856  -9.854  -34.657 0.0000000000
119065  -39.676  -16.490  -31.070 0.0000000000
119089  -39.567  -16.241  -31.751 0.0000000000
110429  -32.786  -22.030  -28.195 0.0000000000
110430  -33.338  -21.251  -28.190 0.0000000000
214562  -33.906  -20.775  -28.482 0.0000000000
206431  -34.033  -21.534  -28.163 0.0000000000
119026  -35.755  -16.309  -28.613 0.0000000000
117739  -36.495  -16.886  -28.620 0.0000000000
116529  -34.916  -17.867  -28.694 0.0000000000
115362  -35.362  -18.667  -28.606 0.0000000000
114154  -35.323  -19.397  -28.456 0.0000000000
140070  -38.957  -2.061  -37.830 0.0000000000
142377  -39.587  -0.648  -39.834 0.0000000000
215422  -39.116  -3.225  -38.159 0.0000000000
135706  -39.646  -4.856  -37.017 0.0000000000
134553  -40.410  -5.760  -36.262 0.0000000000
200656  -37.767  -12.863  -29.359 0.0000000000
125306  -38.753  -12.306  -30.073 0.0000000000
126441  -39.335  -11.675  -30.924 0.0000000000
127569  -39.621  -10.497  -31.751 0.0000000000
128719  -39.796  -10.001  -32.962 0.0000000000
126457  -39.866  -11.553  -32.810 0.0000000000
126465  -39.752  -11.827  -34.101 0.0000000000
125376  -39.800  -12.037  -35.368 0.0000000000
124187  -39.741  -13.432  -34.866 0.0000000000
107778  -33.503  -23.395  -28.125 0.0000000000
109103  -34.273  -22.509  -27.673 0.0000000000
124140  -37.250  -13.428  -29.240 0.0000000000
124141  -38.125  -13.606  -29.604 0.0000000000
122938  -39.297  -14.068  -30.231 0.0000000000
121675  -39.779  -14.782  -31.143 0.0000000000
121665  -39.176  -14.715  -30.105 0.0000000000
119043  -38.764  -15.991  -29.737 0.0000000000
231248  -38.754  -16.454  -29.680 0.0000000000
231141  -37.002  -17.274  -28.639 0.0000000000
116519  -37.976  -17.586  -28.901 0.0000000000
116531  -39.046  -17.844  -29.771 0.0000000000
114155  -38.657  -18.968  -29.354 0.0000000000
230611  -38.455  -20.142  -28.999 0.0000000000
207905  -40.785  -0.711  -39.540 0.0000000000
133363  -39.156  -7.079  -34.522 0.0000000000
133374  -39.644  -7.114  -35.327 0.0000000000
133383  -40.872  -6.879  -35.821 0.0000000000
216264  -39.830  -9.320  -33.947 0.0000000000
130932  -40.595  -8.254  -35.072 0.0000000000
133388  -42.012  -6.733  -36.418 0.0000000000
121682  -39.529  -14.985  -32.001 0.0000000000
202123  -39.133  -15.858  -33.223 0.0000000000
114151  -33.137  -19.936  -28.966 0.0000000000
227252  -34.104  -19.943  -28.765 0.0000000000
112944  -34.709  -20.127  -28.515 0.0000000000
112931  -35.298  -20.383  -28.333 0.0000000000
110431  -34.746  -21.995  -28.038 0.0000000000
111706  -35.334  -20.946  -28.246 0.0000000000
111707  -35.906  -20.686  -28.411 0.0000000000
213308  -39.154  -5.934  -34.336 0.0000000000
124158  -39.632  -13.312  -30.772 0.0000000000
203347  -39.709  -13.603  -31.332 0.0000000000
122951  -39.698  -13.530  -32.066 0.0000000000
120310  -35.663  -15.507  -28.534 0.0000000000
120311  -36.630  -15.372  -28.812 0.0000000000
230907  -38.355  0.492  -38.796 0.0000000000
144703  -37.833  0.888  -38.808 0.0000000000
143583  -38.513  0.991  -38.663 0.0000000000
144695  -40.047  1.206  -37.229 0.0000000000
195765  -40.526  0.992  -37.770 0.0000000000
143589  -40.243  0.531  -38.297 0.0000000000
136868  -41.362  -4.467  -38.959 0.0000000000
135708  -41.544  -5.356  -38.002 0.0000000000
135709  -41.892  -5.716  -37.799 0.0000000000
128702  -39.421  -10.039  -31.708 0.0000000000
129790  -39.198  -9.487  -32.012 0.0000000000
129808  -39.675  -9.424  -32.626 0.0000000000
127592  -40.660  -11.280  -34.610 0.0000000000
225533  -41.061  -10.667  -34.459 0.0000000000
117763  -39.499  -16.980  -30.573 0.0000000000
117764  -39.730  -17.310  -31.134 0.0000000000
215436  -33.078  -22.803  -28.089 0.0000000000
117751  -34.852  -17.453  -28.704 0.0000000000
117738  -35.740  -17.110  -28.546 0.0000000000
115361  -34.910  -19.315  -28.877 0.0000000000
114153  -34.700  -19.681  -28.610 0.0000000000
138942  -38.855  -2.469  -37.188 0.0000000000
140071  -39.118  -2.355  -38.412 0.0000000000
137904  -39.033  -3.255  -37.546 0.0000000000
135702  -39.561  -5.012  -36.482 0.0000000000
134552  -39.904  -5.516  -36.030 0.0000000000
135707  -40.383  -5.048  -37.074 0.0000000000
134549  -39.981  -6.138  -35.822 0.0000000000
125324  -39.640  -12.282  -31.125 0.0000000000
127553  -39.440  -11.070  -31.325 0.0000000000
209496  -39.720  -11.192  -32.002 0.0000000000
231350  -39.929  -11.794  -32.116 0.0000000000
125346  -39.759  -12.251  -33.632 0.0000000000
126474  -39.538  -12.005  -34.704 0.0000000000
125353  -39.481  -12.396  -34.591 0.0000000000
124203  -39.663  -12.855  -35.161 0.0000000000
122959  -39.563  -14.077  -33.761 0.0000000000
122970  -39.713  -14.003  -34.715 0.0000000000
210272  -33.104  -23.884  -28.155 0.0000000000
107762  -33.975  -24.104  -28.055 0.0000000000
122919  -38.769  -14.175  -29.787 0.0000000000
121644  -38.656  -14.874  -29.635 0.0000000000
120330  -38.519  -15.529  -29.444 0.0000000000
119042  -38.444  -16.124  -29.280 0.0000000000
117752  -38.467  -16.735  -29.344 0.0000000000
234537  -36.225  -17.387  -28.591 0.0000000000
116518  -37.391  -17.694  -28.640 0.0000000000
116530  -38.533  -17.411  -29.333 0.0000000000
115363  -38.480  -18.199  -29.261 0.0000000000
115348  -38.100  -18.755  -29.132 0.0000000000
205277  -37.891  -19.986  -28.705 0.0000000000
114143  -38.123  -19.412  -29.059 0.0000000000
140076  -40.045  -2.121  -39.645 0.0000000000
226447  -39.799  -0.853  -40.228 0.0000000000
138962  -40.510  -2.153  -39.875 0.0000000000
126419  -38.240  -11.708  -30.118 0.0000000000
198808  -39.658  -8.144  -32.513 0.0000000000
133362  -39.305  -7.152  -33.781 0.0000000000
132112  -39.568  -7.780  -33.610 0.0000000000
223932  -39.113  -8.297  -34.507 0.0000000000
201535  -39.272  -7.498  -34.975 0.0000000000
132119  -39.271  -8.132  -34.839 0.0000000000
132123  -40.397  -7.253  -35.451 0.0000000000
132120  -39.864  -7.797  -35.133 0.0000000000
127584  -40.270  -10.576  -33.364 0.0000000000
128721  -40.091  -9.867  -33.586 0.0000000000
225937  -40.238  -9.866  -33.965 0.0000000000
129824  -41.183  -9.315  -34.724 0.0000000000
208753  -40.426  -8.907  -34.849 0.0000000000
130933  -41.416  -8.664  -35.027 0.0000000000
130936  -41.330  -7.998  -35.366 0.0000000000
132125  -41.841  -7.624  -35.702 0.0000000000
132126  -42.481  -7.776  -35.875 0.0000000000
120368  -39.683  -15.631  -31.321 0.0000000000
120378  -39.449  -15.729  -32.258 0.0000000000
111723  -33.103  -20.988  -28.483 0.0000000000
112942  -33.188  -20.804  -28.617 0.0000000000
112943  -33.594  -20.270  -28.768 0.0000000000
112930  -34.083  -20.463  -28.572 0.0000000000
203194  -34.693  -20.573  -28.345 0.0000000000
197158  -34.135  -18.379  -29.139 0.0000000000
136846  -38.885  -4.045  -36.507 0.0000000000
204588  -39.323  -4.557  -36.180 0.0000000000
124157  -39.217  -12.948  -30.250 0.0000000000
208316  -39.622  -12.756  -30.740 0.0000000000
125333  -39.878  -12.320  -31.845 0.0000000000
199820  -39.711  -12.919  -33.385 0.0000000000
198167  -39.762  -13.498  -33.061 0.0000000000
221435  -39.664  -13.955  -32.668 0.0000000000
121694  -39.496  -14.494  -32.827 0.0000000000
121624  -35.749  -14.765  -28.500 0.0000000000
124129  -37.600  -13.949  -29.168 0.0000000000
121626  -38.087  -14.996  -29.178 0.0000000000
203187  -36.297  -18.499  -28.621 0.0000000000
115347  -37.499  -18.908  -28.910 0.0000000000
142369  -37.598  -0.211  -37.817 0.0000000000
144693  -38.107  1.390  -38.390 0.0000000000
145694  -39.342  1.788  -37.136 0.0000000000
144704  -41.312  1.126  -37.918 0.0000000000
136867  -40.887  -3.964  -39.216 0.0000000000
138963  -40.977  -2.805  -39.765 0.0000000000
137917  -40.950  -3.528  -39.648 0.0000000000
128680  -38.678  -9.779  -31.030 0.0000000000
129767  -38.864  -9.273  -31.294 0.0000000000
129807  -39.526  -8.827  -32.312 0.0000000000
130926  -39.685  -8.315  -33.302 0.0000000000
129816  -39.286  -8.968  -33.697 0.0000000000
129820  -39.148  -8.926  -34.240 0.0000000000
128724  -40.306  -10.402  -34.298 0.0000000000
128725  -40.355  -9.653  -34.246 0.0000000000
128726  -40.919  -9.910  -34.491 0.0000000000
129825  -41.857  -9.201  -34.882 0.0000000000
120355  -39.489  -15.853  -30.659 0.0000000000
117781  -39.534  -16.883  -31.812 0.0000000000
116516  -35.769  -17.832  -28.544 0.0000000000
141189  -38.558  -1.293  -36.389 0.0000000000
141192  -38.343  -1.370  -37.246 0.0000000000
202746  -38.756  -1.355  -37.887 0.0000000000
141195  -39.491  -1.044  -38.506 0.0000000000
142374  -39.639  -0.487  -38.766 0.0000000000
141197  -39.677  -1.433  -39.026 0.0000000000
140075  -39.434  -2.196  -39.082 0.0000000000
137915  -39.740  -3.348  -38.506 0.0000000000
136847  -39.048  -4.615  -36.916 0.0000000000
136850  -39.333  -4.357  -37.427 0.0000000000
136855  -39.944  -3.974  -38.049 0.0000000000
136851  -40.357  -4.544  -37.606 0.0000000000
136852  -40.965  -5.125  -37.465 0.0000000000
134554  -41.037  -5.995  -36.578 0.0000000000
126420  -38.830  -11.710  -30.500 0.0000000000
127552  -38.957  -10.999  -30.848 0.0000000000
127578  -39.789  -10.689  -32.606 0.0000000000
218097  -40.093  -11.108  -33.247 0.0000000000
126462  -40.005  -11.568  -33.505 0.0000000000
214355  -40.315  -11.230  -33.805 0.0000000000
126464  -39.852  -11.510  -34.560 0.0000000000
127601  -39.820  -11.701  -35.071 0.0000000000
126491  -40.366  -11.867  -34.985 0.0000000000
125365  -40.524  -12.409  -34.985 0.0000000000
124204  -40.063  -12.751  -35.303 0.0000000000
226316  -33.789  -22.857  -28.088 0.0000000000
124142  -38.947  -13.535  -29.965 0.0000000000
233065  -39.479  -14.543  -30.587 0.0000000000
215508  -39.058  -15.509  -30.063 0.0000000000
119064  -39.143  -16.345  -30.275 0.0000000000
117753  -39.007  -17.056  -29.899 0.0000000000
117740  -37.383  -16.850  -28.818 0.0000000000
117741  -38.067  -16.999  -29.094 0.0000000000
115364  -38.953  -18.542  -29.793 0.0000000000
234082  -39.978  -0.761  -39.003 0.0000000000
142378  -40.649  -0.335  -39.091 0.0000000000
216860  -40.881  -1.305  -39.745 0.0000000000
134529  -39.166  -6.538  -33.961 0.0000000000
134530  -39.140  -6.534  -34.633 0.0000000000
133373  -39.220  -6.864  -35.074 0.0000000000
132113  -39.240  -7.767  -34.363 0.0000000000
133381  -39.531  -6.509  -35.508 0.0000000000
133382  -40.142  -6.675  -35.635 0.0000000000
133386  -40.543  -6.369  -36.138 0.0000000000
133387  -41.286  -6.550  -36.294 0.0000000000
129823  -39.686  -9.030  -34.534 0.0000000000
130931  -39.670  -8.521  -34.919 0.0000000000
132121  -40.705  -7.731  -35.299 0.0000000000
132131  -41.561  -7.113  -36.036 0.0000000000
134555  -41.662  -6.323  -36.888 0.0000000000
133394  -42.470  -6.335  -36.823 0.0000000000
195623  -39.303  -15.186  -32.998 0.0000000000
114152  -33.486  -19.672  -29.188 0.0000000000
114139  -35.284  -19.929  -28.442 0.0000000000
112932  -35.750  -20.207  -28.435 0.0000000000
110432  -35.319  -21.626  -28.191 0.0000000000
112933  -36.315  -20.272  -28.634 0.0000000000
124202  -39.526  -12.285  -35.084 0.0000000000
124212  -39.754  -12.392  -35.376 0.0000000000
125375  -39.610  -12.089  -35.262 0.0000000000
125377  -40.053  -12.242  -35.356 0.0000000000
125384  -39.758  -11.859  -35.247 0.0000000000
126473  -39.564  -11.935  -34.900 0.0000000000
126489  -39.690  -11.810  -35.142 0.0000000000
126490  -40.078  -11.893  -35.239 0.0000000000
127590  -39.775  -11.677  -34.958 0.0000000000
127591  -39.992  -11.184  -34.597 0.0000000000
127602  -40.082  -11.458  -34.860 0.0000000000
132124  -41.146  -7.433  -35.615 0.0000000000
134560  -40.759  -5.454  -36.818 0.0000000000
134562  -42.109  -6.020  -37.349 0.0000000000
135703  -40.101  -5.274  -36.574 0.0000000000
135713  -41.783  -5.023  -38.668 0.0000000000
136856  -40.723  -4.234  -38.449 0.0000000000
137901  -38.928  -4.033  -37.224 0.0000000000
137905  -39.273  -3.743  -37.785 0.0000000000
138945  -39.031  -2.707  -37.971 0.0000000000
138946  -39.241  -2.801  -38.634 0.0000000000
138952  -39.770  -2.854  -39.242 0.0000000000
138953  -40.442  -2.886  -39.655 0.0000000000
140074  -39.174  -1.804  -38.426 0.0000000000
140084  -39.732  -1.265  -39.890 0.0000000000
140085  -40.084  -1.237  -40.190 0.0000000000
140086  -40.500  -1.637  -39.949 0.0000000000
140087  -41.189  -2.049  -39.631 0.0000000000
141191  -38.000  -0.829  -37.943 0.0000000000
141201  -40.181  -1.054  -40.085 0.0000000000
142373  -38.802  -0.511  -38.551 0.0000000000
142382  -39.978  -1.287  -39.675 0.0000000000
143596  -40.658  0.391  -38.685 0.0000000000
145682  -39.878  2.462  -36.818 0.0000000000
206957  -40.185  -0.119  -38.583 0.0000000000
227624  -40.343  -3.785  -38.709 0.0000000000
229381  -39.656  -11.895  -35.240 0.0000000000
233854  -38.003  1.528  -37.792 0.0000000000
234149  -40.803  -2.221  -39.951 0.0000000000
