#!ascii label  , from subject sub-v2s11x28718_ses-1 vox2ras=TkReg
1755
66040  13.479  -38.299  45.083 0.0000000000
197202  8.968  -45.502  30.614 0.0000000000
199998  10.927  -46.563  46.986 0.0000000000
207478  8.242  -41.980  42.673 0.0000000000
68368  5.500  -35.638  35.062 0.0000000000
61621  14.335  -41.251  48.780 0.0000000000
63712  10.295  -39.712  49.010 0.0000000000
66090  17.150  -38.021  40.808 0.0000000000
60680  17.609  -42.767  45.365 0.0000000000
52332  13.721  -47.785  46.124 0.0000000000
214674  3.842  -36.577  42.019 0.0000000000
63818  6.262  -39.499  39.231 0.0000000000
192508  3.504  -33.509  38.353 0.0000000000
54619  7.424  -47.239  42.768 0.0000000000
57836  10.315  -44.835  41.000 0.0000000000
59730  11.862  -42.901  46.247 0.0000000000
64908  6.564  -38.646  46.475 0.0000000000
59762  12.391  -42.671  37.300 0.0000000000
63871  9.517  -40.433  34.594 0.0000000000
69488  10.895  -35.348  33.339 0.0000000000
70759  3.901  -34.830  30.063 0.0000000000
63730  14.032  -39.838  47.057 0.0000000000
66025  11.836  -38.045  47.602 0.0000000000
64941  15.116  -38.028  42.954 0.0000000000
62691  16.970  -40.505  42.823 0.0000000000
62676  15.718  -40.548  45.173 0.0000000000
60666  15.984  -42.653  47.322 0.0000000000
69407  3.870  -35.331  39.839 0.0000000000
201981  9.231  -46.744  44.942 0.0000000000
56802  10.046  -45.430  44.348 0.0000000000
57812  11.350  -44.844  46.917 0.0000000000
68200  8.193  -36.792  48.947 0.0000000000
63722  7.354  -39.176  48.245 0.0000000000
52315  11.904  -47.791  47.698 0.0000000000
195522  10.345  -48.674  44.430 0.0000000000
52333  9.502  -47.987  45.652 0.0000000000
52351  7.108  -48.184  44.002 0.0000000000
59742  12.486  -42.648  42.334 0.0000000000
57847  11.715  -44.198  39.291 0.0000000000
61705  11.725  -41.307  40.496 0.0000000000
66163  6.089  -37.322  37.312 0.0000000000
63844  8.664  -39.173  37.583 0.0000000000
67249  9.042  -37.124  36.479 0.0000000000
66185  10.503  -37.946  34.139 0.0000000000
69458  8.430  -35.527  34.861 0.0000000000
184764  13.519  -44.375  48.533 0.0000000000
58798  11.930  -42.757  48.086 0.0000000000
63709  11.886  -40.230  48.503 0.0000000000
194229  10.972  -36.805  49.376 0.0000000000
67203  19.860  -37.468  39.805 0.0000000000
201484  20.708  -40.470  38.836 0.0000000000
62723  18.334  -39.979  40.137 0.0000000000
59735  18.996  -42.896  43.046 0.0000000000
54588  16.307  -46.212  46.072 0.0000000000
55705  14.751  -45.356  47.906 0.0000000000
63760  5.544  -39.460  42.492 0.0000000000
61710  6.882  -41.201  40.247 0.0000000000
64974  4.301  -39.030  40.289 0.0000000000
67232  3.419  -37.461  37.951 0.0000000000
70646  3.413  -35.186  36.019 0.0000000000
69362  15.107  -35.834  44.906 0.0000000000
198475  24.944  -39.087  40.817 0.0000000000
66059  23.948  -37.440  43.288 0.0000000000
67168  19.280  -36.800  42.715 0.0000000000
190211  17.053  -36.113  43.490 0.0000000000
53560  5.895  -47.666  40.007 0.0000000000
54641  7.439  -46.860  39.736 0.0000000000
56820  8.536  -45.698  41.784 0.0000000000
57828  11.810  -44.403  43.193 0.0000000000
61656  10.401  -41.175  44.225 0.0000000000
218635  10.382  -41.451  47.756 0.0000000000
61642  8.828  -40.509  46.310 0.0000000000
62681  7.128  -40.500  44.609 0.0000000000
67153  4.958  -37.167  44.169 0.0000000000
55794  8.934  -46.593  37.864 0.0000000000
55811  10.392  -45.882  35.868 0.0000000000
56919  11.646  -44.873  33.668 0.0000000000
61734  9.697  -41.730  38.622 0.0000000000
61755  10.299  -41.881  36.048 0.0000000000
59866  10.960  -42.739  32.523 0.0000000000
187485  9.617  -40.900  32.879 0.0000000000
66212  10.760  -38.357  32.384 0.0000000000
204083  3.323  -31.837  36.101 0.0000000000
71905  3.448  -33.769  33.832 0.0000000000
194038  2.923  -32.500  32.246 0.0000000000
69509  5.200  -35.287  32.361 0.0000000000
70714  7.420  -35.159  31.553 0.0000000000
64909  13.400  -39.115  45.605 0.0000000000
66031  12.715  -37.964  46.337 0.0000000000
197293  12.701  -36.513  46.241 0.0000000000
64930  14.343  -38.373  43.989 0.0000000000
64928  15.370  -39.250  43.497 0.0000000000
63738  14.409  -39.801  45.098 0.0000000000
63733  14.612  -40.103  45.778 0.0000000000
55886  7.997  -45.471  30.145 0.0000000000
57950  8.552  -44.642  30.450 0.0000000000
54592  10.219  -46.662  45.902 0.0000000000
55726  10.161  -46.108  45.837 0.0000000000
56791  10.938  -45.547  46.732 0.0000000000
60732  22.735  -40.607  37.875 0.0000000000
53481  11.088  -47.253  47.269 0.0000000000
52321  10.830  -48.181  46.822 0.0000000000
53485  10.379  -47.415  46.334 0.0000000000
53494  9.176  -47.440  45.326 0.0000000000
61675  10.619  -41.415  42.647 0.0000000000
60716  11.956  -41.516  41.375 0.0000000000
60710  9.771  -41.889  41.463 0.0000000000
68342  5.688  -36.233  36.340 0.0000000000
67240  7.288  -37.177  37.125 0.0000000000
68340  6.995  -36.533  35.945 0.0000000000
68352  9.196  -36.290  36.059 0.0000000000
217006  7.210  -36.020  34.925 0.0000000000
58788  13.927  -43.414  49.040 0.0000000000
59713  13.065  -42.441  48.508 0.0000000000
62649  13.062  -40.857  48.658 0.0000000000
67111  11.282  -37.320  48.657 0.0000000000
69305  9.911  -35.270  48.881 0.0000000000
67205  18.608  -37.217  40.289 0.0000000000
66130  18.797  -38.729  38.991 0.0000000000
63796  17.522  -38.893  39.876 0.0000000000
61654  17.428  -41.459  44.065 0.0000000000
61673  17.939  -41.226  42.902 0.0000000000
60685  18.025  -42.797  44.309 0.0000000000
56792  17.486  -44.232  45.811 0.0000000000
60668  15.250  -41.868  48.163 0.0000000000
58791  15.999  -43.891  47.887 0.0000000000
58786  14.754  -43.421  48.695 0.0000000000
55700  13.917  -45.324  48.569 0.0000000000
66074  4.641  -37.838  42.488 0.0000000000
63769  4.763  -39.510  41.453 0.0000000000
67195  3.889  -37.395  41.194 0.0000000000
71842  3.678  -34.453  38.961 0.0000000000
68308  3.163  -36.646  39.374 0.0000000000
192478  3.500  -35.722  37.974 0.0000000000
68330  3.594  -36.431  37.105 0.0000000000
189376  3.030  -34.970  36.946 0.0000000000
67165  20.924  -37.170  42.299 0.0000000000
193681  6.699  -47.207  41.801 0.0000000000
54629  7.197  -46.644  41.133 0.0000000000
55752  7.743  -46.484  42.021 0.0000000000
57819  11.759  -44.838  45.285 0.0000000000
56806  10.663  -45.048  43.997 0.0000000000
206483  12.558  -44.002  45.144 0.0000000000
59734  12.400  -42.956  44.388 0.0000000000
60687  11.436  -41.711  45.174 0.0000000000
61626  10.990  -40.808  48.511 0.0000000000
58800  11.032  -42.114  48.283 0.0000000000
61628  9.965  -40.594  48.141 0.0000000000
64903  6.806  -39.149  47.596 0.0000000000
62664  8.270  -39.830  47.408 0.0000000000
62668  7.247  -40.146  46.785 0.0000000000
62677  7.614  -40.525  45.651 0.0000000000
63741  6.708  -39.350  45.384 0.0000000000
64920  5.817  -38.844  44.474 0.0000000000
66043  5.447  -37.940  45.332 0.0000000000
190147  19.855  -42.247  39.301 0.0000000000
57846  20.406  -42.902  37.827 0.0000000000
208542  14.364  -47.745  44.562 0.0000000000
52357  13.710  -47.881  43.555 0.0000000000
208199  13.183  -48.290  44.567 0.0000000000
50193  9.381  -48.888  44.378 0.0000000000
50213  9.873  -49.419  43.571 0.0000000000
54614  7.543  -47.469  43.209 0.0000000000
54625  6.285  -47.845  41.871 0.0000000000
55772  8.947  -45.814  39.852 0.0000000000
54650  8.319  -46.725  38.741 0.0000000000
56833  9.483  -45.558  39.444 0.0000000000
218191  12.168  -43.649  38.347 0.0000000000
190038  10.918  -45.221  37.422 0.0000000000
57881  11.759  -44.564  36.358 0.0000000000
56910  11.088  -45.377  34.884 0.0000000000
58883  12.278  -43.479  35.843 0.0000000000
61724  6.509  -40.845  39.759 0.0000000000
215806  8.420  -41.849  39.216 0.0000000000
62735  8.074  -40.592  38.702 0.0000000000
217504  9.743  -39.412  36.234 0.0000000000
62762  9.902  -40.997  36.896 0.0000000000
61760  9.972  -41.325  35.761 0.0000000000
60767  11.092  -42.336  34.303 0.0000000000
61773  10.471  -41.083  33.887 0.0000000000
60781  10.069  -41.592  32.969 0.0000000000
61774  10.153  -40.782  33.743 0.0000000000
68375  10.787  -36.523  34.165 0.0000000000
65079  10.775  -38.511  33.078 0.0000000000
66198  11.225  -37.417  33.128 0.0000000000
75259  3.331  -31.187  34.963 0.0000000000
201697  3.198  -32.860  34.884 0.0000000000
203235  3.186  -31.996  34.050 0.0000000000
73083  2.874  -33.244  30.053 0.0000000000
207480  3.008  -34.143  31.260 0.0000000000
70700  3.151  -34.443  32.236 0.0000000000
208350  4.290  -34.934  31.446 0.0000000000
69507  6.435  -35.643  32.392 0.0000000000
69534  5.657  -35.139  30.964 0.0000000000
63723  14.370  -40.321  47.812 0.0000000000
63716  13.017  -40.076  48.190 0.0000000000
64902  12.387  -38.601  47.312 0.0000000000
66092  15.995  -37.951  41.525 0.0000000000
63776  16.804  -39.869  41.138 0.0000000000
63766  16.333  -39.646  42.488 0.0000000000
184718  16.638  -40.865  44.260 0.0000000000
61646  16.927  -41.162  45.184 0.0000000000
59723  17.316  -42.832  46.150 0.0000000000
62669  16.227  -41.193  45.791 0.0000000000
195006  15.285  -40.949  46.823 0.0000000000
69387  3.708  -35.474  42.015 0.0000000000
68295  4.125  -36.268  40.807 0.0000000000
207458  4.119  -34.284  40.745 0.0000000000
192515  4.015  -33.145  39.888 0.0000000000
201700  3.025  -32.527  38.909 0.0000000000
55736  8.137  -46.882  43.636 0.0000000000
55740  8.399  -46.118  43.353 0.0000000000
191877  9.117  -45.951  44.368 0.0000000000
56798  10.815  -45.137  45.733 0.0000000000
57810  11.770  -44.016  46.807 0.0000000000
66017  9.421  -38.106  49.461 0.0000000000
63720  8.781  -39.427  48.572 0.0000000000
66019  7.785  -37.942  49.133 0.0000000000
66024  6.314  -37.748  48.199 0.0000000000
222026  5.854  -37.850  47.066 0.0000000000
67126  5.094  -37.096  45.984 0.0000000000
52325  12.916  -47.885  46.922 0.0000000000
51285  11.850  -48.412  45.422 0.0000000000
218928  11.244  -48.492  46.336 0.0000000000
51276  10.147  -48.418  45.352 0.0000000000
51290  9.011  -48.803  44.624 0.0000000000
50205  7.424  -49.092  43.557 0.0000000000
52343  8.416  -48.163  44.593 0.0000000000
54603  8.514  -47.322  44.328 0.0000000000
57834  11.703  -44.160  41.714 0.0000000000
56831  10.624  -44.892  39.878 0.0000000000
222280  12.357  -43.452  40.892 0.0000000000
59747  12.811  -42.585  40.194 0.0000000000
61731  12.070  -41.535  38.766 0.0000000000
65017  6.549  -38.628  38.316 0.0000000000
217963  7.662  -39.292  38.435 0.0000000000
65030  7.665  -38.512  37.631 0.0000000000
65028  9.063  -38.317  37.263 0.0000000000
65042  9.585  -38.766  35.948 0.0000000000
65057  9.778  -39.150  34.726 0.0000000000
67262  9.836  -37.390  35.729 0.0000000000
213061  10.224  -36.257  35.241 0.0000000000
70660  9.710  -34.811  33.967 0.0000000000
188930  3.383  -34.041  29.052 0.0000000000
69567  5.270  -35.246  29.462 0.0000000000
188968  5.239  -34.855  28.001 0.0000000000
55708  11.605  -45.870  47.987 0.0000000000
56788  11.826  -44.665  47.524 0.0000000000
58794  12.869  -43.257  48.312 0.0000000000
218912  11.699  -41.483  48.530 0.0000000000
63711  10.937  -39.819  48.905 0.0000000000
64888  11.737  -38.946  48.111 0.0000000000
64890  10.944  -38.474  48.816 0.0000000000
205925  10.314  -38.629  49.326 0.0000000000
68198  9.418  -36.669  49.399 0.0000000000
66116  21.013  -38.026  39.960 0.0000000000
63829  21.466  -39.742  38.216 0.0000000000
203420  20.009  -38.926  39.190 0.0000000000
62701  17.800  -40.324  41.488 0.0000000000
61681  18.878  -41.323  41.791 0.0000000000
58821  19.185  -43.244  42.145 0.0000000000
53499  16.158  -47.195  44.991 0.0000000000
53491  15.455  -47.356  45.882 0.0000000000
56786  16.524  -44.535  46.758 0.0000000000
55715  15.771  -45.768  47.000 0.0000000000
53483  14.245  -47.329  47.386 0.0000000000
211121  13.417  -47.200  47.691 0.0000000000
196864  12.858  -46.276  47.922 0.0000000000
61679  6.752  -41.218  42.336 0.0000000000
61688  7.451  -41.713  41.713 0.0000000000
62703  6.157  -40.085  41.479 0.0000000000
62714  5.878  -39.797  40.536 0.0000000000
63798  5.053  -38.932  39.637 0.0000000000
206737  3.498  -36.879  39.910 0.0000000000
66131  3.299  -38.346  38.976 0.0000000000
65020  4.784  -38.560  38.291 0.0000000000
66152  4.651  -38.133  37.589 0.0000000000
206082  4.688  -36.900  36.814 0.0000000000
68359  4.159  -35.592  35.650 0.0000000000
68249  13.720  -36.786  44.698 0.0000000000
62710  23.995  -39.193  39.771 0.0000000000
64913  26.900  -37.462  43.383 0.0000000000
66048  25.321  -37.144  44.170 0.0000000000
64935  25.817  -37.942  42.660 0.0000000000
63757  24.359  -38.146  41.847 0.0000000000
64956  23.632  -38.319  41.241 0.0000000000
64958  22.438  -38.040  40.840 0.0000000000
189571  19.746  -37.221  41.411 0.0000000000
67178  18.024  -37.065  41.369 0.0000000000
216263  18.204  -36.691  43.253 0.0000000000
68294  16.896  -36.898  41.766 0.0000000000
68281  15.795  -37.110  42.270 0.0000000000
68256  14.868  -36.746  43.910 0.0000000000
55760  7.860  -46.435  40.900 0.0000000000
56822  9.044  -45.442  41.293 0.0000000000
56808  9.184  -45.261  43.464 0.0000000000
56811  9.785  -45.117  42.935 0.0000000000
57831  11.227  -44.751  42.102 0.0000000000
58819  12.288  -43.484  43.131 0.0000000000
60699  11.566  -41.851  43.467 0.0000000000
61667  9.052  -41.472  43.769 0.0000000000
57808  11.723  -44.259  47.303 0.0000000000
59724  11.112  -42.738  47.359 0.0000000000
203889  10.821  -42.247  47.208 0.0000000000
62663  9.081  -40.089  47.602 0.0000000000
60679  9.840  -40.760  47.258 0.0000000000
60683  10.191  -41.127  46.548 0.0000000000
61649  9.087  -41.010  45.422 0.0000000000
61659  8.244  -41.212  44.519 0.0000000000
61669  7.460  -41.110  43.658 0.0000000000
62687  6.198  -40.368  43.455 0.0000000000
64931  5.456  -38.706  43.723 0.0000000000
198437  4.251  -36.867  43.173 0.0000000000
67141  4.801  -36.764  45.356 0.0000000000
68257  3.891  -36.311  43.990 0.0000000000
211201  3.674  -35.395  42.793 0.0000000000
51325  12.515  -48.177  42.261 0.0000000000
187827  11.566  -48.873  44.094 0.0000000000
184743  10.544  -45.312  38.619 0.0000000000
185249  9.590  -46.427  36.716 0.0000000000
56936  10.424  -45.399  32.373 0.0000000000
60724  8.850  -41.744  40.431 0.0000000000
61720  10.663  -41.676  39.306 0.0000000000
193616  11.372  -41.526  38.140 0.0000000000
62751  9.018  -40.745  37.763 0.0000000000
61752  10.084  -41.485  37.376 0.0000000000
60748  11.783  -42.126  36.328 0.0000000000
59781  12.043  -42.652  34.981 0.0000000000
58933  11.495  -43.661  32.897 0.0000000000
56942  10.262  -44.355  31.388 0.0000000000
199300  9.994  -43.334  31.566 0.0000000000
65080  10.706  -39.203  33.664 0.0000000000
63917  10.494  -39.595  32.609 0.0000000000
219137  3.000  -32.034  37.919 0.0000000000
76357  3.220  -30.512  36.725 0.0000000000
74149  3.134  -32.361  36.767 0.0000000000
192475  3.356  -33.842  36.013 0.0000000000
189638  3.569  -34.677  35.180 0.0000000000
186227  4.567  -35.366  34.182 0.0000000000
74195  2.676  -32.717  33.076 0.0000000000
69494  4.291  -34.970  33.120 0.0000000000
69476  5.112  -35.346  33.816 0.0000000000
69474  6.700  -35.695  33.774 0.0000000000
70677  7.879  -35.141  32.904 0.0000000000
70694  9.022  -34.591  32.688 0.0000000000
70735  8.648  -34.529  31.116 0.0000000000
64910  13.068  -38.358  45.730 0.0000000000
66041  12.858  -37.511  45.474 0.0000000000
66054  13.893  -37.947  44.435 0.0000000000
64917  14.356  -39.310  44.394 0.0000000000
64918  13.989  -38.620  44.588 0.0000000000
195067  13.872  -39.213  45.038 0.0000000000
203267  8.494  -45.867  30.497 0.0000000000
56952  8.561  -45.225  30.365 0.0000000000
56961  8.172  -44.994  30.015 0.0000000000
56951  8.977  -44.941  30.656 0.0000000000
54591  10.754  -46.556  46.322 0.0000000000
55720  10.364  -46.300  45.932 0.0000000000
55716  10.895  -46.252  46.896 0.0000000000
62731  23.316  -39.617  38.703 0.0000000000
59751  23.248  -40.888  37.629 0.0000000000
61728  22.589  -40.043  38.452 0.0000000000
54581  11.122  -46.791  47.415 0.0000000000
53484  10.761  -47.381  46.665 0.0000000000
54587  10.585  -47.034  46.210 0.0000000000
208601  10.093  -47.122  46.018 0.0000000000
61676  9.747  -41.710  42.608 0.0000000000
61685  10.147  -41.534  41.993 0.0000000000
61686  9.254  -41.833  41.983 0.0000000000
68356  5.980  -35.982  35.656 0.0000000000
68341  6.393  -36.464  36.296 0.0000000000
68355  6.552  -36.231  35.476 0.0000000000
68354  7.082  -36.238  35.422 0.0000000000
68367  6.047  -35.732  34.906 0.0000000000
60656  14.152  -42.403  48.597 0.0000000000
60657  13.701  -42.121  48.530 0.0000000000
193366  13.787  -41.075  48.678 0.0000000000
67207  17.520  -37.482  40.571 0.0000000000
67206  18.024  -37.638  39.969 0.0000000000
64973  17.227  -38.749  40.479 0.0000000000
61644  17.526  -42.020  44.343 0.0000000000
60693  17.940  -42.287  44.048 0.0000000000
59729  17.699  -42.826  45.066 0.0000000000
58811  17.994  -43.395  44.605 0.0000000000
59725  17.867  -43.285  45.030 0.0000000000
213177  17.712  -44.381  45.608 0.0000000000
57809  17.574  -43.748  45.807 0.0000000000
61620  14.787  -41.566  48.501 0.0000000000
59712  15.069  -42.802  48.366 0.0000000000
60655  14.510  -42.609  48.596 0.0000000000
58787  14.102  -43.304  49.006 0.0000000000
67170  4.241  -37.250  42.569 0.0000000000
66080  4.164  -37.618  41.873 0.0000000000
67180  3.894  -37.064  41.947 0.0000000000
212642  3.611  -33.809  38.885 0.0000000000
70614  3.567  -35.018  38.459 0.0000000000
71848  3.613  -34.228  38.174 0.0000000000
70626  3.318  -35.009  37.575 0.0000000000
71860  3.528  -34.277  37.301 0.0000000000
212715  7.196  -47.146  42.207 0.0000000000
54623  7.217  -46.749  41.761 0.0000000000
205979  7.545  -46.820  42.424 0.0000000000
57818  12.329  -44.391  45.612 0.0000000000
57821  12.224  -44.349  44.850 0.0000000000
58812  12.329  -43.708  45.761 0.0000000000
187012  12.025  -42.656  45.280 0.0000000000
59731  11.356  -42.020  45.884 0.0000000000
218374  10.686  -40.536  48.564 0.0000000000
61627  10.492  -40.984  48.092 0.0000000000
62653  10.229  -40.338  48.673 0.0000000000
64904  6.547  -38.653  47.209 0.0000000000
63732  7.109  -39.586  47.173 0.0000000000
64907  6.806  -39.283  46.960 0.0000000000
63735  6.922  -40.028  46.639 0.0000000000
64911  6.640  -38.652  45.653 0.0000000000
66042  6.137  -38.169  45.882 0.0000000000
52348  14.375  -47.759  45.142 0.0000000000
52349  13.697  -47.933  44.796 0.0000000000
52342  13.203  -48.272  45.113 0.0000000000
50203  8.636  -49.395  43.587 0.0000000000
50202  9.273  -49.419  43.815 0.0000000000
53530  7.072  -47.690  42.865 0.0000000000
54624  6.866  -47.541  42.347 0.0000000000
184781  9.645  -45.264  40.801 0.0000000000
56826  9.536  -45.383  40.105 0.0000000000
58846  12.313  -43.275  37.746 0.0000000000
57868  12.222  -43.913  37.212 0.0000000000
58856  12.411  -43.318  36.920 0.0000000000
57894  11.962  -44.112  35.778 0.0000000000
58868  12.407  -43.175  36.235 0.0000000000
62737  6.712  -40.217  39.411 0.0000000000
61737  7.181  -40.950  39.471 0.0000000000
62736  7.388  -40.319  39.007 0.0000000000
63854  9.781  -39.932  35.816 0.0000000000
62780  9.736  -40.465  35.339 0.0000000000
61764  10.406  -41.046  34.497 0.0000000000
62790  9.672  -40.830  34.380 0.0000000000
216153  9.898  -40.877  34.178 0.0000000000
199659  9.794  -40.567  34.210 0.0000000000
68383  10.938  -36.170  33.432 0.0000000000
206696  11.059  -36.840  33.508 0.0000000000
68382  11.460  -36.589  33.060 0.0000000000
77522  3.624  -30.156  34.899 0.0000000000
76386  3.096  -30.648  34.466 0.0000000000
222135  3.052  -31.297  34.431 0.0000000000
190836  2.976  -31.129  33.872 0.0000000000
71962  3.085  -34.018  30.208 0.0000000000
216292  2.845  -33.007  30.762 0.0000000000
71950  3.134  -34.330  30.728 0.0000000000
70719  3.334  -34.713  31.067 0.0000000000
70740  4.304  -35.020  30.930 0.0000000000
201953  5.335  -35.054  31.187 0.0000000000
69536  4.665  -35.249  30.691 0.0000000000
63729  14.363  -40.256  47.233 0.0000000000
63724  13.961  -39.894  47.558 0.0000000000
64894  13.550  -39.346  47.304 0.0000000000
66032  12.253  -37.369  46.774 0.0000000000
64960  15.653  -38.174  41.850 0.0000000000
64949  15.867  -38.748  41.877 0.0000000000
63767  15.825  -39.058  42.550 0.0000000000
62680  15.584  -40.157  44.541 0.0000000000
63748  15.682  -39.854  43.803 0.0000000000
62679  16.225  -40.599  44.749 0.0000000000
62678  16.649  -40.933  44.938 0.0000000000
61640  16.828  -41.207  45.643 0.0000000000
62670  15.847  -40.864  45.626 0.0000000000
63734  14.198  -39.860  46.399 0.0000000000
186671  15.171  -40.764  46.225 0.0000000000
63728  14.787  -40.485  46.829 0.0000000000
62662  14.817  -40.590  47.403 0.0000000000
70584  3.759  -34.788  41.533 0.0000000000
72970  3.585  -32.461  40.268 0.0000000000
72978  3.426  -32.627  39.553 0.0000000000
192477  3.811  -33.417  39.383 0.0000000000
74111  2.946  -31.889  39.347 0.0000000000
54607  8.545  -46.889  44.191 0.0000000000
55735  8.506  -46.299  43.962 0.0000000000
55730  9.552  -46.297  45.036 0.0000000000
56794  10.735  -45.461  46.245 0.0000000000
56795  10.296  -45.773  45.760 0.0000000000
57815  11.169  -44.974  46.423 0.0000000000
208620  11.821  -44.717  46.052 0.0000000000
57814  11.661  -44.565  46.663 0.0000000000
67108  8.456  -37.270  49.272 0.0000000000
66018  8.674  -38.008  49.413 0.0000000000
67109  7.672  -37.161  49.013 0.0000000000
67114  6.466  -36.908  48.444 0.0000000000
190049  6.083  -37.819  47.599 0.0000000000
195942  5.746  -37.058  47.144 0.0000000000
52319  12.295  -48.053  47.187 0.0000000000
52326  12.186  -48.137  46.725 0.0000000000
51258  11.443  -48.296  46.812 0.0000000000
51266  9.862  -48.048  46.046 0.0000000000
51265  10.276  -48.406  45.918 0.0000000000
51277  9.873  -48.324  45.442 0.0000000000
51289  9.616  -48.512  44.886 0.0000000000
51278  9.226  -48.389  45.030 0.0000000000
213750  8.609  -48.620  44.715 0.0000000000
219044  8.743  -48.369  44.945 0.0000000000
54597  9.277  -47.093  45.367 0.0000000000
53502  8.705  -47.614  44.738 0.0000000000
54602  9.005  -47.021  44.828 0.0000000000
54608  8.123  -47.400  43.801 0.0000000000
58825  12.617  -43.218  41.919 0.0000000000
58830  12.339  -43.570  41.512 0.0000000000
59745  12.463  -42.631  41.530 0.0000000000
61695  11.750  -41.309  41.064 0.0000000000
60722  12.523  -41.951  40.506 0.0000000000
61704  12.140  -41.447  40.137 0.0000000000
60729  12.498  -41.911  39.799 0.0000000000
61719  11.649  -41.411  39.744 0.0000000000
65032  6.097  -38.192  38.006 0.0000000000
65031  6.846  -38.376  37.723 0.0000000000
66150  6.412  -37.726  37.685 0.0000000000
67250  8.390  -37.241  36.723 0.0000000000
67238  8.415  -37.695  37.211 0.0000000000
66146  8.891  -37.796  36.816 0.0000000000
66161  9.353  -38.292  36.459 0.0000000000
212046  9.252  -37.735  36.402 0.0000000000
66171  9.471  -38.228  35.293 0.0000000000
67248  9.542  -37.204  36.186 0.0000000000
69447  8.789  -36.068  35.349 0.0000000000
69446  9.473  -36.035  35.487 0.0000000000
69457  9.169  -35.603  34.960 0.0000000000
69455  10.490  -35.997  34.701 0.0000000000
69471  9.456  -35.088  34.551 0.0000000000
73095  2.629  -33.119  28.363 0.0000000000
72011  2.972  -33.592  27.759 0.0000000000
70805  4.507  -34.532  28.261 0.0000000000
72010  3.367  -33.970  27.211 0.0000000000
56783  12.741  -44.954  47.761 0.0000000000
57804  12.708  -44.454  47.785 0.0000000000
218947  12.948  -43.961  48.032 0.0000000000
61623  12.693  -41.208  48.612 0.0000000000
60663  12.382  -41.695  48.517 0.0000000000
62651  11.644  -40.695  48.552 0.0000000000
189078  11.199  -40.750  48.570 0.0000000000
200728  11.322  -40.301  48.621 0.0000000000
64896  11.980  -38.803  47.760 0.0000000000
217958  12.321  -39.522  48.002 0.0000000000
64897  11.437  -38.409  48.035 0.0000000000
218123  10.927  -37.832  48.716 0.0000000000
64883  10.679  -38.858  49.139 0.0000000000
67105  10.482  -37.443  49.381 0.0000000000
67106  9.694  -37.380  49.426 0.0000000000
197715  10.212  -36.771  49.427 0.0000000000
66104  20.510  -37.713  40.210 0.0000000000
66127  20.621  -38.468  39.269 0.0000000000
66118  19.627  -37.885  39.299 0.0000000000
186158  18.498  -39.144  39.349 0.0000000000
63815  19.070  -39.276  38.853 0.0000000000
62722  18.734  -40.163  40.068 0.0000000000
62702  16.519  -39.865  41.776 0.0000000000
191891  17.132  -40.502  42.208 0.0000000000
60697  18.545  -42.158  43.146 0.0000000000
61672  18.250  -41.043  42.331 0.0000000000
60703  18.755  -41.930  42.497 0.0000000000
60707  19.037  -41.754  42.063 0.0000000000
59738  19.235  -42.454  42.538 0.0000000000
57827  19.320  -43.853  42.972 0.0000000000
55743  18.968  -45.626  42.869 0.0000000000
55724  16.644  -45.616  45.758 0.0000000000
54600  16.598  -46.986  45.366 0.0000000000
53490  16.118  -47.266  45.644 0.0000000000
54589  15.931  -46.589  46.389 0.0000000000
60671  16.917  -42.640  46.500 0.0000000000
58801  16.804  -43.552  46.472 0.0000000000
58802  16.514  -43.341  46.933 0.0000000000
56781  15.374  -44.684  48.047 0.0000000000
56780  15.730  -44.863  47.537 0.0000000000
55711  15.131  -45.813  47.660 0.0000000000
54584  15.093  -46.601  47.126 0.0000000000
54579  14.553  -46.554  47.589 0.0000000000
53476  14.220  -46.979  47.674 0.0000000000
53469  14.081  -46.507  47.876 0.0000000000
186285  13.712  -44.801  48.453 0.0000000000
54569  13.229  -45.930  48.094 0.0000000000
55703  12.966  -45.712  47.872 0.0000000000
54575  12.514  -46.183  47.997 0.0000000000
62692  6.038  -40.442  42.726 0.0000000000
61690  6.435  -40.575  41.757 0.0000000000
62698  6.080  -40.319  42.001 0.0000000000
63778  4.692  -39.530  40.957 0.0000000000
62704  5.293  -39.783  40.949 0.0000000000
62705  4.759  -39.352  40.539 0.0000000000
63797  5.271  -39.370  40.270 0.0000000000
186973  4.623  -38.979  40.019 0.0000000000
69401  4.100  -35.802  40.376 0.0000000000
68301  4.028  -36.408  40.279 0.0000000000
199400  3.720  -36.175  39.798 0.0000000000
193042  3.056  -37.007  38.890 0.0000000000
67217  3.136  -37.474  39.397 0.0000000000
67225  3.140  -37.579  38.607 0.0000000000
65006  3.915  -38.814  38.884 0.0000000000
66139  3.770  -38.500  38.309 0.0000000000
65034  4.866  -38.366  37.850 0.0000000000
215245  3.848  -37.573  37.749 0.0000000000
69440  3.333  -35.773  36.650 0.0000000000
67256  3.963  -36.632  36.941 0.0000000000
68345  3.691  -36.217  36.559 0.0000000000
68358  4.699  -35.668  36.132 0.0000000000
69449  3.658  -35.802  36.034 0.0000000000
68248  14.563  -36.429  44.463 0.0000000000
68235  14.307  -36.221  45.133 0.0000000000
69354  14.890  -35.635  45.600 0.0000000000
62707  25.457  -39.081  40.124 0.0000000000
62729  25.624  -39.658  38.944 0.0000000000
213657  25.126  -39.387  39.735 0.0000000000
216376  24.471  -39.062  40.407 0.0000000000
66050  24.230  -37.094  43.843 0.0000000000
67145  24.513  -36.979  44.262 0.0000000000
66049  24.819  -37.180  44.105 0.0000000000
64915  25.726  -37.213  43.522 0.0000000000
188728  24.822  -37.556  42.884 0.0000000000
64936  25.315  -37.959  42.521 0.0000000000
64926  24.073  -37.740  42.729 0.0000000000
64948  22.593  -37.824  41.484 0.0000000000
64957  23.021  -38.224  41.091 0.0000000000
66087  21.982  -37.688  41.255 0.0000000000
188875  19.931  -36.849  42.438 0.0000000000
67175  20.262  -37.159  41.987 0.0000000000
67176  19.504  -37.040  42.000 0.0000000000
216043  19.157  -37.048  41.448 0.0000000000
67177  18.685  -37.036  41.943 0.0000000000
201523  18.396  -36.426  43.918 0.0000000000
196333  17.715  -36.434  43.435 0.0000000000
68263  17.774  -36.606  42.723 0.0000000000
68264  17.200  -36.450  42.839 0.0000000000
67179  16.259  -37.033  42.003 0.0000000000
68265  16.507  -36.417  42.887 0.0000000000
69361  15.897  -35.693  44.870 0.0000000000
68255  15.531  -36.449  43.680 0.0000000000
67151  14.306  -36.965  44.204 0.0000000000
53570  5.399  -47.920  39.396 0.0000000000
54643  6.416  -47.312  40.021 0.0000000000
203344  8.042  -46.221  41.591 0.0000000000
55759  8.444  -45.929  41.076 0.0000000000
56819  9.163  -45.372  42.071 0.0000000000
56803  9.328  -45.459  44.092 0.0000000000
55739  8.757  -45.620  43.814 0.0000000000
57825  11.298  -44.711  43.600 0.0000000000
56810  10.589  -44.969  43.263 0.0000000000
56817  10.573  -44.996  42.504 0.0000000000
57829  11.305  -44.780  42.834 0.0000000000
57830  11.802  -44.390  42.493 0.0000000000
58820  12.153  -43.885  43.523 0.0000000000
60694  11.706  -41.981  44.371 0.0000000000
59736  12.125  -42.514  43.660 0.0000000000
60700  11.043  -41.375  43.915 0.0000000000
61665  10.549  -41.364  43.486 0.0000000000
190923  12.014  -43.402  47.557 0.0000000000
59722  10.759  -42.007  48.095 0.0000000000
58804  11.042  -42.457  47.888 0.0000000000
220125  10.780  -42.258  47.706 0.0000000000
60673  10.495  -41.780  47.689 0.0000000000
63721  8.051  -39.275  48.376 0.0000000000
219723  9.268  -40.058  48.166 0.0000000000
62660  8.683  -39.638  47.956 0.0000000000
61638  8.412  -40.301  46.570 0.0000000000
62666  8.767  -40.132  47.102 0.0000000000
222876  9.404  -40.539  46.686 0.0000000000
60684  9.809  -40.761  46.682 0.0000000000
61641  9.277  -40.660  46.119 0.0000000000
60690  9.707  -40.872  45.948 0.0000000000
216516  7.256  -40.416  45.452 0.0000000000
210993  8.282  -40.882  45.232 0.0000000000
61652  7.502  -40.747  44.942 0.0000000000
61660  7.811  -41.115  44.321 0.0000000000
61661  7.268  -40.869  44.114 0.0000000000
62686  6.816  -40.612  43.779 0.0000000000
62682  6.679  -40.055  44.176 0.0000000000
190002  5.379  -38.340  44.561 0.0000000000
66065  5.173  -37.900  43.903 0.0000000000
66066  4.708  -37.407  43.287 0.0000000000
62749  20.945  -40.168  38.360 0.0000000000
60738  22.033  -40.893  38.023 0.0000000000
60734  21.221  -41.089  38.309 0.0000000000
208552  12.649  -48.403  43.545 0.0000000000
208616  13.054  -48.106  42.700 0.0000000000
51286  11.236  -48.750  45.336 0.0000000000
189577  11.624  -48.529  44.779 0.0000000000
50199  10.985  -48.898  44.519 0.0000000000
53554  5.920  -47.836  40.660 0.0000000000
53561  5.499  -48.077  40.158 0.0000000000
218513  8.549  -46.774  38.258 0.0000000000
223187  7.980  -47.255  37.868 0.0000000000
54662  8.427  -47.034  37.800 0.0000000000
54675  8.727  -46.971  37.329 0.0000000000
57843  11.180  -44.677  39.638 0.0000000000
56844  10.656  -45.082  39.299 0.0000000000
57848  11.240  -44.785  38.849 0.0000000000
193868  10.834  -45.311  36.850 0.0000000000
56875  10.298  -45.714  37.166 0.0000000000
55812  9.896  -46.041  36.229 0.0000000000
55813  9.381  -46.439  36.146 0.0000000000
54706  9.784  -46.680  35.097 0.0000000000
56909  11.964  -44.891  34.362 0.0000000000
55849  10.536  -46.208  34.072 0.0000000000
55856  10.849  -45.738  33.479 0.0000000000
216879  10.587  -45.787  32.993 0.0000000000
56928  11.291  -44.801  33.018 0.0000000000
61698  7.251  -41.172  40.998 0.0000000000
198209  8.411  -41.730  40.951 0.0000000000
60725  8.117  -41.604  40.452 0.0000000000
190338  8.830  -41.907  38.895 0.0000000000
61721  9.654  -41.584  39.465 0.0000000000
61733  10.650  -41.641  38.424 0.0000000000
63831  8.271  -39.548  38.140 0.0000000000
62752  8.429  -40.326  38.225 0.0000000000
215448  8.681  -40.008  37.433 0.0000000000
61756  10.070  -41.635  36.416 0.0000000000
200420  10.277  -41.744  36.456 0.0000000000
61751  11.159  -41.351  36.936 0.0000000000
61750  11.222  -41.636  36.430 0.0000000000
59770  11.992  -42.360  35.619 0.0000000000
223352  11.301  -42.327  35.271 0.0000000000
59825  11.034  -42.236  33.651 0.0000000000
205123  11.635  -43.257  33.591 0.0000000000
59846  11.402  -42.830  32.981 0.0000000000
58943  11.054  -43.863  32.237 0.0000000000
58944  10.459  -43.466  32.096 0.0000000000
58953  10.072  -43.879  31.206 0.0000000000
62824  9.308  -40.496  32.258 0.0000000000
65056  10.175  -38.551  34.430 0.0000000000
65065  10.046  -39.219  34.219 0.0000000000
65064  10.669  -38.597  33.937 0.0000000000
65094  10.529  -38.835  32.382 0.0000000000
65095  10.148  -39.265  32.004 0.0000000000
77501  3.683  -30.018  36.271 0.0000000000
75240  3.163  -31.089  36.385 0.0000000000
204060  3.066  -31.638  36.749 0.0000000000
74163  3.506  -32.614  36.104 0.0000000000
73022  3.408  -33.136  36.467 0.0000000000
219014  3.520  -33.076  35.872 0.0000000000
73036  3.328  -33.396  34.554 0.0000000000
195146  3.413  -34.034  35.245 0.0000000000
71894  3.502  -34.084  34.568 0.0000000000
191059  4.047  -35.045  34.607 0.0000000000
70664  3.655  -34.600  34.225 0.0000000000
75306  3.085  -32.055  31.726 0.0000000000
75293  3.424  -31.448  32.071 0.0000000000
197188  3.053  -31.506  32.682 0.0000000000
212319  2.786  -32.206  32.815 0.0000000000
74205  2.669  -32.691  32.700 0.0000000000
70698  4.313  -34.908  32.477 0.0000000000
70699  3.872  -34.649  32.837 0.0000000000
186945  4.732  -35.187  32.762 0.0000000000
69477  4.748  -35.216  33.540 0.0000000000
69493  5.077  -35.323  33.164 0.0000000000
69475  5.892  -35.483  33.538 0.0000000000
69492  5.458  -35.472  32.941 0.0000000000
70697  6.997  -35.633  32.000 0.0000000000
69506  7.187  -35.786  32.575 0.0000000000
70696  7.649  -35.334  32.170 0.0000000000
70676  8.537  -34.636  33.233 0.0000000000
70695  8.335  -34.820  32.459 0.0000000000
69547  6.091  -35.387  29.939 0.0000000000
64905  13.638  -39.487  46.141 0.0000000000
64906  13.181  -38.845  46.332 0.0000000000
67125  12.527  -37.119  46.191 0.0000000000
68221  12.478  -36.635  46.725 0.0000000000
66063  14.607  -37.748  43.448 0.0000000000
64940  15.451  -38.691  43.025 0.0000000000
215466  14.798  -39.024  43.852 0.0000000000
63749  15.005  -39.649  44.053 0.0000000000
63737  15.037  -40.228  45.161 0.0000000000
62671  15.148  -40.576  45.698 0.0000000000
63739  14.020  -39.656  45.692 0.0000000000
57957  7.920  -44.587  29.914 0.0000000000
189396  8.781  -44.083  30.769 0.0000000000
54601  9.660  -46.544  45.525 0.0000000000
218976  9.847  -46.355  45.567 0.0000000000
55721  9.947  -46.441  45.754 0.0000000000
55725  10.516  -45.947  46.111 0.0000000000
210639  11.506  -47.548  47.558 0.0000000000
189446  11.471  -47.999  47.227 0.0000000000
52316  10.992  -47.711  47.068 0.0000000000
52322  10.415  -47.857  46.731 0.0000000000
52328  10.011  -47.746  46.205 0.0000000000
53493  9.605  -47.277  45.836 0.0000000000
54596  9.768  -46.822  45.842 0.0000000000
60704  11.454  -41.703  42.690 0.0000000000
60708  12.184  -42.037  41.783 0.0000000000
61674  11.177  -41.360  42.252 0.0000000000
221034  10.934  -41.300  41.462 0.0000000000
61696  11.110  -41.366  40.961 0.0000000000
67253  5.919  -36.837  36.875 0.0000000000
66162  6.703  -37.188  37.287 0.0000000000
202796  6.413  -36.775  37.010 0.0000000000
67251  7.689  -37.006  36.699 0.0000000000
68339  8.046  -36.756  36.330 0.0000000000
68338  8.852  -36.593  36.435 0.0000000000
201627  7.613  -36.395  35.905 0.0000000000
69448  7.868  -35.858  35.448 0.0000000000
69459  7.730  -35.674  34.686 0.0000000000
58789  13.582  -43.814  48.862 0.0000000000
196534  13.291  -43.250  48.728 0.0000000000
59710  13.613  -43.011  48.803 0.0000000000
60658  13.128  -41.833  48.552 0.0000000000
62650  12.311  -40.711  48.582 0.0000000000
66026  11.456  -37.676  48.110 0.0000000000
67112  11.413  -36.768  49.164 0.0000000000
68197  10.732  -36.217  49.414 0.0000000000
69301  10.565  -35.582  49.199 0.0000000000
67204  19.290  -37.307  40.083 0.0000000000
67215  19.304  -37.492  39.432 0.0000000000
67216  18.738  -37.498  39.558 0.0000000000
223360  17.800  -38.290  39.640 0.0000000000
63784  17.884  -39.483  39.856 0.0000000000
191862  17.327  -40.724  43.222 0.0000000000
62690  17.542  -40.680  42.675 0.0000000000
61664  17.703  -41.326  43.518 0.0000000000
60698  18.143  -41.937  43.522 0.0000000000
60691  18.670  -42.666  43.481 0.0000000000
55723  17.212  -45.179  45.606 0.0000000000
55717  16.825  -45.000  45.978 0.0000000000
60667  15.573  -42.275  47.742 0.0000000000
59716  16.214  -43.120  47.472 0.0000000000
59711  15.422  -42.910  48.179 0.0000000000
57796  15.076  -44.061  48.738 0.0000000000
56776  14.840  -44.665  48.712 0.0000000000
55699  14.043  -45.217  48.454 0.0000000000
186706  14.244  -44.593  48.649 0.0000000000
57795  13.784  -44.036  48.948 0.0000000000
64952  5.050  -39.220  42.076 0.0000000000
63768  5.258  -39.743  41.828 0.0000000000
64953  4.608  -38.833  41.625 0.0000000000
66093  4.305  -38.120  41.098 0.0000000000
66106  4.191  -38.340  40.368 0.0000000000
189377  3.898  -34.542  39.516 0.0000000000
191367  3.617  -35.885  39.283 0.0000000000
70605  3.695  -35.135  39.174 0.0000000000
69414  3.595  -35.619  38.735 0.0000000000
198980  3.413  -36.434  38.053 0.0000000000
68323  3.425  -36.813  37.639 0.0000000000
69435  3.485  -36.121  37.374 0.0000000000
194700  3.099  -35.445  37.071 0.0000000000
70636  3.054  -35.120  36.549 0.0000000000
222162  25.191  -38.997  41.200 0.0000000000
66051  23.512  -37.026  43.744 0.0000000000
66079  21.372  -37.320  41.988 0.0000000000
67166  20.499  -36.914  42.682 0.0000000000
67167  20.020  -36.605  43.070 0.0000000000
68254  16.275  -36.133  43.520 0.0000000000
54631  6.342  -47.428  41.175 0.0000000000
54636  6.692  -47.001  40.698 0.0000000000
54630  6.786  -46.936  41.325 0.0000000000
55751  8.207  -46.089  42.255 0.0000000000
56801  10.820  -45.183  44.811 0.0000000000
57822  11.451  -44.739  44.396 0.0000000000
57824  11.885  -44.280  43.980 0.0000000000
58816  12.514  -43.781  44.378 0.0000000000
60695  10.950  -41.331  44.716 0.0000000000
60664  11.197  -41.689  48.506 0.0000000000
60669  10.756  -41.650  48.269 0.0000000000
60670  10.460  -41.216  47.835 0.0000000000
63727  7.039  -39.282  47.900 0.0000000000
63726  7.726  -39.495  47.852 0.0000000000
63731  7.482  -39.665  47.357 0.0000000000
62667  7.943  -40.069  46.921 0.0000000000
62672  7.663  -40.377  46.348 0.0000000000
61643  8.199  -40.532  45.828 0.0000000000
62673  7.176  -40.415  46.223 0.0000000000
63740  6.899  -39.970  45.978 0.0000000000
63744  6.857  -39.894  45.066 0.0000000000
63745  6.390  -39.407  44.534 0.0000000000
64919  6.486  -38.811  45.019 0.0000000000
64912  6.124  -38.345  45.128 0.0000000000
66055  5.261  -37.540  44.654 0.0000000000
194216  19.960  -41.255  39.051 0.0000000000
60727  20.649  -41.472  38.607 0.0000000000
58835  20.417  -42.650  38.621 0.0000000000
204084  14.912  -47.373  44.284 0.0000000000
213157  13.737  -47.825  44.236 0.0000000000
52350  13.231  -48.144  43.979 0.0000000000
51308  12.688  -48.390  44.165 0.0000000000
50200  10.427  -48.998  43.858 0.0000000000
53520  7.169  -47.835  43.442 0.0000000000
52359  6.917  -48.408  43.169 0.0000000000
53521  6.781  -48.038  42.917 0.0000000000
54640  8.040  -46.595  39.383 0.0000000000
54651  7.625  -47.056  38.954 0.0000000000
219330  8.478  -46.250  39.070 0.0000000000
185216  8.968  -45.959  39.149 0.0000000000
199146  9.198  -45.870  38.580 0.0000000000
58842  12.183  -43.673  38.926 0.0000000000
57856  11.522  -44.566  38.226 0.0000000000
57855  11.943  -44.028  37.956 0.0000000000
56874  11.407  -44.914  36.914 0.0000000000
56887  11.242  -45.188  36.339 0.0000000000
55821  10.583  -45.885  35.301 0.0000000000
56897  11.603  -44.845  35.751 0.0000000000
190984  11.901  -44.403  35.065 0.0000000000
57908  12.170  -44.039  34.461 0.0000000000
61723  6.984  -41.151  39.800 0.0000000000
61709  7.682  -41.255  40.028 0.0000000000
61722  7.850  -41.464  39.410 0.0000000000
186619  8.415  -41.761  38.867 0.0000000000
61747  8.538  -41.355  38.393 0.0000000000
63843  9.332  -39.525  36.923 0.0000000000
62763  9.411  -40.376  37.106 0.0000000000
63842  9.751  -40.123  36.477 0.0000000000
62770  9.938  -40.689  36.178 0.0000000000
60752  10.845  -41.969  35.357 0.0000000000
60756  10.810  -41.748  34.757 0.0000000000
60768  10.762  -41.655  34.111 0.0000000000
60793  10.927  -42.187  32.938 0.0000000000
60780  10.632  -41.595  33.524 0.0000000000
61783  10.146  -41.061  33.485 0.0000000000
62814  10.269  -40.481  33.419 0.0000000000
67274  10.550  -37.273  34.494 0.0000000000
67285  10.861  -37.349  33.827 0.0000000000
206928  11.003  -38.015  32.950 0.0000000000
77512  3.727  -30.137  35.520 0.0000000000
75250  3.414  -31.158  35.663 0.0000000000
74175  3.555  -32.527  35.488 0.0000000000
74186  3.421  -32.073  34.816 0.0000000000
203837  2.934  -32.740  34.362 0.0000000000
73042  3.027  -33.107  33.955 0.0000000000
198113  2.872  -32.461  31.210 0.0000000000
74215  2.934  -32.621  31.863 0.0000000000
73061  2.944  -33.099  32.319 0.0000000000
71938  3.148  -33.845  31.982 0.0000000000
70718  3.568  -34.823  31.668 0.0000000000
69510  4.744  -34.948  31.944 0.0000000000
69508  5.753  -35.547  32.219 0.0000000000
69521  5.231  -35.100  31.659 0.0000000000
69520  5.687  -35.274  31.563 0.0000000000
70715  6.781  -35.227  31.413 0.0000000000
61631  14.574  -41.001  48.418 0.0000000000
62657  13.542  -40.538  48.467 0.0000000000
63715  13.813  -40.134  48.045 0.0000000000
64895  12.657  -39.150  47.456 0.0000000000
66028  12.716  -38.496  46.748 0.0000000000
66091  16.632  -37.964  41.218 0.0000000000
64959  16.818  -38.891  41.017 0.0000000000
198696  16.104  -38.508  41.440 0.0000000000
222111  16.191  -39.287  42.055 0.0000000000
63759  15.965  -39.561  43.136 0.0000000000
218903  16.240  -40.036  43.553 0.0000000000
62685  16.732  -40.560  43.550 0.0000000000
62684  17.241  -41.071  43.741 0.0000000000
61645  17.260  -41.644  44.761 0.0000000000
215132  17.413  -42.503  45.704 0.0000000000
59726  17.498  -42.793  45.883 0.0000000000
60675  17.232  -42.417  46.083 0.0000000000
61636  16.582  -41.783  46.049 0.0000000000
61633  16.141  -41.946  46.650 0.0000000000
204872  15.613  -41.061  46.096 0.0000000000
62665  15.823  -41.453  46.340 0.0000000000
61634  15.661  -41.449  47.134 0.0000000000
61629  15.519  -41.593  47.720 0.0000000000
61630  15.082  -41.242  48.100 0.0000000000
68283  3.814  -36.121  41.654 0.0000000000
69395  3.888  -35.585  41.133 0.0000000000
70593  3.909  -35.075  40.608 0.0000000000
191258  4.177  -34.450  40.103 0.0000000000
72961  3.650  -33.125  40.628 0.0000000000
71832  4.155  -33.777  40.246 0.0000000000
221681  3.868  -34.017  39.267 0.0000000000
223762  3.185  -32.975  38.500 0.0000000000
54613  7.843  -46.833  43.086 0.0000000000
55741  8.040  -46.603  43.388 0.0000000000
55734  9.676  -45.891  44.675 0.0000000000
55729  9.878  -46.008  45.352 0.0000000000
56799  10.206  -45.653  45.108 0.0000000000
57817  12.199  -44.249  46.308 0.0000000000
58810  12.029  -43.616  46.588 0.0000000000
64885  9.823  -38.748  49.306 0.0000000000
63713  9.812  -39.835  48.909 0.0000000000
64886  9.036  -38.656  49.320 0.0000000000
64891  8.489  -39.028  48.949 0.0000000000
64892  7.605  -38.758  48.727 0.0000000000
67113  7.015  -37.051  48.776 0.0000000000
66022  7.003  -38.277  48.726 0.0000000000
64893  6.929  -38.824  48.337 0.0000000000
64898  6.611  -38.860  48.046 0.0000000000
66030  6.201  -38.311  47.398 0.0000000000
66033  5.922  -38.109  46.735 0.0000000000
67117  5.428  -37.509  46.580 0.0000000000
211086  13.262  -47.855  46.350 0.0000000000
189311  13.215  -48.045  45.725 0.0000000000
200111  12.691  -48.014  46.174 0.0000000000
51274  11.487  -48.500  45.938 0.0000000000
213514  11.185  -48.682  45.822 0.0000000000
51264  10.703  -48.527  46.383 0.0000000000
51275  10.511  -48.491  45.783 0.0000000000
51287  10.724  -48.676  44.948 0.0000000000
51288  9.939  -48.559  44.710 0.0000000000
50194  8.891  -49.171  44.186 0.0000000000
221255  8.571  -49.142  43.978 0.0000000000
51300  8.447  -48.878  44.272 0.0000000000
51291  8.103  -48.466  44.250 0.0000000000
52344  7.796  -48.127  44.187 0.0000000000
52334  8.938  -48.020  45.089 0.0000000000
53503  8.210  -47.763  44.194 0.0000000000
53511  7.431  -48.004  44.143 0.0000000000
54609  7.645  -47.616  43.561 0.0000000000
187608  7.862  -47.283  43.448 0.0000000000
57835  11.078  -44.576  41.309 0.0000000000
56825  10.178  -44.979  40.331 0.0000000000
57838  11.726  -43.979  40.878 0.0000000000
58833  12.327  -43.569  40.301 0.0000000000
203825  12.695  -42.593  40.857 0.0000000000
58829  12.682  -43.108  40.559 0.0000000000
58837  12.219  -43.648  39.603 0.0000000000
58836  12.500  -43.093  39.193 0.0000000000
59755  12.568  -42.460  38.754 0.0000000000
60740  12.252  -41.909  38.304 0.0000000000
63832  6.318  -39.021  38.732 0.0000000000
63816  7.307  -39.660  38.725 0.0000000000
216541  6.989  -39.121  38.639 0.0000000000
65016  7.308  -38.820  38.172 0.0000000000
63845  8.087  -38.981  37.943 0.0000000000
66149  7.239  -37.842  37.377 0.0000000000
65029  8.680  -38.383  37.775 0.0000000000
190035  9.076  -38.823  37.262 0.0000000000
65043  9.434  -38.849  36.685 0.0000000000
216305  9.803  -39.379  35.649 0.0000000000
63862  9.534  -39.764  34.971 0.0000000000
202868  9.621  -39.881  34.434 0.0000000000
65049  9.622  -38.925  35.187 0.0000000000
66178  9.547  -38.432  34.933 0.0000000000
213543  10.176  -37.281  35.120 0.0000000000
193740  9.863  -36.812  36.015 0.0000000000
67267  10.115  -36.735  35.530 0.0000000000
68365  10.437  -36.612  34.912 0.0000000000
184886  10.582  -35.743  33.894 0.0000000000
69489  10.341  -35.096  33.705 0.0000000000
73089  2.743  -33.119  29.197 0.0000000000
70783  3.856  -34.692  29.287 0.0000000000
70782  4.437  -35.017  29.638 0.0000000000
214765  4.203  -34.763  28.917 0.0000000000
70845  4.938  -34.350  26.718 0.0000000000
223733  9.439  -45.758  30.833 0.0000000000
54585  11.126  -46.186  47.510 0.0000000000
56785  11.403  -45.465  47.687 0.0000000000
55712  11.842  -45.166  47.960 0.0000000000
57806  12.393  -44.001  47.678 0.0000000000
207540  12.476  -43.251  47.893 0.0000000000
211100  12.810  -42.764  48.416 0.0000000000
59718  12.246  -42.654  48.335 0.0000000000
59715  11.831  -42.005  48.483 0.0000000000
223369  11.200  -41.122  48.543 0.0000000000
62652  11.128  -40.315  48.700 0.0000000000
197463  10.635  -40.089  48.829 0.0000000000
205113  12.317  -39.979  48.399 0.0000000000
63717  11.818  -39.656  48.416 0.0000000000
66020  11.145  -38.059  48.412 0.0000000000
64889  11.292  -38.741  48.545 0.0000000000
63710  11.411  -39.782  48.658 0.0000000000
64882  11.111  -39.221  48.950 0.0000000000
206332  10.675  -39.486  49.038 0.0000000000
64884  10.306  -39.121  49.178 0.0000000000
205286  9.057  -37.550  49.448 0.0000000000
68199  8.779  -36.764  49.048 0.0000000000
69302  9.872  -36.008  49.405 0.0000000000
64988  21.821  -38.680  39.449 0.0000000000
63811  21.667  -39.381  38.414 0.0000000000
65001  21.442  -38.946  38.849 0.0000000000
65002  20.909  -38.899  38.837 0.0000000000
63813  20.836  -39.508  38.723 0.0000000000
66129  19.414  -38.525  39.064 0.0000000000
65004  19.284  -39.254  38.854 0.0000000000
62720  20.255  -40.410  39.237 0.0000000000
61700  19.665  -41.132  39.431 0.0000000000
59744  19.679  -42.352  40.898 0.0000000000
63785  17.288  -39.667  40.462 0.0000000000
213259  17.740  -40.372  40.663 0.0000000000
62695  17.910  -40.530  42.105 0.0000000000
62700  18.320  -40.569  41.804 0.0000000000
202915  18.333  -40.552  41.068 0.0000000000
60714  19.217  -41.619  41.505 0.0000000000
60706  19.405  -42.136  41.591 0.0000000000
58824  19.175  -43.287  41.440 0.0000000000
56809  19.229  -45.137  42.929 0.0000000000
53508  16.174  -47.062  44.328 0.0000000000
53510  15.003  -47.621  44.908 0.0000000000
53501  14.961  -47.582  45.506 0.0000000000
53492  14.776  -47.397  46.175 0.0000000000
58806  17.266  -43.248  46.168 0.0000000000
194949  16.855  -44.342  46.305 0.0000000000
55713  16.606  -44.877  46.421 0.0000000000
211794  16.351  -44.170  47.216 0.0000000000
56787  16.418  -44.960  46.688 0.0000000000
54582  15.989  -45.965  46.544 0.0000000000
54590  15.384  -46.789  46.655 0.0000000000
53487  15.175  -47.140  46.496 0.0000000000
52323  14.162  -47.559  46.520 0.0000000000
52317  13.574  -47.720  47.331 0.0000000000
52318  12.782  -47.827  47.326 0.0000000000
187681  12.938  -47.157  47.571 0.0000000000
54573  13.731  -46.225  48.161 0.0000000000
53472  12.800  -46.792  47.761 0.0000000000
53479  12.272  -47.431  47.903 0.0000000000
53473  12.122  -46.901  48.186 0.0000000000
54580  11.454  -46.493  47.829 0.0000000000
61678  7.418  -41.449  42.920 0.0000000000
61687  8.359  -41.980  42.220 0.0000000000
187198  7.221  -41.509  42.174 0.0000000000
61689  6.846  -41.013  41.532 0.0000000000
61711  6.535  -41.018  40.712 0.0000000000
62699  5.669  -40.019  41.635 0.0000000000
193895  6.038  -40.000  41.121 0.0000000000
61712  6.174  -40.555  40.645 0.0000000000
62724  6.177  -40.417  40.087 0.0000000000
62738  6.270  -39.953  39.711 0.0000000000
63819  5.888  -39.290  39.420 0.0000000000
67181  3.794  -36.774  41.398 0.0000000000
67196  3.995  -36.980  40.529 0.0000000000
66107  3.656  -38.118  40.105 0.0000000000
66121  3.373  -38.224  39.745 0.0000000000
64975  3.778  -38.618  39.981 0.0000000000
64991  4.311  -38.868  39.457 0.0000000000
65005  4.703  -38.720  38.917 0.0000000000
63833  5.752  -38.721  38.935 0.0000000000
65019  5.282  -38.393  38.346 0.0000000000
65033  5.441  -38.220  37.955 0.0000000000
192661  5.106  -38.041  37.512 0.0000000000
67242  3.730  -37.110  37.466 0.0000000000
66165  4.785  -37.521  37.232 0.0000000000
67254  5.263  -36.933  36.771 0.0000000000
68343  5.018  -36.229  36.400 0.0000000000
68357  5.326  -35.717  35.941 0.0000000000
68369  4.922  -35.402  35.445 0.0000000000
67139  13.389  -37.416  44.802 0.0000000000
216504  13.140  -36.931  45.172 0.0000000000
68236  13.348  -36.451  45.317 0.0000000000
69338  14.662  -35.500  46.340 0.0000000000
63792  23.389  -38.951  39.499 0.0000000000
64914  26.242  -37.184  43.535 0.0000000000
63763  25.367  -38.668  41.704 0.0000000000
63764  24.808  -38.452  41.463 0.0000000000
64938  23.903  -37.925  42.237 0.0000000000
63775  24.080  -38.662  40.794 0.0000000000
64970  23.449  -38.519  40.611 0.0000000000
64986  23.158  -38.668  39.899 0.0000000000
64987  22.417  -38.863  39.784 0.0000000000
64972  22.172  -38.435  40.206 0.0000000000
67174  20.949  -37.284  41.583 0.0000000000
204349  20.319  -37.335  41.349 0.0000000000
216179  20.017  -37.224  40.609 0.0000000000
67191  19.245  -37.148  40.830 0.0000000000
67192  18.009  -37.302  40.688 0.0000000000
204401  17.568  -37.166  41.037 0.0000000000
212117  20.128  -36.309  43.653 0.0000000000
67159  19.545  -36.458  43.476 0.0000000000
68262  18.799  -36.655  43.352 0.0000000000
68277  18.418  -36.898  42.701 0.0000000000
68278  17.924  -36.839  42.052 0.0000000000
68293  17.443  -36.874  41.537 0.0000000000
67193  17.122  -37.303  41.211 0.0000000000
67194  16.440  -37.432  41.601 0.0000000000
213345  15.710  -37.573  41.912 0.0000000000
67169  15.355  -37.427  42.368 0.0000000000
67160  15.081  -37.073  43.415 0.0000000000
66072  14.975  -37.515  42.917 0.0000000000
67161  14.520  -37.390  43.692 0.0000000000
67152  14.017  -37.353  44.302 0.0000000000
54635  7.301  -46.694  40.459 0.0000000000
55766  7.851  -46.367  40.074 0.0000000000
55765  8.371  -46.048  40.342 0.0000000000
55758  8.974  -45.607  40.569 0.0000000000
55747  7.958  -46.430  42.789 0.0000000000
220819  8.381  -45.990  42.818 0.0000000000
56813  8.640  -45.593  42.495 0.0000000000
56807  9.835  -45.120  43.712 0.0000000000
219072  9.518  -45.296  42.481 0.0000000000
56818  9.910  -45.218  42.201 0.0000000000
57832  10.482  -44.932  41.745 0.0000000000
58826  12.296  -43.788  42.211 0.0000000000
58822  12.528  -43.340  42.589 0.0000000000
58815  12.409  -43.235  43.692 0.0000000000
59739  12.402  -42.869  43.073 0.0000000000
59740  12.020  -42.280  42.951 0.0000000000
60705  11.063  -41.490  43.163 0.0000000000
204465  10.052  -41.599  43.132 0.0000000000
185494  8.654  -41.669  43.158 0.0000000000
56789  11.357  -45.155  47.341 0.0000000000
58799  11.416  -42.608  48.034 0.0000000000
58803  11.550  -43.164  47.392 0.0000000000
57811  11.662  -43.872  46.917 0.0000000000
58807  11.540  -43.434  47.071 0.0000000000
59727  11.310  -42.898  46.860 0.0000000000
59728  11.075  -42.220  46.592 0.0000000000
62654  9.655  -40.260  48.526 0.0000000000
62659  9.608  -40.492  48.034 0.0000000000
210066  10.167  -40.866  47.572 0.0000000000
61635  9.556  -40.554  47.485 0.0000000000
60674  10.342  -41.194  47.669 0.0000000000
60678  10.217  -41.230  47.336 0.0000000000
60677  10.493  -41.720  46.979 0.0000000000
60682  10.700  -41.509  46.273 0.0000000000
60689  10.168  -41.130  45.775 0.0000000000
61648  9.534  -41.115  45.214 0.0000000000
188331  8.665  -40.812  45.661 0.0000000000
61650  8.637  -41.109  44.986 0.0000000000
61657  9.479  -41.286  44.442 0.0000000000
61658  8.769  -41.310  44.373 0.0000000000
61668  8.456  -41.416  43.747 0.0000000000
185524  8.131  -41.641  43.023 0.0000000000
61670  6.826  -41.123  43.198 0.0000000000
61671  6.357  -40.833  43.136 0.0000000000
62688  5.813  -39.926  43.005 0.0000000000
63746  5.880  -39.186  43.939 0.0000000000
63751  5.649  -39.337  43.283 0.0000000000
64942  5.347  -38.913  42.816 0.0000000000
66073  5.159  -38.173  43.016 0.0000000000
68282  4.028  -36.698  42.581 0.0000000000
66034  5.392  -37.774  46.032 0.0000000000
205185  5.141  -37.394  45.410 0.0000000000
205770  5.029  -37.050  44.788 0.0000000000
67154  4.473  -36.576  44.579 0.0000000000
217654  4.197  -36.580  43.539 0.0000000000
68267  4.130  -36.316  43.200 0.0000000000
68268  3.915  -36.011  42.537 0.0000000000
68237  13.166  -36.225  46.004 0.0000000000
61740  22.136  -40.506  38.204 0.0000000000
58838  22.124  -41.544  37.188 0.0000000000
58845  21.783  -42.007  36.839 0.0000000000
58834  21.003  -41.917  38.034 0.0000000000
51298  12.829  -48.668  44.823 0.0000000000
51299  12.136  -48.418  44.383 0.0000000000
51309  12.024  -48.622  43.667 0.0000000000
51310  11.637  -48.955  43.046 0.0000000000
54664  7.604  -47.394  38.323 0.0000000000
56832  10.072  -45.185  39.685 0.0000000000
56845  9.973  -45.380  39.051 0.0000000000
55793  9.254  -46.054  38.155 0.0000000000
56861  10.419  -45.555  37.932 0.0000000000
55792  9.827  -45.971  37.766 0.0000000000
54674  9.233  -46.584  37.259 0.0000000000
54683  9.046  -46.797  36.730 0.0000000000
185657  8.728  -46.916  36.015 0.0000000000
55836  10.687  -45.823  34.672 0.0000000000
55873  9.796  -45.516  31.168 0.0000000000
60718  8.474  -41.780  41.561 0.0000000000
60723  9.756  -41.914  40.887 0.0000000000
185562  10.384  -41.716  40.569 0.0000000000
61708  8.812  -41.854  39.555 0.0000000000
61707  9.621  -41.562  40.131 0.0000000000
61706  11.043  -41.434  40.171 0.0000000000
61732  11.639  -41.474  38.838 0.0000000000
204345  11.917  -41.544  38.225 0.0000000000
60741  12.072  -41.690  37.749 0.0000000000
62753  7.838  -39.976  38.502 0.0000000000
61746  9.291  -41.470  38.051 0.0000000000
62750  9.660  -41.115  37.510 0.0000000000
61745  10.027  -41.563  37.945 0.0000000000
61744  10.695  -41.554  37.646 0.0000000000
60744  11.798  -41.785  37.087 0.0000000000
60747  12.162  -42.364  36.880 0.0000000000
59769  12.176  -42.660  36.184 0.0000000000
59780  12.195  -42.915  35.504 0.0000000000
57918  11.967  -44.311  33.874 0.0000000000
59797  11.823  -42.847  34.281 0.0000000000
58921  12.051  -43.554  34.058 0.0000000000
57927  11.578  -44.293  33.236 0.0000000000
57928  11.250  -44.293  32.563 0.0000000000
56935  10.483  -44.833  31.733 0.0000000000
56943  9.885  -44.844  31.160 0.0000000000
57941  9.764  -44.333  30.894 0.0000000000
58962  9.495  -43.972  30.840 0.0000000000
58955  8.959  -43.474  31.059 0.0000000000
205008  10.598  -40.252  33.685 0.0000000000
63901  10.665  -39.941  33.299 0.0000000000
63900  10.771  -39.375  33.135 0.0000000000
184921  10.058  -40.207  32.836 0.0000000000
188667  9.718  -39.877  32.174 0.0000000000
75207  2.847  -31.321  39.169 0.0000000000
74123  2.906  -31.840  38.590 0.0000000000
72998  3.471  -33.085  37.842 0.0000000000
75231  3.046  -31.113  37.208 0.0000000000
201719  3.180  -32.465  37.528 0.0000000000
192498  3.733  -33.632  37.592 0.0000000000
192476  3.422  -33.753  36.804 0.0000000000
71869  3.170  -34.497  36.552 0.0000000000
71882  3.294  -34.609  35.945 0.0000000000
73032  3.457  -33.334  35.306 0.0000000000
186018  3.927  -35.199  35.413 0.0000000000
69464  4.465  -35.314  34.939 0.0000000000
69463  5.003  -35.509  34.467 0.0000000000
74194  2.848  -32.653  33.680 0.0000000000
73050  3.031  -33.232  33.347 0.0000000000
71928  2.940  -33.785  32.641 0.0000000000
71915  3.324  -33.819  33.277 0.0000000000
70678  3.668  -34.498  33.406 0.0000000000
69478  4.179  -35.029  33.830 0.0000000000
212658  4.869  -35.443  33.975 0.0000000000
69462  5.567  -35.403  34.236 0.0000000000
69461  6.206  -35.565  34.300 0.0000000000
69460  6.940  -35.745  34.416 0.0000000000
69473  7.532  -35.612  34.015 0.0000000000
69491  6.506  -35.628  33.092 0.0000000000
69490  7.343  -35.694  33.299 0.0000000000
70663  8.075  -35.100  33.607 0.0000000000
70662  8.711  -34.703  33.921 0.0000000000
70674  9.966  -34.743  33.451 0.0000000000
70673  10.572  -34.923  33.161 0.0000000000
203459  5.656  -35.386  30.462 0.0000000000
70739  6.121  -35.031  30.617 0.0000000000
70713  8.127  -34.926  31.681 0.0000000000
213560  9.458  -34.616  32.159 0.0000000000
70692  11.178  -35.045  32.725 0.0000000000
51263  11.712  -48.349  46.539 0.0000000000
51284  12.651  -48.391  45.434 0.0000000000
51292  7.397  -48.401  44.179 0.0000000000
51301  7.814  -48.687  43.941 0.0000000000
52314  12.304  -47.814  47.494 0.0000000000
52320  11.913  -48.114  47.264 0.0000000000
52324  13.688  -47.840  46.868 0.0000000000
52327  10.257  -48.309  46.495 0.0000000000
52340  14.285  -47.611  45.801 0.0000000000
52341  13.736  -47.876  45.424 0.0000000000
52358  13.206  -48.234  43.250 0.0000000000
53470  13.888  -46.869  47.806 0.0000000000
53471  13.364  -46.763  47.789 0.0000000000
53474  11.568  -47.024  47.885 0.0000000000
53475  14.624  -46.820  47.402 0.0000000000
53477  13.777  -47.334  47.621 0.0000000000
53478  12.985  -47.532  47.440 0.0000000000
53480  11.871  -47.416  48.080 0.0000000000
53482  14.818  -46.979  47.009 0.0000000000
53486  15.790  -47.032  46.193 0.0000000000
53488  14.537  -47.332  46.886 0.0000000000
53489  14.088  -47.688  47.152 0.0000000000
53500  15.576  -47.449  45.264 0.0000000000
54566  14.029  -45.745  48.278 0.0000000000
54567  13.914  -45.972  48.467 0.0000000000
54568  13.898  -45.883  48.445 0.0000000000
54570  14.647  -45.941  47.747 0.0000000000
54571  14.188  -46.052  47.957 0.0000000000
54572  13.929  -46.147  48.109 0.0000000000
54574  13.329  -46.270  47.986 0.0000000000
54576  11.883  -46.411  48.174 0.0000000000
54577  15.345  -46.121  47.283 0.0000000000
54578  14.923  -46.363  47.455 0.0000000000
54583  15.557  -46.323  46.824 0.0000000000
54586  10.929  -46.953  46.737 0.0000000000
54594  16.689  -46.401  45.607 0.0000000000
54595  16.275  -46.838  45.880 0.0000000000
54618  7.749  -46.835  42.965 0.0000000000
54637  6.233  -47.440  40.545 0.0000000000
54663  8.100  -47.047  38.301 0.0000000000
54781  9.062  -46.266  30.871 0.0000000000
55698  14.433  -45.000  48.287 0.0000000000
55701  13.680  -45.344  48.561 0.0000000000
55702  13.096  -45.255  47.976 0.0000000000
55704  15.218  -45.156  47.755 0.0000000000
55706  14.290  -45.528  48.036 0.0000000000
55707  12.479  -45.600  47.950 0.0000000000
55709  15.967  -45.175  47.107 0.0000000000
55710  15.569  -45.529  47.437 0.0000000000
55714  16.156  -45.351  46.686 0.0000000000
55718  16.352  -45.457  46.228 0.0000000000
55719  10.770  -46.092  46.459 0.0000000000
55731  9.049  -46.468  44.585 0.0000000000
55744  18.390  -45.748  42.722 0.0000000000
55746  8.698  -45.540  43.165 0.0000000000
55782  9.758  -45.678  38.428 0.0000000000
55783  9.471  -45.693  38.915 0.0000000000
55784  8.798  -46.219  38.512 0.0000000000
55802  9.725  -46.218  37.221 0.0000000000
55837  10.232  -46.261  34.890 0.0000000000
55857  10.348  -46.236  32.683 0.0000000000
55885  9.417  -45.166  30.775 0.0000000000
56773  14.051  -44.417  48.760 0.0000000000
56774  13.932  -44.555  48.683 0.0000000000
56775  15.091  -44.454  48.623 0.0000000000
56777  13.964  -44.927  48.570 0.0000000000
56778  12.921  -44.482  47.880 0.0000000000
56779  12.901  -45.120  47.805 0.0000000000
56782  15.066  -44.899  48.071 0.0000000000
56784  16.183  -44.683  47.182 0.0000000000
56790  17.064  -44.537  46.072 0.0000000000
56793  17.425  -44.690  45.809 0.0000000000
56804  19.327  -44.492  42.998 0.0000000000
56812  9.107  -45.314  42.792 0.0000000000
56821  9.776  -45.217  41.519 0.0000000000
56859  11.559  -44.577  37.548 0.0000000000
56860  11.026  -45.028  38.107 0.0000000000
56888  10.513  -45.659  36.404 0.0000000000
56898  10.965  -45.424  35.691 0.0000000000
56920  11.172  -45.418  34.040 0.0000000000
56929  10.892  -45.312  32.948 0.0000000000
56950  9.430  -44.724  30.792 0.0000000000
57793  14.387  -43.780  48.906 0.0000000000
57794  14.055  -43.944  48.913 0.0000000000
57797  14.931  -43.876  48.760 0.0000000000
57798  14.502  -44.144  48.838 0.0000000000
57799  13.916  -43.798  48.995 0.0000000000
57800  13.858  -44.177  48.837 0.0000000000
57801  16.008  -44.417  47.681 0.0000000000
57802  15.564  -44.256  48.258 0.0000000000
57803  12.909  -43.893  48.007 0.0000000000
57805  16.637  -44.052  46.592 0.0000000000
57807  17.150  -43.796  46.158 0.0000000000
57813  17.705  -43.946  45.361 0.0000000000
57833  19.353  -43.838  41.148 0.0000000000
57839  10.994  -44.619  40.443 0.0000000000
57842  11.581  -44.020  40.030 0.0000000000
57869  11.941  -44.383  36.893 0.0000000000
57880  12.274  -43.842  36.451 0.0000000000
57934  10.796  -44.344  31.934 0.0000000000
57949  9.143  -44.460  30.752 0.0000000000
58784  14.027  -43.750  48.978 0.0000000000
58785  15.217  -43.642  48.550 0.0000000000
58790  13.238  -43.810  48.524 0.0000000000
58792  15.421  -43.648  48.423 0.0000000000
58793  15.136  -42.939  48.354 0.0000000000
58795  16.507  -43.782  46.895 0.0000000000
58796  16.294  -43.613  47.438 0.0000000000
58797  15.922  -43.341  47.962 0.0000000000
58805  17.556  -43.377  45.892 0.0000000000
58808  17.821  -43.627  44.899 0.0000000000
58809  17.764  -43.495  45.504 0.0000000000
58817  19.241  -43.313  42.785 0.0000000000
58823  12.177  -43.957  42.842 0.0000000000
58832  12.703  -43.144  39.901 0.0000000000
58840  20.662  -42.400  37.951 0.0000000000
58841  12.422  -43.067  38.498 0.0000000000
58884  12.100  -43.625  35.210 0.0000000000
58905  12.165  -43.183  34.681 0.0000000000
58932  11.755  -43.821  33.510 0.0000000000
58952  10.561  -44.010  31.693 0.0000000000
58954  9.637  -43.447  31.165 0.0000000000
59708  14.451  -42.990  48.708 0.0000000000
59709  14.270  -42.938  48.754 0.0000000000
59714  12.436  -42.289  48.465 0.0000000000
59717  15.735  -42.832  47.843 0.0000000000
59719  11.527  -42.346  48.402 0.0000000000
59720  16.845  -42.997  46.536 0.0000000000
59721  16.488  -42.883  46.929 0.0000000000
59733  18.346  -42.941  44.053 0.0000000000
59737  19.246  -42.757  42.455 0.0000000000
59741  19.286  -42.689  41.729 0.0000000000
59743  11.872  -42.113  42.328 0.0000000000
59748  20.434  -42.037  38.689 0.0000000000
59749  20.147  -41.782  38.889 0.0000000000
59750  12.677  -42.507  39.488 0.0000000000
59752  22.460  -41.026  37.621 0.0000000000
59754  21.150  -41.407  38.166 0.0000000000
59759  12.457  -42.492  38.007 0.0000000000
59824  11.371  -42.704  33.782 0.0000000000
60659  15.278  -42.505  48.157 0.0000000000
60660  15.007  -42.106  48.344 0.0000000000
60661  14.450  -41.932  48.720 0.0000000000
60662  14.008  -41.669  48.748 0.0000000000
60665  10.770  -41.254  48.258 0.0000000000
60672  15.837  -42.080  47.228 0.0000000000
60676  16.744  -42.279  46.458 0.0000000000
60681  17.365  -42.118  44.824 0.0000000000
60686  17.671  -42.609  44.624 0.0000000000
60688  10.849  -41.379  45.489 0.0000000000
60692  18.287  -42.501  43.773 0.0000000000
60696  18.927  -42.388  42.772 0.0000000000
60701  19.345  -42.304  42.215 0.0000000000
60702  19.237  -42.139  42.321 0.0000000000
60709  11.660  -41.610  41.985 0.0000000000
60711  7.860  -41.987  41.845 0.0000000000
60712  19.672  -42.012  40.671 0.0000000000
60715  12.393  -41.949  41.162 0.0000000000
60717  9.079  -41.744  41.252 0.0000000000
60719  7.855  -41.680  41.178 0.0000000000
60720  19.762  -41.667  39.509 0.0000000000
60726  7.611  -41.233  40.570 0.0000000000
60728  20.472  -41.176  38.788 0.0000000000
60730  8.293  -41.690  39.766 0.0000000000
60733  21.924  -40.969  37.931 0.0000000000
60735  12.376  -41.896  39.085 0.0000000000
60739  21.497  -40.829  38.405 0.0000000000
60743  12.286  -42.040  37.548 0.0000000000
60749  11.335  -41.976  35.823 0.0000000000
60755  11.179  -42.414  34.918 0.0000000000
61622  13.383  -41.419  48.620 0.0000000000
61624  12.010  -41.088  48.551 0.0000000000
61625  11.408  -41.135  48.557 0.0000000000
61632  10.213  -40.737  47.849 0.0000000000
61637  9.145  -40.402  46.916 0.0000000000
61639  17.143  -41.821  45.529 0.0000000000
61647  10.191  -41.181  44.994 0.0000000000
61651  7.933  -40.928  45.047 0.0000000000
61653  17.814  -41.673  43.795 0.0000000000
61655  17.019  -41.208  44.508 0.0000000000
61662  18.253  -41.646  42.815 0.0000000000
61663  17.928  -41.529  43.354 0.0000000000
61666  9.825  -41.418  43.715 0.0000000000
61677  8.929  -41.817  42.645 0.0000000000
61680  6.338  -40.899  42.507 0.0000000000
61682  18.525  -40.905  42.010 0.0000000000
61683  11.375  -41.282  41.585 0.0000000000
61684  10.798  -41.325  41.875 0.0000000000
61692  18.982  -41.269  41.058 0.0000000000
61693  18.677  -40.937  41.411 0.0000000000
61694  12.155  -41.428  40.808 0.0000000000
61697  10.449  -41.468  41.346 0.0000000000
61699  6.384  -40.442  41.217 0.0000000000
61714  20.327  -40.870  38.975 0.0000000000
61715  19.922  -41.006  39.333 0.0000000000
61716  19.520  -40.815  39.598 0.0000000000
61718  12.082  -41.495  39.391 0.0000000000
61727  23.320  -40.032  37.922 0.0000000000
61729  22.343  -40.532  38.091 0.0000000000
61730  21.041  -40.722  38.639 0.0000000000
61735  8.853  -41.851  38.486 0.0000000000
61736  7.918  -41.161  39.033 0.0000000000
61741  21.899  -40.650  38.264 0.0000000000
61742  21.526  -40.657  38.410 0.0000000000
61743  11.584  -41.568  37.609 0.0000000000
61759  10.433  -41.422  35.194 0.0000000000
61765  9.880  -40.894  34.978 0.0000000000
62648  14.160  -40.850  48.597 0.0000000000
62655  14.748  -40.750  47.957 0.0000000000
62656  14.248  -40.571  48.300 0.0000000000
62658  12.703  -40.392  48.571 0.0000000000
62661  15.250  -41.021  47.591 0.0000000000
62674  16.601  -40.935  45.436 0.0000000000
62675  16.290  -40.791  45.199 0.0000000000
62683  17.650  -40.982  43.097 0.0000000000
62689  17.941  -40.843  42.517 0.0000000000
62693  5.776  -39.955  42.228 0.0000000000
62694  18.271  -40.712  42.135 0.0000000000
62696  16.933  -40.278  41.558 0.0000000000
62697  16.668  -40.252  42.258 0.0000000000
62708  24.967  -39.299  40.107 0.0000000000
62709  24.501  -39.297  39.954 0.0000000000
62711  18.396  -40.385  40.532 0.0000000000
62712  17.653  -40.165  40.397 0.0000000000
62713  17.250  -40.224  40.796 0.0000000000
62716  25.585  -39.400  39.591 0.0000000000
62732  21.924  -39.770  38.330 0.0000000000
62733  20.787  -39.979  38.832 0.0000000000
62734  20.340  -39.821  39.140 0.0000000000
62747  22.229  -40.175  38.393 0.0000000000
62748  21.825  -40.219  38.210 0.0000000000
63714  9.350  -39.277  49.036 0.0000000000
63718  11.477  -39.288  48.629 0.0000000000
63719  9.280  -39.779  48.556 0.0000000000
63725  13.272  -39.687  47.736 0.0000000000
63736  6.755  -39.453  46.264 0.0000000000
63742  16.227  -40.302  44.138 0.0000000000
63743  14.811  -39.886  44.617 0.0000000000
63750  6.015  -39.776  43.744 0.0000000000
63756  24.967  -38.159  42.078 0.0000000000
63758  16.520  -40.072  42.989 0.0000000000
63765  24.226  -38.386  41.342 0.0000000000
63773  25.125  -38.794  41.214 0.0000000000
63774  24.633  -38.799  41.006 0.0000000000
63777  5.169  -39.844  41.366 0.0000000000
63782  25.310  -39.051  40.610 0.0000000000
63783  23.825  -38.795  40.124 0.0000000000
63794  22.035  -39.113  39.058 0.0000000000
63810  22.185  -39.424  38.854 0.0000000000
63812  21.184  -39.358  38.488 0.0000000000
63814  19.597  -39.527  39.060 0.0000000000
63817  6.820  -39.603  39.021 0.0000000000
63820  5.438  -38.762  39.289 0.0000000000
63828  22.481  -39.808  38.737 0.0000000000
63830  21.107  -39.733  38.342 0.0000000000
63882  10.515  -39.900  33.881 0.0000000000
64887  8.305  -38.508  49.164 0.0000000000
64899  6.485  -38.712  47.708 0.0000000000
64900  13.617  -39.431  46.740 0.0000000000
64901  12.987  -38.961  46.951 0.0000000000
64916  25.117  -37.276  43.460 0.0000000000
64924  25.560  -37.463  42.957 0.0000000000
64925  24.522  -37.591  43.107 0.0000000000
64929  15.101  -38.418  43.564 0.0000000000
64937  24.586  -37.852  42.432 0.0000000000
64943  5.042  -38.442  42.289 0.0000000000
64947  23.197  -37.960  41.636 0.0000000000
64950  15.362  -38.413  42.289 0.0000000000
64951  15.246  -37.842  42.297 0.0000000000
64961  4.440  -39.021  40.888 0.0000000000
64971  22.779  -38.490  40.446 0.0000000000
64989  21.184  -38.557  39.284 0.0000000000
64990  18.047  -38.756  39.383 0.0000000000
64992  3.658  -38.778  39.500 0.0000000000
65003  20.707  -39.048  38.893 0.0000000000
65018  5.877  -38.457  38.391 0.0000000000
65021  4.323  -38.670  38.380 0.0000000000
66015  10.613  -38.124  49.156 0.0000000000
66016  10.090  -38.129  49.438 0.0000000000
66023  6.535  -38.405  48.391 0.0000000000
66027  6.345  -38.396  47.936 0.0000000000
66038  25.447  -36.950  44.503 0.0000000000
66047  25.953  -37.037  43.798 0.0000000000
66058  24.552  -37.290  43.583 0.0000000000
66064  14.235  -37.729  43.929 0.0000000000
66094  3.831  -37.760  40.503 0.0000000000
66105  17.495  -38.145  40.146 0.0000000000
66115  21.558  -38.179  39.920 0.0000000000
66117  20.171  -37.811  39.698 0.0000000000
66119  19.006  -37.947  39.129 0.0000000000
66120  18.346  -38.083  39.282 0.0000000000
66128  20.053  -38.412  39.262 0.0000000000
66138  4.362  -38.348  37.921 0.0000000000
66147  8.730  -38.031  37.505 0.0000000000
66148  8.155  -37.979  37.517 0.0000000000
66151  5.719  -37.923  37.533 0.0000000000
66160  9.519  -37.975  36.071 0.0000000000
66164  5.449  -37.526  37.162 0.0000000000
66177  10.100  -37.935  34.719 0.0000000000
66199  10.922  -38.006  33.569 0.0000000000
67107  9.063  -37.089  49.329 0.0000000000
67140  12.801  -36.744  45.655 0.0000000000
67162  4.426  -36.801  43.781 0.0000000000
67208  3.551  -37.604  40.036 0.0000000000
67239  7.878  -37.481  37.175 0.0000000000
67241  4.232  -37.689  37.615 0.0000000000
67252  6.989  -36.729  36.739 0.0000000000
67255  4.262  -37.080  37.134 0.0000000000
68266  15.685  -36.881  42.928 0.0000000000
68279  17.327  -36.645  42.160 0.0000000000
68280  16.733  -36.703  42.351 0.0000000000
68315  3.181  -37.002  38.250 0.0000000000
68337  9.406  -36.662  36.197 0.0000000000
68344  4.259  -36.443  36.583 0.0000000000
68351  9.789  -36.360  35.731 0.0000000000
68353  8.436  -36.231  36.067 0.0000000000
68366  6.584  -35.938  34.884 0.0000000000
69300  11.141  -35.836  49.101 0.0000000000
69355  14.053  -35.994  45.839 0.0000000000
69456  9.891  -35.802  35.033 0.0000000000
69470  10.064  -35.389  34.303 0.0000000000
69472  8.253  -35.231  34.279 0.0000000000
69519  6.301  -35.544  31.800 0.0000000000
69522  4.855  -34.984  31.200 0.0000000000
69535  5.168  -35.323  30.694 0.0000000000
69548  5.423  -35.451  30.057 0.0000000000
69549  4.840  -35.367  30.181 0.0000000000
70654  8.889  -34.973  34.509 0.0000000000
70661  9.173  -34.745  34.117 0.0000000000
70675  9.243  -34.472  33.519 0.0000000000
70712  8.843  -34.645  31.907 0.0000000000
70716  6.175  -35.108  31.215 0.0000000000
70717  4.170  -34.906  31.970 0.0000000000
70738  6.676  -34.957  30.848 0.0000000000
70741  3.853  -34.894  30.680 0.0000000000
70758  4.302  -35.128  30.386 0.0000000000
70806  3.833  -34.240  28.495 0.0000000000
70825  4.817  -34.312  27.492 0.0000000000
71836  4.135  -33.863  39.702 0.0000000000
71916  2.945  -33.630  32.954 0.0000000000
71927  3.218  -34.260  32.795 0.0000000000
71961  3.490  -34.567  30.450 0.0000000000
71975  3.487  -34.319  29.773 0.0000000000
71976  2.985  -33.724  29.535 0.0000000000
71992  4.085  -34.080  27.761 0.0000000000
71993  3.165  -33.728  28.398 0.0000000000
72030  4.157  -34.181  26.969 0.0000000000
72987  3.285  -33.165  38.959 0.0000000000
73011  3.391  -33.050  37.139 0.0000000000
73051  2.709  -33.175  32.866 0.0000000000
73070  2.919  -33.219  31.498 0.0000000000
73075  2.922  -33.680  30.733 0.0000000000
74137  3.028  -31.849  37.337 0.0000000000
74226  2.853  -32.556  29.609 0.0000000000
74231  2.571  -32.561  28.748 0.0000000000
75219  2.981  -31.476  37.912 0.0000000000
75294  2.946  -32.080  32.378 0.0000000000
76377  3.607  -30.643  35.264 0.0000000000
184814  7.788  -41.980  42.373 0.0000000000
185545  18.607  -37.162  41.101 0.0000000000
185713  7.930  -41.282  43.701 0.0000000000
186102  9.865  -34.746  32.768 0.0000000000
186237  10.309  -41.701  39.942 0.0000000000
186815  10.922  -44.814  32.364 0.0000000000
187435  10.123  -45.233  31.644 0.0000000000
188016  10.938  -41.370  48.409 0.0000000000
188027  25.503  -38.853  41.406 0.0000000000
188666  16.392  -42.448  46.867 0.0000000000
188796  3.410  -38.017  38.304 0.0000000000
188925  16.325  -39.252  41.505 0.0000000000
189108  9.377  -41.647  43.173 0.0000000000
190117  5.365  -35.348  33.557 0.0000000000
190596  20.185  -39.361  39.131 0.0000000000
191100  10.480  -41.590  47.865 0.0000000000
191411  15.312  -36.093  44.272 0.0000000000
191540  3.550  -33.855  27.950 0.0000000000
192181  18.628  -39.636  39.635 0.0000000000
192297  12.551  -43.481  44.998 0.0000000000
193386  26.941  -37.010  44.061 0.0000000000
193443  19.327  -41.964  41.899 0.0000000000
193955  14.737  -40.318  46.341 0.0000000000
194711  11.270  -45.237  33.405 0.0000000000
194932  11.778  -44.156  38.606 0.0000000000
196596  3.103  -30.534  33.755 0.0000000000
197259  11.223  -43.305  32.509 0.0000000000
197681  3.652  -34.713  32.334 0.0000000000
198021  9.055  -41.206  44.846 0.0000000000
198139  11.471  -44.985  35.162 0.0000000000
198172  14.929  -44.261  48.938 0.0000000000
198924  8.374  -46.123  39.621 0.0000000000
199418  6.444  -41.047  40.123 0.0000000000
199458  3.856  -37.980  37.911 0.0000000000
200278  6.673  -37.705  48.645 0.0000000000
200532  13.773  -42.924  48.812 0.0000000000
200921  5.787  -39.447  39.882 0.0000000000
201620  9.967  -39.314  49.091 0.0000000000
201622  9.387  -46.300  37.654 0.0000000000
201699  3.070  -32.503  38.225 0.0000000000
201841  3.362  -36.381  38.663 0.0000000000
202456  2.932  -33.510  28.903 0.0000000000
203144  11.035  -45.785  47.140 0.0000000000
203231  19.556  -42.809  40.996 0.0000000000
203501  12.363  -42.852  36.701 0.0000000000
203719  18.596  -41.330  42.207 0.0000000000
204085  3.527  -31.793  35.333 0.0000000000
204365  18.022  -43.043  44.513 0.0000000000
204684  13.560  -42.463  48.488 0.0000000000
205488  18.081  -43.880  44.298 0.0000000000
206245  17.666  -43.015  45.676 0.0000000000
207527  7.584  -46.513  41.493 0.0000000000
207656  23.015  -40.023  38.079 0.0000000000
207797  10.288  -41.512  36.997 0.0000000000
208007  12.600  -43.110  41.210 0.0000000000
208122  5.690  -39.990  41.313 0.0000000000
208449  20.914  -40.944  38.597 0.0000000000
208612  22.949  -39.636  38.850 0.0000000000
210109  12.068  -48.257  46.041 0.0000000000
210112  17.479  -43.165  46.084 0.0000000000
211849  13.696  -43.487  49.001 0.0000000000
212270  15.668  -39.129  43.046 0.0000000000
213126  4.091  -38.862  39.856 0.0000000000
213198  9.567  -38.021  35.133 0.0000000000
213310  24.827  -39.241  40.434 0.0000000000
213366  17.224  -44.150  46.030 0.0000000000
213389  9.986  -45.989  36.691 0.0000000000
213737  15.836  -44.482  47.823 0.0000000000
214304  3.918  -36.072  36.113 0.0000000000
215284  7.083  -39.431  47.543 0.0000000000
215646  4.569  -38.164  41.867 0.0000000000
215881  26.656  -37.230  43.591 0.0000000000
216125  5.949  -35.513  32.829 0.0000000000
216391  7.195  -37.621  48.877 0.0000000000
216629  3.147  -34.533  31.635 0.0000000000
217128  16.155  -36.761  42.433 0.0000000000
217135  13.001  -44.881  47.884 0.0000000000
217268  11.088  -41.423  42.688 0.0000000000
217530  20.482  -38.791  39.102 0.0000000000
218401  5.193  -38.490  38.755 0.0000000000
219989  17.583  -40.340  41.877 0.0000000000
220524  14.033  -44.736  48.634 0.0000000000
220559  7.453  -36.695  36.261 0.0000000000
220954  3.843  -34.942  31.138 0.0000000000
221066  19.361  -42.151  42.094 0.0000000000
221089  11.075  -45.161  46.696 0.0000000000
221249  5.460  -35.370  31.933 0.0000000000
221483  11.901  -48.251  46.970 0.0000000000
222136  3.846  -33.671  40.929 0.0000000000
222861  13.429  -48.025  44.410 0.0000000000
222892  12.226  -48.403  44.963 0.0000000000
223205  14.411  -40.164  46.798 0.0000000000
223872  10.785  -39.791  33.548 0.0000000000
