#!ascii label  , from subject sub-v2s11x28679_ses-1 vox2ras=TkReg
1298
82254  25.860  -21.568  46.120 0.0000000000
113678  39.904  -0.795  29.889 0.0000000000
119523  47.925  3.812  29.068 0.0000000000
102780  39.889  -7.441  38.461 0.0000000000
81104  30.848  -23.006  40.267 0.0000000000
76437  28.962  -24.779  44.107 0.0000000000
116132  45.004  0.599  30.066 0.0000000000
114819  43.306  -0.403  34.480 0.0000000000
217314  36.750  -11.165  39.440 0.0000000000
219864  35.284  -20.618  40.747 0.0000000000
216274  53.582  11.328  19.046 0.0000000000
200686  49.095  8.458  27.364 0.0000000000
103970  36.054  -6.826  35.129 0.0000000000
212321  38.870  -2.091  36.944 0.0000000000
82285  28.784  -21.616  43.535 0.0000000000
78666  27.700  -23.336  45.214 0.0000000000
114891  42.091  0.122  30.418 0.0000000000
116080  44.005  0.910  32.695 0.0000000000
114864  41.458  0.186  32.478 0.0000000000
89722  38.976  -16.360  37.841 0.0000000000
78709  32.864  -24.563  41.637 0.0000000000
81115  33.530  -22.694  40.220 0.0000000000
77590  35.089  -24.252  40.772 0.0000000000
131670  52.804  11.899  21.422 0.0000000000
127568  54.275  8.655  20.613 0.0000000000
128554  52.994  10.021  23.214 0.0000000000
121674  45.931  5.300  29.314 0.0000000000
124045  46.459  6.132  26.978 0.0000000000
123987  49.082  6.578  28.831 0.0000000000
121714  51.092  5.581  25.811 0.0000000000
215514  49.650  3.907  26.644 0.0000000000
100443  38.178  -9.568  39.359 0.0000000000
100498  36.414  -9.092  37.437 0.0000000000
103929  37.350  -6.708  38.228 0.0000000000
108804  36.978  -3.974  36.122 0.0000000000
107527  38.907  -4.498  38.543 0.0000000000
109997  41.056  -2.911  37.161 0.0000000000
105115  41.204  -6.229  36.927 0.0000000000
79873  30.153  -23.322  42.055 0.0000000000
118411  44.041  2.837  27.751 0.0000000000
118386  46.502  3.064  29.514 0.0000000000
116098  46.332  0.547  31.282 0.0000000000
112465  45.588  -1.180  32.699 0.0000000000
90965  35.964  -16.069  40.601 0.0000000000
90962  37.386  -15.148  40.024 0.0000000000
94736  38.736  -13.009  38.697 0.0000000000
97183  40.335  -11.074  37.497 0.0000000000
99422  40.927  -9.883  36.003 0.0000000000
242114  34.726  -17.910  39.594 0.0000000000
84935  36.962  -19.138  39.922 0.0000000000
127619  54.417  8.923  16.423 0.0000000000
212877  50.374  9.612  24.904 0.0000000000
126445  52.676  8.195  25.203 0.0000000000
121771  51.269  5.566  22.461 0.0000000000
112477  39.485  -1.491  33.029 0.0000000000
113599  41.245  -0.516  36.454 0.0000000000
108800  42.520  -2.677  35.058 0.0000000000
78651  26.031  -22.830  45.981 0.0000000000
79817  27.187  -22.303  45.759 0.0000000000
77528  26.765  -23.773  45.084 0.0000000000
114883  40.935  -0.177  30.463 0.0000000000
114875  41.770  0.376  31.794 0.0000000000
113661  40.625  -0.399  31.537 0.0000000000
204982  34.322  -24.134  41.334 0.0000000000
130587  51.784  11.286  21.838 0.0000000000
130570  52.982  11.105  22.101 0.0000000000
130556  52.000  10.890  23.036 0.0000000000
121649  47.168  5.110  29.960 0.0000000000
122781  47.230  6.622  29.630 0.0000000000
121661  48.368  5.431  29.208 0.0000000000
121672  49.302  5.680  28.059 0.0000000000
101602  39.046  -8.248  38.978 0.0000000000
102770  37.825  -8.077  38.929 0.0000000000
103905  38.662  -6.866  39.056 0.0000000000
106301  38.107  -5.322  38.591 0.0000000000
105096  39.607  -6.170  38.696 0.0000000000
106310  40.139  -5.493  38.123 0.0000000000
103928  40.618  -6.634  37.711 0.0000000000
81076  29.303  -22.261  43.204 0.0000000000
77562  30.002  -24.385  43.357 0.0000000000
76468  31.250  -24.992  42.461 0.0000000000
114917  43.532  0.223  28.636 0.0000000000
117299  43.326  1.953  27.642 0.0000000000
235944  44.604  1.265  28.718 0.0000000000
118395  45.354  3.043  29.098 0.0000000000
117280  45.938  1.752  29.858 0.0000000000
117271  46.622  1.570  30.287 0.0000000000
211325  45.753  0.852  31.092 0.0000000000
116038  43.718  0.224  33.816 0.0000000000
114853  44.710  -0.342  32.780 0.0000000000
113630  44.570  -0.704  33.323 0.0000000000
110082  45.478  -2.656  33.108 0.0000000000
111250  43.979  -1.628  34.086 0.0000000000
88317  37.111  -17.214  40.061 0.0000000000
90963  36.801  -15.652  40.377 0.0000000000
88315  37.958  -16.804  39.441 0.0000000000
92242  38.796  -15.076  38.451 0.0000000000
95984  39.472  -12.236  38.354 0.0000000000
82325  34.581  -21.462  40.663 0.0000000000
83708  34.532  -20.177  39.706 0.0000000000
84936  35.286  -19.082  40.373 0.0000000000
86087  35.988  -18.329  40.590 0.0000000000
83683  36.239  -20.124  40.289 0.0000000000
132794  53.746  12.672  18.845 0.0000000000
219689  54.066  10.247  17.652 0.0000000000
124141  53.789  7.695  21.285 0.0000000000
125303  47.998  7.732  26.914 0.0000000000
125323  47.217  6.860  25.544 0.0000000000
126433  48.399  8.014  26.309 0.0000000000
127494  49.001  8.486  24.448 0.0000000000
127476  50.028  9.032  25.953 0.0000000000
128508  51.506  9.606  25.734 0.0000000000
126430  51.597  8.363  26.616 0.0000000000
233702  51.142  4.239  25.003 0.0000000000
121739  52.069  5.321  24.549 0.0000000000
95970  36.382  -12.377  39.245 0.0000000000
97185  36.337  -11.283  37.925 0.0000000000
102835  36.441  -7.556  35.964 0.0000000000
100513  35.808  -9.004  35.551 0.0000000000
110038  37.581  -3.054  36.216 0.0000000000
110068  36.481  -3.049  34.671 0.0000000000
111254  37.538  -2.368  35.306 0.0000000000
111278  37.896  -2.056  33.761 0.0000000000
112460  38.888  -1.424  34.798 0.0000000000
113622  39.813  -0.682  34.972 0.0000000000
112435  39.623  -0.905  36.708 0.0000000000
200633  41.293  -4.176  36.426 0.0000000000
108789  41.656  -2.854  36.142 0.0000000000
107571  41.759  -3.414  35.462 0.0000000000
107583  42.507  -3.227  34.516 0.0000000000
79851  28.348  -22.634  44.488 0.0000000000
77543  28.305  -24.383  44.503 0.0000000000
76452  28.332  -25.462  43.978 0.0000000000
76440  27.488  -24.577  44.295 0.0000000000
114890  43.501  0.194  29.906 0.0000000000
116118  44.507  0.417  30.921 0.0000000000
202413  43.156  0.675  31.412 0.0000000000
116064  42.592  0.831  33.094 0.0000000000
116040  42.721  0.652  34.138 0.0000000000
79888  31.915  -23.903  41.035 0.0000000000
81116  32.488  -22.893  39.905 0.0000000000
79902  33.870  -23.270  40.766 0.0000000000
79901  34.272  -22.784  40.975 0.0000000000
81100  35.393  -22.066  40.981 0.0000000000
228709  36.211  -21.523  40.439 0.0000000000
77609  36.065  -23.775  40.034 0.0000000000
131699  53.405  11.696  20.304 0.0000000000
128615  54.165  9.697  19.498 0.0000000000
129598  53.820  10.782  20.963 0.0000000000
128568  53.522  9.777  22.284 0.0000000000
126503  53.304  8.350  22.296 0.0000000000
121692  44.716  4.700  27.767 0.0000000000
122800  46.124  5.898  28.157 0.0000000000
203971  47.515  7.202  28.665 0.0000000000
208070  49.393  7.636  28.469 0.0000000000
125286  50.293  7.422  27.481 0.0000000000
124005  49.968  6.532  27.546 0.0000000000
120640  50.755  4.794  26.000 0.0000000000
234513  37.269  -10.287  39.702 0.0000000000
99407  36.459  -10.034  38.188 0.0000000000
101606  37.184  -9.037  38.965 0.0000000000
102806  36.760  -7.540  37.485 0.0000000000
103954  36.753  -6.586  36.580 0.0000000000
105141  36.535  -5.425  35.659 0.0000000000
106321  37.224  -5.420  37.188 0.0000000000
107551  37.930  -4.168  37.745 0.0000000000
110002  38.809  -3.299  37.846 0.0000000000
111217  39.834  -2.162  37.509 0.0000000000
108776  40.038  -3.652  37.922 0.0000000000
106308  41.005  -5.073  37.159 0.0000000000
105127  41.262  -5.616  36.461 0.0000000000
81094  29.200  -21.587  42.376 0.0000000000
239082  29.837  -22.134  41.865 0.0000000000
79890  30.352  -23.186  41.458 0.0000000000
78711  31.453  -24.372  41.954 0.0000000000
76466  32.260  -25.361  42.203 0.0000000000
119560  44.711  3.957  28.752 0.0000000000
119528  45.773  4.118  29.628 0.0000000000
119525  47.148  3.296  29.809 0.0000000000
117269  47.322  1.573  30.042 0.0000000000
116096  47.583  0.379  30.442 0.0000000000
113650  46.985  -0.531  31.062 0.0000000000
116077  45.386  0.140  31.937 0.0000000000
114851  45.732  -0.445  32.166 0.0000000000
90996  34.995  -15.411  38.679 0.0000000000
92232  35.548  -15.151  39.360 0.0000000000
93454  36.501  -14.203  40.123 0.0000000000
94709  37.110  -13.414  39.877 0.0000000000
210631  38.258  -15.422  39.041 0.0000000000
93452  37.914  -14.161  39.425 0.0000000000
97153  38.000  -11.526  39.401 0.0000000000
97151  38.654  -11.292  38.927 0.0000000000
98279  38.894  -10.285  38.909 0.0000000000
99396  40.270  -9.701  37.884 0.0000000000
101642  40.948  -8.722  37.190 0.0000000000
99415  40.941  -10.135  36.407 0.0000000000
88318  34.986  -17.195  40.166 0.0000000000
205899  36.057  -17.270  40.552 0.0000000000
86098  37.400  -18.338  39.792 0.0000000000
211045  37.147  -20.965  39.444 0.0000000000
83707  37.805  -19.969  38.895 0.0000000000
241978  53.755  10.410  15.615 0.0000000000
128555  50.206  9.789  23.489 0.0000000000
129529  51.476  9.872  24.625 0.0000000000
127509  52.929  8.926  24.191 0.0000000000
124111  52.874  7.221  23.357 0.0000000000
124066  51.967  7.057  25.841 0.0000000000
122884  52.418  6.470  23.580 0.0000000000
122906  52.349  6.184  22.325 0.0000000000
99418  36.186  -10.100  36.184 0.0000000000
112493  38.428  -1.826  31.854 0.0000000000
112503  39.570  -1.301  31.845 0.0000000000
113641  40.382  -0.687  32.918 0.0000000000
114834  41.444  0.370  34.949 0.0000000000
114811  41.940  -0.563  35.900 0.0000000000
111229  40.794  -1.523  37.207 0.0000000000
239924  42.056  -1.715  35.950 0.0000000000
112445  43.001  -1.465  34.828 0.0000000000
108812  43.308  -2.903  34.130 0.0000000000
102819  41.222  -7.623  36.467 0.0000000000
103967  41.163  -6.764  36.128 0.0000000000
81054  26.109  -21.969  46.205 0.0000000000
79820  25.607  -22.512  46.600 0.0000000000
79798  25.681  -22.092  46.653 0.0000000000
81053  26.626  -22.048  45.768 0.0000000000
79818  26.597  -22.470  45.930 0.0000000000
113677  40.449  -0.449  30.150 0.0000000000
210591  41.050  -0.120  31.075 0.0000000000
113668  40.589  -0.485  30.797 0.0000000000
130586  51.808  10.974  22.582 0.0000000000
129572  51.087  10.652  22.771 0.0000000000
120573  47.304  4.334  29.576 0.0000000000
121662  47.852  5.368  29.619 0.0000000000
120586  48.088  4.585  28.991 0.0000000000
120585  48.647  4.888  28.602 0.0000000000
119540  48.564  4.130  28.476 0.0000000000
102767  39.483  -7.875  38.758 0.0000000000
209011  38.741  -7.337  39.053 0.0000000000
103904  39.064  -6.976  38.945 0.0000000000
105087  39.077  -6.352  38.900 0.0000000000
103916  39.891  -6.681  38.550 0.0000000000
105094  40.302  -6.471  38.131 0.0000000000
103915  40.286  -7.015  38.109 0.0000000000
77563  29.236  -23.961  43.761 0.0000000000
208354  29.501  -24.748  43.581 0.0000000000
76451  29.453  -25.420  43.640 0.0000000000
114889  44.245  0.330  29.472 0.0000000000
116145  44.197  0.619  28.751 0.0000000000
116144  44.847  0.728  29.249 0.0000000000
117289  45.059  1.695  29.038 0.0000000000
116131  45.548  1.153  30.068 0.0000000000
116116  45.861  1.121  30.437 0.0000000000
116117  45.285  0.727  30.860 0.0000000000
203733  43.777  -0.166  33.966 0.0000000000
228414  44.197  -0.317  33.716 0.0000000000
114818  43.889  -0.554  34.020 0.0000000000
112457  44.400  -1.477  33.760 0.0000000000
112444  43.535  -1.302  34.280 0.0000000000
87204  37.920  -17.373  39.450 0.0000000000
88316  37.484  -17.043  39.753 0.0000000000
88330  38.285  -17.087  39.054 0.0000000000
82324  34.861  -21.395  40.846 0.0000000000
83696  34.589  -20.828  40.237 0.0000000000
83695  34.920  -19.889  40.190 0.0000000000
84937  34.875  -19.291  39.989 0.0000000000
84922  35.437  -19.711  40.482 0.0000000000
218404  35.715  -18.832  40.483 0.0000000000
83684  35.785  -19.886  40.416 0.0000000000
131714  53.542  11.901  18.948 0.0000000000
131730  53.781  12.501  18.479 0.0000000000
130637  53.662  11.457  18.241 0.0000000000
213373  53.886  10.822  17.930 0.0000000000
129636  53.763  10.692  18.598 0.0000000000
126432  48.566  8.168  27.154 0.0000000000
125304  47.892  7.548  26.299 0.0000000000
126431  48.992  8.484  26.727 0.0000000000
126447  48.955  8.450  25.933 0.0000000000
127460  49.941  8.897  26.570 0.0000000000
127459  50.532  8.926  26.770 0.0000000000
127443  50.503  8.453  27.120 0.0000000000
200191  50.612  4.142  23.890 0.0000000000
120665  51.178  4.726  24.032 0.0000000000
97171  36.599  -11.611  39.138 0.0000000000
97178  36.272  -12.006  38.170 0.0000000000
97177  36.453  -11.417  38.593 0.0000000000
240814  36.140  -7.296  35.422 0.0000000000
238871  35.643  -6.882  34.673 0.0000000000
110037  38.056  -2.765  36.491 0.0000000000
110052  37.848  -2.574  35.934 0.0000000000
111253  38.280  -2.054  35.672 0.0000000000
224784  38.464  -1.772  35.084 0.0000000000
210193  38.873  -1.400  35.678 0.0000000000
220994  39.437  -0.922  36.044 0.0000000000
218252  39.190  -1.170  36.444 0.0000000000
106329  41.268  -4.697  36.166 0.0000000000
213613  41.379  -3.957  35.912 0.0000000000
107572  41.402  -4.079  35.448 0.0000000000
107584  41.823  -3.750  34.612 0.0000000000
79837  27.550  -22.659  45.322 0.0000000000
81062  27.759  -22.374  44.707 0.0000000000
79836  27.897  -22.888  44.905 0.0000000000
210419  28.590  -23.123  44.518 0.0000000000
78685  28.030  -23.835  44.937 0.0000000000
77544  27.843  -24.273  44.730 0.0000000000
235317  27.686  -23.844  45.086 0.0000000000
207012  41.314  -0.070  29.593 0.0000000000
114907  41.643  0.027  28.924 0.0000000000
203305  41.889  0.099  29.684 0.0000000000
114905  43.170  -0.048  29.126 0.0000000000
205851  42.620  0.178  29.824 0.0000000000
229329  42.802  0.348  30.695 0.0000000000
114881  42.189  0.361  30.982 0.0000000000
116102  42.376  0.567  31.810 0.0000000000
116065  41.929  0.572  33.151 0.0000000000
241104  42.557  0.856  33.713 0.0000000000
116051  42.184  0.858  33.608 0.0000000000
78733  32.070  -24.389  41.392 0.0000000000
79903  32.779  -23.597  40.631 0.0000000000
79887  32.915  -23.972  41.058 0.0000000000
242172  34.822  -24.056  41.041 0.0000000000
78731  34.147  -23.656  41.222 0.0000000000
79885  34.509  -23.041  41.096 0.0000000000
81092  34.513  -22.458  41.020 0.0000000000
79884  34.894  -23.058  41.035 0.0000000000
79899  35.914  -22.933  40.595 0.0000000000
131686  52.634  12.180  21.094 0.0000000000
131685  52.973  12.182  20.813 0.0000000000
132766  53.236  11.772  20.178 0.0000000000
131683  53.378  11.825  20.761 0.0000000000
130596  53.721  11.317  20.625 0.0000000000
131668  53.365  11.685  21.138 0.0000000000
130554  52.815  10.845  22.836 0.0000000000
129571  53.352  10.497  22.284 0.0000000000
128553  53.256  9.935  22.857 0.0000000000
126490  53.400  9.024  22.559 0.0000000000
128537  53.163  9.571  23.194 0.0000000000
121691  45.243  5.051  28.158 0.0000000000
122801  45.649  5.482  27.884 0.0000000000
121690  45.742  5.443  28.580 0.0000000000
123974  48.057  6.261  29.586 0.0000000000
123990  47.128  6.779  28.984 0.0000000000
123988  48.191  6.804  29.339 0.0000000000
125254  48.207  7.408  28.920 0.0000000000
125253  49.242  7.179  28.676 0.0000000000
125268  49.701  7.277  28.225 0.0000000000
122780  49.295  6.280  28.444 0.0000000000
120620  49.750  5.028  27.137 0.0000000000
121706  50.171  5.393  26.790 0.0000000000
120641  50.300  4.630  26.308 0.0000000000
120649  50.604  4.372  25.862 0.0000000000
119576  50.071  3.933  25.827 0.0000000000
100445  37.720  -9.799  39.649 0.0000000000
236024  37.000  -9.631  39.101 0.0000000000
101590  37.838  -9.183  39.250 0.0000000000
103918  37.589  -7.088  38.638 0.0000000000
102782  37.486  -7.758  38.723 0.0000000000
103930  37.060  -6.967  37.648 0.0000000000
203085  36.737  -7.037  37.046 0.0000000000
103942  37.016  -6.525  37.214 0.0000000000
105117  37.007  -5.993  36.815 0.0000000000
105116  37.229  -5.965  37.541 0.0000000000
107528  38.360  -4.598  38.452 0.0000000000
107539  38.076  -4.482  38.149 0.0000000000
108779  38.411  -3.932  38.150 0.0000000000
108790  38.263  -3.590  37.590 0.0000000000
108778  38.944  -3.587  38.121 0.0000000000
109988  39.319  -3.325  38.053 0.0000000000
108763  39.545  -3.766  38.195 0.0000000000
204251  40.987  -5.798  37.316 0.0000000000
106309  40.637  -5.393  37.616 0.0000000000
231439  41.197  -5.562  36.953 0.0000000000
82298  28.576  -21.451  43.075 0.0000000000
82309  28.907  -21.277  42.426 0.0000000000
82297  28.878  -21.515  42.921 0.0000000000
79874  29.763  -22.682  42.653 0.0000000000
81084  29.585  -22.033  42.459 0.0000000000
79891  29.949  -22.568  41.987 0.0000000000
81093  30.026  -22.475  41.354 0.0000000000
78734  31.056  -23.858  41.627 0.0000000000
78712  30.594  -23.973  42.245 0.0000000000
117298  44.032  2.152  27.830 0.0000000000
119562  43.662  3.187  27.627 0.0000000000
119561  44.318  3.423  28.104 0.0000000000
119542  45.754  3.156  29.259 0.0000000000
119543  45.745  3.832  29.514 0.0000000000
119527  45.980  4.014  29.470 0.0000000000
220035  46.623  3.933  29.606 0.0000000000
119526  46.868  3.264  29.573 0.0000000000
118384  47.024  2.462  29.772 0.0000000000
118385  46.779  2.377  29.809 0.0000000000
116115  46.302  0.975  30.884 0.0000000000
117258  46.681  1.001  30.732 0.0000000000
116097  46.835  0.375  30.935 0.0000000000
114873  47.367  -0.052  30.724 0.0000000000
114862  46.716  -0.176  31.154 0.0000000000
201088  44.033  0.836  32.321 0.0000000000
116101  44.645  0.634  31.698 0.0000000000
116079  44.394  0.696  32.257 0.0000000000
201980  45.348  -0.686  32.616 0.0000000000
114852  45.180  -0.416  32.543 0.0000000000
113640  46.019  -1.057  32.265 0.0000000000
113639  46.390  -1.340  31.964 0.0000000000
111286  46.386  -1.888  32.254 0.0000000000
90976  35.461  -16.103  40.264 0.0000000000
90986  35.299  -15.635  39.433 0.0000000000
90975  35.900  -15.698  40.487 0.0000000000
92208  37.005  -15.096  40.282 0.0000000000
215834  36.570  -14.620  40.333 0.0000000000
222981  36.847  -14.664  40.355 0.0000000000
94722  36.687  -13.407  40.004 0.0000000000
93443  37.202  -13.737  39.882 0.0000000000
89695  38.696  -16.412  38.692 0.0000000000
89709  38.965  -16.461  38.310 0.0000000000
93472  38.830  -14.209  38.472 0.0000000000
92230  38.488  -14.767  38.802 0.0000000000
93462  38.319  -13.556  39.069 0.0000000000
205964  37.699  -13.359  39.442 0.0000000000
94721  38.284  -12.577  39.013 0.0000000000
95955  38.165  -11.868  39.254 0.0000000000
95954  38.562  -11.810  39.017 0.0000000000
95983  39.765  -11.897  37.891 0.0000000000
97163  39.269  -11.506  38.377 0.0000000000
98286  40.164  -10.819  37.856 0.0000000000
224307  40.013  -10.138  38.087 0.0000000000
237561  40.156  -10.266  37.973 0.0000000000
99406  40.482  -10.158  37.504 0.0000000000
97192  40.420  -11.109  37.003 0.0000000000
81125  33.226  -22.457  39.641 0.0000000000
87225  34.665  -18.363  39.249 0.0000000000
214878  34.735  -17.854  38.986 0.0000000000
88343  34.718  -17.216  38.729 0.0000000000
89698  34.765  -16.758  39.287 0.0000000000
88319  34.862  -17.564  40.077 0.0000000000
86086  36.272  -18.526  40.434 0.0000000000
87190  35.851  -17.862  40.587 0.0000000000
86085  36.510  -18.152  40.367 0.0000000000
87206  36.991  -17.950  40.136 0.0000000000
231461  37.359  -18.832  39.773 0.0000000000
221108  36.604  -21.424  39.858 0.0000000000
83706  38.036  -19.613  38.722 0.0000000000
218028  54.092  10.120  16.867 0.0000000000
128667  54.123  9.295  15.933 0.0000000000
127618  54.692  8.446  16.035 0.0000000000
223619  54.282  9.189  19.866 0.0000000000
122844  45.893  5.688  26.639 0.0000000000
122859  45.500  5.407  26.068 0.0000000000
207352  46.493  6.068  26.276 0.0000000000
127493  49.435  8.847  24.844 0.0000000000
127511  48.987  8.585  23.774 0.0000000000
127510  49.377  8.963  24.156 0.0000000000
128571  49.745  9.454  23.160 0.0000000000
128540  50.239  9.736  24.184 0.0000000000
129546  51.317  10.190  24.016 0.0000000000
129530  50.842  9.863  24.458 0.0000000000
127474  52.051  8.943  25.804 0.0000000000
127491  52.292  9.243  25.162 0.0000000000
127490  52.776  8.851  24.917 0.0000000000
126476  52.941  8.353  23.763 0.0000000000
124098  52.736  7.601  24.026 0.0000000000
122821  51.096  6.289  26.525 0.0000000000
204503  51.585  7.206  26.406 0.0000000000
122842  51.206  6.120  25.951 0.0000000000
121759  51.471  5.364  23.085 0.0000000000
122876  52.155  5.966  24.127 0.0000000000
121758  51.950  5.727  23.388 0.0000000000
122893  52.633  6.525  22.936 0.0000000000
122907  51.677  6.057  22.115 0.0000000000
100487  36.465  -9.377  38.089 0.0000000000
99411  36.290  -9.804  37.550 0.0000000000
99417  36.276  -9.598  36.839 0.0000000000
236711  36.642  -4.857  35.950 0.0000000000
110083  36.737  -2.541  34.372 0.0000000000
111288  38.732  -1.905  33.057 0.0000000000
111306  38.575  -1.950  32.529 0.0000000000
112492  39.179  -1.851  32.720 0.0000000000
112504  39.035  -1.624  31.434 0.0000000000
112491  39.557  -1.454  32.486 0.0000000000
113653  39.941  -0.933  32.335 0.0000000000
113642  39.910  -1.164  32.989 0.0000000000
113612  40.306  -0.483  35.551 0.0000000000
113621  40.404  -0.411  34.798 0.0000000000
113611  40.862  -0.188  35.242 0.0000000000
114822  41.512  0.028  35.478 0.0000000000
114812  41.585  -0.192  35.771 0.0000000000
109998  40.520  -2.701  37.438 0.0000000000
111230  40.150  -1.578  37.157 0.0000000000
110018  40.981  -2.185  37.224 0.0000000000
231083  41.929  -2.307  36.052 0.0000000000
111242  42.245  -1.935  35.702 0.0000000000
111241  42.692  -1.678  35.389 0.0000000000
213344  42.683  -2.090  35.278 0.0000000000
110051  43.169  -2.171  34.328 0.0000000000
108813  42.694  -2.849  34.637 0.0000000000
200104  43.150  -3.241  34.100 0.0000000000
100503  41.158  -9.225  36.355 0.0000000000
203790  41.226  -8.055  36.797 0.0000000000
101677  41.181  -8.438  36.330 0.0000000000
81064  27.046  -21.932  45.565 0.0000000000
79838  27.248  -22.914  45.667 0.0000000000
78667  27.319  -23.539  45.348 0.0000000000
78650  26.778  -23.123  45.637 0.0000000000
114893  40.834  -0.148  29.852 0.0000000000
114892  41.417  -0.004  30.249 0.0000000000
114882  41.728  0.245  30.866 0.0000000000
232643  41.339  0.040  30.779 0.0000000000
114876  41.172  0.086  31.695 0.0000000000
114865  40.824  -0.063  32.146 0.0000000000
77577  33.158  -24.654  41.720 0.0000000000
77593  33.589  -24.113  41.616 0.0000000000
77592  33.800  -24.439  41.612 0.0000000000
76479  34.617  -25.177  41.123 0.0000000000
131671  52.768  11.922  21.454 0.0000000000
131658  52.910  11.292  22.041 0.0000000000
131659  52.755  11.451  21.878 0.0000000000
130555  52.610  10.753  23.125 0.0000000000
130542  52.488  10.513  23.606 0.0000000000
121665  46.206  5.077  29.850 0.0000000000
122783  46.437  5.688  29.655 0.0000000000
121663  47.334  5.464  29.774 0.0000000000
205322  47.828  5.776  29.708 0.0000000000
122761  48.826  5.945  28.908 0.0000000000
122760  49.140  5.814  28.446 0.0000000000
121673  48.979  5.440  28.500 0.0000000000
120604  49.355  5.217  27.668 0.0000000000
100456  38.408  -9.032  39.101 0.0000000000
101604  37.978  -8.447  38.992 0.0000000000
210747  38.256  -7.961  38.906 0.0000000000
102769  38.137  -7.597  38.940 0.0000000000
105097  37.678  -6.328  38.627 0.0000000000
106302  37.688  -5.626  38.460 0.0000000000
106291  38.363  -5.785  38.846 0.0000000000
106290  38.865  -5.759  38.833 0.0000000000
106299  39.234  -5.145  38.649 0.0000000000
225194  39.709  -4.961  38.354 0.0000000000
208796  39.666  -5.607  38.515 0.0000000000
105106  40.561  -6.035  37.802 0.0000000000
105105  40.941  -6.371  37.383 0.0000000000
79861  29.422  -22.889  43.219 0.0000000000
78713  29.929  -23.437  42.700 0.0000000000
77561  30.677  -24.769  42.971 0.0000000000
114933  42.838  0.519  27.924 0.0000000000
116153  43.677  0.841  28.281 0.0000000000
116152  44.142  1.386  28.296 0.0000000000
117290  44.586  1.984  28.446 0.0000000000
118405  44.509  2.745  28.237 0.0000000000
118404  45.005  2.582  28.779 0.0000000000
118394  45.745  2.575  29.369 0.0000000000
118393  46.203  2.421  29.654 0.0000000000
234664  46.529  2.205  29.872 0.0000000000
117272  46.272  1.509  30.278 0.0000000000
116099  45.824  0.510  31.448 0.0000000000
205010  44.041  0.689  33.146 0.0000000000
200916  44.319  0.440  32.736 0.0000000000
116049  44.340  0.100  33.164 0.0000000000
114841  44.453  -0.364  33.343 0.0000000000
113629  44.988  -0.900  33.058 0.0000000000
111275  45.899  -1.868  32.693 0.0000000000
111263  44.837  -1.767  33.343 0.0000000000
110065  44.924  -2.346  33.336 0.0000000000
108825  44.409  -2.575  33.698 0.0000000000
88303  36.396  -16.874  40.467 0.0000000000
205248  36.061  -16.064  40.560 0.0000000000
89673  36.592  -16.253  40.430 0.0000000000
89672  37.138  -16.057  40.165 0.0000000000
90974  37.580  -15.784  39.838 0.0000000000
91006  38.929  -15.809  38.039 0.0000000000
93471  39.106  -13.630  38.195 0.0000000000
94735  39.069  -12.603  38.552 0.0000000000
94759  39.424  -12.960  37.947 0.0000000000
94758  39.735  -12.097  37.784 0.0000000000
81114  34.084  -22.018  40.378 0.0000000000
82343  33.843  -21.971  39.998 0.0000000000
82342  34.188  -21.386  40.066 0.0000000000
83721  34.305  -19.965  39.144 0.0000000000
84950  34.601  -19.388  39.498 0.0000000000
86114  34.626  -18.827  39.383 0.0000000000
87208  34.697  -18.207  39.786 0.0000000000
87207  35.046  -18.018  40.282 0.0000000000
86088  35.539  -18.252  40.526 0.0000000000
84921  36.054  -19.071  40.429 0.0000000000
84919  36.583  -19.400  40.108 0.0000000000
130645  53.830  11.589  17.591 0.0000000000
129652  54.006  10.779  17.298 0.0000000000
128656  54.237  9.469  16.954 0.0000000000
125409  54.218  8.209  20.665 0.0000000000
124023  47.170  6.942  27.289 0.0000000000
124067  46.885  6.464  25.901 0.0000000000
125305  47.513  7.159  26.657 0.0000000000
126448  47.999  7.634  25.711 0.0000000000
126460  47.965  7.806  25.005 0.0000000000
218874  48.496  8.038  25.468 0.0000000000
127477  49.446  8.831  25.584 0.0000000000
127492  49.970  9.142  25.235 0.0000000000
206978  50.990  9.692  25.184 0.0000000000
128510  50.578  9.221  26.273 0.0000000000
128495  51.247  9.377  26.313 0.0000000000
126429  52.007  8.381  26.246 0.0000000000
120647  51.484  4.970  25.232 0.0000000000
121731  51.867  5.312  25.015 0.0000000000
121732  51.922  4.822  24.881 0.0000000000
121750  51.219  4.940  23.388 0.0000000000
94748  35.706  -13.355  38.713 0.0000000000
101689  36.433  -8.208  36.285 0.0000000000
235251  36.338  -8.795  36.018 0.0000000000
101678  36.157  -8.380  35.719 0.0000000000
101698  35.483  -8.114  34.930 0.0000000000
108803  37.465  -3.642  36.469 0.0000000000
108816  36.677  -3.791  35.504 0.0000000000
110053  37.270  -2.871  35.586 0.0000000000
110067  36.992  -2.714  34.973 0.0000000000
207179  37.178  -2.217  33.961 0.0000000000
111290  37.401  -2.245  33.200 0.0000000000
224192  37.667  -2.004  34.353 0.0000000000
111265  38.378  -1.863  34.357 0.0000000000
112468  38.981  -1.501  34.023 0.0000000000
112467  39.603  -1.256  33.670 0.0000000000
112446  39.288  -0.942  35.252 0.0000000000
237792  39.753  -0.699  35.619 0.0000000000
113601  40.087  -0.663  36.299 0.0000000000
108774  41.090  -3.626  37.051 0.0000000000
240321  41.327  -3.086  36.776 0.0000000000
219835  41.313  -3.588  36.586 0.0000000000
107560  41.467  -3.435  35.994 0.0000000000
108801  42.032  -2.908  35.486 0.0000000000
108814  42.406  -2.979  34.920 0.0000000000
203222  41.983  -3.415  35.005 0.0000000000
82286  28.293  -21.538  43.723 0.0000000000
82273  28.080  -21.735  44.161 0.0000000000
81070  28.870  -22.108  44.211 0.0000000000
79850  28.948  -22.714  44.275 0.0000000000
78683  28.907  -23.381  44.268 0.0000000000
212193  28.721  -24.009  44.246 0.0000000000
75343  28.897  -25.501  43.933 0.0000000000
76439  28.029  -24.918  44.364 0.0000000000
77527  27.422  -24.045  44.912 0.0000000000
114918  42.973  0.153  28.501 0.0000000000
114904  43.774  0.184  29.157 0.0000000000
203153  44.261  0.354  30.169 0.0000000000
116119  43.665  0.441  30.804 0.0000000000
201464  43.903  0.574  31.620 0.0000000000
116081  43.423  0.849  32.169 0.0000000000
116120  42.543  0.558  31.337 0.0000000000
116082  42.818  0.753  32.361 0.0000000000
116063  43.306  0.933  32.803 0.0000000000
208838  43.131  0.656  33.451 0.0000000000
116039  43.258  0.451  34.034 0.0000000000
223018  42.827  0.355  34.576 0.0000000000
87222  38.686  -17.303  38.761 0.0000000000
79904  31.614  -23.476  40.536 0.0000000000
79920  31.750  -23.169  40.074 0.0000000000
79919  32.665  -23.227  40.237 0.0000000000
79918  33.500  -23.158  40.435 0.0000000000
203744  33.669  -23.799  41.220 0.0000000000
81103  33.831  -22.715  40.502 0.0000000000
81102  34.402  -22.227  40.886 0.0000000000
81101  34.962  -22.125  41.036 0.0000000000
82323  35.266  -21.348  40.947 0.0000000000
217930  35.782  -21.480  40.801 0.0000000000
81099  35.898  -22.201  40.740 0.0000000000
79898  36.307  -22.799  40.107 0.0000000000
78770  36.277  -23.474  39.602 0.0000000000
221058  53.313  12.121  19.614 0.0000000000
130608  53.753  11.022  19.834 0.0000000000
129621  53.783  10.479  19.350 0.0000000000
128608  54.121  10.109  20.666 0.0000000000
128597  54.075  9.528  21.237 0.0000000000
130569  53.143  11.010  21.962 0.0000000000
199778  53.774  10.149  21.419 0.0000000000
127569  54.210  8.996  21.068 0.0000000000
126516  53.564  8.542  21.544 0.0000000000
125401  53.392  7.998  21.629 0.0000000000
125391  53.284  7.629  22.296 0.0000000000
121708  44.848  4.864  26.951 0.0000000000
122823  46.024  5.796  27.422 0.0000000000
124024  46.471  6.268  27.677 0.0000000000
122782  46.741  6.290  29.304 0.0000000000
124008  46.618  6.448  28.478 0.0000000000
206344  46.895  6.717  27.833 0.0000000000
125288  47.657  7.428  27.448 0.0000000000
125287  48.224  7.874  27.683 0.0000000000
126415  49.543  8.349  27.740 0.0000000000
126414  50.142  8.235  27.720 0.0000000000
126400  50.244  7.708  28.005 0.0000000000
124004  50.353  6.900  27.095 0.0000000000
122822  50.857  6.110  26.808 0.0000000000
121689  49.754  5.685  27.381 0.0000000000
121688  50.284  5.914  26.861 0.0000000000
121715  50.809  5.316  26.155 0.0000000000
120648  51.030  4.659  25.580 0.0000000000
120657  50.754  3.930  25.049 0.0000000000
98280  36.876  -11.108  39.567 0.0000000000
98288  36.612  -10.936  39.055 0.0000000000
99386  36.915  -10.106  39.335 0.0000000000
100472  36.700  -9.128  38.565 0.0000000000
101643  36.636  -8.638  38.082 0.0000000000
101623  37.383  -8.377  38.845 0.0000000000
102783  37.047  -8.137  38.416 0.0000000000
101662  36.547  -8.270  37.248 0.0000000000
102820  36.535  -7.599  36.766 0.0000000000
232427  36.581  -7.098  36.435 0.0000000000
103969  36.463  -6.793  35.837 0.0000000000
105142  36.349  -6.141  35.366 0.0000000000
105128  36.635  -6.039  36.113 0.0000000000
106330  36.867  -5.304  36.440 0.0000000000
107561  36.995  -4.555  36.432 0.0000000000
106312  37.488  -5.369  37.954 0.0000000000
107552  37.483  -4.465  37.188 0.0000000000
229909  37.326  -4.120  36.659 0.0000000000
108791  37.748  -3.891  37.113 0.0000000000
108802  38.041  -3.242  36.899 0.0000000000
218508  38.882  -2.476  37.321 0.0000000000
111232  39.140  -2.045  37.195 0.0000000000
111218  39.427  -2.375  37.591 0.0000000000
108777  39.742  -3.160  37.918 0.0000000000
208525  40.170  -3.085  37.718 0.0000000000
107525  39.841  -4.299  38.176 0.0000000000
107537  40.340  -4.252  37.697 0.0000000000
107536  40.833  -4.292  37.252 0.0000000000
107550  41.172  -4.316  36.905 0.0000000000
106320  41.260  -4.950  36.727 0.0000000000
81118  30.333  -22.587  40.059 0.0000000000
81106  29.812  -21.870  41.292 0.0000000000
81105  30.097  -22.351  40.711 0.0000000000
79905  30.590  -23.039  40.875 0.0000000000
79889  31.031  -23.615  41.075 0.0000000000
78710  32.225  -24.698  41.691 0.0000000000
77580  30.976  -24.531  42.430 0.0000000000
77579  31.688  -24.775  42.127 0.0000000000
77578  32.388  -24.923  41.923 0.0000000000
121676  44.844  4.544  28.523 0.0000000000
120606  45.133  4.372  29.194 0.0000000000
119552  44.902  3.418  28.843 0.0000000000
120589  45.510  4.208  29.593 0.0000000000
120588  45.906  4.676  29.780 0.0000000000
120576  46.348  4.528  29.869 0.0000000000
234280  47.054  4.618  29.817 0.0000000000
119524  47.459  3.576  29.379 0.0000000000
118382  47.627  2.818  29.244 0.0000000000
118383  47.296  2.626  29.635 0.0000000000
211850  47.506  1.929  29.675 0.0000000000
117268  47.747  1.115  29.802 0.0000000000
117270  46.910  1.610  30.209 0.0000000000
117257  47.147  0.941  30.527 0.0000000000
238523  45.065  0.590  31.345 0.0000000000
116100  45.082  0.505  31.704 0.0000000000
116061  44.940  -0.109  32.467 0.0000000000
114863  45.668  -0.045  31.869 0.0000000000
116076  46.173  0.001  31.575 0.0000000000
113651  46.342  -0.628  31.657 0.0000000000
92254  34.963  -14.872  38.248 0.0000000000
93473  35.582  -13.999  38.887 0.0000000000
92210  36.260  -15.398  40.476 0.0000000000
93455  36.150  -14.392  39.889 0.0000000000
94738  35.922  -13.539  39.251 0.0000000000
94737  36.323  -13.087  39.561 0.0000000000
95957  36.691  -12.568  39.751 0.0000000000
97155  36.891  -12.046  39.578 0.0000000000
88329  38.626  -16.903  38.801 0.0000000000
90985  38.286  -16.041  39.058 0.0000000000
90973  37.973  -15.643  39.412 0.0000000000
90984  38.588  -15.628  38.737 0.0000000000
92219  38.028  -14.903  39.292 0.0000000000
92220  37.633  -14.686  39.793 0.0000000000
94708  37.343  -12.986  39.644 0.0000000000
97154  37.415  -11.328  39.636 0.0000000000
98267  37.725  -10.877  39.716 0.0000000000
209223  37.789  -10.597  39.742 0.0000000000
99370  38.297  -10.141  39.419 0.0000000000
228093  38.892  -11.736  38.769 0.0000000000
98264  38.895  -10.939  38.740 0.0000000000
99384  38.564  -9.626  39.131 0.0000000000
100455  39.054  -8.971  38.903 0.0000000000
101601  39.474  -8.604  38.707 0.0000000000
101621  40.126  -8.507  37.951 0.0000000000
102779  40.248  -7.737  38.022 0.0000000000
101620  40.386  -8.938  37.624 0.0000000000
206485  41.074  -9.785  36.474 0.0000000000
99416  40.969  -10.114  35.871 0.0000000000
97200  40.154  -11.093  35.932 0.0000000000
98310  40.698  -10.497  35.971 0.0000000000
81126  32.223  -22.425  39.415 0.0000000000
82374  33.225  -21.683  38.690 0.0000000000
89710  34.935  -16.084  39.025 0.0000000000
89697  35.051  -16.354  39.785 0.0000000000
89676  35.518  -16.549  40.552 0.0000000000
215398  35.237  -17.384  40.508 0.0000000000
88305  35.769  -17.081  40.592 0.0000000000
88304  36.012  -16.826  40.567 0.0000000000
87205  37.442  -17.693  39.776 0.0000000000
87224  37.832  -18.016  39.465 0.0000000000
242131  36.083  -20.941  40.494 0.0000000000
82321  36.465  -20.746  40.137 0.0000000000
83682  36.707  -19.925  39.900 0.0000000000
217166  37.453  -20.428  39.146 0.0000000000
83693  37.518  -19.827  39.281 0.0000000000
84949  37.785  -19.410  39.225 0.0000000000
82255  25.398  -21.226  46.390 0.0000000000
128676  54.182  9.219  15.077 0.0000000000
129558  51.148  10.493  23.431 0.0000000000
130544  51.727  10.578  23.616 0.0000000000
129544  52.237  10.247  24.138 0.0000000000
128524  51.502  9.698  25.238 0.0000000000
129527  52.053  10.000  24.584 0.0000000000
218059  52.910  9.486  23.805 0.0000000000
127508  53.066  9.004  23.490 0.0000000000
125376  53.180  7.754  22.897 0.0000000000
124120  53.203  7.143  22.822 0.0000000000
125302  51.361  7.684  26.828 0.0000000000
216724  51.792  7.882  26.493 0.0000000000
122857  52.244  6.983  25.208 0.0000000000
122866  51.757  5.844  25.147 0.0000000000
122865  52.031  6.430  24.862 0.0000000000
124084  52.512  6.997  24.540 0.0000000000
214750  52.511  6.797  23.531 0.0000000000
124121  53.075  6.783  22.714 0.0000000000
124144  51.924  6.609  21.030 0.0000000000
113670  39.456  -1.127  30.330 0.0000000000
98294  36.486  -10.723  38.388 0.0000000000
98299  36.241  -10.847  37.009 0.0000000000
111307  37.841  -2.176  32.383 0.0000000000
112505  38.362  -1.704  31.172 0.0000000000
112513  38.880  -1.471  30.697 0.0000000000
112512  39.621  -1.175  31.090 0.0000000000
113662  39.997  -0.776  31.708 0.0000000000
113652  40.426  -0.499  32.226 0.0000000000
209286  40.832  -0.135  32.778 0.0000000000
210946  40.309  -0.938  33.590 0.0000000000
114855  40.853  -0.324  33.641 0.0000000000
114843  41.357  0.360  34.186 0.0000000000
116041  41.754  0.713  34.536 0.0000000000
114832  42.309  0.119  34.992 0.0000000000
113596  42.705  -0.521  35.060 0.0000000000
111231  39.655  -1.790  37.215 0.0000000000
112422  40.525  -0.974  36.967 0.0000000000
113588  40.839  -0.805  36.873 0.0000000000
110017  41.527  -2.412  36.761 0.0000000000
111228  41.338  -1.651  36.947 0.0000000000
113587  41.345  -0.704  36.674 0.0000000000
113597  42.106  -0.722  35.836 0.0000000000
112432  42.550  -1.027  35.378 0.0000000000
113609  43.078  -0.941  34.708 0.0000000000
111251  43.351  -1.721  34.341 0.0000000000
110066  43.659  -2.568  34.074 0.0000000000
108826  44.034  -2.944  33.850 0.0000000000
108827  42.974  -3.019  34.348 0.0000000000
107582  43.610  -3.096  33.941 0.0000000000
102794  40.583  -7.240  37.627 0.0000000000
102805  41.098  -7.378  37.020 0.0000000000
103953  41.230  -6.944  36.666 0.0000000000
101687  41.068  -8.486  36.083 0.0000000000
103966  41.206  -7.201  36.261 0.0000000000
207588  41.235  -6.476  36.392 0.0000000000
76438  28.489  -25.070  44.244 0.0000000000
76464  33.627  -25.019  41.708 0.0000000000
77591  34.734  -24.572  41.099 0.0000000000
77639  36.039  -23.882  39.885 0.0000000000
78665  28.205  -23.278  44.867 0.0000000000
78684  28.434  -23.669  44.590 0.0000000000
78696  30.304  -24.147  42.859 0.0000000000
78697  29.667  -23.610  43.284 0.0000000000
78729  35.106  -23.822  40.995 0.0000000000
78730  34.667  -23.623  41.104 0.0000000000
78732  32.949  -24.359  41.426 0.0000000000
78755  36.226  -23.426  40.021 0.0000000000
79819  26.060  -22.370  46.383 0.0000000000
79883  35.483  -23.308  40.753 0.0000000000
79886  33.917  -23.195  40.950 0.0000000000
79900  35.532  -22.765  40.878 0.0000000000
81063  27.422  -22.078  45.272 0.0000000000
81071  28.249  -22.020  44.281 0.0000000000
81072  27.637  -21.922  44.607 0.0000000000
81077  29.008  -21.909  43.770 0.0000000000
81078  28.687  -21.705  44.050 0.0000000000
81085  29.071  -21.828  43.057 0.0000000000
81091  35.180  -22.624  41.018 0.0000000000
81098  36.260  -22.199  40.316 0.0000000000
81117  31.293  -22.719  39.805 0.0000000000
82242  25.572  -21.661  46.517 0.0000000000
82322  35.764  -20.850  40.636 0.0000000000
82344  30.024  -21.929  40.305 0.0000000000
82357  34.078  -21.162  39.705 0.0000000000
82358  33.606  -21.905  39.282 0.0000000000
83685  34.989  -20.696  40.596 0.0000000000
83694  37.145  -19.813  39.619 0.0000000000
84920  36.253  -19.242  40.316 0.0000000000
84934  37.488  -19.294  39.568 0.0000000000
86099  36.999  -18.551  40.052 0.0000000000
86100  34.971  -18.563  40.175 0.0000000000
86101  34.734  -18.680  39.886 0.0000000000
86113  37.748  -18.759  39.455 0.0000000000
87188  36.485  -17.533  40.405 0.0000000000
87189  36.172  -17.722  40.518 0.0000000000
87191  35.492  -17.657  40.577 0.0000000000
87240  38.588  -17.860  38.694 0.0000000000
88302  37.027  -16.657  40.158 0.0000000000
88306  35.428  -16.937  40.582 0.0000000000
88331  34.935  -16.976  39.954 0.0000000000
88332  34.767  -17.405  39.487 0.0000000000
89674  36.139  -16.423  40.554 0.0000000000
89675  35.825  -16.606  40.576 0.0000000000
89685  37.965  -16.253  39.467 0.0000000000
89686  37.539  -16.435  39.779 0.0000000000
89687  35.186  -16.666  40.396 0.0000000000
89696  38.291  -16.621  39.059 0.0000000000
90964  36.357  -15.837  40.503 0.0000000000
90995  38.855  -15.825  38.404 0.0000000000
90997  34.819  -15.899  38.384 0.0000000000
92209  36.601  -15.191  40.412 0.0000000000
92221  36.121  -14.929  40.262 0.0000000000
92222  35.665  -15.393  39.979 0.0000000000
92231  35.781  -14.790  39.707 0.0000000000
92243  35.282  -15.043  38.865 0.0000000000
92253  38.916  -15.314  38.169 0.0000000000
93444  36.935  -14.037  40.202 0.0000000000
93453  37.474  -14.100  39.795 0.0000000000
93461  38.654  -13.859  38.771 0.0000000000
93463  35.516  -14.621  39.116 0.0000000000
94710  36.955  -13.424  40.014 0.0000000000
94723  36.292  -13.810  39.719 0.0000000000
94745  39.565  -12.349  38.066 0.0000000000
94746  39.278  -12.818  38.316 0.0000000000
94747  38.979  -13.330  38.489 0.0000000000
94771  39.627  -12.486  37.634 0.0000000000
95937  37.504  -12.196  39.512 0.0000000000
95938  37.200  -12.851  39.721 0.0000000000
95939  36.835  -12.837  39.904 0.0000000000
95956  37.905  -12.296  39.310 0.0000000000
95968  39.300  -12.006  38.551 0.0000000000
95969  38.750  -12.252  38.825 0.0000000000
95971  35.976  -12.954  39.118 0.0000000000
95985  35.949  -12.625  38.596 0.0000000000
97139  37.670  -11.451  39.565 0.0000000000
97140  37.328  -12.111  39.578 0.0000000000
97152  38.252  -11.254  39.304 0.0000000000
97164  38.867  -11.205  38.669 0.0000000000
97165  36.793  -11.794  39.491 0.0000000000
97170  39.994  -11.232  37.898 0.0000000000
97172  36.382  -12.028  38.754 0.0000000000
97184  40.278  -11.327  37.219 0.0000000000
97193  40.326  -11.217  36.465 0.0000000000
97194  40.190  -11.287  36.285 0.0000000000
98265  38.185  -10.650  39.486 0.0000000000
98266  38.143  -10.977  39.500 0.0000000000
98268  37.265  -10.788  39.720 0.0000000000
98278  39.259  -10.856  38.429 0.0000000000
98287  39.695  -10.626  38.217 0.0000000000
98293  40.280  -10.706  37.750 0.0000000000
98297  40.565  -10.522  37.090 0.0000000000
98298  36.304  -10.566  37.632 0.0000000000
98304  40.697  -10.499  36.586 0.0000000000
98305  40.745  -10.452  36.262 0.0000000000
99369  38.795  -10.226  39.003 0.0000000000
99371  37.939  -10.042  39.625 0.0000000000
99372  37.718  -10.376  39.856 0.0000000000
99373  36.989  -10.461  39.610 0.0000000000
99382  39.510  -10.105  38.490 0.0000000000
99383  38.948  -9.837  38.928 0.0000000000
99385  37.280  -9.935  39.532 0.0000000000
99397  39.832  -9.562  38.198 0.0000000000
99398  36.645  -10.228  38.887 0.0000000000
99410  40.962  -9.762  37.069 0.0000000000
99412  36.277  -10.280  36.947 0.0000000000
99421  41.055  -9.782  36.238 0.0000000000
100444  38.005  -9.611  39.520 0.0000000000
100454  39.476  -9.326  38.617 0.0000000000
100457  37.550  -9.354  39.353 0.0000000000
100458  36.819  -9.622  38.919 0.0000000000
100470  40.054  -8.997  37.969 0.0000000000
100471  39.809  -8.907  38.297 0.0000000000
100486  40.771  -9.486  37.336 0.0000000000
100497  41.125  -9.149  37.021 0.0000000000
100504  36.415  -8.895  36.641 0.0000000000
100510  41.092  -9.114  36.107 0.0000000000
101589  38.037  -9.054  39.147 0.0000000000
101603  38.267  -8.485  38.985 0.0000000000
101605  37.716  -8.746  39.085 0.0000000000
101622  39.845  -8.201  38.363 0.0000000000
101624  36.922  -8.635  38.609 0.0000000000
101661  41.223  -8.609  36.696 0.0000000000
102768  39.065  -7.578  38.981 0.0000000000
102778  40.613  -8.046  37.539 0.0000000000
102781  39.465  -7.179  38.756 0.0000000000
102793  40.896  -7.341  37.274 0.0000000000
102795  37.184  -7.460  38.158 0.0000000000
102832  41.122  -7.849  36.240 0.0000000000
103906  38.338  -6.895  39.074 0.0000000000
103907  37.972  -6.941  38.875 0.0000000000
103917  39.444  -6.651  38.811 0.0000000000
103927  40.836  -6.838  37.389 0.0000000000
103941  41.063  -6.819  37.112 0.0000000000
103982  35.906  -6.281  34.720 0.0000000000
105088  38.558  -6.327  39.001 0.0000000000
105089  38.141  -6.341  38.907 0.0000000000
105095  40.029  -6.062  38.354 0.0000000000
105107  37.411  -6.032  38.208 0.0000000000
106300  38.625  -5.159  38.677 0.0000000000
106311  37.898  -5.013  38.279 0.0000000000
107526  39.389  -4.392  38.461 0.0000000000
107538  40.205  -4.884  37.921 0.0000000000
107540  37.738  -4.732  37.851 0.0000000000
107573  36.646  -4.342  35.760 0.0000000000
108764  39.127  -3.910  38.359 0.0000000000
108765  38.742  -4.078  38.373 0.0000000000
108775  40.589  -3.497  37.459 0.0000000000
108815  37.116  -3.433  35.837 0.0000000000
109999  40.193  -2.663  37.619 0.0000000000
110000  39.548  -2.714  37.792 0.0000000000
110001  39.186  -2.945  37.901 0.0000000000
110019  38.939  -2.747  37.568 0.0000000000
110020  38.629  -2.992  37.418 0.0000000000
110035  42.761  -2.376  34.865 0.0000000000
110036  42.295  -2.430  35.446 0.0000000000
110050  43.983  -2.037  34.049 0.0000000000
110054  36.754  -3.220  35.267 0.0000000000
110100  45.823  -2.846  32.916 0.0000000000
111216  40.362  -2.086  37.382 0.0000000000
111227  41.838  -1.812  36.305 0.0000000000
111233  38.463  -2.626  36.957 0.0000000000
111243  38.828  -1.733  36.373 0.0000000000
111244  38.380  -2.299  36.410 0.0000000000
111252  42.924  -1.922  34.867 0.0000000000
111264  44.355  -2.115  33.821 0.0000000000
111266  37.892  -2.023  34.930 0.0000000000
111276  45.445  -2.119  33.085 0.0000000000
111277  38.565  -1.881  33.600 0.0000000000
111289  38.182  -2.067  33.089 0.0000000000
112420  42.050  -1.338  35.970 0.0000000000
112421  41.104  -1.189  36.977 0.0000000000
112423  39.885  -1.138  36.914 0.0000000000
112433  41.559  -0.965  36.608 0.0000000000
112434  40.090  -0.788  36.832 0.0000000000
112436  39.378  -1.493  36.905 0.0000000000
112456  44.691  -1.181  33.336 0.0000000000
112458  44.005  -0.958  34.058 0.0000000000
112459  39.432  -1.104  34.480 0.0000000000
112466  45.270  -1.475  33.039 0.0000000000
112476  46.048  -1.443  32.423 0.0000000000
112478  39.084  -1.631  33.343 0.0000000000
113598  41.519  -0.566  36.349 0.0000000000
113600  40.641  -0.633  36.701 0.0000000000
113608  43.545  -0.862  34.276 0.0000000000
113610  41.275  -0.220  35.776 0.0000000000
113620  44.334  -1.175  33.809 0.0000000000
113669  40.058  -0.836  30.546 0.0000000000
114820  42.273  -0.295  35.297 0.0000000000
114821  41.819  -0.099  35.450 0.0000000000
114830  44.300  -0.595  33.727 0.0000000000
114831  43.311  0.127  34.367 0.0000000000
114833  41.778  0.334  35.010 0.0000000000
114840  44.787  -0.547  32.877 0.0000000000
114842  44.130  0.068  33.527 0.0000000000
114844  40.945  -0.095  34.528 0.0000000000
114854  41.376  0.223  33.354 0.0000000000
114874  41.999  0.441  31.306 0.0000000000
114908  40.920  -0.189  29.208 0.0000000000
116050  43.669  0.533  33.467 0.0000000000
116052  41.771  0.710  33.865 0.0000000000
116062  43.704  0.839  32.982 0.0000000000
116078  44.798  0.275  32.325 0.0000000000
116083  42.170  0.543  32.446 0.0000000000
116143  45.269  1.113  29.562 0.0000000000
116154  43.192  1.129  27.861 0.0000000000
117281  45.532  1.780  29.495 0.0000000000
118403  45.357  2.352  29.151 0.0000000000
119541  48.249  4.211  28.819 0.0000000000
119544  45.317  3.715  29.319 0.0000000000
119558  49.782  4.279  27.174 0.0000000000
119568  49.843  4.266  26.767 0.0000000000
119583  50.508  3.982  25.580 0.0000000000
119584  49.910  3.913  25.753 0.0000000000
120572  47.693  4.285  29.281 0.0000000000
120574  46.991  4.077  29.677 0.0000000000
120575  46.697  4.527  29.853 0.0000000000
120587  47.844  4.915  29.374 0.0000000000
120590  45.032  3.940  29.283 0.0000000000
120605  49.038  4.721  28.072 0.0000000000
120621  49.350  4.587  27.555 0.0000000000
120629  50.516  5.107  26.443 0.0000000000
120630  50.077  4.983  26.983 0.0000000000
120655  51.363  4.592  25.162 0.0000000000
120656  50.959  4.227  25.416 0.0000000000
120666  50.949  4.185  24.519 0.0000000000
120674  50.758  4.584  23.415 0.0000000000
121648  47.380  4.955  29.730 0.0000000000
121650  46.513  4.813  30.033 0.0000000000
121660  48.776  5.494  28.764 0.0000000000
121664  46.755  5.287  29.929 0.0000000000
121666  45.565  4.798  29.644 0.0000000000
121675  45.372  4.917  28.955 0.0000000000
121707  45.134  5.023  27.567 0.0000000000
121721  51.458  5.407  25.370 0.0000000000
121722  51.052  5.084  25.657 0.0000000000
121730  52.066  5.865  24.698 0.0000000000
121740  51.969  4.867  24.328 0.0000000000
121748  52.101  5.459  23.994 0.0000000000
121749  51.697  5.154  23.723 0.0000000000
122762  48.284  5.842  29.435 0.0000000000
122763  47.540  6.155  29.764 0.0000000000
122764  46.992  5.947  29.751 0.0000000000
122779  49.499  6.125  27.890 0.0000000000
122798  50.410  6.329  27.012 0.0000000000
122799  49.936  6.117  27.320 0.0000000000
122824  45.477  5.322  27.250 0.0000000000
122843  50.903  5.864  26.358 0.0000000000
122858  45.992  5.780  25.902 0.0000000000
122875  52.296  6.515  24.174 0.0000000000
122885  52.297  6.133  23.596 0.0000000000
122894  52.382  6.181  22.983 0.0000000000
122895  51.831  5.878  22.738 0.0000000000
122905  52.893  6.406  22.576 0.0000000000
122919  52.190  6.282  21.661 0.0000000000
123973  48.572  6.392  29.229 0.0000000000
123989  47.669  6.944  29.233 0.0000000000
124006  49.617  6.671  28.009 0.0000000000
124007  47.309  7.191  27.979 0.0000000000
124021  51.241  6.682  26.581 0.0000000000
124022  50.956  6.486  26.903 0.0000000000
124043  51.465  6.615  26.132 0.0000000000
124044  46.982  6.538  26.635 0.0000000000
124099  52.573  7.114  24.052 0.0000000000
124112  52.727  6.850  23.082 0.0000000000
125267  50.083  7.099  27.823 0.0000000000
125269  48.916  7.616  28.736 0.0000000000
125270  48.561  7.878  28.396 0.0000000000
125271  47.891  7.551  28.221 0.0000000000
125284  51.070  7.034  26.853 0.0000000000
125285  50.743  7.513  27.102 0.0000000000
125320  52.386  7.591  25.513 0.0000000000
125321  52.059  7.711  26.069 0.0000000000
125339  52.760  7.555  24.904 0.0000000000
125360  52.948  7.860  23.394 0.0000000000
125402  53.399  7.523  21.757 0.0000000000
125410  54.211  7.788  20.750 0.0000000000
126401  49.754  7.928  28.171 0.0000000000
126402  49.199  8.042  28.342 0.0000000000
126412  51.165  8.156  27.022 0.0000000000
126413  50.457  7.929  27.404 0.0000000000
126416  48.849  8.273  27.890 0.0000000000
126446  52.291  8.254  25.717 0.0000000000
126458  52.889  8.238  24.504 0.0000000000
126523  54.122  8.562  21.162 0.0000000000
127444  50.062  8.634  27.247 0.0000000000
127445  49.534  8.760  27.121 0.0000000000
127457  51.805  8.865  26.358 0.0000000000
127458  51.397  8.923  26.569 0.0000000000
127461  49.479  8.794  26.350 0.0000000000
127473  52.427  8.708  25.383 0.0000000000
127475  51.620  9.266  26.068 0.0000000000
127478  48.990  8.434  25.159 0.0000000000
127526  53.296  9.120  22.936 0.0000000000
127542  53.543  9.396  22.179 0.0000000000
127543  53.413  9.597  22.657 0.0000000000
127557  53.835  9.084  21.602 0.0000000000
128496  50.912  9.249  26.426 0.0000000000
128507  51.902  9.543  25.515 0.0000000000
128509  51.077  9.574  25.930 0.0000000000
128521  52.622  9.531  24.494 0.0000000000
128522  52.129  9.710  24.830 0.0000000000
128523  51.759  9.696  25.031 0.0000000000
128525  50.558  9.425  25.636 0.0000000000
128538  52.772  9.988  23.903 0.0000000000
128539  52.386  10.048  24.298 0.0000000000
128541  49.846  9.297  24.524 0.0000000000
128556  49.747  9.428  23.843 0.0000000000
128569  53.411  10.046  22.488 0.0000000000
128581  53.756  9.650  21.836 0.0000000000
128596  54.299  9.274  20.529 0.0000000000
128607  54.339  9.722  20.120 0.0000000000
128668  53.844  9.873  15.394 0.0000000000
129528  51.894  9.956  24.656 0.0000000000
129543  52.664  10.238  23.951 0.0000000000
129545  51.886  10.275  24.169 0.0000000000
129547  50.718  10.058  23.795 0.0000000000
129556  53.149  10.375  22.769 0.0000000000
129557  52.911  10.294  23.219 0.0000000000
129570  53.545  10.107  22.068 0.0000000000
129612  54.056  10.322  20.003 0.0000000000
129613  53.907  10.852  20.409 0.0000000000
129669  53.914  10.107  16.192 0.0000000000
130541  52.638  10.666  23.263 0.0000000000
130543  51.874  10.554  23.665 0.0000000000
130553  53.090  10.780  22.457 0.0000000000
130571  52.730  11.039  22.499 0.0000000000
130572  52.583  11.048  22.521 0.0000000000
130573  51.601  10.812  23.029 0.0000000000
130584  53.597  11.314  21.106 0.0000000000
130585  53.320  11.325  21.489 0.0000000000
130609  53.664  11.334  20.216 0.0000000000
130623  53.453  11.642  19.633 0.0000000000
131660  52.519  11.392  21.895 0.0000000000
131669  53.004  11.530  21.579 0.0000000000
131672  52.150  11.864  21.199 0.0000000000
131684  53.099  11.961  21.068 0.0000000000
131715  53.584  12.082  18.905 0.0000000000
132757  52.797  12.128  21.195 0.0000000000
132767  53.038  12.149  20.532 0.0000000000
132768  52.785  12.287  20.690 0.0000000000
200339  53.483  8.924  22.032 0.0000000000
200867  43.763  0.909  32.647 0.0000000000
202448  54.007  8.102  21.189 0.0000000000
202758  42.879  0.671  31.795 0.0000000000
203036  38.598  -7.922  38.977 0.0000000000
204793  46.232  -0.063  31.739 0.0000000000
205483  38.444  -7.407  39.068 0.0000000000
206086  41.495  0.273  31.221 0.0000000000
206458  36.790  -10.636  39.459 0.0000000000
206519  39.593  -11.150  38.109 0.0000000000
206668  41.080  -7.978  37.068 0.0000000000
206864  46.240  5.886  28.949 0.0000000000
207191  36.619  -18.801  40.219 0.0000000000
207286  39.985  -11.555  37.759 0.0000000000
207543  37.436  -4.970  37.440 0.0000000000
207562  37.281  -2.249  34.664 0.0000000000
208429  40.286  -10.880  35.891 0.0000000000
209940  48.721  7.011  28.980 0.0000000000
209946  54.126  10.016  17.278 0.0000000000
210671  34.270  -24.791  41.409 0.0000000000
212508  53.483  10.758  21.633 0.0000000000
212869  42.844  -0.126  34.871 0.0000000000
213137  40.021  -0.835  34.251 0.0000000000
214059  51.490  10.972  22.472 0.0000000000
214981  50.656  5.655  26.588 0.0000000000
215025  53.365  7.113  22.224 0.0000000000
215298  39.550  -11.708  38.215 0.0000000000
215318  48.417  5.123  28.934 0.0000000000
215576  40.822  -0.425  36.132 0.0000000000
215721  36.447  -22.981  39.644 0.0000000000
215736  36.154  -18.047  40.526 0.0000000000
215902  37.187  -14.488  40.140 0.0000000000
216179  41.601  -1.241  36.642 0.0000000000
216594  36.761  -13.946  40.237 0.0000000000
217099  35.843  -14.178  39.449 0.0000000000
218192  50.970  8.940  26.762 0.0000000000
218904  39.329  -5.800  38.746 0.0000000000
219214  51.484  4.532  24.673 0.0000000000
219552  35.548  -17.305  40.602 0.0000000000
219894  49.100  5.275  28.245 0.0000000000
220629  31.839  -25.074  42.230 0.0000000000
221141  45.646  3.333  29.287 0.0000000000
221611  36.264  -11.196  37.343 0.0000000000
221863  36.029  -23.311  40.378 0.0000000000
222296  36.832  -20.518  39.764 0.0000000000
222775  46.384  4.304  29.725 0.0000000000
222834  43.622  1.534  27.995 0.0000000000
223270  53.551  11.641  20.787 0.0000000000
224326  40.595  -4.822  37.458 0.0000000000
224489  44.277  -3.208  33.583 0.0000000000
225196  38.627  -8.525  39.006 0.0000000000
228066  38.977  -1.361  30.097 0.0000000000
228141  36.807  -7.999  37.903 0.0000000000
228411  36.608  -9.653  38.547 0.0000000000
228664  38.523  -10.819  39.148 0.0000000000
228932  49.416  6.758  28.428 0.0000000000
229116  40.234  -0.818  31.134 0.0000000000
229160  38.115  -14.195  39.191 0.0000000000
229452  39.147  -1.819  32.115 0.0000000000
229742  44.036  0.351  33.492 0.0000000000
230109  47.586  7.209  25.934 0.0000000000
230460  37.221  -6.444  37.781 0.0000000000
230567  53.175  8.506  23.059 0.0000000000
230882  51.413  5.863  25.523 0.0000000000
230987  37.200  -4.930  36.935 0.0000000000
231624  53.595  11.941  18.516 0.0000000000
231821  54.131  9.518  16.536 0.0000000000
231930  44.622  -0.114  32.708 0.0000000000
232915  37.262  -20.289  39.408 0.0000000000
233409  40.489  -0.506  34.145 0.0000000000
234259  54.189  8.767  20.123 0.0000000000
234487  35.702  -8.414  35.340 0.0000000000
234656  37.969  -5.864  38.711 0.0000000000
234671  37.195  -15.545  40.158 0.0000000000
234859  43.274  0.474  28.211 0.0000000000
235147  47.081  6.884  28.386 0.0000000000
235361  47.266  6.818  26.136 0.0000000000
235563  42.250  0.519  34.589 0.0000000000
235686  51.676  6.432  25.502 0.0000000000
235709  37.712  -15.255  39.679 0.0000000000
236201  50.061  4.320  26.303 0.0000000000
236306  47.735  6.619  29.597 0.0000000000
236315  42.146  0.815  34.044 0.0000000000
236513  36.331  -8.003  35.818 0.0000000000
236981  53.934  7.442  21.047 0.0000000000
237264  45.384  5.218  27.715 0.0000000000
237647  44.068  -1.299  34.027 0.0000000000
237808  46.665  -1.755  32.027 0.0000000000
237999  37.938  -19.502  38.964 0.0000000000
238674  52.942  9.786  23.517 0.0000000000
238744  38.441  -10.463  39.330 0.0000000000
239110  48.727  5.285  28.690 0.0000000000
239782  52.694  10.836  22.957 0.0000000000
239834  38.017  -10.305  39.629 0.0000000000
240345  43.045  -2.559  34.333 0.0000000000
240823  40.918  -10.072  36.828 0.0000000000
240895  46.797  6.515  27.269 0.0000000000
241584  44.632  0.439  29.727 0.0000000000
241671  44.426  -0.159  33.232 0.0000000000
241810  42.220  -0.598  35.534 0.0000000000
241983  37.837  -7.487  38.851 0.0000000000
