#!ascii label  , from subject sub-v2s11x28688_ses-1 vox2ras=TkReg
943
116013  -25.139  -14.570  -32.124 0.5555555820
114779  -27.171  -14.766  -32.212 0.6666666865
114769  -28.301  -14.724  -31.892 0.7777777910
116001  -29.248  -13.835  -31.904 0.8888888955
114757  -30.744  -14.746  -30.233 0.8888888955
116012  -24.269  -13.410  -32.118 0.5555555820
229431  -25.632  -13.615  -32.028 0.5555555820
116015  -27.548  -13.594  -32.364 0.6666666865
115999  -28.043  -14.160  -32.449 0.8888888955
114770  -28.959  -14.456  -31.449 0.8888888955
115989  -30.441  -14.323  -30.877 0.8888888955
116004  -31.374  -13.508  -30.766 1.0000000000
115991  -31.550  -14.109  -30.496 0.8888888955
237036  -32.235  -14.158  -30.958 1.0000000000
117218  -27.228  -12.409  -32.374 0.7777777910
117221  -28.809  -13.176  -32.543 1.0000000000
117222  -29.879  -12.767  -32.696 1.0000000000
116002  -30.307  -13.174  -31.949 1.0000000000
117223  -30.883  -12.955  -31.779 1.0000000000
117206  -31.992  -13.413  -31.526 1.0000000000
117224  -31.338  -12.848  -31.932 1.0000000000
117207  -32.585  -13.649  -31.373 1.0000000000
116005  -33.049  -14.244  -31.190 1.0000000000
117225  -32.053  -13.062  -32.024 1.0000000000
117226  -32.917  -12.976  -31.638 1.0000000000
116006  -33.813  -14.105  -31.289 1.0000000000
240342  -33.631  -12.914  -31.509 1.0000000000
117228  -34.986  -13.323  -31.602 0.7777777910
118479  -29.970  -12.264  -32.945 0.8888888955
241815  -30.378  -12.728  -32.418 1.0000000000
118480  -30.738  -12.347  -32.649 1.0000000000
118482  -32.370  -12.164  -32.319 1.0000000000
118483  -33.423  -12.291  -31.824 1.0000000000
118484  -34.461  -12.617  -31.859 1.0000000000
118485  -35.528  -12.522  -31.685 1.0000000000
117229  -36.222  -12.765  -31.348 0.7777777910
248697  -30.253  -10.977  -33.691 0.5555555820
120875  -32.168  -10.137  -34.159 0.7777777910
119707  -31.902  -11.323  -33.467 0.8888888955
119708  -33.054  -11.617  -32.611 1.0000000000
119718  -32.619  -10.915  -33.497 0.8888888955
119719  -33.667  -11.107  -32.838 1.0000000000
252590  -34.131  -11.756  -32.277 1.0000000000
224717  -34.978  -11.817  -32.094 1.0000000000
119711  -35.553  -11.611  -31.674 0.8888888955
119695  -35.875  -11.422  -31.161 0.8888888955
119696  -36.345  -11.834  -30.786 0.7777777910
218032  -36.832  -12.130  -30.485 0.6666666865
119685  -36.601  -11.651  -30.387 0.6666666865
122048  -31.818  -9.371  -33.938 0.4444444478
220499  -32.975  -9.724  -34.295 0.6666666865
244045  -33.934  -9.992  -33.570 0.7777777910
120877  -34.186  -10.618  -32.808 0.8888888955
119709  -34.480  -11.251  -32.388 1.0000000000
253063  -34.596  -10.201  -32.646 1.0000000000
119710  -34.993  -10.905  -32.162 1.0000000000
120870  -35.483  -10.761  -31.579 1.0000000000
120860  -35.790  -10.810  -31.289 0.8888888955
120861  -36.068  -11.339  -30.811 0.7777777910
218724  -36.719  -12.036  -30.076 0.5555555820
122028  -36.335  -10.568  -30.103 0.7777777910
120850  -36.215  -11.253  -29.991 0.6666666865
123242  -33.077  -8.403  -34.034 0.6666666865
122042  -32.482  -8.926  -34.101 0.6666666865
122043  -33.564  -9.256  -34.074 0.7777777910
123243  -34.128  -8.853  -33.419 0.7777777910
122044  -34.458  -9.580  -32.995 0.8888888955
122037  -34.970  -9.341  -32.365 1.0000000000
122038  -35.386  -10.114  -31.668 1.0000000000
261078  -36.027  -9.793  -30.992 0.8888888955
122027  -36.214  -10.175  -30.704 0.8888888955
120849  -36.181  -10.731  -30.854 0.7777777910
123231  -35.778  -9.263  -30.957 0.8888888955
122021  -36.061  -9.698  -30.028 0.7777777910
120840  -36.233  -11.031  -29.177 0.6666666865
124375  -32.809  -7.309  -34.204 0.6666666865
123241  -32.325  -8.133  -33.482 0.5555555820
236799  -33.605  -8.100  -33.720 0.7777777910
123236  -34.577  -8.513  -32.952 0.8888888955
124371  -34.957  -8.521  -32.366 1.0000000000
123237  -35.106  -9.123  -32.161 1.0000000000
261377  -35.361  -9.297  -31.615 1.0000000000
238177  -35.502  -9.638  -31.647 0.8888888955
123222  -35.932  -9.139  -29.413 0.7777777910
122012  -36.063  -9.516  -28.894 0.6666666865
122013  -36.118  -9.911  -28.246 0.5555555820
125454  -33.272  -6.928  -33.917 0.7777777910
125447  -33.066  -6.184  -33.671 0.6666666865
124376  -33.805  -7.564  -33.581 0.8888888955
124364  -34.964  -7.963  -32.015 1.0000000000
124365  -35.166  -8.816  -31.537 1.0000000000
124359  -35.565  -8.532  -30.483 0.8888888955
258544  -35.502  -8.155  -29.887 0.8888888955
123227  -35.875  -9.012  -30.075 0.8888888955
124341  -35.654  -8.233  -28.719 0.7777777910
124342  -35.989  -8.449  -28.045 0.7777777910
123212  -35.944  -9.068  -28.635 0.7777777910
123213  -35.948  -9.237  -28.017 0.5555555820
125407  -35.740  -7.707  -27.745 0.7777777910
124330  -36.240  -8.713  -27.639 0.5555555820
231240  -36.069  -7.728  -27.606 0.6666666865
126530  -32.231  -5.193  -32.967 0.4444444478
126535  -32.806  -4.807  -33.479 0.5555555820
126531  -34.366  -5.922  -32.066 0.7777777910
235550  -34.341  -6.963  -32.463 1.0000000000
239993  -34.864  -7.047  -31.343 1.0000000000
125433  -35.124  -7.694  -30.271 0.8888888955
125420  -35.444  -7.805  -29.410 0.8888888955
128658  -34.652  -5.448  -30.088 0.6666666865
128688  -33.995  -5.337  -31.333 0.6666666865
126512  -34.820  -6.049  -30.129 0.7777777910
125432  -34.788  -6.724  -30.397 0.8888888955
126496  -35.112  -5.894  -29.470 0.7777777910
126513  -35.267  -6.821  -29.635 0.8888888955
126497  -35.428  -6.244  -29.017 0.7777777910
126485  -35.576  -6.750  -28.174 0.7777777910
127566  -36.063  -5.613  -28.056 0.6666666865
231470  -35.799  -6.079  -28.020 0.6666666865
126486  -35.961  -6.959  -27.697 0.5555555820
128646  -36.737  -5.044  -27.764 0.6666666865
127567  -36.852  -5.735  -27.536 0.5555555820
127548  -36.272  -6.308  -27.580 0.5555555820
126475  -36.387  -6.922  -27.390 0.4444444478
216651  -34.812  -4.590  -29.228 0.3333333433
128659  -34.672  -5.233  -29.219 0.5555555820
127577  -34.745  -5.134  -29.761 0.6666666865
236473  -35.100  -4.562  -29.490 0.5555555820
127578  -35.034  -5.309  -29.350 0.7777777910
128660  -35.332  -4.946  -29.234 0.6666666865
127565  -35.513  -5.783  -28.606 0.6666666865
128645  -35.904  -5.041  -28.371 0.6666666865
129745  -36.370  -4.333  -28.158 0.6666666865
254475  -37.027  -3.895  -27.965 0.6666666865
128647  -37.327  -5.119  -27.550 0.5555555820
130963  -37.590  -3.896  -27.891 0.5555555820
129746  -37.138  -4.422  -27.802 0.6666666865
129752  -35.042  -4.047  -29.312 0.4444444478
129743  -34.842  -4.129  -28.732 0.4444444478
129756  -35.152  -3.746  -29.404 0.5555555820
129753  -35.159  -4.296  -29.430 0.5555555820
129744  -35.479  -4.423  -29.161 0.6666666865
130972  -37.342  -3.391  -28.039 0.6666666865
130979  -35.394  -3.778  -29.296 0.6666666865
130970  -35.984  -4.038  -28.767 0.6666666865
132114  -36.152  -3.320  -28.885 0.6666666865
132116  -37.097  -2.919  -28.282 0.6666666865
116000  -28.541  -13.941  -32.257 0.8888888955
116016  -28.020  -13.479  -32.821 1.0000000000
117204  -29.507  -13.132  -32.450 1.0000000000
116003  -30.950  -13.467  -31.048 1.0000000000
122033  -35.945  -10.204  -31.276 0.8888888955
124379  -32.585  -6.655  -34.142 0.5555555820
128686  -33.002  -4.245  -32.345 0.5555555820
125448  -33.964  -6.767  -33.536 0.7777777910
124353  -35.706  -8.530  -29.465 0.8888888955
126522  -32.772  -5.310  -32.010 0.2222222239
123240  -31.500  -8.791  -33.617 0.4444444478
130973  -37.959  -3.344  -28.047 0.5555555820
129737  -37.745  -4.469  -27.698 0.5555555820
114765  -24.152  -14.837  -31.420 0.5555555820
241380  -25.661  -15.387  -31.708 0.5555555820
218299  -26.192  -14.588  -31.767 0.6666666865
225075  -27.273  -15.276  -32.228 0.5555555820
114753  -27.409  -15.745  -31.621 0.5555555820
114756  -29.923  -14.790  -30.335 0.7777777910
227047  -23.662  -13.972  -31.011 0.5555555820
114754  -27.980  -15.335  -31.359 0.6666666865
223926  -28.700  -15.139  -30.966 0.6666666865
234872  -29.273  -14.710  -30.732 0.8888888955
114758  -31.373  -14.715  -30.242 0.7777777910
114759  -32.081  -14.874  -30.514 0.7777777910
114771  -32.813  -14.809  -30.884 0.8888888955
117203  -23.357  -12.535  -31.365 0.4444444478
117217  -25.733  -12.328  -32.102 0.5555555820
117219  -27.888  -12.357  -32.620 0.2222222239
117220  -28.267  -12.429  -32.714 0.6666666865
114781  -34.249  -14.598  -31.387 0.8888888955
116018  -34.585  -14.041  -31.524 0.6666666865
241572  -35.905  -13.271  -31.497 0.7777777910
116020  -36.260  -13.841  -31.370 0.6666666865
118478  -28.954  -11.821  -32.731 0.5555555820
117230  -36.710  -13.312  -31.179 0.6666666865
118490  -29.178  -11.113  -32.719 0.4444444478
117209  -37.024  -13.014  -30.670 0.5555555820
231844  -36.521  -12.277  -29.286 0.5555555820
120873  -30.174  -9.590  -33.692 0.2222222239
119673  -36.426  -11.654  -29.637 0.5555555820
120832  -36.272  -10.561  -28.336 0.5555555820
123235  -32.029  -7.866  -33.208 0.3333333433
126534  -32.481  -5.434  -33.177 0.4444444478
123200  -36.303  -9.159  -27.432 0.4444444478
240206  -32.623  -6.161  -32.264 0.3333333433
244708  -36.302  -8.128  -27.372 0.5555555820
125397  -36.496  -7.510  -27.173 0.4444444478
128644  -34.399  -5.124  -28.930 0.3333333433
128643  -34.251  -5.345  -29.299 0.3333333433
127549  -37.050  -6.225  -27.102 0.4444444478
128632  -37.848  -5.175  -27.453 0.4444444478
130964  -38.185  -3.902  -27.780 0.2222222239
130978  -34.951  -3.607  -28.989 0.3333333433
132124  -35.616  -3.253  -29.176 0.6666666865
132115  -36.451  -3.157  -28.591 0.6666666865
133339  -37.076  -2.362  -28.567 0.6666666865
254625  -37.146  -1.966  -28.798 0.6666666865
132117  -37.652  -2.805  -28.251 0.6666666865
241677  -24.761  -13.897  -32.292 0.5555555820
114767  -26.711  -15.347  -31.973 0.6666666865
114768  -27.693  -15.007  -32.190 0.7777777910
114780  -27.730  -14.440  -32.267 0.7777777910
241217  -30.046  -13.794  -31.578 1.0000000000
115988  -29.703  -14.415  -31.198 0.8888888955
115990  -31.127  -14.015  -30.518 1.0000000000
115998  -24.422  -14.272  -31.933 0.5555555820
115997  -23.766  -13.382  -31.454 0.4444444478
116011  -23.886  -12.945  -32.160 0.4444444478
117216  -24.660  -12.970  -32.256 0.5555555820
243871  -26.398  -12.744  -32.097 0.6666666865
116014  -26.710  -13.683  -32.061 0.6666666865
231112  -28.663  -12.486  -32.678 0.8888888955
260107  -29.065  -12.601  -32.811 0.8888888955
116017  -28.334  -13.327  -32.765 1.0000000000
117236  -29.436  -12.302  -32.977 0.8888888955
117205  -31.216  -13.067  -31.124 1.0000000000
118481  -31.483  -12.312  -32.582 1.0000000000
117208  -33.364  -13.530  -31.312 1.0000000000
117227  -34.144  -13.449  -31.547 1.0000000000
118492  -30.160  -11.680  -33.227 1.0000000000
118491  -29.617  -11.710  -33.095 0.5555555820
118494  -31.495  -11.661  -33.080 1.0000000000
118493  -30.763  -11.618  -33.329 0.8888888955
118465  -36.107  -12.147  -31.151 0.8888888955
118486  -36.702  -12.656  -31.113 0.6666666865
216493  -30.405  -10.266  -33.908 0.6666666865
119717  -30.907  -11.025  -33.909 0.6666666865
216303  -31.376  -10.549  -34.057 0.7777777910
120876  -33.338  -10.453  -33.748 0.8888888955
118466  -36.759  -12.361  -30.818 0.7777777910
255189  -36.227  -11.155  -30.475 0.6666666865
118452  -36.780  -12.471  -30.120 0.5555555820
122041  -31.021  -9.264  -33.538 0.3333333433
120874  -30.954  -9.764  -33.839 0.4444444478
120869  -35.004  -10.060  -32.063 1.0000000000
122022  -36.191  -10.209  -29.112 0.7777777910
124370  -34.526  -7.799  -32.888 0.8888888955
247633  -36.147  -9.677  -27.687 0.5555555820
125459  -32.331  -6.039  -33.807 0.5555555820
251809  -33.624  -5.387  -33.108 0.6666666865
125441  -35.021  -8.139  -31.102 1.0000000000
123199  -36.000  -8.819  -28.007 0.6666666865
125406  -35.548  -7.268  -28.779 0.8888888955
127636  -32.596  -4.143  -32.966 0.5555555820
127610  -33.630  -4.873  -32.244 0.7777777910
127592  -34.479  -5.261  -30.331 0.6666666865
126524  -34.411  -5.673  -31.142 0.7777777910
127609  -33.143  -4.429  -32.293 0.7777777910
128687  -33.449  -4.974  -31.669 0.6666666865
225395  -37.411  -5.637  -27.302 0.4444444478
130971  -36.645  -3.557  -28.253 0.6666666865
218568  -32.156  -7.223  -33.708 0.4444444478
127590  -33.670  -5.390  -30.950 0.3333333433
132118  -38.321  -2.774  -28.383 0.3333333433
114766  -24.818  -15.137  -31.671 0.5555555820
114744  -30.336  -15.147  -29.701 0.6666666865
115987  -23.328  -13.059  -30.702 0.4444444478
241727  -23.143  -13.842  -30.337 0.5555555820
253033  -33.605  -14.831  -31.161 0.7777777910
115986  -22.189  -13.365  -31.092 0.3333333433
116019  -35.449  -13.940  -31.476 0.6666666865
120872  -30.018  -10.309  -33.530 0.3333333433
123234  -31.541  -8.518  -33.297 0.4444444478
124369  -32.079  -7.181  -33.167 0.3333333433
253236  -31.718  -6.525  -33.703 0.3333333433
127591  -34.062  -5.793  -30.121 0.3333333433
133340  -37.394  -2.360  -28.576 0.6666666865
133341  -37.802  -2.267  -28.692 0.4444444478
110535  -27.541  -16.782  -29.422 0.4444444478
109195  -29.368  -17.900  -27.558 0.2222222239
111955  -24.421  -16.423  -31.508 0.4444444478
111956  -25.222  -16.682  -31.540 0.4444444478
111965  -25.488  -16.089  -31.680 0.4444444478
111945  -26.534  -16.405  -31.147 0.4444444478
111922  -27.693  -16.762  -30.205 0.4444444478
111924  -28.726  -16.328  -29.331 0.4444444478
110511  -30.198  -17.050  -28.277 0.2222222239
243877  -27.810  -15.951  -31.040 0.4444444478
113399  -28.407  -15.884  -29.880 0.4444444478
110512  -31.352  -17.319  -28.328 0.1111111119
109221  -31.708  -17.931  -28.178 0.1111111119
113400  -29.077  -15.597  -29.578 0.4444444478
111925  -30.148  -16.094  -28.898 0.3333333433
113414  -28.230  -15.629  -30.556 0.4444444478
224183  -29.432  -16.150  -29.026 0.3333333433
111926  -30.843  -16.228  -28.953 0.3333333433
110513  -31.962  -17.385  -28.615 0.2222222239
113401  -29.884  -15.618  -29.319 0.4444444478
113415  -28.619  -15.342  -30.078 0.4444444478
113403  -32.031  -16.381  -29.509 0.2222222239
258577  -32.851  -17.320  -29.685 0.1111111119
110562  -33.191  -17.402  -30.111 0.1111111119
113402  -31.448  -15.823  -29.456 0.3333333433
111948  -32.600  -16.425  -30.001 0.3333333433
113417  -31.710  -15.357  -30.089 0.4444444478
242566  -32.241  -15.477  -30.353 0.5555555820
114772  -33.203  -15.331  -30.818 0.6666666865
111958  -34.066  -16.479  -30.817 0.4444444478
251762  -35.431  -16.163  -31.630 0.3333333433
239353  -33.792  -15.404  -31.120 0.6666666865
239754  -35.089  -15.314  -31.402 0.5555555820
114782  -35.070  -14.684  -31.458 0.5555555820
114783  -35.763  -15.086  -31.419 0.5555555820
111966  -35.584  -15.700  -31.566 0.4444444478
114774  -36.574  -14.911  -31.000 0.3333333433
116007  -36.947  -14.133  -30.963 0.4444444478
116008  -37.175  -13.668  -30.633 0.5555555820
117199  -36.957  -13.004  -30.230 0.4444444478
132125  -36.028  -2.553  -28.900 0.5555555820
133354  -36.348  -1.924  -28.952 0.5555555820
251349  -37.144  -1.042  -29.438 0.5555555820
110561  -26.605  -17.289  -30.428 0.4444444478
110509  -28.768  -17.296  -28.716 0.2222222239
111905  -30.943  -16.793  -28.523 0.2222222239
110539  -32.032  -16.907  -29.063 0.2222222239
110540  -32.553  -17.445  -29.120 0.1111111119
111949  -33.333  -16.420  -30.286 0.4444444478
232462  -33.577  -16.895  -30.373 0.3333333433
113418  -32.123  -15.889  -30.011 0.4444444478
113430  -34.260  -15.826  -31.201 0.4444444478
114775  -37.640  -14.586  -30.459 0.3333333433
115992  -37.365  -13.711  -30.345 0.4444444478
245993  -36.359  -11.628  -28.876 0.4444444478
133367  -35.990  -1.722  -29.253 0.5555555820
113428  -26.900  -15.795  -31.566 0.4444444478
111959  -34.764  -16.952  -31.205 0.2222222239
133355  -37.471  -1.798  -28.950 0.5555555820
110531  -24.551  -17.912  -30.393 0.4444444478
110532  -25.285  -17.804  -30.238 0.4444444478
109247  -26.414  -17.863  -29.235 0.4444444478
109217  -27.668  -17.642  -28.397 0.2222222239
109194  -28.708  -17.871  -27.537 0.2222222239
107994  -29.646  -18.358  -27.279 0.1111111119
240941  -23.677  -15.976  -31.213 0.4444444478
231776  -24.105  -17.276  -30.889 0.4444444478
109219  -30.401  -17.594  -27.875 0.1111111119
256497  -30.207  -18.468  -27.513 0.1111111119
108050  -32.637  -18.474  -28.851 0.1111111119
109249  -32.752  -17.983  -29.087 0.1111111119
108063  -33.186  -18.913  -30.254 0.1111111119
109269  -34.033  -18.130  -31.283 0.1111111119
110563  -33.565  -17.463  -30.897 0.1111111119
111961  -36.150  -16.190  -31.593 0.1111111119
222796  -37.043  -15.332  -30.600 0.2222222239
226400  -37.595  -14.117  -30.466 0.3333333433
223862  -36.642  -12.838  -29.764 0.4444444478
119662  -36.371  -11.929  -28.146 0.3333333433
219177  -36.366  -11.203  -28.274 0.3333333433
128671  -33.771  -5.513  -30.804 0.4444444478
130985  -35.056  -3.425  -29.251 0.4444444478
132133  -35.751  -2.291  -29.260 0.5555555820
257818  -36.628  -1.377  -29.411 0.5555555820
134543  -36.699  -1.120  -29.600 0.5555555820
134544  -37.174  -0.623  -29.652 0.5555555820
133366  -35.164  -2.086  -30.275 0.5555555820
113425  -24.278  -15.583  -31.459 0.4444444478
113426  -24.998  -15.973  -31.695 0.4444444478
114755  -29.142  -15.034  -30.141 0.5555555820
114743  -29.693  -15.253  -29.800 0.5555555820
113416  -31.040  -15.294  -29.882 0.6666666865
114760  -32.633  -15.269  -30.585 0.6666666865
216428  -30.637  -15.668  -29.323 0.3333333433
111921  -27.330  -17.022  -30.391 0.4444444478
110508  -27.905  -17.098  -28.781 0.4444444478
110507  -27.303  -17.351  -29.017 0.3333333433
110536  -28.344  -16.770  -29.121 0.4444444478
110534  -26.933  -17.037  -29.586 0.4444444478
109218  -28.417  -17.575  -28.289 0.3333333433
110494  -29.741  -17.536  -27.965 0.1111111119
111943  -23.891  -16.720  -31.141 0.4444444478
111944  -24.685  -17.251  -31.335 0.4444444478
111957  -25.851  -16.352  -31.375 0.4444444478
110568  -25.380  -17.450  -31.334 0.4444444478
110569  -25.903  -16.916  -31.196 0.4444444478
113412  -27.182  -16.444  -31.370 0.4444444478
236273  -26.410  -17.003  -30.903 0.4444444478
111946  -27.132  -16.948  -30.973 0.4444444478
113413  -27.444  -16.430  -31.061 0.4444444478
113398  -27.883  -16.382  -30.452 0.4444444478
110537  -29.083  -16.758  -28.839 0.4444444478
110510  -29.449  -17.131  -28.372 0.2222222239
110538  -29.782  -16.577  -28.583 0.4444444478
254082  -30.783  -17.276  -28.202 0.1111111119
111904  -30.371  -16.494  -28.553 0.2222222239
109222  -32.348  -17.917  -28.625 0.1111111119
108025  -32.211  -18.433  -28.236 0.1111111119
111927  -31.486  -16.505  -29.025 0.3333333433
111929  -32.998  -16.933  -30.004 0.2222222239
238386  -33.290  -18.111  -30.403 0.1111111119
113419  -32.788  -15.831  -30.415 0.4444444478
113429  -33.620  -15.854  -30.676 0.4444444478
228967  -34.872  -16.306  -31.412 0.3333333433
111950  -34.061  -16.995  -30.877 0.3333333433
111960  -35.706  -16.736  -31.676 0.1111111119
113431  -34.896  -15.791  -31.479 0.4444444478
114773  -34.361  -15.236  -31.391 0.5555555820
228216  -36.044  -14.455  -31.393 0.5555555820
113432  -36.289  -15.521  -31.308 0.3333333433
117191  -36.717  -13.398  -29.770 0.4444444478
134527  -37.083  -1.464  -29.208 0.5555555820
110560  -25.834  -17.582  -30.928 0.4444444478
258590  -26.551  -17.536  -29.730 0.4444444478
109250  -32.985  -17.769  -29.593 0.1111111119
134542  -36.026  -1.092  -29.851 0.5555555820
242250  -24.879  -18.017  -29.730 0.4444444478
110559  -25.114  -17.694  -31.034 0.4444444478
109216  -26.985  -17.879  -28.678 0.4444444478
109192  -27.292  -18.080  -27.923 0.2222222239
109248  -26.803  -17.517  -29.243 0.4444444478
234407  -23.080  -16.251  -30.693 0.4444444478
109198  -31.263  -18.286  -27.734 0.1111111119
109197  -30.590  -18.148  -27.733 0.1111111119
101180  -24.894  -23.169  -24.859 0.1111111119
221932  -20.747  -20.720  -28.116 0.3333333433
102780  -23.311  -22.241  -27.049 0.2222222239
101217  -24.182  -22.723  -25.998 0.2222222239
101198  -24.540  -22.790  -25.325 0.1111111119
102720  -24.874  -22.276  -25.622 0.1111111119
108018  -20.659  -18.604  -28.410 0.3333333433
106796  -20.091  -19.698  -28.112 0.3333333433
105605  -20.214  -20.417  -28.040 0.3333333433
244105  -22.446  -20.961  -28.946 0.3333333433
105608  -23.098  -21.127  -28.401 0.3333333433
104301  -23.408  -21.730  -27.418 0.2222222239
104322  -24.186  -20.990  -27.654 0.2222222239
102781  -24.056  -21.832  -26.850 0.2222222239
230038  -25.069  -21.891  -25.907 0.1111111119
104268  -24.828  -21.566  -26.389 0.2222222239
111903  -20.291  -16.798  -28.845 0.2222222239
110505  -20.781  -17.443  -28.799 0.2222222239
109191  -20.369  -18.153  -28.075 0.2222222239
106820  -20.641  -19.250  -28.447 0.3333333433
106797  -20.673  -19.976  -28.382 0.3333333433
106798  -21.708  -20.022  -28.246 0.3333333433
104303  -25.306  -20.923  -26.621 0.1111111119
223705  -20.834  -16.025  -29.593 0.2222222239
110506  -20.934  -17.114  -29.183 0.3333333433
111940  -21.478  -16.094  -29.977 0.3333333433
110529  -21.453  -17.390  -29.578 0.3333333433
111941  -21.921  -16.679  -29.971 0.3333333433
110530  -22.145  -17.371  -29.920 0.3333333433
109213  -21.480  -18.466  -29.364 0.3333333433
109243  -22.624  -18.198  -29.943 0.3333333433
260425  -23.270  -19.610  -29.602 0.3333333433
108046  -22.838  -18.923  -29.742 0.3333333433
218982  -24.066  -20.054  -29.397 0.3333333433
108022  -24.495  -19.502  -29.007 0.3333333433
106826  -24.992  -19.525  -28.362 0.3333333433
106799  -25.034  -19.988  -27.731 0.1111111119
245952  -25.928  -19.906  -27.150 0.2222222239
114750  -21.187  -14.771  -30.120 0.2222222239
113409  -21.755  -15.478  -30.022 0.2222222239
111942  -22.637  -16.792  -30.226 0.3333333433
241746  -23.478  -17.009  -30.464 0.3333333433
109268  -24.012  -18.218  -30.173 0.3333333433
109244  -23.759  -18.655  -29.881 0.3333333433
109245  -24.292  -18.406  -29.685 0.3333333433
106800  -25.920  -19.314  -27.576 0.1111111119
239009  -21.341  -14.110  -30.410 0.3333333433
239830  -22.206  -13.975  -30.278 0.3333333433
114764  -23.524  -15.051  -31.038 0.3333333433
110558  -23.895  -17.739  -30.487 0.3333333433
108049  -24.990  -18.501  -29.269 0.3333333433
109246  -25.520  -17.914  -29.311 0.3333333433
109215  -26.041  -18.078  -28.650 0.3333333433
234896  -37.670  -14.562  -30.212 0.2222222239
233768  -36.420  -12.994  -29.159 0.2222222239
237476  -36.744  -14.135  -29.654 0.2222222239
255914  -36.304  -9.728  -27.272 0.3333333433
122001  -36.308  -10.217  -27.575 0.2222222239
104319  -21.782  -21.440  -28.041 0.3333333433
104320  -22.835  -21.680  -28.083 0.3333333433
102749  -23.799  -22.481  -26.544 0.2222222239
104269  -25.570  -21.473  -25.932 0.1111111119
253644  -20.666  -16.497  -29.233 0.3333333433
109212  -21.165  -17.909  -29.223 0.3333333433
108021  -22.412  -19.325  -29.422 0.3333333433
106824  -23.309  -20.251  -29.253 0.3333333433
105624  -23.233  -20.664  -28.769 0.3333333433
106825  -24.477  -20.027  -28.613 0.3333333433
255436  -21.702  -17.032  -29.782 0.3333333433
113410  -22.609  -15.482  -30.193 0.3333333433
109214  -25.503  -18.440  -28.689 0.3333333433
258824  -23.215  -23.395  -25.742 0.1111111119
99800  -24.097  -23.277  -24.937 0.1111111119
105577  -19.918  -20.719  -27.468 0.3333333433
104317  -20.389  -21.102  -27.780 0.3333333433
104299  -20.586  -21.812  -27.594 0.3333333433
102794  -21.497  -22.044  -27.688 0.3333333433
102779  -22.173  -22.455  -27.597 0.3333333433
101234  -23.146  -22.652  -26.730 0.3333333433
99754  -25.467  -23.548  -23.594 0.1111111119
101181  -25.495  -22.782  -24.505 0.1111111119
107989  -20.208  -18.922  -28.091 0.3333333433
101182  -25.962  -22.519  -24.637 0.1111111119
110492  -20.384  -17.478  -28.354 0.2222222239
102752  -26.166  -22.222  -25.688 0.1111111119
111902  -20.341  -16.014  -29.071 0.2222222239
105580  -26.012  -20.606  -26.736 0.1111111119
105581  -26.534  -20.417  -26.624 0.1111111119
113408  -21.142  -15.419  -29.832 0.2222222239
106769  -26.774  -19.804  -26.846 0.1111111119
107990  -26.247  -18.847  -27.770 0.1111111119
108024  -26.571  -18.272  -28.150 0.1111111119
115985  -21.632  -13.369  -30.581 0.1111111119
118418  -36.382  -12.641  -28.384 0.2222222239
123192  -36.400  -9.420  -26.819 0.2222222239
121992  -36.401  -10.058  -26.833 0.2222222239
117214  -23.377  -12.333  -32.127 0.2222222239
117215  -23.896  -12.684  -32.445 0.3333333433
114752  -22.849  -14.758  -30.290 0.4444444478
113411  -23.137  -15.577  -30.897 0.4444444478
119648  -36.377  -11.331  -27.515 0.2222222239
99782  -25.171  -23.365  -24.243 0.1111111119
101197  -23.879  -23.209  -25.666 0.1111111119
104318  -20.975  -21.391  -27.951 0.3333333433
105606  -21.524  -20.270  -28.091 0.3333333433
102795  -22.255  -22.022  -28.111 0.3333333433
109211  -20.760  -18.022  -28.635 0.3333333433
105604  -19.933  -20.161  -27.724 0.3333333433
105607  -21.993  -20.874  -28.468 0.3333333433
106822  -21.987  -19.716  -29.039 0.3333333433
260080  -22.626  -20.501  -29.195 0.3333333433
249118  -23.928  -21.367  -27.297 0.2222222239
105610  -24.381  -20.471  -28.056 0.2222222239
106821  -21.268  -19.377  -28.721 0.3333333433
108019  -21.074  -18.678  -28.908 0.3333333433
105552  -25.984  -21.047  -26.349 0.1111111119
105578  -24.775  -20.576  -27.277 0.1111111119
111920  -21.304  -16.662  -29.592 0.3333333433
218682  -22.258  -16.156  -30.160 0.3333333433
109242  -21.786  -18.023  -29.667 0.3333333433
108045  -22.093  -18.673  -29.616 0.3333333433
108020  -21.692  -19.042  -29.198 0.3333333433
108048  -24.079  -19.393  -29.680 0.3333333433
105625  -24.010  -20.524  -28.928 0.3333333433
109267  -23.457  -18.155  -30.045 0.3333333433
249353  -24.533  -18.961  -29.258 0.3333333433
240574  -20.695  -14.211  -30.328 0.2222222239
110557  -23.109  -17.468  -30.075 0.3333333433
106827  -25.573  -19.049  -28.160 0.3333333433
107991  -27.002  -18.748  -27.531 0.1111111119
99798  -22.821  -23.781  -25.474 0.1111111119
101216  -22.617  -23.016  -26.726 0.2222222239
104298  -20.085  -21.430  -27.285 0.3333333433
252150  -19.728  -20.552  -26.901 0.2222222239
102776  -20.291  -22.104  -27.072 0.3333333433
102777  -20.882  -22.458  -27.304 0.3333333433
101232  -22.067  -22.918  -27.167 0.3333333433
107988  -19.813  -18.988  -27.495 0.2222222239
115972  -36.428  -13.627  -29.008 0.1111111119
115956  -36.405  -13.649  -28.140 0.1111111119
118406  -36.348  -12.499  -27.575 0.1111111119
256543  -36.312  -12.469  -26.982 0.1111111119
120820  -36.370  -10.801  -27.728 0.1111111119
242185  -36.208  -11.969  -27.239 0.1111111119
119635  -36.450  -11.465  -26.766 0.1111111119
125388  -36.964  -7.454  -26.820 0.2222222239
120810  -36.420  -10.740  -26.975 0.1111111119
127539  -37.736  -6.533  -26.931 0.1111111119
126476  -37.096  -6.965  -26.908 0.2222222239
127550  -37.906  -5.838  -27.186 0.1111111119
127540  -38.308  -6.303  -27.067 0.1111111119
133365  -34.736  -2.262  -29.541 0.4444444478
223812  -34.779  -2.010  -29.557 0.4444444478
129738  -38.302  -4.539  -27.624 0.1111111119
133356  -38.068  -1.629  -29.020 0.3333333433
130974  -38.557  -3.451  -28.118 0.1111111119
132119  -39.014  -3.048  -28.537 0.1111111119
135711  -35.921  -0.396  -30.437 0.4444444478
136840  -36.109  0.686  -30.613 0.4444444478
135694  -36.539  -0.469  -29.952 0.4444444478
136841  -36.556  0.458  -30.382 0.4444444478
135695  -36.938  0.056  -30.074 0.4444444478
254365  -37.422  0.414  -30.078 0.4444444478
137983  -37.659  0.893  -30.196 0.4444444478
136833  -37.892  0.380  -30.005 0.2222222239
135696  -38.167  -0.186  -29.769 0.2222222239
135684  -38.430  -0.659  -29.415 0.2222222239
135697  -38.849  -0.256  -29.851 0.2222222239
134530  -38.593  -1.215  -29.209 0.2222222239
143247  -39.519  5.364  -32.981 0.1111111119
141137  -39.683  3.770  -32.239 0.1111111119
231445  -39.640  -0.333  -29.984 0.1111111119
133375  -34.724  -1.073  -30.182 0.4444444478
134553  -34.545  -0.284  -30.681 0.4444444478
134554  -35.190  -1.061  -30.614 0.4444444478
135710  -35.067  -0.078  -30.951 0.3333333433
243351  -35.878  0.234  -31.027 0.4444444478
137998  -36.462  1.564  -31.493 0.4444444478
137999  -37.007  1.787  -31.454 0.4444444478
223603  -36.931  1.339  -31.179 0.4444444478
136832  -37.119  0.647  -30.321 0.4444444478
137989  -37.366  1.171  -30.644 0.4444444478
141135  -36.829  3.488  -32.302 0.3333333433
139031  -38.123  2.403  -31.217 0.3333333433
140057  -38.619  2.932  -31.417 0.1111111119
139024  -38.429  1.975  -30.665 0.1111111119
139025  -39.150  1.828  -30.684 0.1111111119
136834  -38.518  0.323  -30.023 0.2222222239
139033  -39.625  2.177  -31.324 0.1111111119
133382  -34.399  -0.919  -30.672 0.2222222239
136853  -35.326  0.899  -31.184 0.3333333433
234768  -35.780  1.485  -31.418 0.3333333433
139029  -36.586  2.048  -31.695 0.3333333433
139030  -37.279  2.346  -31.588 0.4444444478
141127  -37.510  3.443  -31.836 0.2222222239
141128  -38.334  3.512  -31.909 0.2222222239
141136  -38.979  3.873  -32.135 0.1111111119
142243  -37.619  4.756  -32.769 0.1111111119
244295  -37.697  3.861  -32.165 0.1111111119
244493  -38.025  4.358  -32.349 0.1111111119
141129  -39.190  3.365  -31.729 0.1111111119
142236  -38.737  4.417  -32.285 0.1111111119
136852  -34.618  0.343  -31.550 0.3333333433
139038  -35.057  2.214  -31.756 0.3333333433
140062  -35.518  2.624  -32.120 0.3333333433
139040  -36.069  2.308  -31.827 0.3333333433
140064  -36.380  2.923  -32.385 0.3333333433
142234  -36.360  3.626  -32.964 0.2222222239
142235  -37.188  4.132  -32.557 0.2222222239
143244  -37.110  5.310  -33.092 0.1111111119
143245  -38.000  5.511  -32.824 0.1111111119
143246  -38.728  5.511  -32.852 0.1111111119
145342  -39.569  7.233  -33.592 0.1111111119
140053  -35.084  3.001  -31.227 0.1111111119
238860  -35.178  3.055  -31.730 0.1111111119
223896  -35.483  2.920  -32.369 0.2222222239
141132  -35.574  3.359  -32.839 0.2222222239
141133  -36.069  3.040  -32.917 0.3333333433
142241  -35.263  4.179  -33.938 0.2222222239
141134  -36.020  2.925  -33.042 0.3333333433
238743  -35.630  3.999  -33.686 0.3333333433
142249  -35.279  4.291  -34.281 0.2222222239
143251  -35.625  4.665  -34.246 0.1111111119
144301  -35.428  5.492  -34.338 0.1111111119
143243  -36.347  4.982  -33.486 0.1111111119
143252  -36.457  5.646  -33.705 0.1111111119
144295  -37.585  5.921  -33.363 0.1111111119
144303  -38.115  6.514  -33.644 0.1111111119
144296  -38.361  6.113  -33.021 0.1111111119
143253  -39.970  6.041  -33.259 0.1111111119
143248  -40.345  5.287  -33.159 0.1111111119
141126  -35.369  3.776  -31.954 0.1111111119
143233  -35.421  4.877  -32.173 0.1111111119
142233  -35.443  4.171  -32.427 0.1111111119
143236  -35.137  5.015  -32.983 0.1111111119
144294  -34.286  5.601  -33.953 0.1111111119
235147  -34.548  4.872  -34.230 0.1111111119
143242  -34.835  4.508  -34.303 0.2222222239
256381  -34.629  4.808  -34.368 0.1111111119
143250  -34.944  4.665  -34.409 0.1111111119
230164  -34.803  6.628  -34.742 0.1111111119
145338  -35.438  6.349  -34.717 0.1111111119
145339  -36.311  6.247  -34.484 0.1111111119
143235  -34.967  5.310  -32.229 0.1111111119
144290  -34.340  5.985  -32.328 0.1111111119
145333  -34.027  6.116  -34.058 0.1111111119
145336  -33.519  6.945  -34.203 0.1111111119
146368  -33.777  7.481  -32.576 0.1111111119
146365  -33.228  7.571  -31.662 0.1111111119
234701  -36.591  -14.256  -28.709 0.1111111119
117161  -36.400  -13.071  -27.792 0.1111111119
117152  -36.324  -12.950  -27.110 0.1111111119
123193  -36.720  -9.012  -26.329 0.1111111119
128633  -38.424  -5.301  -27.526 0.1111111119
134528  -37.571  -1.118  -29.240 0.4444444478
135683  -37.842  -0.607  -29.450 0.3333333433
133342  -38.357  -2.233  -28.815 0.1111111119
133357  -38.760  -1.885  -29.029 0.1111111119
130965  -38.701  -4.077  -27.841 0.1111111119
135712  -36.355  0.180  -30.297 0.4444444478
136835  -39.277  0.236  -30.277 0.2222222239
139032  -38.867  2.353  -31.102 0.1111111119
140058  -39.413  2.776  -31.508 0.1111111119
140059  -40.066  2.498  -31.752 0.1111111119
139028  -36.107  1.848  -31.640 0.3333333433
143238  -39.054  4.917  -32.476 0.1111111119
144291  -34.729  5.544  -33.119 0.1111111119
145337  -34.225  6.144  -34.301 0.1111111119
145346  -35.314  7.085  -35.321 0.1111111119
146370  -33.186  7.585  -33.335 0.1111111119
223374  -36.283  -14.384  -26.931 0.1111111119
115940  -36.289  -13.627  -27.251 0.1111111119
124320  -36.474  -8.617  -26.942 0.2222222239
216489  -36.732  0.865  -30.772 0.4444444478
137988  -36.226  1.142  -31.181 0.4444444478
139023  -37.652  1.790  -31.050 0.4444444478
140056  -37.802  3.007  -31.541 0.2222222239
143232  -35.382  5.100  -31.349 0.1111111119
251433  -34.600  5.447  -31.487 0.1111111119
145327  -33.857  6.771  -31.964 0.1111111119
144293  -34.090  6.117  -33.331 0.1111111119
145330  -33.681  6.732  -33.479 0.1111111119
114723  -36.377  -14.848  -27.476 0.1111111119
114745  -36.944  -14.788  -29.377 0.1111111119
230628  -36.468  -14.263  -27.791 0.1111111119
115930  -36.385  -13.830  -26.454 0.1111111119
118366  -36.569  -12.472  -25.831 0.1111111119
118392  -36.452  -12.126  -26.551 0.1111111119
118380  -36.584  -11.672  -25.901 0.1111111119
120811  -36.612  -10.360  -26.246 0.1111111119
121993  -36.684  -9.735  -26.281 0.1111111119
124321  -37.018  -8.396  -26.499 0.1111111119
125389  -38.096  -7.711  -26.601 0.1111111119
132132  -34.991  -3.098  -29.273 0.4444444478
127551  -38.675  -5.880  -27.415 0.1111111119
132127  -39.369  -2.754  -28.932 0.1111111119
129747  -39.235  -3.772  -28.397 0.1111111119
254380  -34.863  -1.984  -30.154 0.4444444478
133368  -39.749  -1.906  -29.668 0.1111111119
135713  -40.121  -0.056  -30.291 0.1111111119
134560  -34.323  -0.405  -30.856 0.2222222239
135723  -34.382  0.017  -30.853 0.3333333433
136862  -34.292  0.360  -31.533 0.2222222239
234796  -34.272  0.848  -31.313 0.2222222239
140066  -40.705  2.548  -32.294 0.1111111119
139027  -34.333  1.801  -31.313 0.1111111119
140061  -35.145  2.427  -31.889 0.2222222239
142245  -40.856  4.570  -33.088 0.1111111119
143254  -40.565  5.868  -33.513 0.1111111119
139022  -34.853  2.388  -30.884 0.1111111119
228778  -35.202  3.618  -31.201 0.1111111119
142230  -35.654  5.021  -30.781 0.1111111119
144306  -40.300  6.630  -33.428 0.1111111119
143229  -35.329  5.267  -30.735 0.1111111119
144284  -34.190  5.635  -30.868 0.1111111119
145347  -36.276  7.064  -34.856 0.1111111119
145348  -37.348  7.515  -34.322 0.1111111119
145349  -38.255  7.628  -34.119 0.1111111119
145350  -39.174  7.554  -34.046 0.1111111119
144287  -34.071  6.067  -31.451 0.1111111119
146373  -33.347  7.656  -34.849 0.1111111119
146377  -34.023  7.798  -35.592 0.1111111119
249377  -32.413  8.309  -33.305 0.1111111119
125387  -36.700  -7.933  -26.828 0.1111111119
231483  -37.547  -0.139  -29.842 0.4444444478
117137  -36.392  -12.753  -26.472 0.1111111119
120800  -36.618  -11.024  -26.339 0.1111111119
224119  -37.340  -7.827  -26.621 0.1111111119
126465  -37.623  -7.235  -26.808 0.1111111119
129739  -38.872  -4.852  -27.819 0.1111111119
132126  -38.869  -2.496  -28.810 0.1111111119
137990  -38.012  1.372  -30.530 0.2222222239
137984  -38.207  0.924  -30.162 0.2222222239
137991  -38.708  1.410  -30.415 0.1111111119
134545  -39.138  -0.923  -29.727 0.2222222239
134531  -39.194  -1.592  -29.402 0.1111111119
142244  -39.876  4.731  -32.880 0.1111111119
144297  -39.170  6.029  -33.213 0.1111111119
140065  -40.084  3.087  -32.179 0.1111111119
142237  -39.396  4.336  -32.354 0.1111111119
142238  -40.072  4.231  -32.556 0.1111111119
141138  -40.491  3.763  -32.601 0.1111111119
135698  -40.045  -0.781  -30.038 0.1111111119
134546  -39.625  -1.379  -29.784 0.1111111119
136843  -39.901  0.501  -30.518 0.2222222239
140055  -37.057  3.016  -31.875 0.3333333433
136842  -39.420  1.031  -30.605 0.2222222239
139039  -35.516  1.996  -31.629 0.3333333433
261534  -38.386  3.940  -32.251 0.1111111119
143237  -38.369  5.074  -32.351 0.1111111119
137997  -34.332  0.846  -31.204 0.3333333433
250220  -34.942  1.505  -31.385 0.3333333433
138007  -34.292  1.459  -31.319 0.1111111119
140063  -35.960  2.681  -32.624 0.3333333433
259140  -36.027  3.854  -33.442 0.2222222239
142242  -36.628  4.465  -33.087 0.1111111119
144304  -38.958  6.542  -33.615 0.1111111119
145341  -38.665  7.038  -33.870 0.1111111119
144305  -39.724  6.673  -33.443 0.1111111119
140052  -34.918  2.317  -31.529 0.1111111119
141141  -35.801  3.620  -33.379 0.3333333433
142240  -35.353  3.908  -32.814 0.1111111119
141142  -35.938  3.343  -33.341 0.3333333433
239580  -36.081  4.447  -34.202 0.1111111119
144302  -37.206  6.391  -33.871 0.1111111119
145340  -37.775  6.970  -34.038 0.1111111119
142231  -35.534  4.720  -31.527 0.1111111119
240265  -35.375  4.463  -32.896 0.1111111119
144299  -34.413  5.413  -34.332 0.1111111119
143241  -34.996  4.340  -33.878 0.1111111119
144300  -34.708  5.498  -34.525 0.1111111119
146374  -34.513  7.363  -35.104 0.1111111119
243727  -36.993  6.845  -34.307 0.1111111119
248592  -34.050  6.737  -32.683 0.1111111119
260753  -34.189  7.061  -34.570 0.1111111119
114736  -36.533  -14.989  -28.382 0.1111111119
248389  -36.371  -13.280  -26.677 0.1111111119
137992  -40.200  0.910  -30.903 0.1111111119
139034  -40.497  1.965  -31.746 0.1111111119
146379  -35.883  7.751  -35.442 0.1111111119
117123  -36.535  -13.209  -26.026 0.1111111119
126466  -38.385  -7.021  -26.855 0.1111111119
133358  -39.393  -2.248  -29.209 0.1111111119
138001  -40.626  1.285  -31.427 0.1111111119
140070  -41.022  3.103  -32.714 0.1111111119
139021  -34.382  2.035  -31.060 0.1111111119
142228  -35.593  4.483  -30.997 0.1111111119
146380  -36.985  7.771  -34.995 0.1111111119
147373  -33.420  8.405  -35.428 0.1111111119
146378  -34.840  7.749  -35.702 0.1111111119
102748  -20.542  -22.784  -26.679 0.2222222239
119704  -29.036  -11.082  -32.529 0.2222222239
246788  -29.168  -11.561  -32.937 0.4444444478
132131  -34.983  -2.891  -29.240 0.3333333433
133364  -34.728  -1.819  -29.844 0.1111111119
133374  -34.778  -1.151  -30.041 0.1111111119
118476  -27.988  -11.421  -32.655 0.2222222239
127576  -34.193  -6.040  -29.270 0.1111111119
223840  -34.796  -4.688  -28.558 0.1111111119
132123  -35.090  -3.025  -28.822 0.1111111119
133353  -34.891  -1.998  -28.743 0.1111111119
134541  -34.949  -0.869  -29.685 0.1111111119
134552  -34.293  -0.727  -30.686 0.1111111119
117235  -25.008  -11.590  -31.962 0.2222222239
118475  -27.523  -11.245  -32.339 0.2222222239
258687  -31.240  -8.959  -33.394 0.2222222239
122036  -30.933  -9.331  -33.244 0.1111111119
118477  -28.399  -11.507  -32.663 0.2222222239
130969  -35.361  -3.723  -27.972 0.1111111119
233182  -34.625  -2.553  -29.434 0.1111111119
110570  -34.391  -17.557  -31.229 0.1111111119
254967  -20.045  -22.726  -26.132 0.1111111119
101215  -21.314  -23.082  -26.981 0.1111111119
99815  -21.905  -23.770  -26.230 0.1111111119
102718  -19.083  -21.941  -25.285 0.1111111119
104266  -19.612  -21.003  -26.073 0.1111111119
104297  -19.805  -20.935  -26.744 0.1111111119
234230  -19.733  -20.158  -27.026 0.1111111119
106795  -19.769  -19.589  -27.246 0.1111111119
119715  -23.799  -10.228  -33.061 0.1111111119
119705  -29.191  -11.006  -32.462 0.1111111119
125446  -31.848  -6.343  -33.194 0.2222222239
125439  -33.026  -7.302  -31.943 0.2222222239
125440  -33.642  -7.525  -30.622 0.2222222239
102746  -19.632  -21.657  -25.876 0.1111111119
119716  -29.745  -11.088  -33.135 0.1111111119
252146  -20.414  -23.341  -26.185 0.1111111119
239903  -21.954  -23.389  -26.730 0.1111111119
237129  -19.131  -19.742  -25.967 0.1111111119
106768  -19.428  -19.621  -26.558 0.1111111119
107970  -19.452  -18.991  -26.749 0.1111111119
109190  -19.919  -18.290  -27.529 0.1111111119
118471  -23.464  -10.856  -32.822 0.1111111119
118473  -25.448  -10.238  -32.129 0.1111111119
119691  -29.083  -11.096  -32.125 0.1111111119
124362  -33.067  -8.201  -31.992 0.2222222239
240053  -33.858  -7.052  -30.349 0.1111111119
99816  -22.597  -23.510  -26.185 0.1111111119
101196  -19.601  -23.066  -25.752 0.1111111119
126523  -33.369  -6.567  -31.201 0.2222222239
126511  -33.972  -6.324  -30.594 0.1111111119
240878  -26.769  -11.534  -32.236 0.1111111119
117234  -24.060  -11.940  -32.373 0.1111111119
236651  -20.197  -16.950  -27.961 0.1111111119
114749  -20.732  -14.809  -29.973 0.1111111119
118457  -22.969  -11.708  -32.469 0.1111111119
118489  -23.679  -11.131  -32.764 0.1111111119
104267  -20.049  -21.515  -26.422 0.1111111119
105551  -19.550  -20.342  -26.389 0.1111111119
260141  -20.882  -23.240  -26.600 0.1111111119
118474  -26.077  -11.043  -31.995 0.1111111119
118472  -24.435  -10.587  -32.683 0.1111111119
102747  -20.076  -22.156  -26.268 0.1111111119
102719  -19.441  -22.419  -25.805 0.1111111119
101195  -19.141  -22.779  -25.389 0.1111111119
104246  -19.123  -21.129  -25.505 0.1111111119
119702  -24.188  -9.508  -33.015 0.1111111119
124363  -33.584  -8.075  -31.035 0.1111111119
105545  -19.201  -20.426  -25.747 0.1111111119
107963  -18.960  -18.994  -26.080 0.1111111119
118456  -22.377  -11.075  -31.864 0.1111111119
119689  -22.996  -10.251  -32.305 0.1111111119
125431  -34.020  -7.565  -29.869 0.1111111119
126495  -34.085  -6.818  -29.729 0.1111111119
123230  -32.430  -8.720  -32.329 0.1111111119
99781  -24.474  -23.576  -24.407 0.1111111119
99799  -23.401  -23.502  -25.103 0.1111111119
99814  -21.211  -23.638  -26.461 0.1111111119
99817  -23.372  -23.019  -26.250 0.1111111119
101199  -25.343  -22.437  -25.040 0.1111111119
101233  -22.655  -22.605  -27.195 0.3333333433
102722  -26.473  -22.421  -25.560 0.1111111119
102750  -24.492  -22.199  -26.274 0.2222222239
102751  -25.502  -22.095  -25.590 0.1111111119
102778  -21.625  -22.608  -27.329 0.3333333433
104300  -22.747  -22.154  -27.628 0.3333333433
104302  -24.518  -21.205  -27.003 0.2222222239
104321  -23.578  -21.326  -27.868 0.2222222239
105579  -25.403  -20.352  -27.073 0.1111111119
105609  -23.837  -20.929  -28.375 0.2222222239
105623  -22.280  -20.454  -29.058 0.3333333433
106801  -26.463  -19.286  -27.252 0.1111111119
106823  -22.512  -20.114  -29.463 0.3333333433
108023  -25.034  -19.048  -28.815 0.3333333433
108047  -23.471  -19.059  -29.788 0.3333333433
109196  -29.968  -17.992  -27.631 0.1111111119
109220  -31.002  -17.751  -27.958 0.1111111119
110493  -29.109  -17.589  -28.111 0.2222222239
110533  -26.042  -17.642  -30.033 0.4444444478
111906  -31.571  -16.950  -28.670 0.2222222239
111923  -28.098  -16.461  -29.710 0.4444444478
111928  -32.471  -16.939  -29.619 0.1111111119
111947  -27.529  -16.828  -30.669 0.4444444478
113397  -20.662  -15.371  -29.494 0.1111111119
113427  -26.179  -15.831  -31.456 0.4444444478
114751  -22.074  -14.752  -29.968 0.3333333433
117176  -36.361  -13.182  -28.478 0.1111111119
117233  -23.430  -11.839  -32.602 0.1111111119
119701  -23.670  -9.541  -33.007 0.1111111119
120865  -23.986  -8.860  -32.697 0.1111111119
124374  -32.051  -6.519  -34.089 0.5555555820
125453  -31.816  -6.053  -33.625 0.3333333433
126510  -33.448  -5.763  -31.228 0.2222222239
127608  -33.287  -4.898  -31.791 0.3333333433
127624  -32.652  -4.136  -32.584 0.5555555820
127625  -33.030  -3.936  -33.020 0.5555555820
128703  -32.723  -3.881  -32.643 0.5555555820
134529  -38.097  -1.000  -29.209 0.3333333433
134567  -34.305  0.096  -31.055 0.2222222239
137987  -35.025  1.433  -30.571 0.1111111119
138000  -39.853  1.474  -31.276 0.1111111119
139037  -34.567  1.954  -31.629 0.1111111119
140054  -36.509  2.594  -31.950 0.3333333433
218637  -23.216  -18.611  -29.910 0.3333333433
222714  -22.360  -21.514  -28.576 0.3333333433
226271  -19.979  -23.745  -25.578 0.1111111119
235823  -25.467  -19.543  -27.784 0.2222222239
243823  -24.488  -17.604  -30.861 0.4444444478
248944  -36.909  -12.580  -30.485 0.5555555820
255019  -21.417  -20.925  -28.063 0.3333333433
257002  -38.832  0.799  -30.345 0.1111111119
257155  -25.996  -18.526  -28.246 0.3333333433
260199  -26.532  -18.009  -28.644 0.3333333433
261171  -34.840  -0.898  -29.977 0.1111111119
