#!ascii label  , from subject sub-v2s11x28727_ses-1 vox2ras=TkReg
1548
79268  -10.789  -32.476  36.949 0.0000000000
94431  -34.441  -23.172  30.964 0.0000000000
104479  -32.548  -18.387  27.282 0.0000000000
95556  -26.997  -22.385  34.544 0.0000000000
114193  -40.841  -11.340  16.621 0.0000000000
196673  -34.518  -14.342  20.426 0.0000000000
96735  -34.978  -21.410  37.068 0.0000000000
94381  -31.819  -23.191  33.259 0.0000000000
114145  -46.916  -10.250  19.863 0.0000000000
119420  -50.411  -6.684  17.769 0.0000000000
117456  -53.122  -7.666  15.108 0.0000000000
227874  -34.415  -13.397  29.521 0.0000000000
106913  -31.833  -16.140  23.598 0.0000000000
110633  -37.135  -13.238  26.526 0.0000000000
110707  -40.397  -12.571  23.807 0.0000000000
91697  -22.441  -25.608  32.978 0.0000000000
76319  -5.876  -34.310  37.464 0.0000000000
100682  -35.340  -20.299  29.113 0.0000000000
107962  -33.411  -15.666  33.499 0.0000000000
90384  -24.698  -25.492  30.448 0.0000000000
199303  -27.081  -22.947  28.588 0.0000000000
117504  -52.483  -9.313  11.128 0.0000000000
123716  -53.602  -4.264  14.102 0.0000000000
110807  -38.379  -13.006  18.607 0.0000000000
114092  -43.504  -11.181  21.486 0.0000000000
80681  -15.373  -31.827  34.393 0.0000000000
71218  -5.213  -38.389  34.627 0.0000000000
116303  -48.074  -9.249  19.249 0.0000000000
110610  -35.689  -13.747  27.692 0.0000000000
194991  -20.871  -25.916  30.581 0.0000000000
76309  -8.465  -33.347  38.104 0.0000000000
95666  -34.857  -22.747  28.143 0.0000000000
96812  -35.185  -21.734  30.978 0.0000000000
196500  -25.846  -24.240  33.008 0.0000000000
93092  -25.962  -24.245  30.722 0.0000000000
95595  -26.764  -22.247  32.049 0.0000000000
93069  -32.890  -24.655  32.248 0.0000000000
94429  -31.456  -23.951  30.511 0.0000000000
223591  -32.884  -24.856  29.722 0.0000000000
93022  -26.539  -23.900  35.478 0.0000000000
91701  -25.153  -24.835  33.563 0.0000000000
202284  -46.889  -8.101  13.045 0.0000000000
115365  -51.935  -10.549  12.392 0.0000000000
120498  -53.743  -6.843  13.763 0.0000000000
108148  -32.571  -14.998  22.053 0.0000000000
110795  -36.498  -13.316  19.703 0.0000000000
112975  -42.160  -11.462  22.846 0.0000000000
197673  -18.651  -28.725  33.577 0.0000000000
223392  -18.535  -29.905  34.711 0.0000000000
82070  -17.173  -31.012  35.844 0.0000000000
82104  -17.435  -31.580  33.449 0.0000000000
72482  -6.301  -37.477  34.007 0.0000000000
94371  -34.338  -22.313  34.078 0.0000000000
197984  -35.563  -20.746  33.576 0.0000000000
99347  -36.179  -20.094  36.687 0.0000000000
98048  -29.537  -21.055  36.976 0.0000000000
96777  -30.128  -21.632  33.729 0.0000000000
95520  -31.958  -22.126  36.716 0.0000000000
94357  -33.191  -23.780  35.295 0.0000000000
115303  -43.458  -10.481  18.554 0.0000000000
117420  -45.298  -9.172  17.164 0.0000000000
118465  -47.147  -7.592  16.243 0.0000000000
221008  -50.118  -7.107  14.456 0.0000000000
117463  -50.957  -9.097  13.530 0.0000000000
118452  -51.665  -6.789  15.887 0.0000000000
108035  -31.717  -15.209  28.622 0.0000000000
105712  -31.264  -17.064  25.900 0.0000000000
109345  -32.218  -14.253  26.485 0.0000000000
110670  -34.140  -13.362  24.867 0.0000000000
110701  -35.360  -13.288  23.632 0.0000000000
110737  -37.203  -13.496  22.199 0.0000000000
189429  -38.380  -12.676  25.049 0.0000000000
91675  -20.110  -25.408  34.011 0.0000000000
88854  -18.823  -26.910  31.947 0.0000000000
123760  -52.710  -4.145  9.052 0.0000000000
224192  -5.031  -34.212  36.939 0.0000000000
98163  -35.212  -22.206  26.749 0.0000000000
103204  -33.858  -19.631  28.585 0.0000000000
103123  -35.619  -19.255  32.388 0.0000000000
105616  -34.515  -18.338  31.029 0.0000000000
106815  -32.623  -16.855  30.053 0.0000000000
196326  -33.148  -14.027  32.014 0.0000000000
95607  -29.652  -22.192  30.999 0.0000000000
90312  -23.791  -26.087  34.813 0.0000000000
91717  -23.970  -26.146  32.143 0.0000000000
117495  -52.422  -8.453  12.618 0.0000000000
120515  -52.486  -7.117  11.682 0.0000000000
122616  -52.018  -5.131  10.941 0.0000000000
126953  -53.992  -2.143  12.527 0.0000000000
77878  -10.949  -33.604  34.449 0.0000000000
74972  -9.328  -34.138  34.941 0.0000000000
111948  -39.481  -12.829  17.899 0.0000000000
110759  -39.084  -12.527  21.552 0.0000000000
111912  -40.850  -12.126  20.574 0.0000000000
113054  -42.364  -11.364  19.565 0.0000000000
112999  -45.330  -10.365  20.810 0.0000000000
80665  -12.836  -31.855  35.562 0.0000000000
194536  -6.948  -35.339  36.282 0.0000000000
74955  -5.026  -35.503  35.960 0.0000000000
74986  -3.872  -35.826  35.558 0.0000000000
77807  -9.730  -33.282  37.601 0.0000000000
224435  -33.634  -23.228  29.916 0.0000000000
95635  -34.821  -22.859  29.873 0.0000000000
95621  -35.011  -22.660  30.766 0.0000000000
94380  -26.188  -23.445  33.815 0.0000000000
94404  -26.126  -22.969  32.321 0.0000000000
95572  -26.929  -21.993  33.632 0.0000000000
93082  -33.570  -24.056  31.703 0.0000000000
192001  -32.736  -24.103  30.805 0.0000000000
93096  -33.624  -23.407  30.726 0.0000000000
94453  -33.276  -23.590  29.534 0.0000000000
221639  -27.256  -22.018  36.289 0.0000000000
94336  -26.804  -22.924  37.052 0.0000000000
94354  -26.838  -23.166  35.557 0.0000000000
93038  -25.900  -23.729  34.217 0.0000000000
192658  -50.482  -9.996  12.205 0.0000000000
102020  -33.239  -20.136  26.661 0.0000000000
102018  -32.168  -19.489  26.003 0.0000000000
109423  -33.732  -14.299  21.453 0.0000000000
108189  -33.457  -15.088  20.343 0.0000000000
110794  -35.906  -13.800  19.974 0.0000000000
200601  -18.669  -29.695  33.040 0.0000000000
194319  -18.630  -29.454  34.516 0.0000000000
83545  -18.459  -30.589  33.946 0.0000000000
82095  -17.760  -30.936  33.959 0.0000000000
82105  -18.083  -31.523  33.142 0.0000000000
95547  -34.500  -22.257  35.820 0.0000000000
96752  -35.269  -21.307  35.108 0.0000000000
98050  -35.891  -20.874  36.988 0.0000000000
191796  -30.457  -21.085  38.556 0.0000000000
214352  -30.754  -21.621  36.342 0.0000000000
96723  -31.890  -21.601  37.648 0.0000000000
95513  -34.126  -22.237  37.518 0.0000000000
95523  -33.551  -23.358  37.258 0.0000000000
94339  -34.041  -22.691  36.555 0.0000000000
188397  -33.950  -22.914  34.968 0.0000000000
114161  -45.338  -9.872  19.310 0.0000000000
223015  -44.247  -10.108  17.689 0.0000000000
194496  -46.278  -9.444  18.607 0.0000000000
118396  -49.170  -8.121  18.917 0.0000000000
118408  -47.592  -8.257  18.282 0.0000000000
118430  -48.886  -7.419  17.519 0.0000000000
119450  -48.229  -7.108  15.592 0.0000000000
118450  -49.984  -6.963  16.395 0.0000000000
118468  -50.928  -7.190  14.953 0.0000000000
119429  -51.433  -6.290  17.139 0.0000000000
109282  -32.691  -13.925  29.168 0.0000000000
109313  -31.674  -14.852  27.913 0.0000000000
110584  -33.394  -13.675  27.904 0.0000000000
188931  -36.031  -13.717  27.139 0.0000000000
110655  -34.787  -13.394  26.445 0.0000000000
188928  -35.675  -13.673  25.410 0.0000000000
110688  -34.837  -13.308  24.245 0.0000000000
110690  -36.342  -13.806  24.834 0.0000000000
189176  -36.846  -13.640  24.421 0.0000000000
189016  -37.813  -13.439  25.516 0.0000000000
90327  -22.512  -25.499  34.294 0.0000000000
91655  -21.582  -25.131  35.260 0.0000000000
91695  -21.478  -25.465  33.145 0.0000000000
90378  -20.038  -26.090  30.892 0.0000000000
125961  -54.126  -2.879  10.130 0.0000000000
125964  -54.796  -2.605  9.175 0.0000000000
205664  -5.624  -34.448  37.269 0.0000000000
98141  -35.515  -21.744  28.137 0.0000000000
96858  -35.269  -22.297  27.091 0.0000000000
98153  -35.478  -21.157  27.929 0.0000000000
226849  -34.746  -20.441  27.482 0.0000000000
101996  -34.448  -20.140  28.615 0.0000000000
221983  -35.759  -19.566  34.348 0.0000000000
100641  -36.011  -20.311  32.463 0.0000000000
103100  -35.914  -18.862  33.828 0.0000000000
106744  -34.332  -16.735  34.228 0.0000000000
105596  -34.829  -17.219  32.802 0.0000000000
106769  -34.325  -16.749  32.724 0.0000000000
106816  -33.338  -17.658  30.715 0.0000000000
106767  -33.014  -16.346  32.221 0.0000000000
107995  -32.258  -15.699  30.855 0.0000000000
109231  -32.910  -14.766  32.572 0.0000000000
94449  -25.926  -23.753  29.340 0.0000000000
95573  -31.150  -21.905  33.833 0.0000000000
96790  -29.826  -21.957  32.319 0.0000000000
216863  -31.112  -22.627  32.329 0.0000000000
95652  -30.929  -23.473  28.521 0.0000000000
90293  -24.442  -26.301  35.727 0.0000000000
191676  -25.032  -25.428  32.577 0.0000000000
91699  -24.540  -25.550  33.118 0.0000000000
91732  -24.135  -26.032  31.444 0.0000000000
90382  -23.612  -26.153  30.547 0.0000000000
117454  -51.762  -8.263  14.626 0.0000000000
116344  -51.619  -8.803  13.518 0.0000000000
189999  -52.508  -7.840  13.644 0.0000000000
121524  -53.858  -5.723  13.932 0.0000000000
120504  -52.935  -7.094  12.765 0.0000000000
121540  -52.821  -5.921  12.714 0.0000000000
120527  -52.312  -6.530  11.280 0.0000000000
122595  -52.602  -5.059  12.462 0.0000000000
124866  -52.476  -3.821  11.681 0.0000000000
125937  -53.373  -3.068  13.217 0.0000000000
106907  -31.255  -16.840  24.512 0.0000000000
104541  -31.080  -17.856  24.328 0.0000000000
111958  -38.939  -13.171  17.343 0.0000000000
111947  -38.922  -13.036  18.258 0.0000000000
188844  -39.157  -12.710  23.174 0.0000000000
198232  -38.490  -13.071  21.488 0.0000000000
110721  -39.982  -12.673  22.573 0.0000000000
114076  -42.844  -11.172  22.201 0.0000000000
209643  -41.361  -12.166  22.067 0.0000000000
112996  -42.510  -12.117  21.160 0.0000000000
113036  -41.178  -11.630  20.057 0.0000000000
113017  -42.984  -11.852  20.465 0.0000000000
113039  -43.502  -11.190  19.882 0.0000000000
114112  -44.854  -10.565  21.203 0.0000000000
82084  -16.354  -31.237  34.851 0.0000000000
82067  -14.925  -31.220  35.806 0.0000000000
191592  -14.175  -31.289  35.934 0.0000000000
80679  -13.795  -31.777  34.639 0.0000000000
79311  -12.800  -32.509  33.587 0.0000000000
80693  -14.308  -32.296  33.162 0.0000000000
74989  -8.582  -35.939  34.312 0.0000000000
188657  -8.360  -34.707  35.583 0.0000000000
73670  -7.820  -35.931  35.196 0.0000000000
203459  -5.510  -38.143  34.595 0.0000000000
74987  -5.865  -36.013  34.893 0.0000000000
73668  -4.575  -36.276  35.271 0.0000000000
74966  -4.262  -35.912  35.756 0.0000000000
72470  -4.754  -37.507  34.434 0.0000000000
95486  -32.807  -22.166  38.909 0.0000000000
114148  -48.514  -10.569  20.397 0.0000000000
115309  -47.238  -9.722  19.355 0.0000000000
115284  -49.290  -9.751  20.240 0.0000000000
201733  -34.810  -13.780  28.553 0.0000000000
91730  -22.515  -25.757  31.874 0.0000000000
91714  -21.364  -25.499  32.367 0.0000000000
76296  -8.009  -33.107  38.798 0.0000000000
220468  -7.017  -33.868  37.735 0.0000000000
94469  -34.616  -23.117  28.557 0.0000000000
95653  -34.999  -22.704  29.097 0.0000000000
99416  -35.395  -20.947  30.202 0.0000000000
217986  -33.930  -13.890  33.900 0.0000000000
93077  -25.623  -24.508  31.834 0.0000000000
93091  -25.564  -24.594  31.048 0.0000000000
93078  -26.042  -24.038  31.525 0.0000000000
94427  -26.501  -22.838  31.272 0.0000000000
95617  -27.164  -22.377  30.998 0.0000000000
93053  -32.184  -23.960  32.739 0.0000000000
195926  -31.406  -23.544  31.747 0.0000000000
211380  -31.912  -24.240  31.037 0.0000000000
93120  -32.021  -24.859  29.679 0.0000000000
93133  -32.767  -25.126  28.496 0.0000000000
91656  -26.048  -24.621  36.242 0.0000000000
90315  -25.109  -25.311  34.852 0.0000000000
198295  -25.421  -24.222  34.388 0.0000000000
228371  -25.619  -24.588  33.304 0.0000000000
117462  -45.757  -8.817  13.713 0.0000000000
115386  -52.411  -10.646  11.935 0.0000000000
117444  -53.981  -6.987  15.865 0.0000000000
118497  -53.550  -7.619  14.226 0.0000000000
106921  -32.085  -15.527  22.360 0.0000000000
109471  -35.853  -13.778  18.139 0.0000000000
193418  -37.562  -12.746  19.262 0.0000000000
210171  -42.191  -11.392  25.441 0.0000000000
193421  -41.241  -11.795  23.963 0.0000000000
114049  -43.207  -10.913  24.552 0.0000000000
88820  -18.490  -27.023  34.180 0.0000000000
87389  -18.525  -27.784  35.032 0.0000000000
84820  -17.863  -29.685  36.161 0.0000000000
211723  -17.413  -30.546  35.271 0.0000000000
82094  -16.894  -31.140  34.080 0.0000000000
80689  -16.099  -32.160  33.467 0.0000000000
80695  -15.720  -32.649  32.959 0.0000000000
80696  -16.454  -32.443  33.029 0.0000000000
94407  -34.974  -23.230  32.535 0.0000000000
196157  -35.395  -22.548  32.538 0.0000000000
95577  -35.212  -22.034  33.627 0.0000000000
99362  -35.649  -20.171  35.125 0.0000000000
210896  -27.750  -21.490  35.857 0.0000000000
96761  -27.748  -21.578  34.029 0.0000000000
96749  -29.732  -21.305  35.130 0.0000000000
197240  -31.430  -21.868  35.122 0.0000000000
95545  -32.341  -22.727  35.059 0.0000000000
188155  -32.789  -23.121  37.688 0.0000000000
95534  -32.579  -23.237  36.158 0.0000000000
94365  -32.740  -23.366  34.147 0.0000000000
93029  -33.539  -24.611  34.071 0.0000000000
93056  -34.051  -24.560  33.177 0.0000000000
96720  -28.727  -21.422  38.158 0.0000000000
115316  -42.148  -10.394  17.851 0.0000000000
115329  -41.904  -10.507  16.166 0.0000000000
116310  -43.230  -9.950  16.968 0.0000000000
116322  -43.830  -9.767  16.326 0.0000000000
205858  -44.769  -8.981  15.517 0.0000000000
117409  -46.787  -9.168  18.186 0.0000000000
118426  -46.537  -8.491  17.134 0.0000000000
118480  -45.682  -8.232  15.121 0.0000000000
119470  -47.342  -7.501  14.397 0.0000000000
119484  -48.116  -7.661  13.655 0.0000000000
118509  -49.546  -8.189  13.298 0.0000000000
201212  -50.633  -9.228  13.276 0.0000000000
224226  -50.574  -8.360  14.103 0.0000000000
118483  -51.186  -8.123  14.782 0.0000000000
118471  -52.422  -7.289  15.760 0.0000000000
225538  -52.545  -6.547  18.212 0.0000000000
117432  -53.344  -6.824  16.788 0.0000000000
106847  -31.765  -16.703  28.262 0.0000000000
104498  -31.927  -18.026  26.375 0.0000000000
106884  -31.515  -16.580  27.126 0.0000000000
108078  -31.313  -15.647  26.661 0.0000000000
108089  -31.674  -15.056  25.422 0.0000000000
110609  -34.185  -13.599  27.557 0.0000000000
109347  -33.143  -13.412  25.917 0.0000000000
109368  -32.536  -14.145  24.534 0.0000000000
108119  -32.968  -14.341  23.227 0.0000000000
109406  -34.312  -13.890  22.679 0.0000000000
110734  -34.971  -13.764  21.805 0.0000000000
110756  -36.180  -13.463  21.287 0.0000000000
190655  -36.618  -13.705  22.529 0.0000000000
110704  -37.926  -12.669  23.604 0.0000000000
189314  -39.864  -12.395  25.023 0.0000000000
110660  -40.462  -12.471  26.226 0.0000000000
110678  -41.154  -11.984  25.657 0.0000000000
91663  -19.834  -25.336  34.629 0.0000000000
91713  -20.464  -25.620  32.520 0.0000000000
91712  -19.670  -25.922  32.744 0.0000000000
90326  -18.885  -26.450  33.917 0.0000000000
87449  -18.564  -27.978  32.580 0.0000000000
102012  -33.806  -20.014  27.188 0.0000000000
103202  -32.849  -18.901  27.766 0.0000000000
96797  -36.259  -21.641  32.226 0.0000000000
99394  -36.468  -21.105  30.942 0.0000000000
101944  -36.151  -19.675  30.615 0.0000000000
104397  -35.578  -18.589  31.627 0.0000000000
103160  -34.727  -19.357  30.401 0.0000000000
104442  -33.957  -18.851  29.819 0.0000000000
105668  -33.283  -18.391  29.264 0.0000000000
104457  -32.778  -18.136  28.701 0.0000000000
106814  -32.091  -16.185  29.737 0.0000000000
109268  -32.216  -15.032  30.604 0.0000000000
110524  -33.934  -13.561  30.645 0.0000000000
111743  -34.350  -13.361  32.864 0.0000000000
110490  -34.602  -13.383  32.213 0.0000000000
96782  -27.955  -21.713  32.533 0.0000000000
96795  -28.920  -22.027  31.441 0.0000000000
96811  -28.757  -22.024  30.019 0.0000000000
94438  -30.351  -23.548  30.398 0.0000000000
95633  -29.638  -22.349  29.753 0.0000000000
90311  -23.077  -25.745  34.993 0.0000000000
90328  -23.169  -25.981  34.188 0.0000000000
90331  -24.628  -25.755  34.535 0.0000000000
194254  -23.963  -25.803  33.362 0.0000000000
91698  -23.443  -25.807  32.757 0.0000000000
91716  -23.174  -25.884  31.998 0.0000000000
116355  -51.185  -9.595  13.100 0.0000000000
116357  -51.780  -9.526  12.973 0.0000000000
117494  -52.348  -8.807  12.127 0.0000000000
118510  -52.966  -7.593  13.320 0.0000000000
118520  -52.540  -8.157  12.273 0.0000000000
223279  -52.380  -8.931  11.594 0.0000000000
119500  -51.855  -7.818  10.987 0.0000000000
120533  -51.744  -6.842  10.028 0.0000000000
121573  -51.879  -6.354  9.133 0.0000000000
123751  -52.224  -4.277  10.031 0.0000000000
124874  -52.934  -3.285  10.813 0.0000000000
197055  -10.872  -32.855  35.603 0.0000000000
76336  -9.930  -33.431  36.216 0.0000000000
76356  -10.555  -33.754  34.705 0.0000000000
103248  -31.522  -19.434  24.810 0.0000000000
196163  -40.424  -12.066  17.582 0.0000000000
110757  -37.024  -12.959  20.944 0.0000000000
110776  -37.494  -12.679  20.486 0.0000000000
189724  -38.743  -12.839  20.328 0.0000000000
110741  -40.272  -12.578  22.138 0.0000000000
110779  -39.794  -12.378  20.888 0.0000000000
111928  -39.208  -12.890  19.932 0.0000000000
194435  -39.832  -12.344  19.299 0.0000000000
113052  -40.609  -11.862  19.197 0.0000000000
114172  -41.371  -11.054  18.280 0.0000000000
114158  -43.278  -10.900  19.341 0.0000000000
113057  -44.420  -10.621  19.644 0.0000000000
113043  -46.275  -10.262  20.041 0.0000000000
79262  -11.250  -32.288  37.645 0.0000000000
80630  -12.992  -31.488  36.761 0.0000000000
79280  -11.702  -32.076  36.140 0.0000000000
79305  -11.749  -32.496  34.564 0.0000000000
199181  -11.843  -33.436  33.363 0.0000000000
76334  -8.953  -33.863  36.853 0.0000000000
220829  -7.346  -34.333  36.721 0.0000000000
74945  -6.430  -34.987  37.142 0.0000000000
73690  -6.541  -36.201  34.432 0.0000000000
74968  -5.812  -35.606  35.552 0.0000000000
74943  -5.262  -35.099  36.968 0.0000000000
74942  -4.657  -35.162  36.730 0.0000000000
74953  -3.881  -35.599  36.191 0.0000000000
71199  -4.726  -38.859  34.667 0.0000000000
72469  -4.170  -37.516  34.164 0.0000000000
79261  -10.610  -32.747  37.685 0.0000000000
77823  -10.291  -32.950  37.028 0.0000000000
94430  -34.039  -23.207  30.528 0.0000000000
198016  -34.556  -23.083  30.594 0.0000000000
94432  -34.831  -22.828  31.018 0.0000000000
95571  -26.558  -23.003  34.161 0.0000000000
95585  -26.439  -22.786  33.383 0.0000000000
93083  -34.016  -23.715  31.481 0.0000000000
191667  -33.425  -23.651  31.182 0.0000000000
93097  -33.984  -23.479  31.035 0.0000000000
93109  -33.393  -23.418  30.214 0.0000000000
95543  -27.057  -22.310  35.714 0.0000000000
94364  -26.689  -23.294  34.905 0.0000000000
200150  -26.385  -23.549  34.415 0.0000000000
103211  -32.669  -19.058  27.191 0.0000000000
102019  -32.631  -19.894  26.424 0.0000000000
103217  -32.422  -19.240  26.636 0.0000000000
108171  -33.823  -14.475  20.686 0.0000000000
108190  -33.973  -14.771  20.005 0.0000000000
109447  -34.692  -14.669  19.737 0.0000000000
109461  -35.417  -14.372  19.513 0.0000000000
109448  -35.258  -14.144  20.116 0.0000000000
84895  -18.754  -30.304  32.734 0.0000000000
84882  -18.555  -30.186  33.500 0.0000000000
83556  -18.586  -30.744  33.139 0.0000000000
200526  -18.318  -30.941  33.528 0.0000000000
95526  -34.637  -21.671  36.773 0.0000000000
98056  -35.261  -21.488  36.558 0.0000000000
98049  -35.534  -21.185  37.501 0.0000000000
192507  -31.335  -21.267  38.530 0.0000000000
96722  -31.076  -21.312  37.888 0.0000000000
214166  -31.982  -21.603  38.457 0.0000000000
96725  -34.542  -21.610  37.276 0.0000000000
224118  -33.940  -22.721  36.930 0.0000000000
95525  -34.196  -22.154  36.891 0.0000000000
94349  -34.149  -22.561  36.175 0.0000000000
96709  -30.716  -21.333  39.263 0.0000000000
114162  -46.087  -9.698  19.388 0.0000000000
114178  -45.865  -9.476  19.033 0.0000000000
114179  -46.330  -9.546  19.168 0.0000000000
118411  -49.733  -7.384  18.193 0.0000000000
118410  -48.902  -7.664  18.352 0.0000000000
194524  -49.338  -7.246  17.698 0.0000000000
118449  -49.412  -7.179  16.547 0.0000000000
118431  -49.966  -6.873  17.214 0.0000000000
118432  -50.510  -6.674  16.509 0.0000000000
119428  -50.750  -6.418  17.161 0.0000000000
190767  -33.559  -13.573  29.463 0.0000000000
109297  -32.672  -14.017  28.393 0.0000000000
110559  -33.398  -13.624  28.654 0.0000000000
110632  -36.549  -13.303  26.824 0.0000000000
188929  -36.004  -13.905  26.070 0.0000000000
110672  -36.516  -13.914  25.579 0.0000000000
110673  -37.107  -13.706  25.133 0.0000000000
110657  -37.239  -13.726  25.791 0.0000000000
225406  -22.252  -25.827  33.439 0.0000000000
91677  -22.014  -25.691  33.573 0.0000000000
91696  -21.954  -25.535  33.025 0.0000000000
196769  -54.607  -2.505  10.195 0.0000000000
124883  -54.422  -2.927  9.599 0.0000000000
188826  -54.920  -2.440  9.661 0.0000000000
76306  -6.516  -33.706  38.328 0.0000000000
76305  -6.139  -33.971  37.952 0.0000000000
76304  -5.742  -33.911  37.817 0.0000000000
98142  -35.564  -20.904  28.726 0.0000000000
100681  -35.434  -20.542  28.483 0.0000000000
100693  -35.032  -20.231  28.271 0.0000000000
210616  -34.945  -20.069  28.779 0.0000000000
101895  -35.840  -19.205  34.551 0.0000000000
104356  -35.451  -18.346  35.508 0.0000000000
106743  -34.018  -16.242  33.831 0.0000000000
106757  -34.489  -16.850  33.493 0.0000000000
106756  -33.928  -16.281  33.136 0.0000000000
106768  -33.743  -16.381  32.632 0.0000000000
107972  -33.247  -15.908  32.850 0.0000000000
107971  -32.725  -15.591  32.431 0.0000000000
107961  -33.026  -15.281  33.091 0.0000000000
90383  -24.116  -25.700  30.612 0.0000000000
95574  -31.661  -22.460  33.379 0.0000000000
95587  -30.760  -22.146  32.583 0.0000000000
95588  -31.378  -22.559  32.857 0.0000000000
91733  -24.782  -25.531  31.572 0.0000000000
200529  -52.195  -7.917  14.684 0.0000000000
190044  -52.002  -8.194  13.935 0.0000000000
117455  -52.514  -7.697  14.403 0.0000000000
122586  -53.392  -5.033  13.795 0.0000000000
121533  -53.226  -5.825  13.393 0.0000000000
122596  -52.920  -5.104  13.160 0.0000000000
123720  -53.108  -4.303  13.523 0.0000000000
124852  -53.057  -3.617  13.068 0.0000000000
124853  -53.405  -3.576  13.712 0.0000000000
106908  -31.638  -16.149  24.289 0.0000000000
105727  -31.055  -17.163  23.711 0.0000000000
105736  -31.360  -16.661  23.223 0.0000000000
110806  -37.619  -13.083  18.589 0.0000000000
218681  -37.406  -13.601  17.197 0.0000000000
110816  -37.803  -13.247  17.801 0.0000000000
110817  -38.491  -13.365  17.784 0.0000000000
110706  -39.950  -12.727  23.650 0.0000000000
192500  -39.716  -12.737  23.075 0.0000000000
110722  -40.182  -12.665  23.108 0.0000000000
114077  -43.694  -10.780  22.121 0.0000000000
112979  -42.831  -11.885  21.304 0.0000000000
194300  -42.784  -12.096  20.791 0.0000000000
112997  -43.542  -11.121  20.810 0.0000000000
114093  -44.303  -10.691  21.599 0.0000000000
82083  -15.864  -31.385  34.931 0.0000000000
80668  -15.136  -31.438  35.086 0.0000000000
80667  -14.389  -31.600  35.249 0.0000000000
80680  -14.594  -31.817  34.518 0.0000000000
80686  -14.053  -32.004  33.910 0.0000000000
80687  -14.792  -32.030  33.729 0.0000000000
74970  -8.226  -35.422  35.038 0.0000000000
72471  -5.096  -37.514  34.536 0.0000000000
73688  -4.712  -36.678  34.728 0.0000000000
197870  -36.471  -13.522  29.632 0.0000000000
91729  -21.905  -25.665  31.602 0.0000000000
77791  -8.724  -33.134  38.587 0.0000000000
76284  -8.379  -33.061  39.196 0.0000000000
226917  -8.276  -33.137  38.565 0.0000000000
198137  -7.606  -33.172  38.669 0.0000000000
76322  -7.502  -33.696  37.734 0.0000000000
94468  -34.157  -23.559  28.383 0.0000000000
95654  -35.146  -22.539  29.912 0.0000000000
96824  -35.268  -21.872  30.246 0.0000000000
96823  -35.289  -22.147  29.390 0.0000000000
98119  -35.273  -21.288  30.618 0.0000000000
93065  -25.768  -24.697  32.663 0.0000000000
93066  -25.908  -24.080  32.311 0.0000000000
94414  -26.319  -22.778  31.699 0.0000000000
95616  -26.565  -22.982  30.666 0.0000000000
95605  -27.013  -22.276  31.513 0.0000000000
93068  -32.554  -24.583  32.451 0.0000000000
93079  -32.000  -24.299  32.003 0.0000000000
93080  -32.443  -24.430  31.813 0.0000000000
93108  -32.817  -24.358  30.174 0.0000000000
93107  -32.430  -24.504  30.290 0.0000000000
93121  -32.717  -25.019  29.724 0.0000000000
206040  -32.744  -25.093  29.185 0.0000000000
93134  -33.165  -24.743  28.242 0.0000000000
94335  -26.617  -23.421  36.597 0.0000000000
94328  -26.591  -23.435  37.337 0.0000000000
93015  -26.395  -23.776  36.171 0.0000000000
220573  -26.181  -24.109  36.399 0.0000000000
93021  -26.257  -24.162  35.810 0.0000000000
195593  -26.000  -24.627  35.528 0.0000000000
93026  -26.238  -24.196  35.160 0.0000000000
224090  -25.632  -24.151  33.462 0.0000000000
198248  -25.507  -24.050  33.948 0.0000000000
118505  -46.254  -8.415  13.257 0.0000000000
106932  -32.114  -15.641  21.641 0.0000000000
110803  -35.826  -13.622  19.201 0.0000000000
110804  -36.034  -13.373  18.740 0.0000000000
110805  -36.897  -13.182  18.801 0.0000000000
223756  -36.678  -13.213  19.250 0.0000000000
114017  -43.146  -11.105  25.916 0.0000000000
114033  -42.721  -11.215  24.986 0.0000000000
115217  -44.540  -10.154  23.613 0.0000000000
88819  -18.394  -27.569  33.814 0.0000000000
88807  -18.469  -27.506  34.481 0.0000000000
87418  -18.589  -28.291  33.909 0.0000000000
84848  -18.506  -28.830  34.906 0.0000000000
84847  -18.358  -29.446  35.058 0.0000000000
225241  -17.843  -29.924  35.617 0.0000000000
82087  -18.047  -30.261  34.886 0.0000000000
193994  -16.549  -31.160  34.341 0.0000000000
82103  -16.673  -31.756  33.662 0.0000000000
80697  -17.054  -32.133  32.993 0.0000000000
94385  -34.359  -22.816  33.529 0.0000000000
94397  -34.873  -22.832  33.107 0.0000000000
95561  -34.796  -21.909  34.128 0.0000000000
99350  -35.995  -20.525  36.332 0.0000000000
209820  -35.505  -20.921  35.095 0.0000000000
99351  -36.025  -20.140  36.052 0.0000000000
96739  -28.915  -21.068  36.813 0.0000000000
196584  -28.979  -21.241  36.001 0.0000000000
96740  -29.803  -21.195  36.501 0.0000000000
96741  -31.575  -22.045  36.160 0.0000000000
223785  -31.273  -21.895  35.747 0.0000000000
95544  -31.914  -22.184  35.404 0.0000000000
188416  -31.986  -22.233  34.682 0.0000000000
224231  -32.968  -22.656  38.372 0.0000000000
95510  -32.741  -22.608  38.268 0.0000000000
94337  -33.526  -23.343  36.700 0.0000000000
95535  -32.945  -23.290  36.523 0.0000000000
94345  -32.898  -23.517  35.741 0.0000000000
94355  -32.711  -23.296  34.731 0.0000000000
94356  -32.976  -23.702  35.084 0.0000000000
93028  -33.288  -24.380  34.079 0.0000000000
94367  -33.285  -24.060  34.611 0.0000000000
95559  -34.121  -22.434  34.716 0.0000000000
94384  -33.947  -23.913  34.191 0.0000000000
93042  -34.179  -23.644  33.504 0.0000000000
93057  -34.346  -24.111  32.760 0.0000000000
193070  -29.576  -21.113  37.922 0.0000000000
96732  -29.194  -21.090  37.447 0.0000000000
96738  -27.811  -21.385  36.650 0.0000000000
115302  -42.760  -10.403  18.219 0.0000000000
116309  -42.541  -10.061  17.323 0.0000000000
115317  -43.298  -10.172  17.809 0.0000000000
202204  -44.601  -9.892  17.690 0.0000000000
116311  -44.092  -9.869  17.094 0.0000000000
117428  -44.335  -9.410  16.576 0.0000000000
117438  -44.275  -9.466  15.795 0.0000000000
117429  -44.900  -9.060  16.264 0.0000000000
116291  -47.776  -9.740  19.482 0.0000000000
116301  -47.008  -9.490  18.726 0.0000000000
117410  -47.193  -9.126  18.584 0.0000000000
118428  -47.485  -8.023  17.526 0.0000000000
118427  -46.975  -8.345  17.313 0.0000000000
118446  -46.738  -7.960  16.781 0.0000000000
118463  -45.918  -8.137  15.917 0.0000000000
118464  -46.477  -7.763  16.141 0.0000000000
118481  -46.324  -7.707  15.305 0.0000000000
119449  -47.536  -7.236  15.643 0.0000000000
119461  -49.557  -7.084  14.605 0.0000000000
119460  -48.719  -7.350  14.874 0.0000000000
197329  -49.092  -7.412  14.274 0.0000000000
118494  -48.991  -7.683  13.722 0.0000000000
119473  -49.793  -7.491  14.030 0.0000000000
118495  -50.192  -8.266  13.829 0.0000000000
119462  -50.419  -7.515  14.221 0.0000000000
118469  -51.414  -7.224  15.135 0.0000000000
118470  -51.934  -7.221  15.432 0.0000000000
118453  -52.206  -6.779  16.184 0.0000000000
117431  -52.935  -6.879  16.725 0.0000000000
195171  -31.942  -17.044  27.569 0.0000000000
199375  -31.398  -15.830  28.211 0.0000000000
109331  -32.033  -14.541  27.209 0.0000000000
108067  -31.621  -15.104  26.855 0.0000000000
108079  -31.601  -15.174  26.135 0.0000000000
109357  -32.128  -14.528  25.732 0.0000000000
190755  -35.267  -13.780  28.151 0.0000000000
225112  -34.661  -13.725  27.996 0.0000000000
226292  -34.554  -13.554  27.221 0.0000000000
198906  -33.781  -13.030  25.627 0.0000000000
110654  -33.944  -13.273  26.251 0.0000000000
109359  -33.196  -13.406  25.165 0.0000000000
109358  -32.543  -13.974  25.385 0.0000000000
109385  -32.850  -14.074  23.843 0.0000000000
109369  -33.336  -13.695  24.338 0.0000000000
224251  -34.685  -13.292  23.679 0.0000000000
109387  -34.171  -13.598  23.340 0.0000000000
110700  -34.831  -13.390  23.120 0.0000000000
109424  -34.420  -14.098  22.003 0.0000000000
110715  -35.496  -13.462  22.871 0.0000000000
110735  -35.623  -13.718  22.042 0.0000000000
110716  -36.236  -13.601  23.130 0.0000000000
188927  -37.692  -13.208  24.820 0.0000000000
189070  -37.443  -13.089  24.137 0.0000000000
110691  -38.088  -12.654  24.306 0.0000000000
215568  -38.635  -12.392  24.374 0.0000000000
110692  -39.127  -12.272  24.849 0.0000000000
111852  -41.162  -12.374  26.988 0.0000000000
196631  -41.395  -12.209  26.685 0.0000000000
110661  -40.807  -12.365  26.299 0.0000000000
112949  -42.428  -11.575  26.515 0.0000000000
215229  -20.683  -25.162  34.652 0.0000000000
91653  -19.865  -25.021  35.169 0.0000000000
91728  -21.218  -25.565  31.296 0.0000000000
91727  -20.680  -25.505  31.849 0.0000000000
90377  -19.297  -26.410  31.385 0.0000000000
90367  -19.861  -25.820  31.781 0.0000000000
90366  -19.102  -26.259  32.213 0.0000000000
90348  -18.910  -26.300  33.053 0.0000000000
90365  -18.579  -26.785  32.653 0.0000000000
90347  -18.408  -26.855  33.406 0.0000000000
88853  -18.504  -27.339  32.411 0.0000000000
195039  -3.940  -34.734  36.875 0.0000000000
192746  -35.088  -22.634  26.517 0.0000000000
98162  -34.785  -21.830  26.726 0.0000000000
101995  -34.314  -19.848  28.225 0.0000000000
100707  -34.501  -20.583  27.081 0.0000000000
101994  -33.993  -19.647  27.848 0.0000000000
103212  -33.323  -19.380  27.506 0.0000000000
103203  -33.473  -19.268  28.106 0.0000000000
96785  -35.928  -21.908  33.091 0.0000000000
95601  -35.762  -22.266  32.390 0.0000000000
96792  -36.198  -21.560  32.897 0.0000000000
101922  -35.687  -19.689  32.538 0.0000000000
100649  -36.358  -20.418  31.869 0.0000000000
100648  -36.409  -20.064  31.609 0.0000000000
220208  -36.498  -20.108  30.896 0.0000000000
103147  -36.163  -19.261  31.042 0.0000000000
188112  -35.070  -17.622  32.251 0.0000000000
105597  -35.371  -17.883  32.584 0.0000000000
105607  -34.992  -18.122  31.665 0.0000000000
103145  -35.113  -19.187  30.940 0.0000000000
104426  -34.604  -19.043  30.780 0.0000000000
103159  -34.245  -19.064  30.140 0.0000000000
104425  -34.160  -18.719  30.371 0.0000000000
226310  -33.014  -17.490  30.395 0.0000000000
105633  -33.291  -18.016  30.289 0.0000000000
105632  -32.992  -17.544  29.825 0.0000000000
105651  -32.939  -17.711  29.262 0.0000000000
106833  -32.497  -16.947  29.413 0.0000000000
109244  -32.575  -14.949  31.810 0.0000000000
107982  -32.337  -15.244  31.215 0.0000000000
109257  -32.562  -14.709  31.074 0.0000000000
109269  -32.697  -14.368  30.418 0.0000000000
110507  -33.621  -13.672  31.250 0.0000000000
110462  -34.304  -13.530  34.285 0.0000000000
111724  -34.331  -13.434  33.548 0.0000000000
110508  -34.922  -13.306  31.597 0.0000000000
93104  -25.477  -24.852  30.225 0.0000000000
91741  -25.117  -25.180  30.372 0.0000000000
96762  -29.013  -21.471  34.481 0.0000000000
96775  -27.792  -21.562  33.152 0.0000000000
96776  -28.799  -21.382  33.500 0.0000000000
95597  -29.761  -22.069  31.648 0.0000000000
96789  -28.757  -21.945  32.070 0.0000000000
96801  -28.822  -21.952  30.769 0.0000000000
94417  -31.422  -23.745  31.094 0.0000000000
94416  -30.970  -23.310  31.205 0.0000000000
94428  -30.992  -23.558  30.660 0.0000000000
225672  -23.559  -25.989  35.297 0.0000000000
91682  -25.099  -25.076  34.185 0.0000000000
91681  -24.726  -25.204  33.729 0.0000000000
192767  -24.164  -25.975  32.746 0.0000000000
118496  -50.550  -8.805  13.729 0.0000000000
117480  -52.116  -8.531  13.165 0.0000000000
206624  -52.176  -9.302  12.740 0.0000000000
119487  -53.916  -7.187  13.970 0.0000000000
117482  -53.002  -7.674  13.674 0.0000000000
119486  -53.318  -7.231  13.532 0.0000000000
120503  -52.723  -7.127  12.245 0.0000000000
119494  -52.787  -7.632  12.500 0.0000000000
119493  -52.526  -7.707  12.006 0.0000000000
118528  -52.331  -8.355  11.755 0.0000000000
119501  -52.118  -7.817  11.500 0.0000000000
118527  -52.013  -8.558  11.058 0.0000000000
121564  -52.023  -5.976  10.812 0.0000000000
120526  -51.993  -6.673  10.672 0.0000000000
121563  -51.775  -6.188  10.174 0.0000000000
121568  -51.674  -6.400  9.645 0.0000000000
122615  -51.743  -5.558  10.303 0.0000000000
122621  -51.713  -5.744  9.576 0.0000000000
122622  -51.902  -4.976  10.040 0.0000000000
125953  -53.258  -3.135  11.918 0.0000000000
124867  -52.811  -3.340  11.499 0.0000000000
124868  -53.629  -3.049  11.253 0.0000000000
125955  -54.167  -2.436  11.364 0.0000000000
126957  -54.169  -2.124  11.918 0.0000000000
77859  -11.099  -33.574  35.170 0.0000000000
77858  -10.688  -33.499  35.130 0.0000000000
76357  -10.731  -33.791  34.628 0.0000000000
105713  -31.437  -17.381  26.305 0.0000000000
104523  -31.748  -18.350  25.820 0.0000000000
104522  -31.412  -18.180  25.210 0.0000000000
111959  -39.531  -12.937  16.905 0.0000000000
111960  -39.862  -12.570  16.465 0.0000000000
111949  -40.092  -12.555  17.522 0.0000000000
110736  -36.407  -13.706  21.988 0.0000000000
199468  -36.947  -13.608  21.583 0.0000000000
110758  -37.975  -13.222  21.131 0.0000000000
110777  -38.367  -13.086  20.758 0.0000000000
110797  -37.992  -12.638  19.911 0.0000000000
209516  -38.894  -12.728  21.023 0.0000000000
112970  -41.562  -11.567  23.454 0.0000000000
111874  -41.143  -12.183  23.257 0.0000000000
111877  -41.001  -12.370  22.596 0.0000000000
111896  -41.288  -12.069  21.143 0.0000000000
216087  -40.986  -12.290  21.611 0.0000000000
189968  -40.503  -12.340  21.177 0.0000000000
111911  -39.554  -12.516  20.443 0.0000000000
111929  -39.715  -12.584  19.950 0.0000000000
210625  -39.386  -12.862  19.451 0.0000000000
111930  -40.382  -12.228  19.939 0.0000000000
113037  -41.975  -11.506  20.036 0.0000000000
113053  -41.478  -11.278  19.508 0.0000000000
113071  -41.075  -11.398  18.738 0.0000000000
114156  -41.844  -11.056  19.038 0.0000000000
114157  -42.661  -11.070  19.232 0.0000000000
113020  -44.878  -10.355  20.338 0.0000000000
113040  -44.003  -10.877  19.947 0.0000000000
113041  -44.637  -10.513  20.010 0.0000000000
113042  -45.312  -10.249  20.020 0.0000000000
113021  -45.791  -10.280  20.437 0.0000000000
80666  -13.565  -31.588  35.367 0.0000000000
80648  -13.424  -31.426  36.143 0.0000000000
80647  -12.563  -31.864  36.187 0.0000000000
79281  -12.013  -31.985  35.627 0.0000000000
79292  -11.586  -32.392  35.209 0.0000000000
79293  -12.219  -32.042  35.026 0.0000000000
79318  -13.094  -32.918  32.884 0.0000000000
79317  -12.458  -33.070  33.141 0.0000000000
76347  -9.556  -33.809  35.767 0.0000000000
76335  -9.535  -33.752  36.637 0.0000000000
76346  -9.112  -34.025  36.290 0.0000000000
74957  -7.459  -34.806  36.204 0.0000000000
74947  -7.897  -34.230  36.524 0.0000000000
76331  -6.993  -34.175  37.224 0.0000000000
74946  -6.910  -34.859  36.720 0.0000000000
72473  -7.016  -37.661  34.003 0.0000000000
193447  -7.219  -36.685  34.221 0.0000000000
218670  -6.641  -36.786  34.004 0.0000000000
74967  -5.101  -35.914  35.390 0.0000000000
193652  -5.723  -35.287  36.339 0.0000000000
215031  -4.919  -35.314  36.556 0.0000000000
73667  -4.341  -36.189  35.174 0.0000000000
76344  -3.615  -35.061  36.439 0.0000000000
71216  -4.218  -38.304  34.126 0.0000000000
76310  -9.175  -33.326  37.985 0.0000000000
94455  -34.488  -23.090  29.236 0.0000000000
94441  -34.374  -23.096  30.042 0.0000000000
94442  -34.844  -22.891  30.410 0.0000000000
95636  -35.200  -22.445  30.537 0.0000000000
93052  -25.839  -23.813  33.491 0.0000000000
93067  -25.983  -23.687  32.734 0.0000000000
94394  -26.120  -23.301  33.092 0.0000000000
193610  -26.347  -22.561  32.630 0.0000000000
95586  -27.033  -21.973  32.698 0.0000000000
189158  -33.349  -24.554  32.016 0.0000000000
93081  -32.823  -24.338  31.610 0.0000000000
215773  -33.038  -23.716  31.145 0.0000000000
93095  -33.109  -23.685  30.642 0.0000000000
189326  -33.015  -23.944  29.932 0.0000000000
95519  -27.040  -22.304  37.557 0.0000000000
94344  -26.877  -22.886  36.269 0.0000000000
94343  -26.665  -23.483  35.879 0.0000000000
94353  -26.686  -23.627  35.326 0.0000000000
93027  -26.408  -23.833  34.872 0.0000000000
118507  -47.740  -8.092  13.031 0.0000000000
116369  -51.247  -10.045  12.601 0.0000000000
100706  -33.626  -20.769  26.585 0.0000000000
108149  -33.057  -14.581  21.745 0.0000000000
108169  -32.706  -15.180  21.387 0.0000000000
108170  -33.248  -14.794  21.053 0.0000000000
220398  -18.589  -29.417  33.690 0.0000000000
84865  -18.633  -30.063  34.238 0.0000000000
82096  -18.250  -30.670  34.266 0.0000000000
80698  -17.687  -32.184  32.760 0.0000000000
226989  -34.401  -22.254  35.202 0.0000000000
96751  -34.917  -21.666  34.806 0.0000000000
204338  -35.152  -21.670  35.474 0.0000000000
225114  -35.458  -21.290  36.486 0.0000000000
99346  -36.069  -20.530  36.991 0.0000000000
96721  -30.319  -21.255  37.813 0.0000000000
96733  -30.125  -21.275  37.161 0.0000000000
96734  -31.277  -21.451  37.035 0.0000000000
95512  -33.512  -23.433  37.656 0.0000000000
95524  -33.790  -23.120  37.288 0.0000000000
94338  -33.754  -23.121  36.674 0.0000000000
94347  -33.800  -23.314  36.203 0.0000000000
94358  -33.602  -23.547  35.619 0.0000000000
94348  -34.007  -23.118  36.149 0.0000000000
94360  -34.063  -22.628  35.518 0.0000000000
203682  -29.588  -21.406  38.482 0.0000000000
114176  -44.050  -10.487  18.855 0.0000000000
115318  -44.076  -10.304  18.151 0.0000000000
202518  -44.539  -10.198  18.586 0.0000000000
115305  -44.962  -9.619  18.323 0.0000000000
116299  -45.706  -9.374  18.390 0.0000000000
117412  -48.461  -8.450  18.886 0.0000000000
117411  -47.803  -8.827  18.788 0.0000000000
118409  -48.200  -7.867  18.386 0.0000000000
118429  -48.120  -7.643  17.615 0.0000000000
196182  -48.011  -7.501  16.869 0.0000000000
119439  -47.820  -7.195  16.259 0.0000000000
118448  -48.565  -7.211  16.169 0.0000000000
118466  -49.287  -7.195  15.945 0.0000000000
119452  -49.889  -6.963  15.010 0.0000000000
119453  -50.477  -7.124  14.714 0.0000000000
118467  -50.159  -6.985  15.603 0.0000000000
118451  -50.835  -6.868  15.784 0.0000000000
118433  -51.950  -6.379  16.847 0.0000000000
109296  -31.969  -14.461  28.950 0.0000000000
227732  -32.020  -14.456  28.283 0.0000000000
109314  -32.586  -14.068  27.659 0.0000000000
109332  -32.717  -13.780  26.981 0.0000000000
189017  -35.446  -13.828  27.147 0.0000000000
110630  -34.944  -13.670  26.963 0.0000000000
110631  -35.597  -13.810  26.631 0.0000000000
219603  -35.356  -13.567  26.071 0.0000000000
110671  -34.648  -13.171  25.711 0.0000000000
191105  -35.001  -13.401  24.983 0.0000000000
110689  -35.621  -13.567  24.504 0.0000000000
110702  -36.291  -13.678  24.023 0.0000000000
218450  -37.258  -13.385  24.637 0.0000000000
110658  -38.409  -13.036  25.896 0.0000000000
91664  -21.742  -25.253  34.401 0.0000000000
91676  -21.032  -25.385  33.713 0.0000000000
228136  -20.500  -25.618  31.248 0.0000000000
88880  -18.968  -27.255  31.187 0.0000000000
201531  -53.811  -3.181  9.779 0.0000000000
124894  -53.495  -3.419  8.414 0.0000000000
124890  -53.836  -3.074  8.923 0.0000000000
124895  -54.236  -3.427  8.287 0.0000000000
124896  -54.683  -3.290  8.126 0.0000000000
96835  -35.334  -22.308  28.541 0.0000000000
95677  -34.887  -22.835  27.223 0.0000000000
96845  -35.316  -22.271  27.727 0.0000000000
98152  -35.421  -21.814  27.417 0.0000000000
195193  -35.324  -21.226  27.465 0.0000000000
99439  -35.219  -21.518  27.086 0.0000000000
99431  -35.241  -20.645  27.835 0.0000000000
100692  -34.753  -20.255  27.765 0.0000000000
101976  -34.110  -19.899  28.920 0.0000000000
99370  -35.514  -20.338  34.166 0.0000000000
205280  -35.647  -20.475  33.288 0.0000000000
100629  -35.541  -19.966  33.852 0.0000000000
103112  -35.698  -19.231  33.347 0.0000000000
103111  -35.683  -18.955  33.121 0.0000000000
106758  -34.626  -17.142  34.205 0.0000000000
196363  -34.545  -17.166  32.227 0.0000000000
105615  -34.027  -17.663  31.131 0.0000000000
105606  -34.030  -17.192  31.717 0.0000000000
106795  -33.515  -17.056  31.225 0.0000000000
106780  -32.838  -16.533  31.503 0.0000000000
215238  -32.488  -16.204  31.055 0.0000000000
107983  -32.445  -15.866  31.654 0.0000000000
111745  -35.673  -13.246  33.461 0.0000000000
94437  -26.186  -23.751  30.334 0.0000000000
96784  -29.931  -21.765  33.011 0.0000000000
196091  -30.964  -22.002  33.194 0.0000000000
95598  -30.500  -22.461  31.973 0.0000000000
94440  -31.390  -24.343  29.907 0.0000000000
94451  -30.982  -23.927  29.405 0.0000000000
90313  -24.330  -26.235  35.045 0.0000000000
91700  -25.069  -25.221  33.174 0.0000000000
91718  -24.462  -25.863  32.300 0.0000000000
91731  -23.544  -26.245  31.406 0.0000000000
117453  -51.323  -8.482  14.468 0.0000000000
117464  -51.245  -8.874  13.842 0.0000000000
117465  -51.561  -8.637  14.132 0.0000000000
120497  -53.186  -6.886  13.278 0.0000000000
204686  -53.579  -6.392  13.571 0.0000000000
210273  -52.848  -6.655  12.566 0.0000000000
121539  -52.734  -6.394  11.923 0.0000000000
121552  -52.259  -5.778  11.488 0.0000000000
122607  -52.271  -5.025  11.767 0.0000000000
123739  -52.238  -4.356  11.402 0.0000000000
123728  -52.432  -4.330  12.096 0.0000000000
124859  -52.799  -3.622  12.279 0.0000000000
125949  -53.614  -2.552  12.867 0.0000000000
77888  -11.172  -33.841  33.526 0.0000000000
76369  -10.759  -34.172  33.798 0.0000000000
106899  -31.288  -16.650  25.372 0.0000000000
105720  -31.287  -17.362  25.164 0.0000000000
104557  -30.874  -18.034  23.376 0.0000000000
110826  -38.459  -13.644  16.929 0.0000000000
110719  -38.352  -12.552  23.008 0.0000000000
110738  -38.082  -12.874  22.323 0.0000000000
110739  -38.752  -12.584  22.387 0.0000000000
110720  -39.418  -12.731  22.542 0.0000000000
110740  -39.631  -12.584  21.959 0.0000000000
114060  -42.774  -11.223  23.293 0.0000000000
112974  -41.541  -11.803  22.512 0.0000000000
190216  -42.187  -11.591  22.057 0.0000000000
111884  -41.598  -12.136  21.581 0.0000000000
113015  -41.602  -11.647  20.614 0.0000000000
112995  -42.088  -12.021  20.997 0.0000000000
113016  -42.373  -11.811  20.462 0.0000000000
113038  -42.703  -11.595  20.035 0.0000000000
190784  -43.084  -11.618  20.140 0.0000000000
113018  -43.409  -11.370  20.278 0.0000000000
112998  -44.386  -10.552  20.705 0.0000000000
82069  -16.428  -30.867  35.507 0.0000000000
82068  -15.686  -30.926  35.651 0.0000000000
80678  -13.025  -31.898  34.831 0.0000000000
80685  -13.291  -32.088  34.108 0.0000000000
79312  -13.573  -32.404  33.408 0.0000000000
79319  -13.841  -32.876  32.679 0.0000000000
74971  -8.699  -34.804  34.763 0.0000000000
74959  -8.907  -34.265  35.653 0.0000000000
199343  -7.866  -35.123  35.629 0.0000000000
74969  -7.347  -35.585  35.779 0.0000000000
72472  -5.541  -37.491  34.346 0.0000000000
73689  -5.989  -36.568  34.235 0.0000000000
194280  -5.091  -36.533  34.744 0.0000000000
73687  -4.256  -36.653  34.354 0.0000000000
96693  -32.241  -21.670  39.515 0.0000000000
95490  -34.406  -22.270  38.715 0.0000000000
114165  -47.697  -10.602  19.898 0.0000000000
115295  -47.109  -9.681  19.335 0.0000000000
115282  -48.149  -10.592  19.914 0.0000000000
115297  -48.334  -10.283  19.690 0.0000000000
116292  -48.598  -9.701  19.573 0.0000000000
118397  -50.022  -7.963  18.939 0.0000000000
118412  -50.595  -7.212  18.397 0.0000000000
118413  -51.294  -6.960  18.759 0.0000000000
110542  -34.985  -13.144  29.908 0.0000000000
110560  -34.220  -13.520  28.911 0.0000000000
110561  -35.104  -13.416  29.252 0.0000000000
110562  -35.975  -13.722  29.136 0.0000000000
110586  -36.006  -13.791  28.458 0.0000000000
190938  -36.325  -13.464  27.812 0.0000000000
190858  -36.857  -13.052  27.787 0.0000000000
110634  -37.695  -13.079  26.831 0.0000000000
91715  -22.190  -25.513  32.362 0.0000000000
201300  -7.099  -33.432  38.487 0.0000000000
76320  -6.226  -34.090  37.694 0.0000000000
95665  -34.565  -23.374  27.782 0.0000000000
96836  -35.365  -21.673  28.933 0.0000000000
99415  -35.426  -20.694  29.728 0.0000000000
107947  -33.277  -15.064  33.718 0.0000000000
91734  -25.232  -25.059  31.277 0.0000000000
94413  -26.040  -23.467  32.006 0.0000000000
211246  -26.179  -23.330  31.485 0.0000000000
94426  -26.273  -23.585  31.042 0.0000000000
95631  -26.419  -22.981  29.803 0.0000000000
96810  -27.137  -22.472  30.190 0.0000000000
196732  -31.851  -23.549  32.956 0.0000000000
94405  -31.463  -23.255  32.519 0.0000000000
94406  -31.781  -23.869  32.289 0.0000000000
210137  -31.810  -24.182  31.630 0.0000000000
93094  -32.273  -24.395  30.907 0.0000000000
93106  -31.925  -24.394  30.352 0.0000000000
94452  -31.417  -24.597  29.347 0.0000000000
93122  -33.005  -24.630  29.243 0.0000000000
192028  -25.203  -25.468  35.566 0.0000000000
91665  -25.608  -25.022  35.222 0.0000000000
191262  -25.402  -24.756  34.552 0.0000000000
91683  -25.281  -24.475  33.989 0.0000000000
93037  -25.744  -23.980  34.581 0.0000000000
191140  -25.482  -25.028  32.916 0.0000000000
91719  -25.344  -25.022  32.152 0.0000000000
117461  -45.166  -9.049  14.107 0.0000000000
116378  -52.332  -9.617  11.907 0.0000000000
117457  -53.776  -7.674  15.185 0.0000000000
117467  -53.554  -7.784  14.708 0.0000000000
118498  -54.053  -7.686  14.696 0.0000000000
208539  -54.348  -7.412  14.523 0.0000000000
124850  -54.015  -3.582  14.199 0.0000000000
106914  -32.211  -15.577  23.249 0.0000000000
106920  -31.713  -16.078  22.733 0.0000000000
111872  -41.229  -11.978  24.818 0.0000000000
111871  -40.903  -12.301  23.968 0.0000000000
112966  -41.598  -11.457  24.304 0.0000000000
112967  -42.166  -11.329  24.659 0.0000000000
114048  -42.670  -11.115  24.191 0.0000000000
114061  -43.263  -10.879  23.747 0.0000000000
115216  -43.867  -10.502  23.285 0.0000000000
219510  -43.929  -10.570  22.655 0.0000000000
115229  -44.516  -10.470  22.857 0.0000000000
114079  -45.072  -10.648  22.449 0.0000000000
86136  -18.657  -28.829  34.222 0.0000000000
86114  -18.476  -28.421  35.332 0.0000000000
200665  -17.166  -30.804  35.438 0.0000000000
221040  -17.700  -30.526  34.562 0.0000000000
82086  -17.262  -30.618  34.661 0.0000000000
82085  -16.795  -30.783  34.885 0.0000000000
82093  -16.067  -31.760  34.229 0.0000000000
80688  -15.521  -32.128  33.612 0.0000000000
71200  -5.092  -38.843  35.036 0.0000000000
94418  -34.858  -23.347  31.843 0.0000000000
94419  -35.020  -22.883  31.584 0.0000000000
224450  -35.044  -22.856  32.807 0.0000000000
95590  -35.611  -22.079  33.301 0.0000000000
96778  -35.488  -21.632  33.507 0.0000000000
96765  -35.049  -21.502  34.160 0.0000000000
98071  -35.115  -21.210  34.326 0.0000000000
200506  -35.302  -20.804  34.032 0.0000000000
100620  -35.707  -19.905  35.073 0.0000000000
99341  -35.798  -20.421  37.578 0.0000000000
96747  -27.613  -21.813  35.033 0.0000000000
96748  -28.617  -21.299  35.326 0.0000000000
96750  -30.400  -21.618  35.685 0.0000000000
96763  -30.454  -21.481  34.406 0.0000000000
95557  -31.360  -21.874  34.449 0.0000000000
191022  -31.859  -22.297  33.990 0.0000000000
95575  -32.118  -22.760  33.639 0.0000000000
96711  -32.310  -21.953  38.764 0.0000000000
96724  -32.354  -22.334  38.033 0.0000000000
214775  -32.358  -22.712  36.561 0.0000000000
95522  -33.300  -23.462  37.339 0.0000000000
197009  -32.752  -23.121  36.914 0.0000000000
95533  -32.130  -22.761  35.922 0.0000000000
95558  -32.360  -22.844  34.261 0.0000000000
94382  -32.402  -23.274  33.721 0.0000000000
94383  -32.896  -23.933  33.752 0.0000000000
93054  -32.770  -24.419  33.105 0.0000000000
192927  -32.923  -24.771  32.914 0.0000000000
93030  -33.665  -24.498  34.246 0.0000000000
93040  -33.661  -24.930  33.767 0.0000000000
189460  -33.367  -24.918  32.915 0.0000000000
93070  -33.800  -24.646  32.599 0.0000000000
93071  -34.029  -24.092  32.006 0.0000000000
96719  -27.745  -21.874  37.928 0.0000000000
221969  -27.530  -21.825  37.288 0.0000000000
114186  -41.617  -10.718  17.787 0.0000000000
208716  -41.374  -10.921  17.112 0.0000000000
115324  -41.870  -10.441  17.099 0.0000000000
116319  -42.256  -10.109  16.554 0.0000000000
195019  -43.892  -10.099  17.377 0.0000000000
191013  -43.779  -9.858  16.765 0.0000000000
116321  -43.303  -9.896  16.192 0.0000000000
115294  -46.848  -9.501  18.864 0.0000000000
116300  -46.259  -9.341  18.215 0.0000000000
116314  -46.344  -9.264  17.932 0.0000000000
117423  -47.070  -8.711  17.967 0.0000000000
117422  -46.640  -8.940  17.638 0.0000000000
117421  -46.092  -8.907  17.296 0.0000000000
117430  -45.631  -8.685  16.519 0.0000000000
117439  -45.280  -8.558  15.700 0.0000000000
117450  -45.048  -8.757  14.892 0.0000000000
208572  -46.038  -8.050  14.603 0.0000000000
118493  -46.641  -7.782  14.346 0.0000000000
119483  -47.220  -7.518  13.617 0.0000000000
119459  -47.871  -7.234  14.871 0.0000000000
119471  -47.795  -7.444  14.137 0.0000000000
118508  -48.638  -8.115  13.115 0.0000000000
118519  -49.059  -8.619  12.643 0.0000000000
117478  -49.706  -8.850  12.795 0.0000000000
217962  -50.233  -9.235  12.981 0.0000000000
117479  -50.171  -8.829  13.372 0.0000000000
117452  -50.872  -8.605  14.156 0.0000000000
118482  -50.812  -7.910  14.516 0.0000000000
118484  -51.581  -8.005  14.974 0.0000000000
117440  -52.096  -7.666  15.109 0.0000000000
117441  -52.576  -7.543  15.282 0.0000000000
119413  -51.861  -6.498  18.325 0.0000000000
210334  -51.804  -6.174  17.596 0.0000000000
118434  -52.500  -6.557  17.029 0.0000000000
118454  -52.655  -6.887  16.530 0.0000000000
118472  -52.709  -7.223  16.034 0.0000000000
117442  -53.039  -7.290  15.943 0.0000000000
117443  -53.446  -7.196  15.952 0.0000000000
104466  -32.277  -17.758  27.458 0.0000000000
104478  -32.196  -18.039  26.950 0.0000000000
105694  -31.832  -17.366  26.910 0.0000000000
105693  -31.181  -16.739  26.503 0.0000000000
108051  -31.456  -15.394  27.495 0.0000000000
106883  -31.134  -16.162  26.779 0.0000000000
208233  -31.127  -16.483  25.967 0.0000000000
106900  -31.339  -15.831  25.545 0.0000000000
210763  -31.510  -16.214  24.913 0.0000000000
108102  -31.676  -15.382  24.774 0.0000000000
110585  -34.091  -13.616  28.232 0.0000000000
110608  -33.467  -13.695  27.261 0.0000000000
110629  -34.201  -13.445  26.928 0.0000000000
110628  -33.457  -13.585  26.702 0.0000000000
109346  -32.830  -13.634  26.422 0.0000000000
207572  -32.537  -13.855  26.013 0.0000000000
108090  -31.980  -14.590  25.006 0.0000000000
108117  -31.879  -15.388  23.991 0.0000000000
108118  -32.365  -14.720  23.717 0.0000000000
108130  -32.633  -15.013  22.877 0.0000000000
108131  -33.054  -14.518  22.488 0.0000000000
110687  -34.121  -13.513  24.020 0.0000000000
200420  -33.602  -14.062  22.935 0.0000000000
109405  -33.748  -14.310  22.211 0.0000000000
109438  -34.544  -14.093  21.227 0.0000000000
110755  -35.302  -13.686  21.288 0.0000000000
110703  -36.856  -13.654  23.672 0.0000000000
110717  -37.010  -13.590  22.934 0.0000000000
110718  -37.738  -12.908  22.930 0.0000000000
189190  -38.540  -12.465  23.739 0.0000000000
189069  -39.077  -12.509  23.971 0.0000000000
110694  -40.175  -12.506  24.424 0.0000000000
188448  -37.915  -13.259  26.220 0.0000000000
110659  -39.145  -12.720  26.392 0.0000000000
110637  -40.296  -12.751  26.875 0.0000000000
111851  -39.915  -12.571  26.354 0.0000000000
110675  -39.525  -12.423  25.660 0.0000000000
111868  -39.935  -12.470  25.764 0.0000000000
110677  -40.624  -12.333  25.760 0.0000000000
110695  -40.705  -12.325  24.832 0.0000000000
112960  -41.770  -11.650  25.878 0.0000000000
227427  -42.657  -11.379  26.149 0.0000000000
217476  -20.917  -25.471  32.998 0.0000000000
91694  -20.282  -25.564  33.258 0.0000000000
91693  -19.466  -25.871  33.579 0.0000000000
91674  -19.417  -25.969  34.379 0.0000000000
88830  -18.337  -27.393  32.998 0.0000000000
87433  -18.559  -28.141  33.294 0.0000000000
88879  -18.683  -27.689  31.886 0.0000000000
87470  -18.639  -28.360  32.060 0.0000000000
86164  -18.678  -28.867  32.808 0.0000000000
125965  -55.317  -2.427  9.212 0.0000000000
125969  -55.118  -2.731  8.566 0.0000000000
99437  -34.232  -21.105  26.631 0.0000000000
102011  -33.007  -19.607  26.950 0.0000000000
95609  -35.090  -22.588  31.372 0.0000000000
95610  -35.431  -22.311  31.781 0.0000000000
96802  -35.361  -21.846  31.442 0.0000000000
99388  -36.268  -20.743  32.165 0.0000000000
98108  -36.339  -21.347  31.289 0.0000000000
98107  -36.046  -21.377  30.963 0.0000000000
99405  -36.114  -21.095  30.520 0.0000000000
100674  -35.359  -20.396  30.047 0.0000000000
101966  -35.069  -20.074  29.836 0.0000000000
104385  -35.619  -18.650  32.691 0.0000000000
104384  -35.472  -18.071  32.825 0.0000000000
103122  -35.683  -18.889  32.011 0.0000000000
103134  -35.823  -18.997  31.158 0.0000000000
103161  -35.108  -19.509  30.640 0.0000000000
101965  -34.688  -19.828  29.672 0.0000000000
103175  -34.407  -19.578  29.796 0.0000000000
103190  -34.036  -19.683  29.269 0.0000000000
103189  -33.847  -19.530  29.108 0.0000000000
105634  -33.800  -18.216  30.599 0.0000000000
226916  -33.631  -18.580  29.617 0.0000000000
103188  -33.455  -19.233  28.807 0.0000000000
104458  -33.225  -18.736  28.921 0.0000000000
104467  -32.585  -18.283  27.985 0.0000000000
105667  -32.344  -17.507  28.122 0.0000000000
106832  -31.763  -16.232  28.952 0.0000000000
106793  -32.197  -16.227  30.463 0.0000000000
108009  -31.960  -15.586  30.171 0.0000000000
108023  -31.840  -15.413  29.371 0.0000000000
109281  -32.176  -14.623  29.796 0.0000000000
223664  -32.846  -13.945  29.827 0.0000000000
110541  -34.181  -13.463  30.061 0.0000000000
109219  -33.173  -14.620  33.241 0.0000000000
110488  -33.263  -14.159  32.720 0.0000000000
110489  -33.841  -13.701  32.451 0.0000000000
111744  -34.939  -13.253  33.188 0.0000000000
210689  -34.088  -13.503  31.741 0.0000000000
195650  -34.401  -13.305  31.128 0.0000000000
110525  -34.720  -13.237  30.544 0.0000000000
95596  -27.706  -22.053  32.143 0.0000000000
96783  -28.831  -21.596  32.704 0.0000000000
95606  -27.965  -22.203  31.801 0.0000000000
95618  -27.990  -22.032  31.236 0.0000000000
95632  -27.958  -22.006  30.485 0.0000000000
96821  -27.863  -22.220  29.646 0.0000000000
95599  -30.987  -23.024  31.814 0.0000000000
95608  -30.353  -22.836  31.261 0.0000000000
95620  -30.062  -23.117  30.590 0.0000000000
94450  -30.602  -23.337  29.879 0.0000000000
95634  -30.058  -23.092  30.267 0.0000000000
95619  -29.512  -22.339  30.373 0.0000000000
95650  -28.850  -22.415  29.038 0.0000000000
214620  -22.774  -25.274  35.602 0.0000000000
91678  -22.599  -25.946  33.617 0.0000000000
90314  -24.759  -25.969  35.249 0.0000000000
90330  -24.203  -26.052  34.508 0.0000000000
91680  -24.316  -25.659  33.885 0.0000000000
90329  -23.789  -25.969  34.054 0.0000000000
91679  -23.260  -25.907  33.554 0.0000000000
216668  -22.893  -25.745  33.070 0.0000000000
216266  -22.768  -25.646  32.485 0.0000000000
117493  -50.638  -9.605  12.799 0.0000000000
116370  -51.736  -9.936  12.825 0.0000000000
116356  -51.399  -9.377  13.273 0.0000000000
115366  -52.043  -10.237  12.603 0.0000000000
117466  -52.963  -7.579  14.217 0.0000000000
117481  -52.735  -8.033  13.087 0.0000000000
119485  -52.988  -7.451  12.997 0.0000000000
118521  -52.767  -7.927  12.762 0.0000000000
118550  -51.937  -8.748  10.270 0.0000000000
118541  -51.877  -8.079  10.291 0.0000000000
120514  -52.014  -7.225  11.163 0.0000000000
119512  -51.829  -7.347  10.529 0.0000000000
118556  -51.818  -8.032  9.594 0.0000000000
122629  -51.947  -5.181  9.234 0.0000000000
123752  -52.582  -3.840  9.640 0.0000000000
124873  -52.429  -3.705  11.099 0.0000000000
124881  -52.516  -3.737  10.356 0.0000000000
124882  -53.096  -3.334  10.008 0.0000000000
124875  -53.719  -3.160  10.465 0.0000000000
125957  -54.141  -2.713  10.678 0.0000000000
126965  -55.087  -1.981  10.950 0.0000000000
77838  -10.525  -32.687  36.212 0.0000000000
188585  -10.132  -33.133  36.491 0.0000000000
77837  -10.295  -33.128  35.783 0.0000000000
76348  -10.119  -33.478  35.406 0.0000000000
76355  -9.777  -33.873  34.912 0.0000000000
76368  -10.462  -34.370  33.819 0.0000000000
74973  -9.913  -34.207  34.197 0.0000000000
220094  -9.264  -34.674  34.073 0.0000000000
103216  -32.085  -18.744  26.188 0.0000000000
103230  -31.731  -18.977  25.448 0.0000000000
105735  -31.014  -17.381  22.869 0.0000000000
114184  -40.559  -11.628  17.159 0.0000000000
110774  -35.634  -13.522  20.706 0.0000000000
110775  -36.431  -13.059  20.596 0.0000000000
200872  -36.955  -12.753  20.431 0.0000000000
199604  -37.707  -13.485  21.570 0.0000000000
110796  -37.191  -12.844  19.683 0.0000000000
110798  -38.650  -12.912  19.540 0.0000000000
111876  -40.678  -12.538  23.176 0.0000000000
110742  -40.506  -12.586  22.617 0.0000000000
207590  -40.892  -12.371  22.092 0.0000000000
110761  -40.030  -12.558  21.561 0.0000000000
110760  -39.388  -12.443  21.290 0.0000000000
110778  -39.229  -12.562  20.692 0.0000000000
111937  -39.050  -13.032  19.123 0.0000000000
111938  -39.397  -12.828  18.784 0.0000000000
111939  -39.912  -12.300  18.545 0.0000000000
113070  -40.489  -11.961  18.253 0.0000000000
114171  -40.765  -11.515  17.922 0.0000000000
114185  -41.019  -11.131  17.503 0.0000000000
114173  -42.197  -10.774  18.541 0.0000000000
114174  -42.992  -10.743  18.925 0.0000000000
113056  -43.531  -10.960  19.578 0.0000000000
114159  -43.809  -10.617  19.150 0.0000000000
114160  -44.546  -10.424  19.195 0.0000000000
113059  -45.671  -10.014  19.659 0.0000000000
113044  -46.886  -10.473  20.127 0.0000000000
114094  -45.213  -10.670  21.859 0.0000000000
80629  -12.273  -31.858  36.782 0.0000000000
79269  -11.507  -32.167  36.896 0.0000000000
79279  -11.069  -32.327  36.367 0.0000000000
77839  -11.078  -32.474  35.805 0.0000000000
77879  -11.281  -33.038  34.886 0.0000000000
201292  -11.410  -33.123  34.106 0.0000000000
79306  -12.551  -32.290  34.335 0.0000000000
79310  -12.047  -32.718  33.816 0.0000000000
80694  -15.044  -32.395  32.990 0.0000000000
79320  -14.615  -32.833  32.491 0.0000000000
77822  -9.947  -33.403  37.046 0.0000000000
76325  -9.373  -33.568  37.294 0.0000000000
76324  -8.732  -33.613  37.504 0.0000000000
76345  -8.549  -34.238  36.296 0.0000000000
76333  -8.338  -33.896  36.999 0.0000000000
76323  -8.113  -33.638  37.665 0.0000000000
76321  -6.495  -34.230  37.474 0.0000000000
74937  -6.091  -34.647  37.318 0.0000000000
73691  -7.788  -36.543  34.404 0.0000000000
73669  -7.186  -36.054  35.017 0.0000000000
74988  -6.424  -35.839  35.103 0.0000000000
190917  -6.684  -35.583  35.897 0.0000000000
74956  -6.475  -35.358  36.720 0.0000000000
74944  -5.993  -35.214  37.075 0.0000000000
74936  -5.654  -34.764  37.142 0.0000000000
74935  -5.185  -34.882  37.014 0.0000000000
76330  -4.655  -34.701  36.701 0.0000000000
74954  -4.296  -35.515  36.405 0.0000000000
74941  -4.074  -35.268  36.678 0.0000000000
71217  -4.788  -38.270  34.303 0.0000000000
74958  -8.043  -34.578  36.011 0.0000000000
76307  -7.326  -33.494  38.132 0.0000000000
76308  -7.899  -33.283  38.215 0.0000000000
76332  -7.693  -33.929  37.147 0.0000000000
77860  -11.192  -32.822  35.359 0.0000000000
83527  -17.701  -30.303  35.408 0.0000000000
83534  -18.418  -30.362  34.537 0.0000000000
87404  -18.542  -28.151  34.502 0.0000000000
91666  -25.764  -24.456  34.871 0.0000000000
93006  -26.298  -23.852  36.914 0.0000000000
93039  -33.468  -24.937  33.493 0.0000000000
93041  -33.873  -24.667  33.815 0.0000000000
93055  -33.609  -24.999  33.445 0.0000000000
93072  -34.677  -23.727  32.348 0.0000000000
93084  -34.411  -23.371  31.353 0.0000000000
93093  -32.032  -24.319  31.426 0.0000000000
94346  -33.391  -23.563  36.076 0.0000000000
94359  -33.855  -23.298  35.641 0.0000000000
94366  -32.938  -23.619  34.249 0.0000000000
94368  -33.432  -24.065  34.757 0.0000000000
94369  -33.678  -23.651  35.039 0.0000000000
94370  -34.074  -22.882  34.112 0.0000000000
94395  -32.296  -23.736  33.314 0.0000000000
94396  -34.648  -23.447  32.968 0.0000000000
94408  -35.109  -23.036  32.084 0.0000000000
94415  -30.425  -23.412  30.768 0.0000000000
94439  -30.997  -23.737  30.118 0.0000000000
95500  -33.303  -22.523  38.915 0.0000000000
95503  -34.438  -22.044  38.051 0.0000000000
95521  -32.368  -22.483  37.233 0.0000000000
95532  -27.123  -22.265  36.844 0.0000000000
95536  -34.398  -22.220  36.406 0.0000000000
95537  -34.989  -21.870  36.040 0.0000000000
95546  -32.578  -23.336  35.499 0.0000000000
95548  -34.790  -21.971  35.335 0.0000000000
95560  -34.517  -22.022  34.683 0.0000000000
95576  -34.933  -22.385  33.607 0.0000000000
95589  -35.352  -22.439  33.193 0.0000000000
95600  -35.342  -22.608  31.982 0.0000000000
95622  -35.136  -22.318  31.173 0.0000000000
95649  -26.998  -22.599  29.346 0.0000000000
95651  -29.984  -22.465  28.999 0.0000000000
96731  -28.296  -21.395  37.410 0.0000000000
96742  -35.375  -21.464  35.927 0.0000000000
96764  -30.685  -21.750  34.996 0.0000000000
96786  -35.926  -21.492  33.271 0.0000000000
96791  -36.120  -21.965  32.612 0.0000000000
96796  -35.905  -21.941  31.972 0.0000000000
98057  -35.813  -20.889  36.681 0.0000000000
98062  -35.610  -20.973  35.881 0.0000000000
98063  -35.698  -20.533  35.522 0.0000000000
98072  -35.507  -20.626  34.690 0.0000000000
98082  -35.228  -21.178  33.897 0.0000000000
98083  -35.613  -21.151  33.560 0.0000000000
98088  -35.970  -21.042  33.119 0.0000000000
98092  -36.312  -21.112  32.475 0.0000000000
98097  -35.965  -21.589  31.542 0.0000000000
98098  -36.364  -21.266  31.885 0.0000000000
98130  -35.392  -21.279  29.769 0.0000000000
99336  -35.741  -20.028  37.715 0.0000000000
99381  -36.005  -20.670  32.711 0.0000000000
99395  -36.493  -20.949  31.529 0.0000000000
99430  -34.971  -20.841  27.371 0.0000000000
100637  -35.576  -20.064  33.042 0.0000000000
100656  -36.455  -20.635  30.549 0.0000000000
100657  -36.577  -20.562  31.229 0.0000000000
100664  -35.741  -20.108  30.181 0.0000000000
100665  -36.047  -20.509  30.135 0.0000000000
100672  -34.916  -20.044  29.337 0.0000000000
100673  -35.143  -20.191  29.701 0.0000000000
101909  -35.696  -19.513  33.693 0.0000000000
101921  -36.071  -19.685  31.978 0.0000000000
101934  -36.067  -19.784  32.127 0.0000000000
101945  -36.342  -19.635  31.276 0.0000000000
101954  -34.858  -19.683  30.144 0.0000000000
101955  -35.345  -19.754  30.460 0.0000000000
101956  -36.242  -20.194  30.362 0.0000000000
101977  -34.314  -19.901  29.213 0.0000000000
102013  -34.452  -20.113  27.618 0.0000000000
102025  -31.895  -19.786  25.281 0.0000000000
103101  -35.876  -19.013  33.894 0.0000000000
103135  -35.945  -19.273  31.677 0.0000000000
103146  -35.891  -19.169  30.885 0.0000000000
103173  -33.669  -18.956  29.316 0.0000000000
103174  -33.990  -19.225  29.544 0.0000000000
103210  -32.356  -18.532  26.763 0.0000000000
104366  -35.705  -18.555  34.476 0.0000000000
104396  -35.403  -18.053  32.164 0.0000000000
104406  -34.992  -18.808  31.230 0.0000000000
104407  -35.745  -18.825  31.307 0.0000000000
104424  -33.723  -18.478  30.024 0.0000000000
104468  -33.020  -18.779  28.403 0.0000000000
104497  -31.475  -17.746  25.802 0.0000000000
105587  -34.890  -17.538  33.579 0.0000000000
105652  -33.330  -18.166  29.683 0.0000000000
105728  -31.294  -16.583  23.896 0.0000000000
106781  -33.437  -16.818  31.769 0.0000000000
106782  -33.828  -16.774  32.231 0.0000000000
106794  -32.878  -16.813  30.722 0.0000000000
106848  -32.375  -17.199  28.792 0.0000000000
106867  -31.256  -15.870  27.144 0.0000000000
106868  -31.366  -16.257  27.687 0.0000000000
106892  -31.102  -16.016  26.306 0.0000000000
107949  -34.189  -16.126  34.504 0.0000000000
108103  -31.961  -14.784  24.367 0.0000000000
109208  -33.453  -14.427  33.886 0.0000000000
109386  -33.523  -13.915  23.615 0.0000000000
109439  -34.992  -13.836  20.775 0.0000000000
110476  -33.724  -13.917  33.227 0.0000000000
110523  -33.194  -14.064  30.818 0.0000000000
110540  -33.415  -13.811  30.230 0.0000000000
110611  -36.556  -13.149  27.331 0.0000000000
110638  -40.720  -12.625  26.970 0.0000000000
110639  -40.980  -12.385  26.666 0.0000000000
110656  -36.576  -13.675  26.205 0.0000000000
110674  -38.881  -12.456  25.581 0.0000000000
110676  -40.378  -12.411  25.345 0.0000000000
110693  -39.652  -12.553  24.189 0.0000000000
110705  -39.517  -12.755  23.555 0.0000000000
110714  -34.984  -13.726  22.445 0.0000000000
110780  -40.117  -12.376  20.515 0.0000000000
111862  -38.591  -12.963  26.445 0.0000000000
111863  -41.304  -12.065  26.199 0.0000000000
111869  -41.376  -11.784  25.609 0.0000000000
112959  -41.708  -11.496  25.141 0.0000000000
112971  -42.067  -11.275  23.808 0.0000000000
112978  -41.996  -12.032  21.714 0.0000000000
113019  -44.079  -10.773  20.275 0.0000000000
113022  -46.652  -10.376  20.556 0.0000000000
113055  -43.045  -11.318  19.686 0.0000000000
113058  -44.933  -10.306  19.602 0.0000000000
113060  -46.368  -10.021  19.660 0.0000000000
114016  -42.707  -11.335  25.671 0.0000000000
114078  -44.476  -10.677  22.245 0.0000000000
114111  -44.032  -10.689  21.094 0.0000000000
114113  -45.714  -10.474  21.313 0.0000000000
114144  -43.979  -10.780  19.605 0.0000000000
114163  -46.795  -9.752  19.417 0.0000000000
114164  -47.292  -10.197  19.694 0.0000000000
114175  -43.528  -10.661  19.046 0.0000000000
114177  -45.142  -9.740  18.900 0.0000000000
114194  -41.506  -10.979  16.392 0.0000000000
115296  -47.629  -10.209  19.634 0.0000000000
115304  -44.478  -10.096  18.104 0.0000000000
115306  -45.695  -9.395  18.711 0.0000000000
115307  -46.461  -9.461  18.747 0.0000000000
115308  -46.936  -9.537  18.946 0.0000000000
116277  -48.830  -10.125  19.821 0.0000000000
116278  -49.193  -9.615  19.912 0.0000000000
116302  -47.321  -9.474  19.115 0.0000000000
116312  -45.179  -9.543  17.819 0.0000000000
116313  -45.820  -9.231  17.948 0.0000000000
117400  -48.722  -8.832  19.404 0.0000000000
117419  -44.659  -9.532  17.171 0.0000000000
117433  -53.897  -6.642  16.794 0.0000000000
117451  -45.577  -8.443  14.362 0.0000000000
118445  -46.220  -8.269  16.662 0.0000000000
118447  -47.363  -7.720  16.874 0.0000000000
118485  -54.161  -7.427  15.246 0.0000000000
118486  -54.455  -6.747  15.813 0.0000000000
118492  -46.063  -8.145  13.889 0.0000000000
118506  -46.564  -7.854  13.521 0.0000000000
118511  -53.409  -7.424  13.877 0.0000000000
118512  -54.032  -7.479  14.266 0.0000000000
119421  -51.151  -6.363  17.881 0.0000000000
119430  -52.277  -6.353  17.775 0.0000000000
119431  -52.673  -6.477  17.850 0.0000000000
119440  -51.226  -6.566  16.480 0.0000000000
119448  -47.076  -7.421  15.062 0.0000000000
119451  -49.067  -7.225  15.425 0.0000000000
119472  -48.430  -7.440  14.259 0.0000000000
119518  -51.751  -7.469  9.823 0.0000000000
120499  -54.271  -6.856  14.097 0.0000000000
120538  -51.783  -6.921  9.426 0.0000000000
123719  -52.755  -4.335  12.818 0.0000000000
123745  -52.168  -4.356  10.663 0.0000000000
123759  -52.235  -4.512  9.452 0.0000000000
124889  -53.188  -3.491  9.120 0.0000000000
124891  -54.448  -2.846  8.776 0.0000000000
125938  -53.839  -2.867  13.620 0.0000000000
125948  -53.243  -3.033  12.577 0.0000000000
125954  -53.686  -2.558  12.032 0.0000000000
125958  -54.623  -2.296  10.851 0.0000000000
188732  -35.326  -21.553  31.131 0.0000000000
188913  -37.385  -13.101  23.458 0.0000000000
188930  -36.089  -13.832  26.523 0.0000000000
191151  -40.527  -12.425  21.758 0.0000000000
192119  -49.482  -7.189  17.039 0.0000000000
192962  -34.973  -13.751  27.511 0.0000000000
192965  -32.562  -24.266  31.317 0.0000000000
193092  -34.480  -23.671  31.803 0.0000000000
193313  -35.116  -17.599  32.863 0.0000000000
193485  -4.536  -34.135  36.989 0.0000000000
193509  -36.031  -13.664  22.496 0.0000000000
193897  -35.433  -18.573  31.588 0.0000000000
194748  -46.705  -9.513  18.681 0.0000000000
195479  -32.982  -14.284  31.377 0.0000000000
196756  -33.905  -23.382  35.913 0.0000000000
196977  -34.619  -17.646  31.636 0.0000000000
197345  -43.367  -10.851  22.864 0.0000000000
197457  -34.709  -23.063  31.296 0.0000000000
198622  -35.544  -19.685  33.011 0.0000000000
202052  -35.457  -13.865  28.718 0.0000000000
204553  -35.569  -18.292  32.268 0.0000000000
206887  -55.387  -2.176  9.638 0.0000000000
207869  -11.488  -32.290  35.610 0.0000000000
208052  -35.757  -19.436  35.109 0.0000000000
208820  -6.751  -33.808  37.969 0.0000000000
209321  -38.060  -12.820  19.197 0.0000000000
209419  -35.741  -22.229  32.944 0.0000000000
209844  -52.681  -5.677  12.018 0.0000000000
209956  -53.034  -6.504  13.078 0.0000000000
214454  -42.984  -11.964  20.765 0.0000000000
215224  -48.681  -7.188  16.800 0.0000000000
216284  -35.794  -20.378  32.840 0.0000000000
217657  -12.915  -33.495  32.659 0.0000000000
218178  -46.897  -7.540  15.681 0.0000000000
218489  -35.025  -22.729  30.307 0.0000000000
219085  -42.263  -11.552  26.072 0.0000000000
220259  -35.564  -19.394  32.871 0.0000000000
220809  -35.553  -21.181  36.962 0.0000000000
221229  -40.662  -12.518  26.671 0.0000000000
224498  -39.060  -12.583  22.048 0.0000000000
224699  -35.214  -20.111  29.099 0.0000000000
224858  -33.278  -23.939  31.465 0.0000000000
224870  -18.528  -28.309  34.967 0.0000000000
225008  -36.015  -22.084  32.923 0.0000000000
225177  -26.956  -22.678  35.195 0.0000000000
226008  -33.365  -13.486  26.358 0.0000000000
226069  -6.568  -38.070  34.122 0.0000000000
227355  -44.723  -9.249  16.788 0.0000000000
227667  -35.779  -20.187  32.587 0.0000000000
