#!ascii label  , from subject sub-v2s11x28733_ses-1 vox2ras=TkReg
1849
137983  38.330  11.876  37.557 0.0000000000
142504  46.962  15.333  26.929 0.0000000000
145788  45.878  18.192  28.542 0.0000000000
145971  46.846  17.650  13.820 0.0000000000
139077  39.029  12.989  30.813 0.0000000000
197964  43.459  15.177  36.055 0.0000000000
148002  48.738  19.618  19.467 0.0000000000
152082  39.961  23.277  19.378 0.0000000000
140074  47.542  13.955  37.637 0.0000000000
139047  42.923  13.274  33.940 0.0000000000
140215  43.336  14.044  23.734 0.0000000000
145809  40.218  17.645  26.590 0.0000000000
146965  44.527  19.127  19.893 0.0000000000
145765  51.402  18.164  30.233 0.0000000000
151092  49.739  22.549  20.289 0.0000000000
234383  42.626  23.464  22.078 0.0000000000
136993  42.984  10.753  38.760 0.0000000000
136066  41.293  9.862  36.997 0.0000000000
232378  42.161  12.742  27.563 0.0000000000
205770  42.263  16.356  31.330 0.0000000000
144731  38.729  16.866  29.763 0.0000000000
144767  43.548  17.323  27.614 0.0000000000
224471  43.244  17.842  23.054 0.0000000000
210353  46.229  18.582  24.053 0.0000000000
141288  47.269  14.997  32.547 0.0000000000
142439  50.052  15.860  34.258 0.0000000000
144752  48.916  17.045  28.352 0.0000000000
148057  49.934  20.298  15.110 0.0000000000
150117  50.718  21.408  20.293 0.0000000000
151155  49.564  22.168  15.361 0.0000000000
151145  46.820  22.547  16.226 0.0000000000
147009  45.837  18.808  15.360 0.0000000000
141467  43.212  14.644  16.288 0.0000000000
135121  37.409  9.217  36.525 0.0000000000
136086  39.156  10.187  35.339 0.0000000000
143598  45.164  16.418  32.335 0.0000000000
143720  46.228  16.351  22.154 0.0000000000
144836  48.153  17.429  23.252 0.0000000000
145918  47.031  17.791  18.874 0.0000000000
236746  48.962  17.898  14.772 0.0000000000
141150  44.910  14.470  41.213 0.0000000000
137930  44.534  12.766  40.503 0.0000000000
139026  45.288  13.619  36.031 0.0000000000
140139  45.012  14.274  30.922 0.0000000000
139060  41.290  13.173  32.425 0.0000000000
140155  43.580  13.654  29.509 0.0000000000
141345  45.322  14.794  25.369 0.0000000000
141413  44.616  14.980  20.630 0.0000000000
137040  34.433  11.220  36.815 0.0000000000
215457  36.431  20.032  29.239 0.0000000000
211456  39.721  20.983  26.341 0.0000000000
147957  41.217  19.858  23.018 0.0000000000
147994  41.022  19.347  20.035 0.0000000000
229026  40.351  20.859  16.345 0.0000000000
142364  47.482  15.484  38.277 0.0000000000
143575  48.344  16.858  34.553 0.0000000000
146829  49.069  18.926  29.664 0.0000000000
145845  49.948  18.605  24.972 0.0000000000
150041  51.512  20.879  26.341 0.0000000000
149032  48.811  20.404  24.915 0.0000000000
149099  46.768  20.458  19.643 0.0000000000
150179  43.370  21.387  15.908 0.0000000000
153942  43.006  24.241  22.356 0.0000000000
152018  43.379  23.874  24.537 0.0000000000
214764  40.201  11.649  38.179 0.0000000000
136053  40.103  10.100  37.580 0.0000000000
144724  44.281  17.255  29.995 0.0000000000
196392  42.430  17.127  29.589 0.0000000000
145790  44.634  17.844  27.922 0.0000000000
145819  45.171  17.859  25.815 0.0000000000
146867  46.320  18.483  26.733 0.0000000000
231462  47.159  15.461  29.775 0.0000000000
142480  48.105  15.972  30.496 0.0000000000
143657  47.904  16.179  27.516 0.0000000000
148085  49.294  19.521  13.549 0.0000000000
150189  50.095  21.442  14.831 0.0000000000
148073  48.551  19.913  14.095 0.0000000000
149178  47.382  20.723  15.121 0.0000000000
147022  46.544  18.710  14.901 0.0000000000
143808  45.272  16.334  14.793 0.0000000000
142655  45.417  15.981  14.128 0.0000000000
134199  37.923  8.350  35.713 0.0000000000
142445  42.462  15.542  33.916 0.0000000000
142443  44.568  15.775  34.209 0.0000000000
143756  45.402  16.121  19.529 0.0000000000
144860  46.285  17.043  20.309 0.0000000000
144881  46.341  17.049  18.272 0.0000000000
143805  48.637  16.457  14.150 0.0000000000
143812  49.206  16.397  13.097 0.0000000000
144931  49.132  17.322  12.730 0.0000000000
138006  42.858  11.921  36.516 0.0000000000
138004  44.024  12.446  37.119 0.0000000000
139040  43.744  13.237  35.014 0.0000000000
140114  45.280  14.029  33.785 0.0000000000
140122  44.378  13.977  32.895 0.0000000000
138032  39.107  12.359  33.065 0.0000000000
138025  39.901  12.226  33.814 0.0000000000
139067  40.224  13.062  31.716 0.0000000000
139122  42.739  13.251  26.134 0.0000000000
139105  42.950  13.178  28.181 0.0000000000
139112  43.421  13.597  27.165 0.0000000000
140171  44.397  13.896  27.627 0.0000000000
140199  44.147  14.365  24.790 0.0000000000
141382  44.924  15.082  23.208 0.0000000000
140228  43.855  14.314  22.270 0.0000000000
139210  45.756  12.755  18.513 0.0000000000
144760  38.952  17.371  28.392 0.0000000000
145781  37.047  17.658  29.470 0.0000000000
201295  38.118  18.152  27.688 0.0000000000
148994  37.607  20.535  27.322 0.0000000000
147908  39.528  19.233  26.286 0.0000000000
219400  40.995  20.107  25.061 0.0000000000
146884  40.986  18.903  25.148 0.0000000000
145896  43.945  18.323  21.448 0.0000000000
146941  42.276  18.563  21.142 0.0000000000
146968  42.594  18.918  19.607 0.0000000000
148032  40.635  19.784  18.261 0.0000000000
148030  42.295  19.662  17.889 0.0000000000
140038  46.983  14.052  40.530 0.0000000000
141167  46.071  14.638  40.492 0.0000000000
140051  48.683  14.739  38.671 0.0000000000
143608  50.911  17.154  32.563 0.0000000000
144660  50.293  17.077  34.757 0.0000000000
144682  50.739  17.787  33.197 0.0000000000
198005  48.761  17.589  32.316 0.0000000000
210427  51.007  18.926  31.000 0.0000000000
145885  48.257  18.245  21.689 0.0000000000
215555  49.203  18.206  23.855 0.0000000000
146923  49.345  19.068  22.267 0.0000000000
151078  50.993  22.157  20.937 0.0000000000
149040  50.933  20.890  23.401 0.0000000000
150083  50.414  22.151  23.214 0.0000000000
149007  49.736  20.823  26.024 0.0000000000
149052  49.217  21.260  23.072 0.0000000000
149065  48.234  20.754  21.873 0.0000000000
150118  48.666  21.727  20.361 0.0000000000
149180  44.237  21.717  14.515 0.0000000000
214954  45.229  21.825  16.589 0.0000000000
149182  43.163  21.288  14.703 0.0000000000
225583  41.639  20.634  14.376 0.0000000000
236763  42.225  14.735  37.363 0.0000000000
228567  41.365  24.037  20.822 0.0000000000
151082  41.346  22.883  21.222 0.0000000000
138964  41.639  12.877  39.899 0.0000000000
137954  41.121  12.241  38.871 0.0000000000
136051  42.154  10.123  37.797 0.0000000000
137050  41.866  11.744  35.917 0.0000000000
139108  40.936  12.733  28.773 0.0000000000
143632  40.359  16.416  30.832 0.0000000000
144742  40.849  17.085  29.066 0.0000000000
144778  41.718  17.196  27.265 0.0000000000
144820  42.233  17.690  24.777 0.0000000000
144805  43.475  17.267  25.541 0.0000000000
229385  44.982  17.964  23.461 0.0000000000
146936  45.657  19.004  21.394 0.0000000000
141255  47.487  14.512  35.428 0.0000000000
141232  48.758  14.728  36.616 0.0000000000
141283  48.328  15.240  33.315 0.0000000000
143610  49.131  16.287  31.441 0.0000000000
226890  49.802  17.405  29.670 0.0000000000
148026  49.355  20.083  17.573 0.0000000000
147989  49.801  20.307  20.337 0.0000000000
149137  50.349  21.412  17.467 0.0000000000
151122  50.341  22.352  18.098 0.0000000000
152104  49.530  22.760  17.949 0.0000000000
151123  48.380  22.527  18.345 0.0000000000
152122  47.930  22.592  15.872 0.0000000000
150190  45.569  21.203  15.189 0.0000000000
147011  44.651  19.114  15.888 0.0000000000
141474  44.027  14.887  15.574 0.0000000000
136056  37.442  10.610  36.903 0.0000000000
134161  39.582  8.764  36.982 0.0000000000
211125  38.597  8.591  36.369 0.0000000000
136093  38.204  10.720  34.375 0.0000000000
138044  38.205  12.314  31.638 0.0000000000
230336  40.912  15.660  32.727 0.0000000000
143600  43.740  16.353  32.067 0.0000000000
144708  45.816  17.189  30.836 0.0000000000
142533  46.514  15.738  24.306 0.0000000000
143683  47.569  16.402  24.763 0.0000000000
144838  47.127  16.845  22.571 0.0000000000
145895  47.421  17.800  21.012 0.0000000000
146976  47.858  18.642  18.756 0.0000000000
143792  47.139  16.886  16.166 0.0000000000
145929  47.488  17.981  16.915 0.0000000000
204852  48.394  18.979  16.952 0.0000000000
209111  49.210  18.942  14.935 0.0000000000
212343  49.137  18.569  13.185 0.0000000000
144926  47.511  17.363  12.748 0.0000000000
142670  45.620  15.271  13.153 0.0000000000
138944  44.531  13.845  41.681 0.0000000000
138977  46.162  12.879  39.377 0.0000000000
137951  44.077  11.484  39.304 0.0000000000
137979  45.305  12.444  38.251 0.0000000000
139008  46.597  13.675  37.159 0.0000000000
140106  46.047  14.149  34.794 0.0000000000
141293  46.238  14.709  31.720 0.0000000000
141311  46.123  14.676  29.252 0.0000000000
136084  40.432  10.451  35.819 0.0000000000
137055  41.032  11.955  35.063 0.0000000000
139054  42.214  13.247  33.215 0.0000000000
232858  41.405  13.259  30.351 0.0000000000
139064  42.392  13.480  31.072 0.0000000000
140129  43.083  13.647  32.097 0.0000000000
140148  44.504  14.087  30.032 0.0000000000
140169  45.688  14.263  28.140 0.0000000000
141335  45.973  14.787  26.371 0.0000000000
142534  45.834  15.352  24.252 0.0000000000
143733  45.188  15.622  21.585 0.0000000000
142607  45.289  15.415  18.659 0.0000000000
140259  44.387  13.947  20.275 0.0000000000
140279  45.047  13.956  18.567 0.0000000000
137019  36.299  11.599  37.169 0.0000000000
136069  35.481  10.533  36.581 0.0000000000
207447  33.719  10.192  36.177 0.0000000000
148972  36.997  20.539  30.878 0.0000000000
150024  36.864  21.408  28.514 0.0000000000
202762  41.911  21.710  24.982 0.0000000000
151062  41.684  21.918  22.654 0.0000000000
150097  40.718  21.000  21.953 0.0000000000
146917  41.731  18.471  22.981 0.0000000000
147971  40.983  19.598  21.883 0.0000000000
149092  39.841  21.189  20.127 0.0000000000
142379  45.515  15.378  36.854 0.0000000000
142391  49.443  15.985  36.969 0.0000000000
206335  48.194  16.210  36.664 0.0000000000
142427  45.883  15.848  35.053 0.0000000000
143586  46.712  16.547  33.340 0.0000000000
144706  47.465  17.519  31.251 0.0000000000
145775  47.135  18.374  29.536 0.0000000000
144787  48.519  17.063  25.862 0.0000000000
145805  49.520  17.810  26.666 0.0000000000
146844  50.902  18.978  27.809 0.0000000000
147953  50.420  19.950  23.022 0.0000000000
147919  50.925  19.779  25.106 0.0000000000
200308  51.370  19.613  28.372 0.0000000000
147887  50.616  20.289  28.217 0.0000000000
147889  48.621  19.680  27.482 0.0000000000
146853  47.404  19.084  26.748 0.0000000000
147933  47.631  19.481  24.354 0.0000000000
147969  46.800  19.667  21.896 0.0000000000
214404  45.941  19.785  19.853 0.0000000000
150152  47.234  21.619  18.185 0.0000000000
149125  45.671  20.551  18.258 0.0000000000
149127  43.884  20.309  17.646 0.0000000000
149154  42.183  21.057  16.044 0.0000000000
219052  42.655  15.095  17.123 0.0000000000
152976  43.636  24.315  23.986 0.0000000000
152966  43.004  23.893  25.177 0.0000000000
137971  37.816  12.538  37.995 0.0000000000
137010  39.010  11.938  37.791 0.0000000000
231782  38.833  11.523  37.557 0.0000000000
144737  44.989  17.470  29.647 0.0000000000
144738  44.452  17.492  29.228 0.0000000000
145789  45.239  18.000  28.398 0.0000000000
145806  45.783  18.222  27.126 0.0000000000
146855  46.314  18.558  27.442 0.0000000000
142496  47.047  15.288  28.352 0.0000000000
142492  47.489  15.697  28.689 0.0000000000
142498  47.425  15.727  27.212 0.0000000000
145970  47.489  18.188  13.709 0.0000000000
147026  47.982  18.879  13.931 0.0000000000
147020  47.610  19.194  14.420 0.0000000000
145963  46.788  18.076  14.346 0.0000000000
145972  46.395  17.460  14.225 0.0000000000
144921  46.552  17.003  13.637 0.0000000000
141237  42.188  14.861  36.415 0.0000000000
141257  42.886  15.192  35.676 0.0000000000
142430  43.409  15.518  34.715 0.0000000000
197541  43.996  15.498  35.020 0.0000000000
142618  45.748  15.817  18.200 0.0000000000
142606  45.971  16.505  18.566 0.0000000000
209630  45.944  15.883  17.602 0.0000000000
142659  49.219  15.719  13.160 0.0000000000
141497  49.364  14.814  12.553 0.0000000000
141498  48.842  15.198  12.307 0.0000000000
151105  39.529  22.603  19.066 0.0000000000
139037  43.192  12.855  35.435 0.0000000000
138009  43.308  12.549  36.094 0.0000000000
199094  43.349  13.266  34.379 0.0000000000
139039  44.176  13.564  34.230 0.0000000000
139046  43.521  13.487  33.746 0.0000000000
138042  39.124  12.810  31.938 0.0000000000
138036  39.473  12.691  32.539 0.0000000000
139068  39.485  13.081  31.340 0.0000000000
140201  43.070  13.641  24.324 0.0000000000
139117  43.298  13.620  26.384 0.0000000000
140193  43.724  13.984  25.194 0.0000000000
140187  43.800  13.946  25.907 0.0000000000
140200  43.575  14.062  24.513 0.0000000000
141372  43.827  14.484  23.438 0.0000000000
140229  43.499  14.087  22.871 0.0000000000
144780  39.936  17.365  27.057 0.0000000000
145791  38.535  17.680  28.042 0.0000000000
145811  39.071  18.129  27.032 0.0000000000
146857  38.862  18.643  26.898 0.0000000000
146856  39.417  18.532  26.607 0.0000000000
146868  40.551  18.814  25.671 0.0000000000
145822  40.520  18.077  26.056 0.0000000000
146954  44.278  18.873  20.417 0.0000000000
146955  43.478  18.731  20.307 0.0000000000
146967  43.247  18.920  19.697 0.0000000000
148017  42.674  19.318  18.446 0.0000000000
196664  43.460  19.578  18.526 0.0000000000
138976  47.443  13.579  39.200 0.0000000000
140036  47.865  14.239  39.794 0.0000000000
140064  48.535  14.232  38.555 0.0000000000
216561  51.296  17.638  31.684 0.0000000000
144681  51.099  17.622  32.862 0.0000000000
145741  51.405  18.214  31.789 0.0000000000
145742  51.176  18.304  31.921 0.0000000000
146811  51.508  18.790  31.030 0.0000000000
146950  48.676  19.169  20.430 0.0000000000
146924  48.737  18.686  21.986 0.0000000000
146949  49.051  19.365  21.003 0.0000000000
151091  50.198  22.638  20.620 0.0000000000
151067  50.926  22.135  21.921 0.0000000000
151060  50.154  22.362  22.258 0.0000000000
150084  49.854  21.965  22.759 0.0000000000
150094  49.540  21.950  22.053 0.0000000000
150095  48.892  21.351  21.728 0.0000000000
151081  49.271  22.101  20.654 0.0000000000
148061  43.923  20.154  15.372 0.0000000000
149181  43.913  21.245  14.476 0.0000000000
148062  43.198  20.245  15.163 0.0000000000
148063  42.500  20.260  14.976 0.0000000000
152998  42.932  24.028  22.028 0.0000000000
153946  42.549  24.110  21.779 0.0000000000
153010  42.443  23.888  21.543 0.0000000000
152075  41.412  23.789  20.733 0.0000000000
152058  42.013  22.947  21.821 0.0000000000
200165  39.992  13.184  39.447 0.0000000000
137955  40.323  12.622  38.902 0.0000000000
136045  40.898  10.200  38.093 0.0000000000
136032  41.357  10.455  38.157 0.0000000000
136065  41.922  10.342  37.229 0.0000000000
137037  42.224  11.348  36.676 0.0000000000
137038  41.592  10.964  36.428 0.0000000000
235755  40.715  16.207  31.513 0.0000000000
201971  40.061  16.272  31.354 0.0000000000
143631  41.098  16.475  30.826 0.0000000000
234036  43.021  17.290  28.638 0.0000000000
144741  41.958  17.168  29.070 0.0000000000
144756  42.089  17.204  28.445 0.0000000000
200074  41.549  17.205  27.907 0.0000000000
208300  42.382  17.241  27.162 0.0000000000
226341  42.552  17.214  26.493 0.0000000000
144789  43.261  17.244  26.348 0.0000000000
203921  45.744  18.070  24.946 0.0000000000
145849  45.189  17.940  24.587 0.0000000000
211326  45.666  18.214  23.702 0.0000000000
146916  45.412  18.486  22.416 0.0000000000
146915  45.974  18.784  22.695 0.0000000000
141278  47.227  14.701  33.836 0.0000000000
229111  47.806  14.845  34.397 0.0000000000
142467  47.884  15.295  32.702 0.0000000000
143651  48.423  16.489  29.422 0.0000000000
231928  48.355  15.872  31.328 0.0000000000
143641  49.120  16.604  30.461 0.0000000000
144721  49.786  17.096  30.437 0.0000000000
144736  48.968  16.953  29.121 0.0000000000
149151  49.901  20.393  16.218 0.0000000000
149124  49.918  20.730  17.898 0.0000000000
149150  50.384  20.946  15.935 0.0000000000
151154  49.900  21.708  14.689 0.0000000000
205316  50.275  22.058  16.277 0.0000000000
151134  49.915  22.460  16.572 0.0000000000
152112  49.998  22.613  17.946 0.0000000000
152117  49.460  22.657  16.742 0.0000000000
152114  49.032  22.689  17.294 0.0000000000
151144  48.829  22.373  15.860 0.0000000000
148059  46.200  19.577  15.424 0.0000000000
149179  46.419  21.110  15.157 0.0000000000
149164  46.062  20.475  15.382 0.0000000000
227700  45.307  20.400  15.464 0.0000000000
147010  45.189  18.953  15.723 0.0000000000
145955  45.088  17.628  15.711 0.0000000000
142656  44.964  15.672  14.626 0.0000000000
143809  44.787  15.895  15.295 0.0000000000
228299  37.544  9.856  36.677 0.0000000000
134162  38.516  8.661  36.537 0.0000000000
135120  38.008  9.153  36.635 0.0000000000
135148  38.034  10.035  34.729 0.0000000000
136098  37.876  11.066  33.713 0.0000000000
137068  38.168  11.609  33.285 0.0000000000
136107  37.524  11.415  33.113 0.0000000000
211854  44.208  16.036  33.225 0.0000000000
142468  43.214  16.075  32.572 0.0000000000
143599  44.417  16.371  32.191 0.0000000000
143612  44.852  16.550  31.633 0.0000000000
143611  45.455  16.696  31.780 0.0000000000
202124  46.637  16.147  23.277 0.0000000000
143701  46.814  16.146  23.832 0.0000000000
230965  46.749  16.667  22.216 0.0000000000
144874  46.684  17.436  19.271 0.0000000000
144859  46.847  17.397  20.653 0.0000000000
145911  47.146  17.861  19.583 0.0000000000
145903  47.618  18.439  19.910 0.0000000000
145917  47.365  18.199  18.433 0.0000000000
143793  46.842  16.290  16.308 0.0000000000
143800  47.571  16.260  15.264 0.0000000000
144904  48.348  17.504  15.050 0.0000000000
144905  47.711  17.244  15.651 0.0000000000
145953  48.041  17.833  15.750 0.0000000000
146996  48.020  18.506  16.605 0.0000000000
145937  48.282  18.399  15.956 0.0000000000
146995  48.614  18.859  16.297 0.0000000000
145951  49.174  18.477  14.769 0.0000000000
143826  48.431  16.518  12.488 0.0000000000
145975  49.112  17.996  12.929 0.0000000000
233921  48.601  17.449  12.457 0.0000000000
145982  48.328  17.660  12.579 0.0000000000
144933  47.129  16.761  12.513 0.0000000000
142677  46.472  15.377  12.420 0.0000000000
138946  43.118  13.825  41.863 0.0000000000
138945  43.862  13.844  41.921 0.0000000000
138952  44.251  13.229  41.254 0.0000000000
236698  45.279  13.056  40.631 0.0000000000
137949  45.488  12.446  39.587 0.0000000000
137952  42.690  11.498  39.108 0.0000000000
137940  42.191  12.286  39.497 0.0000000000
136992  43.542  11.094  38.847 0.0000000000
139010  44.556  12.887  36.940 0.0000000000
137980  44.513  12.319  37.780 0.0000000000
139009  45.221  12.859  37.476 0.0000000000
207035  45.839  13.298  37.270 0.0000000000
139025  45.861  13.626  36.572 0.0000000000
140101  46.245  14.063  35.536 0.0000000000
140102  45.473  13.942  35.330 0.0000000000
205526  45.043  14.191  32.394 0.0000000000
140126  45.671  14.320  32.667 0.0000000000
141294  45.576  14.515  31.298 0.0000000000
141307  46.098  14.767  30.153 0.0000000000
141300  45.536  14.550  30.562 0.0000000000
135135  39.537  9.294  35.975 0.0000000000
135134  40.147  9.521  36.222 0.0000000000
136085  39.786  10.315  35.598 0.0000000000
138030  40.619  12.734  33.095 0.0000000000
138024  40.483  12.436  33.743 0.0000000000
138029  41.052  12.660  33.532 0.0000000000
138023  41.305  12.595  34.019 0.0000000000
214648  41.767  13.232  32.835 0.0000000000
139107  41.650  12.888  28.593 0.0000000000
139094  41.367  13.083  29.311 0.0000000000
139091  43.354  13.409  28.713 0.0000000000
139082  42.421  13.355  29.769 0.0000000000
140150  42.955  13.527  29.996 0.0000000000
139058  42.446  13.459  31.790 0.0000000000
140149  43.524  13.806  30.272 0.0000000000
140141  43.640  13.821  30.965 0.0000000000
230763  43.979  13.989  29.946 0.0000000000
231871  44.854  14.503  26.173 0.0000000000
140170  45.102  14.039  27.899 0.0000000000
141326  45.500  14.466  26.795 0.0000000000
141325  46.068  14.648  27.047 0.0000000000
141344  45.894  14.935  25.682 0.0000000000
141357  45.823  15.136  25.007 0.0000000000
141358  45.259  14.932  24.659 0.0000000000
141403  44.715  15.209  21.734 0.0000000000
142564  45.261  15.551  22.173 0.0000000000
142574  44.900  15.375  21.099 0.0000000000
142595  45.049  15.579  19.770 0.0000000000
141423  44.684  15.025  19.989 0.0000000000
139197  44.502  13.280  19.953 0.0000000000
139229  45.300  13.361  18.440 0.0000000000
139243  46.167  13.418  17.439 0.0000000000
219499  35.164  12.824  38.232 0.0000000000
137021  34.798  11.737  37.226 0.0000000000
137039  35.148  11.155  36.858 0.0000000000
135123  35.794  9.655  36.423 0.0000000000
136070  34.778  10.655  36.534 0.0000000000
146832  36.545  18.789  29.017 0.0000000000
146815  36.407  18.994  30.446 0.0000000000
216586  36.447  20.164  29.903 0.0000000000
150008  37.192  21.205  30.682 0.0000000000
148980  36.456  20.722  29.490 0.0000000000
151005  36.792  21.766  29.627 0.0000000000
148986  36.565  20.608  28.668 0.0000000000
149000  38.891  20.382  26.682 0.0000000000
209522  40.485  21.885  26.208 0.0000000000
151038  42.126  22.369  25.353 0.0000000000
150057  40.973  21.421  25.783 0.0000000000
205689  41.142  19.959  24.536 0.0000000000
150076  41.685  21.135  23.843 0.0000000000
149044  41.402  20.507  23.479 0.0000000000
150096  41.150  21.148  22.571 0.0000000000
149068  40.996  20.241  22.362 0.0000000000
144829  43.159  17.564  23.819 0.0000000000
145851  42.359  17.962  24.050 0.0000000000
145865  42.576  17.793  23.290 0.0000000000
146958  41.667  18.991  20.235 0.0000000000
200368  41.202  19.095  21.446 0.0000000000
147981  41.107  19.294  20.734 0.0000000000
149091  40.294  20.306  21.062 0.0000000000
149101  40.049  20.195  19.896 0.0000000000
149102  39.681  20.665  19.420 0.0000000000
149115  39.965  20.108  19.200 0.0000000000
236117  40.720  20.506  17.011 0.0000000000
198347  43.365  14.848  40.560 0.0000000000
141182  46.886  14.997  39.275 0.0000000000
200836  45.265  14.788  39.549 0.0000000000
141203  45.687  15.046  38.299 0.0000000000
197380  44.985  15.006  37.800 0.0000000000
142378  46.162  15.478  37.350 0.0000000000
141267  49.374  15.322  35.343 0.0000000000
141231  49.443  15.203  36.940 0.0000000000
142408  49.970  16.007  36.047 0.0000000000
144665  49.552  17.140  34.719 0.0000000000
143550  49.420  16.524  36.000 0.0000000000
143551  48.434  16.578  35.739 0.0000000000
142409  46.834  16.124  35.449 0.0000000000
143568  47.149  16.344  34.817 0.0000000000
143569  46.381  16.191  34.604 0.0000000000
143576  47.630  16.722  33.804 0.0000000000
145753  48.681  18.153  31.059 0.0000000000
197667  47.690  17.316  31.832 0.0000000000
145766  48.316  18.211  30.431 0.0000000000
145755  46.926  17.937  30.118 0.0000000000
146830  47.902  18.640  29.385 0.0000000000
144816  47.866  16.915  24.301 0.0000000000
143682  47.996  16.566  25.474 0.0000000000
144815  48.392  17.265  24.558 0.0000000000
231459  49.602  18.463  24.033 0.0000000000
145833  49.487  18.005  25.244 0.0000000000
145832  50.038  18.401  25.680 0.0000000000
145804  50.160  18.293  27.212 0.0000000000
146864  50.520  18.964  26.182 0.0000000000
149096  50.224  20.993  19.983 0.0000000000
147977  49.996  20.355  21.034 0.0000000000
149077  50.496  20.807  21.345 0.0000000000
149020  51.207  20.914  24.876 0.0000000000
147930  51.041  20.389  24.560 0.0000000000
149005  51.493  20.501  26.002 0.0000000000
147895  51.450  20.137  27.072 0.0000000000
147894  51.452  20.578  27.234 0.0000000000
148988  51.256  20.264  28.178 0.0000000000
148991  51.327  20.629  27.478 0.0000000000
209704  49.490  20.910  25.225 0.0000000000
147896  49.216  20.137  27.159 0.0000000000
147897  48.492  19.781  26.750 0.0000000000
147890  47.923  19.419  27.089 0.0000000000
147898  47.861  19.514  26.408 0.0000000000
146865  47.403  19.095  26.065 0.0000000000
147932  48.227  19.904  24.636 0.0000000000
149079  47.852  20.680  21.185 0.0000000000
149067  47.439  20.220  21.713 0.0000000000
149080  47.247  20.275  20.960 0.0000000000
147979  46.599  19.872  20.767 0.0000000000
149090  46.420  20.011  20.061 0.0000000000
151135  47.506  22.389  16.996 0.0000000000
204727  47.748  22.105  18.466 0.0000000000
151125  46.905  21.918  17.480 0.0000000000
150178  44.049  21.446  16.145 0.0000000000
150166  44.915  21.246  17.112 0.0000000000
150167  44.366  21.310  16.716 0.0000000000
149126  45.065  20.386  18.094 0.0000000000
149141  43.721  20.671  17.183 0.0000000000
230031  42.896  20.554  16.991 0.0000000000
150180  42.649  21.312  15.501 0.0000000000
147014  40.905  19.286  15.226 0.0000000000
148077  41.137  20.471  14.703 0.0000000000
206045  43.611  15.791  16.431 0.0000000000
142644  43.052  15.292  16.674 0.0000000000
152987  41.759  24.372  22.655 0.0000000000
152986  43.696  24.191  23.276 0.0000000000
152045  43.505  23.739  23.078 0.0000000000
137968  39.925  12.276  38.382 0.0000000000
137009  39.643  11.789  38.002 0.0000000000
136046  40.162  11.003  37.895 0.0000000000
136052  40.633  9.319  37.694 0.0000000000
143628  43.297  16.715  30.793 0.0000000000
143643  42.161  16.846  30.182 0.0000000000
144725  43.552  17.164  29.992 0.0000000000
196265  43.944  17.450  28.778 0.0000000000
144766  44.162  17.509  27.475 0.0000000000
144775  44.239  17.504  26.900 0.0000000000
145807  45.150  17.982  26.867 0.0000000000
145818  45.668  18.099  26.341 0.0000000000
146882  46.713  18.592  25.252 0.0000000000
142482  47.066  15.358  31.096 0.0000000000
142475  47.648  15.494  31.562 0.0000000000
142490  47.557  15.720  30.117 0.0000000000
143652  47.909  16.151  29.045 0.0000000000
143656  48.419  16.604  27.894 0.0000000000
148071  49.735  20.132  14.210 0.0000000000
149162  50.184  20.975  15.132 0.0000000000
149175  49.707  20.808  14.247 0.0000000000
226780  49.423  21.034  14.323 0.0000000000
150200  48.945  21.049  14.759 0.0000000000
151167  48.468  21.566  15.216 0.0000000000
148074  47.708  19.833  14.692 0.0000000000
148075  47.013  19.320  14.864 0.0000000000
145965  45.590  17.514  15.082 0.0000000000
215350  45.960  17.351  14.579 0.0000000000
143807  45.660  16.497  14.223 0.0000000000
142663  45.054  15.434  14.042 0.0000000000
134169  37.181  8.435  36.345 0.0000000000
134180  37.982  8.227  36.060 0.0000000000
134181  37.455  7.890  35.936 0.0000000000
142446  41.585  15.409  33.887 0.0000000000
142431  42.838  15.469  34.458 0.0000000000
199187  44.077  15.835  33.770 0.0000000000
142456  44.774  15.898  33.530 0.0000000000
143732  45.889  16.512  20.669 0.0000000000
143731  46.397  16.956  21.026 0.0000000000
143743  45.837  16.567  19.930 0.0000000000
144875  46.222  17.052  18.927 0.0000000000
210656  46.634  17.387  18.683 0.0000000000
217414  48.288  15.988  14.385 0.0000000000
142660  48.780  15.894  13.834 0.0000000000
143813  49.133  16.435  13.541 0.0000000000
144919  49.035  16.977  13.955 0.0000000000
144911  49.246  17.588  13.692 0.0000000000
143818  49.194  16.695  12.885 0.0000000000
142674  48.859  15.883  12.505 0.0000000000
199904  42.652  13.311  40.977 0.0000000000
137015  42.937  10.833  37.761 0.0000000000
137006  43.706  11.177  38.439 0.0000000000
138005  43.499  12.199  36.823 0.0000000000
139027  43.953  12.825  36.385 0.0000000000
139034  44.805  13.606  35.489 0.0000000000
140103  44.930  13.808  34.966 0.0000000000
140108  44.711  13.812  34.561 0.0000000000
140115  44.670  13.823  33.604 0.0000000000
140132  45.011  14.232  31.646 0.0000000000
137064  39.035  11.653  34.075 0.0000000000
137063  39.605  11.862  34.167 0.0000000000
138026  39.352  12.146  33.656 0.0000000000
138035  40.222  12.880  32.476 0.0000000000
197421  40.795  13.091  32.077 0.0000000000
139123  42.242  12.850  26.557 0.0000000000
139114  42.461  12.931  27.817 0.0000000000
139118  42.830  13.246  26.852 0.0000000000
140172  43.811  13.661  27.615 0.0000000000
140163  43.866  13.572  28.173 0.0000000000
218114  43.985  13.844  27.195 0.0000000000
140186  44.439  14.233  26.204 0.0000000000
141346  44.726  14.647  25.071 0.0000000000
141370  45.150  14.984  23.925 0.0000000000
141371  44.434  14.762  23.644 0.0000000000
141383  44.210  14.684  22.847 0.0000000000
233979  44.400  14.684  21.498 0.0000000000
138189  45.708  12.514  18.997 0.0000000000
138206  46.866  12.449  17.933 0.0000000000
144745  39.020  17.110  29.036 0.0000000000
144747  37.649  17.257  29.515 0.0000000000
145780  37.704  17.543  28.974 0.0000000000
145793  37.187  18.158  28.695 0.0000000000
146840  36.985  18.769  28.294 0.0000000000
147892  36.781  20.122  28.121 0.0000000000
147891  37.359  19.379  27.611 0.0000000000
147900  38.582  19.734  26.811 0.0000000000
219715  39.711  19.928  26.125 0.0000000000
149008  40.435  20.758  25.651 0.0000000000
219714  40.234  20.087  25.722 0.0000000000
147921  41.117  19.448  24.891 0.0000000000
146897  41.143  19.236  24.162 0.0000000000
145878  43.654  17.957  22.478 0.0000000000
145879  42.905  18.070  22.396 0.0000000000
145897  43.346  18.371  21.347 0.0000000000
146957  42.235  18.652  20.552 0.0000000000
146970  41.438  19.046  19.648 0.0000000000
148020  40.531  19.668  18.951 0.0000000000
146979  41.570  18.955  19.086 0.0000000000
148031  41.431  19.725  17.899 0.0000000000
149143  41.301  20.238  17.171 0.0000000000
140026  45.764  14.121  41.192 0.0000000000
141168  45.202  14.681  40.509 0.0000000000
140025  46.399  14.306  40.911 0.0000000000
216048  47.449  14.810  39.562 0.0000000000
142349  47.971  15.278  38.871 0.0000000000
142438  50.634  16.622  34.069 0.0000000000
142426  50.438  16.498  34.672 0.0000000000
143585  50.745  17.084  33.955 0.0000000000
144664  50.326  17.312  34.409 0.0000000000
144675  49.177  17.399  33.555 0.0000000000
197674  48.654  17.389  32.952 0.0000000000
144693  50.160  18.052  32.655 0.0000000000
145752  49.726  18.385  31.373 0.0000000000
146823  50.382  19.143  30.350 0.0000000000
145874  48.398  18.099  22.289 0.0000000000
145861  48.640  17.843  23.574 0.0000000000
146913  48.908  18.518  22.598 0.0000000000
145860  49.038  18.392  23.252 0.0000000000
146893  49.642  18.812  23.612 0.0000000000
150116  50.983  21.847  20.653 0.0000000000
149063  51.054  21.181  21.731 0.0000000000
150093  51.272  21.575  22.165 0.0000000000
150073  50.923  21.404  23.663 0.0000000000
150063  50.883  21.323  24.424 0.0000000000
150030  50.992  21.132  26.291 0.0000000000
150064  50.550  21.689  24.341 0.0000000000
150065  50.044  21.570  24.134 0.0000000000
149041  49.307  21.079  23.776 0.0000000000
149043  48.242  20.130  23.634 0.0000000000
234858  48.680  21.042  22.152 0.0000000000
149078  48.392  21.085  21.315 0.0000000000
150119  48.001  21.282  20.101 0.0000000000
151171  45.378  22.319  14.970 0.0000000000
151146  45.851  22.289  15.974 0.0000000000
151159  44.940  22.196  15.105 0.0000000000
151173  43.728  21.842  14.595 0.0000000000
150206  43.025  21.307  14.763 0.0000000000
150192  42.415  21.321  14.786 0.0000000000
148076  42.187  20.714  14.227 0.0000000000
147013  41.523  19.506  15.364 0.0000000000
197662  43.343  14.839  36.737 0.0000000000
152999  41.983  24.263  21.758 0.0000000000
152076  40.899  23.768  20.189 0.0000000000
220369  40.457  23.048  19.980 0.0000000000
138978  40.888  12.993  39.453 0.0000000000
136994  42.359  10.649  38.809 0.0000000000
136996  40.626  11.902  38.464 0.0000000000
136995  41.471  11.202  38.512 0.0000000000
136030  42.626  10.217  38.514 0.0000000000
137036  42.730  11.290  37.121 0.0000000000
138007  42.331  12.011  36.084 0.0000000000
138014  42.648  12.655  35.118 0.0000000000
139096  40.039  12.882  29.489 0.0000000000
138083  40.456  12.413  28.312 0.0000000000
138082  41.221  12.448  27.996 0.0000000000
203608  41.794  12.460  27.213 0.0000000000
235861  42.027  12.683  26.130 0.0000000000
139129  42.266  12.905  25.265 0.0000000000
139133  42.612  13.155  24.129 0.0000000000
228427  42.922  13.489  23.755 0.0000000000
140241  43.543  13.704  22.114 0.0000000000
143634  38.835  16.424  31.028 0.0000000000
143647  39.169  16.605  30.321 0.0000000000
143644  41.443  16.761  30.213 0.0000000000
144728  41.085  16.956  29.652 0.0000000000
144730  39.486  16.854  29.664 0.0000000000
233683  40.213  17.198  28.473 0.0000000000
144769  40.376  17.212  27.456 0.0000000000
144779  40.570  17.297  26.894 0.0000000000
145821  41.196  17.762  25.844 0.0000000000
144791  42.061  17.311  26.022 0.0000000000
228673  42.794  17.364  25.147 0.0000000000
144828  43.929  17.510  24.090 0.0000000000
220303  44.690  17.691  25.425 0.0000000000
145850  44.647  17.743  24.141 0.0000000000
203216  44.480  17.900  23.068 0.0000000000
146927  44.782  18.251  22.181 0.0000000000
146937  45.062  18.736  21.183 0.0000000000
146953  44.954  19.106  20.210 0.0000000000
140085  47.238  14.083  36.703 0.0000000000
140084  48.166  14.321  37.075 0.0000000000
141254  48.362  14.714  35.789 0.0000000000
197966  48.663  15.011  34.643 0.0000000000
142455  49.189  15.598  33.398 0.0000000000
196836  48.300  15.605  32.162 0.0000000000
142466  49.185  15.868  32.727 0.0000000000
142454  50.109  16.215  33.453 0.0000000000
143609  50.041  16.545  31.934 0.0000000000
144705  50.761  17.283  31.086 0.0000000000
144720  50.759  17.904  29.834 0.0000000000
148014  48.763  19.643  18.791 0.0000000000
203335  49.329  19.944  19.829 0.0000000000
148013  49.313  20.172  18.391 0.0000000000
149110  49.957  20.776  18.777 0.0000000000
150138  50.615  21.530  18.814 0.0000000000
202493  50.484  21.520  16.519 0.0000000000
150151  50.507  21.852  18.087 0.0000000000
150137  50.874  21.925  19.264 0.0000000000
151111  51.037  22.369  19.067 0.0000000000
152089  50.091  22.834  19.466 0.0000000000
151112  49.703  22.843  19.028 0.0000000000
151103  49.079  22.486  19.217 0.0000000000
152105  48.943  22.720  17.981 0.0000000000
198192  48.255  22.633  16.921 0.0000000000
152123  47.034  22.574  15.751 0.0000000000
151168  47.542  21.909  15.308 0.0000000000
151169  46.955  22.120  15.284 0.0000000000
151170  46.102  22.423  15.093 0.0000000000
226590  44.921  21.118  15.059 0.0000000000
149165  44.327  20.875  14.938 0.0000000000
145939  44.014  18.319  16.401 0.0000000000
143794  44.096  16.210  16.272 0.0000000000
143802  44.982  16.472  15.438 0.0000000000
143803  44.541  16.311  15.840 0.0000000000
141466  43.673  14.538  15.855 0.0000000000
137017  37.855  11.267  37.208 0.0000000000
198453  38.667  10.970  37.292 0.0000000000
136055  38.182  10.386  37.013 0.0000000000
134167  39.117  8.576  36.770 0.0000000000
135136  38.904  9.160  35.708 0.0000000000
231635  38.565  8.416  36.043 0.0000000000
135147  38.553  10.099  35.012 0.0000000000
136092  38.838  10.998  34.649 0.0000000000
136097  38.463  11.347  33.920 0.0000000000
138033  38.514  12.059  32.866 0.0000000000
138049  38.701  12.765  31.327 0.0000000000
142471  40.128  15.724  32.567 0.0000000000
143603  41.251  15.986  32.077 0.0000000000
142459  42.065  15.652  33.258 0.0000000000
142469  42.432  15.910  32.656 0.0000000000
143615  42.626  16.283  31.753 0.0000000000
143627  43.875  16.702  31.029 0.0000000000
211232  44.922  17.262  30.264 0.0000000000
145768  46.197  17.780  29.759 0.0000000000
142509  46.824  15.561  25.652 0.0000000000
142503  47.320  15.759  26.537 0.0000000000
233649  47.232  15.991  24.872 0.0000000000
143692  47.372  16.495  24.036 0.0000000000
144837  47.628  17.098  22.930 0.0000000000
144853  46.996  17.221  21.328 0.0000000000
144852  47.481  17.480  21.671 0.0000000000
145886  47.908  17.771  22.007 0.0000000000
145894  48.061  18.340  21.053 0.0000000000
145902  48.114  18.683  20.442 0.0000000000
146975  48.286  19.122  19.114 0.0000000000
142640  46.558  15.939  16.705 0.0000000000
143783  46.748  16.616  16.817 0.0000000000
144893  47.018  17.323  16.836 0.0000000000
224723  47.471  16.717  15.608 0.0000000000
209263  47.544  17.549  16.290 0.0000000000
145923  47.386  18.104  17.697 0.0000000000
146984  47.844  18.593  18.049 0.0000000000
146983  48.318  19.078  18.414 0.0000000000
148039  48.870  19.469  17.287 0.0000000000
148047  49.458  19.812  16.088 0.0000000000
148058  49.448  19.612  15.309 0.0000000000
145961  49.267  18.105  14.138 0.0000000000
147019  49.512  18.925  13.993 0.0000000000
147018  49.635  19.421  13.996 0.0000000000
147031  49.091  19.015  13.257 0.0000000000
145977  47.966  17.928  13.028 0.0000000000
144920  47.123  17.562  13.231 0.0000000000
144928  46.422  16.559  13.257 0.0000000000
143819  46.555  16.431  12.777 0.0000000000
141491  45.974  14.849  12.802 0.0000000000
140014  44.641  14.201  41.612 0.0000000000
138949  46.396  13.850  40.898 0.0000000000
138960  46.730  13.377  40.268 0.0000000000
138993  46.658  13.178  38.609 0.0000000000
138954  41.855  13.319  40.675 0.0000000000
138963  42.357  12.734  40.227 0.0000000000
137938  43.848  11.810  39.643 0.0000000000
137967  44.225  11.633  38.310 0.0000000000
137966  44.785  11.879  38.641 0.0000000000
137950  44.872  11.754  39.347 0.0000000000
137965  45.401  12.302  38.998 0.0000000000
213170  46.355  13.333  37.774 0.0000000000
139007  46.919  13.564  37.924 0.0000000000
140100  46.966  14.216  35.858 0.0000000000
140105  46.760  14.284  35.077 0.0000000000
141285  46.912  14.727  33.048 0.0000000000
140113  45.913  14.210  34.043 0.0000000000
141286  46.229  14.611  32.895 0.0000000000
204418  46.619  14.801  32.385 0.0000000000
141306  46.618  15.066  30.606 0.0000000000
233431  46.629  14.972  29.223 0.0000000000
141316  46.622  14.889  28.022 0.0000000000
135110  40.016  9.131  37.271 0.0000000000
135118  40.339  9.040  36.901 0.0000000000
136067  40.715  9.738  36.494 0.0000000000
137053  40.026  11.184  35.336 0.0000000000
137052  40.682  11.304  35.497 0.0000000000
137051  41.293  11.496  35.700 0.0000000000
138012  41.623  12.135  35.289 0.0000000000
138022  41.905  12.775  34.202 0.0000000000
197654  42.327  13.187  33.797 0.0000000000
139085  40.321  13.044  30.147 0.0000000000
139074  41.009  13.173  30.701 0.0000000000
201351  41.346  13.317  31.223 0.0000000000
139093  42.148  13.198  29.154 0.0000000000
139073  41.726  13.369  30.736 0.0000000000
139065  41.844  13.374  31.458 0.0000000000
139059  41.860  13.304  32.148 0.0000000000
139053  42.492  13.358  32.578 0.0000000000
140124  43.157  13.647  32.710 0.0000000000
140128  43.723  13.843  32.427 0.0000000000
140133  44.386  13.976  31.194 0.0000000000
236931  44.603  14.136  30.577 0.0000000000
140162  44.537  13.874  28.364 0.0000000000
198572  44.986  14.079  29.485 0.0000000000
140153  45.533  14.266  29.198 0.0000000000
140160  45.745  14.367  28.733 0.0000000000
141317  46.145  14.559  27.726 0.0000000000
141334  46.526  14.969  26.637 0.0000000000
142523  46.344  15.316  25.332 0.0000000000
142544  46.219  15.778  23.605 0.0000000000
142554  45.844  15.878  22.530 0.0000000000
142555  45.375  15.455  22.836 0.0000000000
143721  45.629  16.006  21.835 0.0000000000
143744  45.394  16.061  20.234 0.0000000000
208019  45.195  15.654  19.205 0.0000000000
202121  45.685  15.323  17.641 0.0000000000
140240  44.070  14.143  21.610 0.0000000000
141414  44.484  14.564  20.275 0.0000000000
139211  45.335  12.982  18.976 0.0000000000
140266  44.937  13.577  18.977 0.0000000000
141424  44.531  14.446  19.691 0.0000000000
141442  45.126  14.651  18.464 0.0000000000
141441  45.450  14.667  17.785 0.0000000000
137984  37.477  12.020  37.493 0.0000000000
137985  36.707  12.118  37.509 0.0000000000
137018  37.072  11.466  37.139 0.0000000000
136057  36.650  10.917  36.824 0.0000000000
137020  35.541  11.675  37.240 0.0000000000
136058  35.880  11.049  36.881 0.0000000000
202715  36.237  10.342  36.588 0.0000000000
135122  36.675  9.436  36.467 0.0000000000
136071  34.080  10.719  36.445 0.0000000000
135125  34.460  10.056  36.255 0.0000000000
134172  35.060  8.865  36.160 0.0000000000
151984  37.339  22.698  28.688 0.0000000000
148989  36.985  20.824  27.851 0.0000000000
150027  37.253  21.681  27.965 0.0000000000
151987  38.063  22.676  27.653 0.0000000000
152007  42.262  23.236  25.682 0.0000000000
152033  42.899  22.774  24.158 0.0000000000
151052  42.587  22.242  23.799 0.0000000000
150056  41.379  21.261  25.206 0.0000000000
151047  42.056  21.684  24.224 0.0000000000
151061  42.459  22.633  22.801 0.0000000000
151070  41.176  21.939  21.964 0.0000000000
151071  40.536  21.769  21.300 0.0000000000
151094  40.164  21.980  20.524 0.0000000000
145837  41.564  17.806  25.170 0.0000000000
145853  41.412  18.604  24.290 0.0000000000
146918  41.382  19.067  22.842 0.0000000000
222895  42.338  18.388  22.188 0.0000000000
146929  41.374  19.065  22.121 0.0000000000
212171  41.199  19.548  22.428 0.0000000000
149069  40.565  20.214  21.696 0.0000000000
150120  40.058  21.051  20.898 0.0000000000
151095  39.831  22.248  19.837 0.0000000000
150132  39.796  21.609  19.262 0.0000000000
203931  40.043  20.103  18.501 0.0000000000
141169  43.747  14.739  40.038 0.0000000000
197379  43.809  14.689  37.775 0.0000000000
141219  43.763  14.793  37.166 0.0000000000
141235  44.205  15.058  36.543 0.0000000000
140083  48.949  14.764  37.421 0.0000000000
141200  48.969  15.067  38.200 0.0000000000
142376  48.736  15.773  37.674 0.0000000000
143549  49.842  16.323  36.063 0.0000000000
142392  49.023  16.052  37.023 0.0000000000
142377  47.076  15.672  37.338 0.0000000000
142394  46.227  15.608  36.641 0.0000000000
142395  45.446  15.531  36.201 0.0000000000
142411  45.299  15.616  35.487 0.0000000000
142428  45.057  15.788  34.740 0.0000000000
143579  45.455  16.127  33.695 0.0000000000
143587  45.900  16.367  33.231 0.0000000000
144684  47.781  17.136  32.569 0.0000000000
233567  47.137  17.066  32.114 0.0000000000
144686  46.524  16.851  32.089 0.0000000000
198536  46.405  17.227  31.012 0.0000000000
219782  46.620  18.082  29.490 0.0000000000
145776  46.716  18.356  29.033 0.0000000000
143661  47.800  16.195  26.772 0.0000000000
143660  48.410  16.702  27.041 0.0000000000
144814  48.874  17.683  24.886 0.0000000000
144786  49.004  17.432  26.222 0.0000000000
144765  48.919  17.162  27.598 0.0000000000
144751  49.531  17.523  28.105 0.0000000000
145786  50.281  18.263  28.074 0.0000000000
145785  50.916  18.407  28.903 0.0000000000
207493  49.518  19.950  20.857 0.0000000000
147954  49.985  19.625  22.562 0.0000000000
146903  50.151  19.377  23.773 0.0000000000
147952  50.776  20.370  23.191 0.0000000000
147931  50.576  19.713  24.246 0.0000000000
205123  50.344  19.229  24.797 0.0000000000
146851  51.035  19.560  26.689 0.0000000000
146843  51.236  19.662  27.530 0.0000000000
145784  51.554  18.986  29.380 0.0000000000
147869  51.681  19.509  29.793 0.0000000000
146828  50.937  19.463  29.887 0.0000000000
147875  49.393  19.445  29.058 0.0000000000
148993  50.142  20.434  27.570 0.0000000000
147888  49.535  20.017  27.902 0.0000000000
147881  48.772  19.554  28.302 0.0000000000
146837  48.047  19.086  28.316 0.0000000000
197052  47.468  18.912  28.058 0.0000000000
146846  46.854  18.752  27.770 0.0000000000
146866  46.897  18.763  26.398 0.0000000000
146881  47.330  19.060  25.308 0.0000000000
146895  46.972  18.907  24.495 0.0000000000
147943  47.709  19.698  23.578 0.0000000000
147944  47.085  19.388  23.267 0.0000000000
146914  46.549  19.052  22.980 0.0000000000
147970  46.199  19.315  21.676 0.0000000000
147980  46.058  19.452  21.051 0.0000000000
148004  44.973  19.392  19.641 0.0000000000
151104  48.217  22.181  18.992 0.0000000000
150130  47.729  21.471  19.454 0.0000000000
150131  47.128  20.957  19.225 0.0000000000
150164  46.271  21.576  17.518 0.0000000000
150154  45.941  21.128  17.914 0.0000000000
149111  46.534  20.605  19.045 0.0000000000
149112  45.929  20.313  18.873 0.0000000000
224458  44.685  19.937  18.420 0.0000000000
204895  44.197  19.638  18.820 0.0000000000
230131  43.528  19.973  17.935 0.0000000000
148040  42.660  20.143  17.409 0.0000000000
149155  41.477  21.130  15.707 0.0000000000
150208  41.586  21.397  14.380 0.0000000000
150209  41.062  21.313  14.822 0.0000000000
142662  45.484  15.672  13.570 0.0000000000
210639  45.176  15.078  13.609 0.0000000000
133209  37.417  7.961  36.086 0.0000000000
134160  39.916  8.834  37.038 0.0000000000
134166  39.525  8.618  36.847 0.0000000000
134168  37.953  8.448  36.336 0.0000000000
134179  39.170  8.616  36.497 0.0000000000
135103  41.588  9.659  37.665 0.0000000000
135104  41.102  9.328  37.686 0.0000000000
135108  41.098  9.279  37.486 0.0000000000
135109  40.559  9.193  37.401 0.0000000000
135111  39.269  9.178  37.046 0.0000000000
135112  38.546  9.284  36.854 0.0000000000
135117  40.662  9.266  36.994 0.0000000000
135119  39.811  8.749  36.665 0.0000000000
135124  35.102  10.114  36.420 0.0000000000
136031  42.012  10.256  38.370 0.0000000000
136042  42.624  10.249  38.143 0.0000000000
136043  42.092  10.135  38.048 0.0000000000
136044  41.536  9.881  37.890 0.0000000000
136050  42.477  10.634  37.460 0.0000000000
136054  39.376  10.129  37.255 0.0000000000
136068  36.986  10.133  36.608 0.0000000000
136083  41.021  10.655  36.118 0.0000000000
136984  43.416  11.278  39.280 0.0000000000
136991  44.168  11.472  38.874 0.0000000000
137007  43.124  10.547  38.450 0.0000000000
137008  40.783  11.084  38.160 0.0000000000
137014  43.343  11.123  37.957 0.0000000000
137016  39.381  11.115  37.621 0.0000000000
137056  40.414  11.777  34.877 0.0000000000
137057  39.453  11.023  35.056 0.0000000000
137062  40.167  12.062  34.276 0.0000000000
137067  38.753  11.891  33.482 0.0000000000
137071  37.913  11.825  32.677 0.0000000000
137929  44.978  12.655  40.296 0.0000000000
137931  43.827  12.603  40.298 0.0000000000
137935  46.012  12.941  39.973 0.0000000000
137936  45.521  12.833  40.227 0.0000000000
137937  44.541  12.016  39.847 0.0000000000
137939  43.071  12.165  39.718 0.0000000000
137941  41.539  12.489  39.291 0.0000000000
137953  41.910  11.790  38.958 0.0000000000
137956  39.494  12.907  38.790 0.0000000000
137969  39.284  12.480  38.142 0.0000000000
137972  37.049  12.600  37.951 0.0000000000
137981  43.763  11.814  37.688 0.0000000000
137982  43.206  11.512  37.274 0.0000000000
137987  35.170  12.301  37.751 0.0000000000
138010  42.722  12.423  35.792 0.0000000000
138011  42.193  12.274  35.498 0.0000000000
138015  42.074  12.532  34.847 0.0000000000
138016  41.450  12.412  34.634 0.0000000000
138017  40.803  12.316  34.383 0.0000000000
138031  39.882  12.508  33.203 0.0000000000
138037  38.865  12.443  32.436 0.0000000000
138038  38.319  12.183  32.260 0.0000000000
138043  38.652  12.493  31.915 0.0000000000
138071  40.222  12.686  28.936 0.0000000000
138081  41.959  12.702  27.940 0.0000000000
138207  46.276  12.524  18.133 0.0000000000
138943  45.156  13.922  41.428 0.0000000000
138950  45.678  13.509  40.994 0.0000000000
138951  44.970  13.229  41.103 0.0000000000
138953  43.467  13.282  41.165 0.0000000000
138958  47.848  13.957  39.479 0.0000000000
138959  47.454  13.764  39.998 0.0000000000
138961  46.110  13.302  40.514 0.0000000000
138962  43.058  12.870  40.395 0.0000000000
138975  48.002  13.901  38.891 0.0000000000
138992  47.452  13.668  38.436 0.0000000000
138994  45.854  12.988  37.991 0.0000000000
139035  44.224  13.319  35.537 0.0000000000
139036  43.725  13.041  35.734 0.0000000000
139041  42.593  13.000  34.457 0.0000000000
139048  41.678  12.959  33.516 0.0000000000
139052  42.886  13.405  33.301 0.0000000000
139055  41.199  12.995  33.012 0.0000000000
139056  40.829  12.985  32.621 0.0000000000
139061  39.716  12.900  31.998 0.0000000000
139066  40.836  13.167  31.417 0.0000000000
139072  42.358  13.476  30.374 0.0000000000
139075  40.242  13.153  30.984 0.0000000000
139076  39.585  13.078  30.562 0.0000000000
139083  41.781  13.284  29.961 0.0000000000
139084  41.100  13.111  29.995 0.0000000000
139086  39.568  12.876  29.872 0.0000000000
139092  42.870  13.367  29.319 0.0000000000
139095  40.671  12.915  29.444 0.0000000000
139104  43.409  13.382  27.823 0.0000000000
139106  42.315  13.016  28.405 0.0000000000
139113  42.911  13.198  27.527 0.0000000000
139119  42.403  12.902  27.268 0.0000000000
139121  43.147  13.636  25.575 0.0000000000
139127  43.268  13.733  24.908 0.0000000000
139128  42.779  13.286  24.903 0.0000000000
139140  42.984  13.585  23.197 0.0000000000
139196  44.890  13.158  19.411 0.0000000000
139228  45.843  13.239  17.927 0.0000000000
140013  45.127  14.237  41.420 0.0000000000
140016  43.431  14.336  42.435 0.0000000000
140037  47.471  14.253  40.200 0.0000000000
140052  48.286  14.339  39.208 0.0000000000
140065  48.077  13.936  38.296 0.0000000000
140072  48.886  14.729  38.100 0.0000000000
140073  48.459  14.266  37.873 0.0000000000
140086  46.441  13.934  36.294 0.0000000000
140087  45.848  13.858  35.942 0.0000000000
140099  47.811  14.428  36.241 0.0000000000
140107  45.303  13.993  34.516 0.0000000000
140112  46.594  14.417  34.319 0.0000000000
140116  44.070  13.772  33.530 0.0000000000
140120  45.787  14.279  33.336 0.0000000000
140121  45.150  14.091  33.109 0.0000000000
140123  43.623  13.724  33.108 0.0000000000
140127  44.378  14.046  32.049 0.0000000000
140134  43.720  13.829  31.687 0.0000000000
140135  43.034  13.652  31.387 0.0000000000
140140  44.104  14.008  30.501 0.0000000000
140142  42.973  13.643  30.684 0.0000000000
140147  45.017  14.273  30.229 0.0000000000
140154  44.608  13.945  28.967 0.0000000000
140161  45.176  14.105  28.679 0.0000000000
140178  45.023  14.142  27.202 0.0000000000
140179  44.448  14.064  26.904 0.0000000000
140180  43.877  13.927  26.632 0.0000000000
140185  44.923  14.371  26.577 0.0000000000
140192  44.297  14.260  25.478 0.0000000000
140214  43.915  14.525  24.096 0.0000000000
140267  44.604  13.821  19.560 0.0000000000
140280  44.690  14.270  19.034 0.0000000000
140294  45.348  13.969  18.052 0.0000000000
141137  44.473  14.408  41.716 0.0000000000
141149  45.681  14.411  41.144 0.0000000000
141151  44.130  14.782  41.250 0.0000000000
141164  48.105  14.600  39.521 0.0000000000
141165  47.691  14.579  39.837 0.0000000000
141166  46.980  14.588  40.195 0.0000000000
141179  48.741  15.151  38.648 0.0000000000
141180  48.396  14.839  39.091 0.0000000000
141181  47.965  14.929  39.297 0.0000000000
141183  46.062  14.925  39.336 0.0000000000
141184  44.604  14.774  38.809 0.0000000000
141201  47.459  15.140  38.999 0.0000000000
141202  46.815  15.288  38.523 0.0000000000
141205  43.267  14.649  38.156 0.0000000000
141207  41.826  14.813  37.673 0.0000000000
141215  49.246  15.251  37.589 0.0000000000
141216  46.179  15.302  38.031 0.0000000000
141217  45.543  15.249  37.536 0.0000000000
141218  44.337  14.899  37.389 0.0000000000
141220  42.607  14.749  36.995 0.0000000000
141230  49.703  15.651  36.500 0.0000000000
141233  44.908  15.148  37.076 0.0000000000
141234  44.743  15.428  35.940 0.0000000000
141236  42.820  14.940  36.288 0.0000000000
141238  41.538  14.888  36.453 0.0000000000
141252  49.781  15.600  35.906 0.0000000000
141253  49.244  15.032  35.985 0.0000000000
141256  44.075  15.359  35.694 0.0000000000
141266  50.037  15.893  35.241 0.0000000000
141268  47.999  14.834  35.060 0.0000000000
141269  47.282  14.581  34.664 0.0000000000
141270  42.839  15.351  35.044 0.0000000000
141271  42.128  15.274  34.637 0.0000000000
141276  48.970  15.278  33.999 0.0000000000
141277  48.073  14.987  33.866 0.0000000000
141279  46.457  14.443  33.558 0.0000000000
141284  47.600  14.955  33.195 0.0000000000
141289  46.091  14.524  32.315 0.0000000000
141290  45.653  14.312  31.994 0.0000000000
141292  47.585  15.338  32.160 0.0000000000
141298  46.582  15.062  31.256 0.0000000000
141299  46.103  14.795  30.932 0.0000000000
141308  45.563  14.377  29.812 0.0000000000
141310  46.696  15.066  29.793 0.0000000000
141313  46.617  14.931  28.731 0.0000000000
141314  46.165  14.598  28.427 0.0000000000
141318  45.619  14.285  27.456 0.0000000000
141324  46.592  14.895  27.318 0.0000000000
141336  45.325  14.637  26.104 0.0000000000
141337  44.809  14.565  25.746 0.0000000000
141359  44.609  14.712  24.362 0.0000000000
141389  44.797  15.128  22.485 0.0000000000
141390  44.333  14.708  22.071 0.0000000000
141404  44.361  14.420  20.903 0.0000000000
141434  44.905  15.003  19.247 0.0000000000
141456  42.851  14.641  16.875 0.0000000000
141457  42.463  14.647  17.363 0.0000000000
141485  44.752  14.897  14.128 0.0000000000
141490  49.580  15.095  12.813 0.0000000000
142348  48.346  15.134  38.897 0.0000000000
142363  48.422  15.456  38.384 0.0000000000
142365  46.704  15.464  37.884 0.0000000000
142374  49.496  15.680  36.966 0.0000000000
142375  49.218  15.671  37.323 0.0000000000
142390  49.752  15.992  36.602 0.0000000000
142393  47.173  15.982  36.459 0.0000000000
142407  50.030  16.449  35.296 0.0000000000
142410  46.123  15.754  35.857 0.0000000000
142412  44.592  15.569  35.266 0.0000000000
142413  43.452  15.367  35.368 0.0000000000
142429  44.434  15.648  34.725 0.0000000000
142440  49.453  15.432  34.695 0.0000000000
142441  45.632  16.092  34.356 0.0000000000
142442  45.091  15.925  34.105 0.0000000000
142444  43.325  15.650  33.964 0.0000000000
142447  40.826  15.312  34.184 0.0000000000
142457  43.615  15.904  33.243 0.0000000000
142458  42.856  15.737  33.256 0.0000000000
142465  49.148  16.046  32.015 0.0000000000
142470  41.686  15.791  32.649 0.0000000000
142476  46.969  15.176  31.839 0.0000000000
142481  47.627  15.639  30.834 0.0000000000
142489  47.944  16.114  29.781 0.0000000000
142493  47.026  15.293  29.141 0.0000000000
142495  47.478  15.702  27.936 0.0000000000
142499  47.022  15.297  27.622 0.0000000000
142510  46.436  15.112  25.978 0.0000000000
142522  46.830  15.692  24.950 0.0000000000
142545  45.572  15.388  23.489 0.0000000000
142584  44.989  15.505  20.461 0.0000000000
142642  44.189  15.581  15.823 0.0000000000
142643  43.557  15.097  16.034 0.0000000000
142654  47.752  15.753  14.828 0.0000000000
142661  45.881  15.824  13.124 0.0000000000
142668  49.260  15.956  12.830 0.0000000000
142669  45.988  15.467  12.790 0.0000000000
143536  49.545  16.195  36.598 0.0000000000
143537  48.829  16.399  36.430 0.0000000000
143538  47.812  16.357  36.053 0.0000000000
143552  47.580  16.394  35.396 0.0000000000
143564  50.436  16.901  34.802 0.0000000000
143565  49.945  16.783  35.322 0.0000000000
143566  49.004  16.823  35.298 0.0000000000
143567  47.956  16.572  35.022 0.0000000000
143574  50.695  16.972  34.379 0.0000000000
143577  46.880  16.414  34.130 0.0000000000
143578  46.132  16.289  33.890 0.0000000000
143588  45.260  16.232  33.056 0.0000000000
143589  44.626  16.197  32.843 0.0000000000
143590  43.969  16.191  32.703 0.0000000000
143594  50.772  17.015  33.424 0.0000000000
143595  50.107  16.419  32.678 0.0000000000
143596  46.263  16.612  32.686 0.0000000000
143597  45.861  16.652  32.178 0.0000000000
143601  43.130  16.319  31.897 0.0000000000
143602  42.067  16.152  32.028 0.0000000000
143613  44.163  16.539  31.536 0.0000000000
143614  43.529  16.496  31.439 0.0000000000
143616  41.535  16.295  31.430 0.0000000000
143617  40.109  16.050  31.898 0.0000000000
143618  39.458  16.225  31.617 0.0000000000
143620  38.273  16.540  31.475 0.0000000000
143624  50.797  17.164  31.808 0.0000000000
143625  49.724  16.720  31.131 0.0000000000
143626  48.773  16.275  30.824 0.0000000000
143629  42.572  16.597  30.743 0.0000000000
143630  41.843  16.542  30.780 0.0000000000
143633  39.638  16.393  30.889 0.0000000000
143642  48.532  16.345  30.126 0.0000000000
143645  40.703  16.681  30.214 0.0000000000
143646  39.934  16.608  30.234 0.0000000000
143650  49.044  16.802  29.862 0.0000000000
143653  48.400  16.564  28.673 0.0000000000
143654  47.915  16.159  28.286 0.0000000000
143668  48.193  16.583  26.267 0.0000000000
143669  47.632  16.153  26.069 0.0000000000
143693  47.061  16.067  24.456 0.0000000000
143708  47.160  16.547  23.272 0.0000000000
143709  46.634  16.381  22.727 0.0000000000
143710  46.245  16.003  22.980 0.0000000000
143719  46.589  16.780  21.684 0.0000000000
143755  45.840  16.582  19.229 0.0000000000
143767  45.525  16.056  18.875 0.0000000000
143775  46.611  17.004  17.519 0.0000000000
143776  46.149  16.425  17.914 0.0000000000
143784  46.347  16.227  17.284 0.0000000000
143801  47.095  16.254  15.797 0.0000000000
143806  48.046  16.410  14.682 0.0000000000
143814  45.983  16.304  13.650 0.0000000000
143820  46.174  16.212  13.072 0.0000000000
143825  49.051  16.640  12.666 0.0000000000
143828  46.828  16.084  12.436 0.0000000000
143829  46.235  15.931  12.674 0.0000000000
144659  50.571  17.144  34.504 0.0000000000
144663  50.678  17.278  34.153 0.0000000000
144666  48.697  17.108  33.996 0.0000000000
144673  50.712  17.364  33.584 0.0000000000
144674  50.360  17.594  33.860 0.0000000000
144676  48.162  17.082  33.299 0.0000000000
144677  47.408  16.836  33.094 0.0000000000
144680  51.261  17.926  32.175 0.0000000000
144683  49.722  17.686  33.131 0.0000000000
144685  46.950  16.828  32.629 0.0000000000
144691  51.388  17.993  31.830 0.0000000000
144692  51.354  17.648  32.224 0.0000000000
144694  48.223  17.723  31.468 0.0000000000
144695  46.872  17.202  31.513 0.0000000000
144696  46.037  16.962  31.525 0.0000000000
144697  45.326  16.890  31.218 0.0000000000
144698  44.549  16.905  30.864 0.0000000000
144704  51.336  17.914  31.124 0.0000000000
144707  46.941  17.530  30.831 0.0000000000
144709  45.232  17.148  30.670 0.0000000000
144710  43.820  16.973  30.517 0.0000000000
144711  43.402  16.965  30.365 0.0000000000
144722  46.317  17.491  30.429 0.0000000000
144723  45.588  17.427  30.124 0.0000000000
144726  42.930  16.976  30.163 0.0000000000
144727  41.756  17.011  29.646 0.0000000000
144729  40.297  16.916  29.547 0.0000000000
144732  38.067  16.988  29.912 0.0000000000
144733  37.442  17.269  30.068 0.0000000000
144735  50.327  17.918  29.239 0.0000000000
144739  43.317  17.348  28.950 0.0000000000
144740  42.671  17.221  28.939 0.0000000000
144743  40.244  17.108  28.861 0.0000000000
144744  39.746  17.039  29.107 0.0000000000
144746  38.243  17.151  29.291 0.0000000000
144750  50.080  17.878  28.605 0.0000000000
144753  44.062  17.500  28.135 0.0000000000
144754  43.362  17.339  28.316 0.0000000000
144755  42.716  17.240  28.318 0.0000000000
144757  41.347  17.191  28.598 0.0000000000
144758  40.258  17.256  28.073 0.0000000000
144759  39.672  17.250  28.433 0.0000000000
144761  38.380  17.409  28.651 0.0000000000
144764  49.547  17.686  27.397 0.0000000000
144768  42.882  17.257  27.719 0.0000000000
144770  39.775  17.349  27.658 0.0000000000
144771  39.170  17.508  27.870 0.0000000000
144774  48.981  17.297  26.882 0.0000000000
144776  43.728  17.306  26.943 0.0000000000
144777  41.889  17.235  26.630 0.0000000000
144788  44.037  17.358  26.261 0.0000000000
144790  42.717  17.268  25.821 0.0000000000
144792  41.453  17.385  26.188 0.0000000000
144793  40.826  17.486  26.348 0.0000000000
144801  48.934  17.569  25.567 0.0000000000
144802  48.454  17.168  25.200 0.0000000000
144803  48.070  16.842  24.854 0.0000000000
144804  44.192  17.454  25.534 0.0000000000
144806  42.157  17.471  25.416 0.0000000000
144807  41.659  17.505  25.695 0.0000000000
144817  43.941  17.447  24.860 0.0000000000
144818  43.448  17.392  24.415 0.0000000000
144819  42.887  17.470  24.499 0.0000000000
144826  48.258  17.350  23.920 0.0000000000
144827  47.720  16.983  23.624 0.0000000000
144844  47.555  17.285  22.284 0.0000000000
144845  47.090  17.043  21.960 0.0000000000
144867  46.723  17.474  19.956 0.0000000000
144868  46.204  17.080  19.599 0.0000000000
144906  45.262  16.970  15.268 0.0000000000
144912  48.468  16.956  14.547 0.0000000000
144913  47.860  16.894  15.075 0.0000000000
144914  46.019  16.921  14.123 0.0000000000
144915  45.616  16.943  14.638 0.0000000000
144918  49.229  17.027  13.258 0.0000000000
144925  49.247  17.670  13.161 0.0000000000
144927  46.850  16.952  12.993 0.0000000000
144932  48.820  17.193  12.459 0.0000000000
145737  50.985  18.033  32.582 0.0000000000
145743  50.411  18.322  32.112 0.0000000000
145744  49.290  18.021  31.822 0.0000000000
145750  51.472  18.477  31.456 0.0000000000
145751  50.580  18.587  31.641 0.0000000000
145754  47.716  17.892  30.727 0.0000000000
145764  51.525  18.713  30.807 0.0000000000
145767  47.711  18.218  30.008 0.0000000000
145769  45.581  17.765  29.412 0.0000000000
145771  36.601  18.156  29.825 0.0000000000
145773  51.713  18.943  29.831 0.0000000000
145774  51.211  18.462  29.642 0.0000000000
145777  46.127  18.082  29.101 0.0000000000
145778  45.062  17.762  29.025 0.0000000000
145779  44.574  17.693  28.588 0.0000000000
145782  36.692  18.306  29.176 0.0000000000
145787  46.359  18.373  28.643 0.0000000000
145792  37.900  17.890  28.331 0.0000000000
145794  36.722  18.606  28.725 0.0000000000
145796  45.894  18.287  27.701 0.0000000000
145797  45.288  18.059  27.622 0.0000000000
145798  44.653  17.822  27.229 0.0000000000
145799  39.367  17.613  27.286 0.0000000000
145800  38.771  17.902  27.491 0.0000000000
145801  37.498  18.433  28.003 0.0000000000
145808  44.608  17.709  26.591 0.0000000000
145810  39.643  17.854  26.829 0.0000000000
145816  50.032  18.382  26.440 0.0000000000
145817  49.514  17.895  25.955 0.0000000000
145820  44.620  17.648  25.989 0.0000000000
145823  39.905  18.103  26.390 0.0000000000
145834  45.770  18.018  25.587 0.0000000000
145835  45.200  17.883  25.210 0.0000000000
145836  44.597  17.739  24.842 0.0000000000
145838  41.040  18.282  25.478 0.0000000000
145846  49.428  18.189  24.482 0.0000000000
145847  48.792  17.741  24.213 0.0000000000
145848  45.738  18.162  24.334 0.0000000000
145852  41.745  18.111  24.498 0.0000000000
145862  45.564  18.306  23.047 0.0000000000
145863  44.278  17.723  23.533 0.0000000000
145864  43.716  17.649  23.493 0.0000000000
145866  41.964  18.128  23.400 0.0000000000
145867  41.738  18.299  23.950 0.0000000000
145875  48.027  17.589  22.610 0.0000000000
145876  44.931  18.128  22.780 0.0000000000
145877  44.309  18.013  22.586 0.0000000000
145880  42.279  18.139  22.781 0.0000000000
145887  44.122  18.130  22.013 0.0000000000
145888  43.445  18.153  21.873 0.0000000000
145889  42.738  18.418  21.657 0.0000000000
145904  47.229  17.876  20.284 0.0000000000
145910  47.522  18.218  19.153 0.0000000000
145924  46.878  17.612  18.112 0.0000000000
145930  47.009  17.639  17.390 0.0000000000
145938  47.841  18.075  16.305 0.0000000000
145952  48.615  18.146  15.316 0.0000000000
145954  45.448  18.225  15.497 0.0000000000
145962  49.015  17.462  14.402 0.0000000000
145964  46.072  18.010  14.836 0.0000000000
145969  49.386  18.300  13.429 0.0000000000
145976  48.755  18.206  12.813 0.0000000000
145981  48.867  17.687  12.509 0.0000000000
146804  51.446  18.491  31.492 0.0000000000
146812  51.077  18.717  31.367 0.0000000000
146813  50.337  18.822  31.094 0.0000000000
146814  49.197  18.645  30.579 0.0000000000
146821  51.502  19.178  30.283 0.0000000000
146822  51.429  19.180  30.393 0.0000000000
146824  48.396  18.504  29.996 0.0000000000
146825  36.468  18.709  29.502 0.0000000000
146827  51.557  19.502  29.755 0.0000000000
146831  47.231  18.570  29.015 0.0000000000
146834  51.495  19.522  29.105 0.0000000000
146835  51.235  18.953  28.622 0.0000000000
146836  48.412  19.094  28.888 0.0000000000
146838  46.908  18.627  28.468 0.0000000000
146839  46.257  18.475  28.106 0.0000000000
146841  36.595  19.083  28.604 0.0000000000
146845  47.421  19.018  27.416 0.0000000000
146847  38.461  18.408  27.196 0.0000000000
146848  37.823  18.845  27.476 0.0000000000
146849  37.267  18.957  27.845 0.0000000000
146852  50.664  18.980  26.986 0.0000000000
146854  46.871  18.783  27.092 0.0000000000
146858  38.418  19.065  27.030 0.0000000000
146863  50.955  19.556  25.902 0.0000000000
146869  39.971  18.672  26.115 0.0000000000
146880  50.450  19.067  25.428 0.0000000000
146883  41.260  18.929  24.720 0.0000000000
146892  49.971  18.888  24.260 0.0000000000
146894  47.789  19.520  25.035 0.0000000000
146896  46.282  18.409  24.723 0.0000000000
146904  46.721  18.936  23.660 0.0000000000
146905  46.126  18.636  23.350 0.0000000000
146911  50.083  19.425  23.224 0.0000000000
146912  49.487  18.974  22.917 0.0000000000
146925  46.343  19.254  22.339 0.0000000000
146926  45.820  18.896  22.040 0.0000000000
146928  44.624  18.341  21.569 0.0000000000
146934  49.155  19.250  21.676 0.0000000000
146935  48.594  18.809  21.385 0.0000000000
146938  44.425  18.603  21.030 0.0000000000
146939  43.724  18.579  20.913 0.0000000000
146940  42.923  18.524  20.864 0.0000000000
146942  41.719  18.863  20.970 0.0000000000
146951  48.335  18.987  19.818 0.0000000000
146952  45.449  19.173  20.703 0.0000000000
146956  42.782  18.726  20.169 0.0000000000
146964  47.907  18.676  19.358 0.0000000000
146966  43.934  19.072  19.842 0.0000000000
146969  41.967  18.942  19.626 0.0000000000
146977  42.997  19.185  19.109 0.0000000000
146978  42.279  19.014  19.041 0.0000000000
146989  48.373  19.000  17.686 0.0000000000
146990  47.885  18.536  17.310 0.0000000000
146994  49.135  19.218  16.015 0.0000000000
147008  48.982  18.772  15.541 0.0000000000
147012  42.232  19.589  15.543 0.0000000000
147021  47.233  18.695  14.360 0.0000000000
147025  48.671  19.427  13.450 0.0000000000
147030  49.542  19.104  13.461 0.0000000000
147032  48.507  18.640  13.207 0.0000000000
147861  36.521  19.479  30.828 0.0000000000
147870  36.375  19.144  29.845 0.0000000000
147873  51.409  19.593  29.402 0.0000000000
147874  50.518  19.700  29.273 0.0000000000
147876  36.433  19.300  29.195 0.0000000000
147878  51.528  19.548  29.338 0.0000000000
147879  51.159  19.885  28.835 0.0000000000
147880  49.977  19.848  28.612 0.0000000000
147882  48.019  19.256  27.763 0.0000000000
147883  36.895  19.431  28.053 0.0000000000
147884  36.564  19.756  28.616 0.0000000000
147886  51.378  20.212  27.889 0.0000000000
147899  38.999  19.160  26.695 0.0000000000
147901  37.849  19.690  27.212 0.0000000000
147903  51.551  20.561  26.703 0.0000000000
147904  51.260  19.847  26.306 0.0000000000
147905  48.402  19.870  26.039 0.0000000000
147906  47.846  19.498  25.704 0.0000000000
147907  40.094  19.383  25.862 0.0000000000
147918  51.316  20.469  25.302 0.0000000000
147920  48.328  19.911  25.334 0.0000000000
147922  40.638  19.571  25.347 0.0000000000
147934  47.236  19.254  23.866 0.0000000000
147940  50.832  20.359  23.822 0.0000000000
147941  50.531  19.863  23.527 0.0000000000
147942  48.144  19.844  24.050 0.0000000000
147945  41.174  19.877  23.795 0.0000000000
147955  47.493  19.793  22.860 0.0000000000
147956  46.911  19.517  22.613 0.0000000000
147966  50.133  20.077  22.011 0.0000000000
147967  49.694  19.550  21.971 0.0000000000
147968  47.311  19.855  22.286 0.0000000000
147978  49.721  19.811  21.422 0.0000000000
147982  40.697  19.668  21.235 0.0000000000
147990  49.210  19.695  20.413 0.0000000000
147991  48.849  19.488  20.007 0.0000000000
147992  45.998  19.615  20.407 0.0000000000
147993  45.468  19.499  20.039 0.0000000000
147995  40.441  19.795  20.469 0.0000000000
148001  49.318  20.135  19.153 0.0000000000
148003  45.556  19.770  19.335 0.0000000000
148005  44.372  19.375  19.421 0.0000000000
148006  40.999  19.208  19.323 0.0000000000
148007  40.482  19.696  19.663 0.0000000000
148015  44.879  19.632  19.020 0.0000000000
148016  43.696  19.339  19.266 0.0000000000
148018  41.898  19.262  18.481 0.0000000000
148019  41.164  19.371  18.659 0.0000000000
148027  48.820  19.566  18.043 0.0000000000
148028  44.061  19.896  18.180 0.0000000000
148029  42.992  19.813  17.934 0.0000000000
148038  49.319  20.013  16.788 0.0000000000
148041  42.003  20.098  17.310 0.0000000000
148046  50.003  20.368  15.537 0.0000000000
148048  48.951  19.373  16.597 0.0000000000
148060  44.740  19.777  15.625 0.0000000000
148064  41.284  19.967  14.875 0.0000000000
148065  40.700  19.751  14.887 0.0000000000
148072  49.681  19.636  14.404 0.0000000000
148084  49.573  19.618  13.822 0.0000000000
148086  48.133  19.427  14.133 0.0000000000
148968  36.833  19.933  31.126 0.0000000000
148973  36.626  20.101  30.547 0.0000000000
148992  50.918  20.536  27.817 0.0000000000
148996  51.486  20.857  26.923 0.0000000000
148997  49.840  20.586  26.845 0.0000000000
148998  49.044  20.269  26.411 0.0000000000
148999  39.454  20.465  26.439 0.0000000000
149001  38.230  20.371  26.918 0.0000000000
149006  50.479  21.132  25.989 0.0000000000
149009  39.926  20.587  26.033 0.0000000000
149019  51.410  20.897  25.633 0.0000000000
149021  50.232  21.195  25.425 0.0000000000
149022  48.923  20.385  25.663 0.0000000000
149023  41.301  20.634  24.859 0.0000000000
149024  40.940  20.778  25.295 0.0000000000
149030  50.980  20.908  24.124 0.0000000000
149031  49.368  20.978  24.495 0.0000000000
149033  41.396  20.541  24.191 0.0000000000
149042  48.659  20.406  24.125 0.0000000000
149050  51.071  21.013  22.364 0.0000000000
149051  50.541  20.418  22.595 0.0000000000
149053  48.560  20.744  22.607 0.0000000000
149054  48.077  20.190  23.068 0.0000000000
149055  41.249  20.566  22.929 0.0000000000
149064  50.601  20.659  21.950 0.0000000000
149066  47.830  20.267  22.404 0.0000000000
149087  50.294  20.905  20.680 0.0000000000
149088  47.612  20.731  20.514 0.0000000000
149089  46.972  20.364  20.296 0.0000000000
149097  49.869  20.518  19.571 0.0000000000
149098  47.363  20.834  19.850 0.0000000000
149100  46.206  20.127  19.458 0.0000000000
149109  50.291  21.065  19.346 0.0000000000
149113  45.297  20.094  18.674 0.0000000000
149114  44.485  20.309  17.883 0.0000000000
149123  50.319  21.291  18.216 0.0000000000
149128  43.269  20.374  17.454 0.0000000000
149129  40.734  20.166  17.637 0.0000000000
149131  39.777  20.667  17.893 0.0000000000
149138  49.958  20.732  16.928 0.0000000000
149139  44.856  20.638  17.588 0.0000000000
149140  44.314  20.768  17.283 0.0000000000
149142  42.406  20.512  16.801 0.0000000000
149152  43.314  20.856  16.796 0.0000000000
149153  42.806  20.986  16.387 0.0000000000
149156  41.063  20.683  16.414 0.0000000000
149163  46.824  20.128  15.232 0.0000000000
149166  43.511  20.865  14.768 0.0000000000
149167  42.779  20.823  14.519 0.0000000000
149168  40.704  21.032  15.571 0.0000000000
149174  50.006  20.916  14.489 0.0000000000
149176  48.844  20.284  14.196 0.0000000000
149177  48.314  20.475  14.670 0.0000000000
149183  42.425  21.072  14.400 0.0000000000
149184  41.873  21.110  14.196 0.0000000000
149185  41.414  21.023  14.378 0.0000000000
149186  40.923  20.913  14.716 0.0000000000
149187  40.290  21.156  14.896 0.0000000000
149191  49.391  20.115  14.029 0.0000000000
149192  48.854  19.912  13.859 0.0000000000
150007  37.887  21.483  31.050 0.0000000000
150009  36.718  20.810  30.211 0.0000000000
150014  36.922  21.531  30.140 0.0000000000
150015  36.633  21.258  29.743 0.0000000000
150022  36.634  21.295  29.183 0.0000000000
150026  37.578  21.295  27.458 0.0000000000
150029  51.245  21.018  26.576 0.0000000000
150042  51.286  21.045  25.962 0.0000000000
150043  50.863  21.185  25.620 0.0000000000
150044  40.225  21.203  26.092 0.0000000000
150045  39.833  21.537  26.468 0.0000000000
150053  51.067  21.076  25.230 0.0000000000
150054  50.660  21.341  24.942 0.0000000000
150055  50.107  21.352  24.770 0.0000000000
150066  41.602  21.175  24.554 0.0000000000
150074  50.491  21.944  23.751 0.0000000000
150075  49.929  21.741  23.473 0.0000000000
150082  51.073  21.387  22.864 0.0000000000
150085  49.108  21.369  22.392 0.0000000000
150086  41.523  21.170  23.177 0.0000000000
150104  51.201  21.698  21.422 0.0000000000
150105  50.874  21.301  21.033 0.0000000000
150106  49.379  21.967  21.361 0.0000000000
150107  48.835  21.516  21.009 0.0000000000
150108  48.235  21.124  20.736 0.0000000000
150109  40.322  20.822  21.442 0.0000000000
150127  50.932  21.952  20.024 0.0000000000
150128  50.687  21.482  19.579 0.0000000000
150129  48.471  21.943  19.695 0.0000000000
150139  47.485  21.537  18.816 0.0000000000
150140  46.858  21.129  18.643 0.0000000000
150141  46.240  20.848  18.484 0.0000000000
150150  50.723  22.203  18.706 0.0000000000
150153  46.571  21.348  18.055 0.0000000000
150155  45.325  20.948  17.764 0.0000000000
150163  50.343  21.984  17.255 0.0000000000
150165  45.647  21.560  17.229 0.0000000000
150168  43.850  21.124  16.698 0.0000000000
150176  50.370  21.509  15.596 0.0000000000
150177  44.700  21.807  16.268 0.0000000000
150181  41.976  21.404  15.100 0.0000000000
150182  41.262  21.384  14.787 0.0000000000
150183  40.004  21.337  15.575 0.0000000000
150191  43.002  21.584  15.117 0.0000000000
150193  41.765  21.465  14.529 0.0000000000
150198  49.942  21.343  14.412 0.0000000000
150199  49.730  21.406  14.320 0.0000000000
150201  47.912  21.245  15.050 0.0000000000
150202  46.802  21.768  15.182 0.0000000000
150203  45.842  21.998  14.955 0.0000000000
150204  45.169  21.818  14.918 0.0000000000
150205  43.718  21.755  14.474 0.0000000000
150207  42.081  21.254  14.433 0.0000000000
151004  37.189  22.094  29.967 0.0000000000
151014  36.899  21.881  29.065 0.0000000000
151017  37.140  22.082  28.539 0.0000000000
151019  37.773  21.993  27.566 0.0000000000
151020  37.519  22.399  28.096 0.0000000000
151039  41.631  21.768  25.593 0.0000000000
151045  50.731  21.757  23.889 0.0000000000
151046  42.482  22.241  24.619 0.0000000000
151051  50.793  21.934  23.229 0.0000000000
151053  41.997  21.769  23.440 0.0000000000
151058  51.050  21.959  22.592 0.0000000000
151059  50.606  22.379  22.631 0.0000000000
151068  50.493  22.515  21.921 0.0000000000
151069  49.920  22.245  21.743 0.0000000000
151079  50.367  22.607  21.235 0.0000000000
151080  49.879  22.403  20.970 0.0000000000
151083  40.878  22.938  20.585 0.0000000000
151090  51.107  22.468  20.238 0.0000000000
151093  49.181  22.304  19.951 0.0000000000
151101  51.174  22.543  19.535 0.0000000000
151102  49.644  22.727  19.634 0.0000000000
151113  49.225  22.748  18.550 0.0000000000
151121  50.613  22.544  18.787 0.0000000000
151124  47.653  22.204  17.837 0.0000000000
151133  50.092  22.349  17.246 0.0000000000
151136  46.295  22.087  16.823 0.0000000000
151137  45.674  22.059  16.459 0.0000000000
151142  50.081  21.882  15.354 0.0000000000
151143  49.495  22.496  16.102 0.0000000000
151147  45.258  22.263  15.701 0.0000000000
151148  44.359  21.950  15.483 0.0000000000
151156  47.277  22.361  15.536 0.0000000000
151157  46.487  22.509  15.362 0.0000000000
151158  45.800  22.570  15.134 0.0000000000
151160  44.312  22.006  15.042 0.0000000000
151161  43.816  21.942  15.130 0.0000000000
151166  49.326  21.742  14.895 0.0000000000
151172  43.983  21.901  14.531 0.0000000000
152019  42.897  23.078  24.872 0.0000000000
152032  43.386  23.551  23.904 0.0000000000
152046  43.029  23.024  23.392 0.0000000000
152056  43.367  24.097  22.653 0.0000000000
152057  43.089  23.551  22.584 0.0000000000
152067  50.637  22.437  21.375 0.0000000000
152068  41.912  23.683  21.218 0.0000000000
152074  50.673  22.576  20.606 0.0000000000
152081  50.851  22.675  19.797 0.0000000000
152088  50.826  22.685  19.234 0.0000000000
152090  50.079  22.722  20.084 0.0000000000
152096  50.260  22.803  18.957 0.0000000000
152103  50.237  22.662  18.466 0.0000000000
152106  48.301  22.579  17.583 0.0000000000
152113  49.746  22.642  17.304 0.0000000000
152118  48.680  22.575  16.444 0.0000000000
152119  47.678  22.654  16.290 0.0000000000
152124  46.417  22.583  15.549 0.0000000000
152965  43.406  24.476  24.617 0.0000000000
153023  41.917  24.006  21.241 0.0000000000
153941  43.376  24.398  22.982 0.0000000000
153943  42.556  24.401  22.313 0.0000000000
196438  44.027  13.767  28.856 0.0000000000
196659  46.263  15.461  24.769 0.0000000000
197250  43.217  14.605  37.416 0.0000000000
197515  41.228  17.258  26.755 0.0000000000
197731  45.140  14.870  38.598 0.0000000000
197745  44.364  14.755  39.524 0.0000000000
197827  43.102  17.297  29.525 0.0000000000
197865  50.492  20.990  26.584 0.0000000000
197893  41.763  20.587  16.608 0.0000000000
197927  43.974  15.639  34.399 0.0000000000
197986  43.947  17.770  23.012 0.0000000000
198356  46.315  15.136  38.695 0.0000000000
199055  42.228  17.216  27.809 0.0000000000
199291  44.272  13.971  29.456 0.0000000000
199429  41.331  13.248  31.792 0.0000000000
200540  46.007  16.450  21.415 0.0000000000
200682  49.285  15.357  12.631 0.0000000000
201281  40.640  17.153  28.506 0.0000000000
201588  37.125  22.355  29.013 0.0000000000
201684  44.499  14.744  40.532 0.0000000000
202749  49.870  22.789  18.490 0.0000000000
202773  48.411  22.064  15.512 0.0000000000
203341  49.849  22.831  19.426 0.0000000000
203614  41.901  18.686  21.714 0.0000000000
203681  41.863  20.171  14.867 0.0000000000
203983  38.784  10.014  37.090 0.0000000000
203988  45.410  15.947  21.045 0.0000000000
204361  48.975  15.413  38.004 0.0000000000
204496  45.201  13.317  36.751 0.0000000000
204648  46.973  13.276  39.558 0.0000000000
204763  49.565  17.413  28.828 0.0000000000
205022  48.676  20.605  23.372 0.0000000000
205370  41.854  18.668  22.438 0.0000000000
205425  49.681  17.365  34.148 0.0000000000
205510  47.681  18.222  20.539 0.0000000000
206004  48.071  15.968  37.197 0.0000000000
206034  41.412  17.112  29.206 0.0000000000
206192  50.819  17.564  30.393 0.0000000000
206194  44.563  13.306  36.160 0.0000000000
206202  45.086  12.233  39.816 0.0000000000
207060  51.334  19.834  28.708 0.0000000000
207135  42.718  13.247  28.749 0.0000000000
207137  51.189  21.026  26.942 0.0000000000
207372  40.620  15.853  32.132 0.0000000000
207762  50.729  20.758  27.259 0.0000000000
208025  47.505  15.732  29.424 0.0000000000
208153  42.254  18.887  20.048 0.0000000000
209027  44.863  18.859  20.690 0.0000000000
209157  44.425  13.537  34.950 0.0000000000
209159  50.030  19.388  29.655 0.0000000000
209270  45.561  18.006  28.903 0.0000000000
209279  46.210  18.237  25.285 0.0000000000
209426  47.626  18.832  28.684 0.0000000000
210065  45.868  15.684  23.088 0.0000000000
211718  47.341  16.001  25.382 0.0000000000
211772  47.805  17.937  21.492 0.0000000000
211954  48.510  17.972  22.929 0.0000000000
212284  47.533  16.558  34.441 0.0000000000
212540  43.055  17.236  27.047 0.0000000000
212765  46.927  19.939  21.334 0.0000000000
213034  45.253  17.976  24.039 0.0000000000
213367  39.564  21.152  18.683 0.0000000000
213797  37.929  9.893  36.821 0.0000000000
214369  46.875  15.414  26.282 0.0000000000
214424  46.517  19.638  21.338 0.0000000000
215556  37.158  19.997  27.627 0.0000000000
215956  43.082  13.037  34.884 0.0000000000
216074  44.036  14.415  15.547 0.0000000000
217369  48.038  17.037  12.590 0.0000000000
217672  42.604  13.255  25.551 0.0000000000
218112  45.728  18.190  28.089 0.0000000000
218229  45.475  19.471  15.609 0.0000000000
218474  45.240  18.601  21.788 0.0000000000
218653  46.961  18.759  25.792 0.0000000000
219263  39.233  19.806  26.588 0.0000000000
219713  40.654  20.267  25.388 0.0000000000
220031  41.332  18.412  24.879 0.0000000000
220225  50.951  20.817  22.872 0.0000000000
220282  36.433  18.647  30.043 0.0000000000
220411  45.029  17.870  26.320 0.0000000000
220595  40.038  20.497  20.450 0.0000000000
220610  46.422  18.322  25.920 0.0000000000
220760  42.259  12.949  25.884 0.0000000000
220943  42.702  16.162  32.189 0.0000000000
223041  45.398  15.193  18.103 0.0000000000
223420  47.084  15.435  30.380 0.0000000000
224601  44.574  21.843  14.904 0.0000000000
224719  42.912  16.440  31.320 0.0000000000
225109  41.031  17.161  27.350 0.0000000000
225115  39.803  11.614  34.725 0.0000000000
225161  43.779  17.374  29.416 0.0000000000
225971  36.445  19.588  30.212 0.0000000000
226126  40.862  17.165  27.968 0.0000000000
226928  44.661  15.243  14.444 0.0000000000
227768  42.410  14.987  35.915 0.0000000000
228068  48.512  15.520  32.841 0.0000000000
229398  48.791  14.937  35.384 0.0000000000
229661  41.457  18.703  23.561 0.0000000000
229899  41.423  15.590  33.195 0.0000000000
230652  48.623  17.002  26.447 0.0000000000
231106  43.312  17.293  24.877 0.0000000000
231128  38.252  9.244  35.354 0.0000000000
231839  44.562  14.950  21.165 0.0000000000
231870  45.688  16.416  32.691 0.0000000000
232123  42.739  17.948  22.872 0.0000000000
233094  44.273  17.601  24.480 0.0000000000
233591  45.867  12.742  38.647 0.0000000000
233727  39.319  11.480  34.550 0.0000000000
233755  48.773  22.470  18.773 0.0000000000
233839  50.206  20.333  21.554 0.0000000000
234469  46.226  16.172  22.609 0.0000000000
234558  40.920  12.495  33.911 0.0000000000
234708  47.201  15.773  25.981 0.0000000000
234910  44.359  17.568  25.162 0.0000000000
234998  41.224  19.330  23.455 0.0000000000
235046  48.502  18.850  20.857 0.0000000000
235285  46.880  22.222  16.865 0.0000000000
235390  51.306  20.045  25.708 0.0000000000
235506  43.398  13.362  28.222 0.0000000000
235545  47.435  19.230  24.799 0.0000000000
235728  39.863  20.610  20.006 0.0000000000
235893  44.944  15.319  36.506 0.0000000000
236017  48.918  18.635  13.078 0.0000000000
236295  44.817  13.874  34.141 0.0000000000
236722  44.080  13.195  35.962 0.0000000000
236815  48.003  15.738  37.823 0.0000000000
236847  49.973  22.286  15.866 0.0000000000
236852  36.367  19.648  29.678 0.0000000000
