#!ascii label  , from subject sub-v2s11x28681_ses-1 vox2ras=TkReg
769
95315  34.471  -7.473  -21.846 0.0000000000
104652  42.125  -1.013  -20.258 0.0000000000
119308  37.807  9.138  -23.152 0.0000000000
200541  36.326  4.680  -28.219 0.0000000000
88024  35.656  -11.604  -18.334 0.0000000000
93745  37.665  -8.762  -18.759 0.0000000000
232143  36.779  -4.212  -21.347 0.0000000000
201084  37.230  0.109  -23.501 0.0000000000
112652  40.484  4.381  -21.201 0.0000000000
236118  43.018  4.078  -26.661 0.0000000000
124702  36.361  13.086  -25.483 0.0000000000
92258  35.216  -9.254  -19.476 0.0000000000
90945  36.364  -9.775  -18.711 0.0000000000
95267  35.863  -7.821  -20.312 0.0000000000
102397  36.093  -2.484  -24.764 0.0000000000
106945  35.795  0.028  -27.020 0.0000000000
117191  36.625  7.542  -24.719 0.0000000000
112684  37.302  4.574  -23.452 0.0000000000
117165  38.547  7.015  -22.312 0.0000000000
113787  42.580  4.982  -23.706 0.0000000000
215637  41.282  7.970  -23.832 0.0000000000
124717  31.432  12.678  -27.231 0.0000000000
123644  33.352  11.699  -26.649 0.0000000000
211236  35.061  14.853  -26.699 0.0000000000
103503  38.588  -2.070  -19.828 0.0000000000
99977  38.818  -4.449  -19.009 0.0000000000
100007  42.253  -4.152  -20.207 0.0000000000
211195  35.947  9.352  -25.551 0.0000000000
104684  43.382  -1.394  -22.952 0.0000000000
202147  33.685  -6.091  -23.593 0.0000000000
207999  35.705  -5.826  -21.534 0.0000000000
101229  35.581  -3.984  -23.610 0.0000000000
103545  37.147  -1.806  -22.505 0.0000000000
106888  38.246  0.557  -21.019 0.0000000000
197683  36.572  2.482  -26.094 0.0000000000
110309  37.674  2.617  -22.616 0.0000000000
109135  41.017  1.843  -20.550 0.0000000000
108047  43.198  1.264  -23.743 0.0000000000
121492  35.230  10.731  -24.693 0.0000000000
122554  37.906  11.821  -24.341 0.0000000000
125775  39.822  14.142  -28.756 0.0000000000
123655  40.424  12.502  -26.879 0.0000000000
239416  40.828  10.543  -25.366 0.0000000000
201022  42.892  6.246  -27.453 0.0000000000
97621  36.704  -6.165  -19.924 0.0000000000
93827  33.631  -7.737  -22.111 0.0000000000
222668  34.082  -8.319  -21.243 0.0000000000
93782  34.626  -8.484  -20.241 0.0000000000
93767  35.141  -8.609  -19.836 0.0000000000
95285  35.269  -7.601  -20.773 0.0000000000
218517  37.134  7.952  -23.825 0.0000000000
116025  37.406  6.926  -22.997 0.0000000000
118306  38.172  8.048  -22.830 0.0000000000
117172  40.038  7.850  -22.609 0.0000000000
218003  40.035  8.995  -22.890 0.0000000000
211121  32.191  14.537  -28.465 0.0000000000
125763  33.810  13.995  -27.210 0.0000000000
127874  35.173  15.799  -27.079 0.0000000000
104636  40.279  -1.421  -19.570 0.0000000000
102328  40.149  -2.553  -19.386 0.0000000000
102345  42.292  -2.834  -20.496 0.0000000000
118335  35.766  8.299  -26.187 0.0000000000
118322  35.645  9.138  -25.733 0.0000000000
89462  34.421  -10.763  -19.343 0.0000000000
86768  35.530  -12.389  -18.363 0.0000000000
85597  36.881  -12.919  -19.080 0.0000000000
86782  36.782  -12.217  -18.938 0.0000000000
92255  36.879  -9.167  -18.839 0.0000000000
89458  37.710  -10.783  -18.896 0.0000000000
98836  34.743  -4.809  -22.987 0.0000000000
101230  34.355  -4.172  -24.575 0.0000000000
104695  36.691  -1.019  -24.461 0.0000000000
102387  36.645  -2.064  -24.124 0.0000000000
205641  37.298  -0.592  -23.167 0.0000000000
235630  37.703  -0.608  -21.611 0.0000000000
232191  37.431  0.093  -22.573 0.0000000000
230627  36.170  2.322  -27.339 0.0000000000
200273  36.602  3.083  -26.259 0.0000000000
112668  38.182  4.713  -21.886 0.0000000000
232792  37.701  3.762  -22.613 0.0000000000
111516  38.807  3.458  -21.171 0.0000000000
110280  39.290  2.423  -20.620 0.0000000000
110292  40.726  3.304  -20.876 0.0000000000
239592  42.541  2.062  -21.325 0.0000000000
111529  42.093  3.738  -21.799 0.0000000000
112726  42.749  4.428  -24.735 0.0000000000
110359  42.916  2.646  -25.222 0.0000000000
124704  35.050  12.513  -26.216 0.0000000000
122568  34.521  11.468  -25.734 0.0000000000
122566  35.802  11.819  -25.031 0.0000000000
122556  36.183  11.344  -24.572 0.0000000000
123638  37.725  12.756  -25.054 0.0000000000
122576  40.660  11.180  -26.258 0.0000000000
120472  41.416  10.138  -26.950 0.0000000000
232292  41.877  8.894  -26.446 0.0000000000
100016  36.445  -4.742  -21.614 0.0000000000
98804  36.162  -5.758  -21.093 0.0000000000
98802  37.067  -4.917  -20.386 0.0000000000
98759  40.413  -5.130  -18.858 0.0000000000
97595  39.255  -5.651  -18.692 0.0000000000
90946  34.563  -10.028  -19.671 0.0000000000
90918  35.240  -10.192  -18.858 0.0000000000
89418  36.142  -10.915  -18.415 0.0000000000
92237  35.797  -9.791  -18.690 0.0000000000
93746  36.342  -8.721  -19.018 0.0000000000
95251  36.762  -7.691  -19.184 0.0000000000
103578  35.315  -1.676  -25.760 0.0000000000
104696  36.352  -1.250  -25.523 0.0000000000
204271  36.315  0.096  -25.791 0.0000000000
200246  36.444  6.386  -26.111 0.0000000000
199459  36.492  4.841  -26.215 0.0000000000
114916  36.846  6.087  -24.744 0.0000000000
113775  37.835  5.716  -22.633 0.0000000000
234646  39.870  5.954  -21.489 0.0000000000
113758  41.808  4.884  -22.069 0.0000000000
116014  40.938  6.327  -22.151 0.0000000000
116036  41.873  6.762  -23.435 0.0000000000
114915  42.267  6.176  -24.923 0.0000000000
122573  31.062  11.783  -25.832 0.0000000000
123650  32.645  12.074  -26.851 0.0000000000
125751  34.508  12.882  -26.743 0.0000000000
125760  36.189  14.253  -26.100 0.0000000000
200601  37.379  -2.969  -21.030 0.0000000000
101183  37.731  -3.875  -20.116 0.0000000000
101181  38.506  -3.230  -19.579 0.0000000000
101162  40.587  -3.695  -19.062 0.0000000000
224132  35.746  6.452  -27.851 0.0000000000
116060  36.246  7.193  -27.091 0.0000000000
118321  36.363  8.436  -24.836 0.0000000000
220495  36.624  9.234  -24.466 0.0000000000
228151  37.040  -11.632  -18.917 0.0000000000
104674  42.995  -1.241  -21.818 0.0000000000
210588  43.115  -2.504  -21.782 0.0000000000
96516  34.378  -6.763  -22.456 0.0000000000
96505  34.807  -6.916  -21.878 0.0000000000
98826  34.567  -5.645  -22.845 0.0000000000
98825  35.346  -4.952  -22.342 0.0000000000
101220  36.221  -4.186  -22.787 0.0000000000
202657  36.127  -3.445  -23.918 0.0000000000
102378  36.742  -3.091  -23.426 0.0000000000
102357  37.058  -3.142  -21.753 0.0000000000
103534  37.427  -2.065  -21.388 0.0000000000
104653  38.422  -1.002  -20.383 0.0000000000
106864  39.898  0.147  -19.805 0.0000000000
108059  36.143  1.363  -25.801 0.0000000000
228296  36.832  1.382  -24.487 0.0000000000
207499  37.064  3.921  -24.170 0.0000000000
110325  37.332  2.624  -23.407 0.0000000000
108035  37.631  1.421  -22.731 0.0000000000
108024  37.917  1.202  -21.777 0.0000000000
107993  39.193  1.161  -20.385 0.0000000000
106874  41.638  0.548  -20.307 0.0000000000
106899  42.965  0.223  -21.896 0.0000000000
106910  43.290  -0.105  -23.307 0.0000000000
110338  43.227  2.872  -23.621 0.0000000000
120443  35.469  10.367  -24.487 0.0000000000
120441  36.724  10.307  -24.253 0.0000000000
121473  37.775  10.800  -23.717 0.0000000000
127871  37.598  15.209  -27.236 0.0000000000
125768  38.547  14.307  -26.726 0.0000000000
124728  40.354  13.425  -27.999 0.0000000000
124714  38.488  13.359  -25.743 0.0000000000
123636  39.390  12.221  -25.414 0.0000000000
122553  39.380  11.642  -24.416 0.0000000000
120426  39.580  10.054  -23.438 0.0000000000
216956  41.203  9.099  -24.891 0.0000000000
205168  42.072  7.307  -25.726 0.0000000000
113826  42.912  5.193  -26.897 0.0000000000
96493  35.345  -6.833  -21.125 0.0000000000
97622  36.202  -6.571  -20.184 0.0000000000
96435  37.137  -7.140  -19.431 0.0000000000
98782  37.405  -5.169  -19.831 0.0000000000
96433  38.052  -6.497  -18.991 0.0000000000
95316  34.056  -7.641  -21.984 0.0000000000
93818  33.832  -8.033  -21.673 0.0000000000
95305  34.344  -7.940  -21.596 0.0000000000
93783  34.270  -8.566  -20.702 0.0000000000
95286  34.634  -8.148  -20.947 0.0000000000
227987  34.788  -7.479  -21.344 0.0000000000
118307  37.500  8.517  -23.173 0.0000000000
221885  38.211  8.625  -22.988 0.0000000000
118305  38.926  8.405  -22.755 0.0000000000
119307  38.566  9.157  -23.001 0.0000000000
127864  33.520  15.094  -27.493 0.0000000000
104635  40.982  -1.106  -19.717 0.0000000000
103499  41.015  -1.895  -19.676 0.0000000000
215769  42.183  -1.656  -20.282 0.0000000000
89461  35.391  -10.848  -18.499 0.0000000000
89419  34.680  -11.409  -18.841 0.0000000000
86783  36.217  -12.813  -18.692 0.0000000000
86767  36.140  -12.102  -18.509 0.0000000000
88055  36.400  -11.541  -18.741 0.0000000000
92254  37.743  -9.484  -18.685 0.0000000000
92253  38.381  -9.790  -18.792 0.0000000000
203796  38.466  -9.039  -18.682 0.0000000000
100036  33.868  -4.976  -24.548 0.0000000000
105820  37.065  -0.531  -24.015 0.0000000000
104689  37.123  -1.290  -23.779 0.0000000000
200481  36.382  3.363  -27.325 0.0000000000
197689  36.348  4.082  -27.244 0.0000000000
113752  39.241  4.784  -21.364 0.0000000000
112655  38.504  4.051  -21.580 0.0000000000
219376  39.037  4.175  -21.195 0.0000000000
111515  39.409  3.707  -20.893 0.0000000000
219715  40.806  3.875  -21.116 0.0000000000
111512  41.707  3.506  -21.342 0.0000000000
112651  41.292  4.060  -21.308 0.0000000000
112734  42.735  4.497  -25.592 0.0000000000
206486  43.014  3.242  -25.637 0.0000000000
124703  35.600  12.915  -25.615 0.0000000000
123641  35.408  12.284  -25.442 0.0000000000
123640  35.978  12.516  -25.092 0.0000000000
123631  36.554  11.945  -24.894 0.0000000000
123639  36.877  12.567  -25.182 0.0000000000
121528  41.311  10.713  -27.421 0.0000000000
120479  41.879  9.770  -27.816 0.0000000000
119366  41.920  9.107  -27.674 0.0000000000
100008  36.736  -4.756  -20.977 0.0000000000
97619  41.141  -5.869  -19.203 0.0000000000
240327  40.835  -6.325  -19.054 0.0000000000
92278  34.608  -9.043  -19.931 0.0000000000
222631  34.484  -9.624  -20.054 0.0000000000
92257  35.391  -9.536  -19.076 0.0000000000
93766  35.901  -8.278  -20.009 0.0000000000
93747  35.744  -8.858  -19.367 0.0000000000
95252  36.277  -8.109  -19.292 0.0000000000
238327  36.250  -7.937  -20.051 0.0000000000
105840  35.534  -0.440  -27.110 0.0000000000
104704  35.720  -0.984  -26.620 0.0000000000
105831  36.214  -0.619  -26.364 0.0000000000
116045  36.729  6.779  -24.719 0.0000000000
116018  38.032  6.800  -22.560 0.0000000000
114890  37.819  6.343  -22.716 0.0000000000
114879  38.267  6.300  -22.201 0.0000000000
114878  38.805  5.900  -21.787 0.0000000000
116017  38.948  6.580  -21.985 0.0000000000
114876  40.439  6.015  -21.780 0.0000000000
116016  39.610  6.749  -21.938 0.0000000000
117182  41.209  7.718  -23.312 0.0000000000
116037  41.468  7.152  -23.125 0.0000000000
117189  41.663  7.387  -23.834 0.0000000000
116044  42.000  6.663  -24.274 0.0000000000
204244  41.803  7.273  -24.578 0.0000000000
125766  31.195  13.577  -27.031 0.0000000000
124718  30.956  12.710  -26.509 0.0000000000
123652  31.113  12.138  -26.349 0.0000000000
123651  31.681  12.140  -26.678 0.0000000000
124716  32.360  12.420  -27.426 0.0000000000
126811  34.485  14.442  -26.873 0.0000000000
234926  33.852  13.153  -27.343 0.0000000000
125762  34.536  13.657  -26.771 0.0000000000
125750  35.171  13.272  -26.247 0.0000000000
235382  36.202  14.678  -26.374 0.0000000000
103521  37.992  -2.173  -20.283 0.0000000000
102331  38.197  -2.659  -19.840 0.0000000000
102330  38.873  -2.628  -19.529 0.0000000000
205239  41.432  -3.213  -19.867 0.0000000000
240345  40.473  -3.003  -19.302 0.0000000000
222835  41.143  -3.591  -19.467 0.0000000000
98780  41.298  -4.849  -19.352 0.0000000000
197687  35.604  6.808  -27.813 0.0000000000
226941  35.832  7.341  -27.575 0.0000000000
204001  35.791  7.694  -27.147 0.0000000000
240664  36.094  8.780  -25.875 0.0000000000
208537  35.995  8.334  -26.084 0.0000000000
119330  36.336  9.843  -24.716 0.0000000000
89460  36.610  -10.370  -18.768 0.0000000000
89459  36.989  -11.016  -18.728 0.0000000000
88085  37.893  -11.713  -19.547 0.0000000000
104685  43.112  -0.971  -22.440 0.0000000000
97687  33.371  -6.559  -23.236 0.0000000000
97686  34.085  -6.459  -22.948 0.0000000000
97674  34.802  -6.324  -22.340 0.0000000000
100035  34.599  -4.518  -23.741 0.0000000000
100026  35.547  -4.437  -22.930 0.0000000000
102389  35.316  -2.963  -24.812 0.0000000000
103556  37.150  -1.905  -23.308 0.0000000000
102377  36.825  -2.485  -23.526 0.0000000000
102367  36.976  -2.463  -22.893 0.0000000000
102368  36.720  -3.033  -22.565 0.0000000000
202063  37.202  -2.434  -22.065 0.0000000000
233266  37.267  -1.755  -21.875 0.0000000000
218795  37.970  0.069  -21.516 0.0000000000
104664  37.837  -0.961  -20.964 0.0000000000
105781  38.131  -0.231  -20.799 0.0000000000
105780  38.742  -0.311  -20.280 0.0000000000
106877  38.769  0.417  -20.446 0.0000000000
199849  36.191  1.948  -26.731 0.0000000000
108049  36.706  1.938  -25.249 0.0000000000
112701  36.982  4.672  -24.566 0.0000000000
111530  37.703  3.264  -22.208 0.0000000000
111531  37.475  3.250  -22.886 0.0000000000
109178  37.525  2.002  -23.074 0.0000000000
109166  37.814  1.984  -22.352 0.0000000000
108025  37.831  1.460  -22.156 0.0000000000
110279  39.972  2.455  -20.417 0.0000000000
109138  38.956  1.758  -20.593 0.0000000000
109136  40.330  1.875  -20.375 0.0000000000
218427  40.947  0.695  -20.173 0.0000000000
107990  41.336  1.211  -20.439 0.0000000000
107988  42.307  0.526  -20.584 0.0000000000
108006  42.579  1.013  -20.956 0.0000000000
212806  43.211  1.714  -22.305 0.0000000000
108023  42.996  0.956  -22.168 0.0000000000
106920  43.230  0.580  -23.511 0.0000000000
106919  43.353  0.049  -24.094 0.0000000000
106932  43.092  0.679  -24.318 0.0000000000
113774  42.115  5.207  -22.591 0.0000000000
112682  42.688  4.157  -22.857 0.0000000000
112700  42.761  4.368  -23.504 0.0000000000
122570  32.764  11.322  -25.752 0.0000000000
122569  33.694  11.334  -25.897 0.0000000000
122558  34.877  11.185  -25.107 0.0000000000
122559  33.991  11.044  -25.121 0.0000000000
234629  34.577  10.823  -24.657 0.0000000000
217704  34.722  10.381  -24.513 0.0000000000
122555  36.991  11.484  -24.420 0.0000000000
121490  36.476  10.837  -24.273 0.0000000000
121474  37.098  10.882  -24.004 0.0000000000
120429  37.344  10.274  -23.809 0.0000000000
122539  37.560  11.338  -23.938 0.0000000000
127882  38.404  15.352  -28.095 0.0000000000
126825  38.984  15.043  -28.521 0.0000000000
126817  37.936  14.757  -26.854 0.0000000000
126820  39.335  14.262  -27.758 0.0000000000
123665  40.893  12.220  -28.477 0.0000000000
123666  40.676  12.570  -28.917 0.0000000000
201375  40.381  12.943  -27.476 0.0000000000
124723  39.644  13.339  -26.754 0.0000000000
242284  39.599  12.973  -26.192 0.0000000000
123649  39.076  12.809  -25.694 0.0000000000
123648  39.817  12.542  -25.908 0.0000000000
121518  40.544  11.090  -25.459 0.0000000000
122563  40.217  11.589  -25.175 0.0000000000
241212  40.319  11.161  -24.845 0.0000000000
121488  39.807  11.170  -23.991 0.0000000000
120440  40.470  10.173  -24.288 0.0000000000
120425  40.147  9.839  -23.687 0.0000000000
120455  40.770  10.065  -25.024 0.0000000000
117231  42.245  7.515  -26.845 0.0000000000
118345  41.790  8.411  -25.971 0.0000000000
116074  42.206  7.068  -26.343 0.0000000000
116073  42.585  6.489  -26.221 0.0000000000
114963  43.010  5.646  -27.314 0.0000000000
97664  35.355  -6.331  -21.730 0.0000000000
97663  35.672  -6.196  -21.203 0.0000000000
97644  36.407  -5.962  -20.423 0.0000000000
96454  36.641  -6.839  -19.804 0.0000000000
97597  37.177  -6.459  -19.623 0.0000000000
99993  38.050  -4.202  -19.643 0.0000000000
99994  37.574  -4.526  -20.053 0.0000000000
99978  38.380  -4.491  -19.321 0.0000000000
212950  38.695  -6.237  -18.778 0.0000000000
203608  38.167  -5.801  -18.910 0.0000000000
213827  38.470  -7.077  -18.861 0.0000000000
212547  37.766  -7.129  -19.080 0.0000000000
95268  35.146  -8.013  -20.208 0.0000000000
215281  37.004  7.184  -23.775 0.0000000000
228862  37.217  7.435  -23.287 0.0000000000
117176  37.512  7.710  -23.039 0.0000000000
117174  38.732  7.676  -22.470 0.0000000000
117163  39.833  7.280  -22.274 0.0000000000
117173  39.411  7.842  -22.420 0.0000000000
118303  40.283  8.412  -22.851 0.0000000000
233507  40.358  8.776  -23.233 0.0000000000
127866  31.183  14.472  -28.445 0.0000000000
126812  31.823  13.715  -28.311 0.0000000000
125765  32.121  12.947  -27.937 0.0000000000
127855  33.009  14.384  -27.684 0.0000000000
126803  33.909  14.626  -27.163 0.0000000000
202930  34.974  15.371  -26.964 0.0000000000
104637  38.842  -1.427  -19.815 0.0000000000
103502  39.150  -1.959  -19.509 0.0000000000
103500  40.385  -2.080  -19.537 0.0000000000
102327  41.278  -2.585  -19.737 0.0000000000
101198  42.079  -3.403  -20.321 0.0000000000
119331  35.932  9.763  -25.227 0.0000000000
241552  33.798  -10.935  -19.789 0.0000000000
88025  34.908  -11.986  -18.518 0.0000000000
85598  36.644  -13.459  -19.172 0.0000000000
90944  37.117  -9.902  -18.769 0.0000000000
215327  37.258  -10.452  -18.794 0.0000000000
98837  34.046  -5.319  -23.803 0.0000000000
103569  36.600  -1.522  -24.555 0.0000000000
202343  37.319  -1.238  -22.886 0.0000000000
104675  37.390  -1.187  -22.132 0.0000000000
105802  37.608  -0.654  -22.434 0.0000000000
105801  37.706  -0.195  -22.012 0.0000000000
240961  37.718  0.283  -21.969 0.0000000000
217722  37.559  5.133  -22.918 0.0000000000
112669  37.712  4.454  -22.617 0.0000000000
221748  38.057  3.935  -22.130 0.0000000000
111517  38.250  3.373  -21.727 0.0000000000
216253  37.957  2.627  -21.839 0.0000000000
111501  39.168  3.142  -20.664 0.0000000000
236274  39.670  2.853  -20.626 0.0000000000
110278  40.694  2.554  -20.676 0.0000000000
109147  42.095  2.210  -21.116 0.0000000000
110290  41.914  2.828  -21.221 0.0000000000
110289  42.491  2.611  -21.447 0.0000000000
228725  43.097  2.370  -22.439 0.0000000000
232823  42.747  4.576  -24.070 0.0000000000
112715  42.884  4.046  -24.043 0.0000000000
202312  42.885  3.830  -24.582 0.0000000000
109213  43.060  1.970  -26.300 0.0000000000
123643  34.206  11.703  -26.456 0.0000000000
123642  34.910  11.934  -26.126 0.0000000000
122567  35.216  11.619  -25.435 0.0000000000
122557  35.559  11.216  -24.914 0.0000000000
123630  37.341  12.135  -24.795 0.0000000000
123654  40.728  11.907  -27.272 0.0000000000
122583  40.557  11.827  -26.552 0.0000000000
122582  40.940  11.304  -26.980 0.0000000000
121524  41.149  10.718  -26.624 0.0000000000
211415  41.324  10.186  -26.247 0.0000000000
120462  41.338  9.686  -25.954 0.0000000000
119360  41.517  9.497  -26.575 0.0000000000
118369  42.109  8.477  -27.461 0.0000000000
98815  35.977  -5.256  -21.727 0.0000000000
98814  36.415  -5.181  -21.232 0.0000000000
98803  36.613  -5.350  -20.684 0.0000000000
98783  36.887  -5.553  -20.118 0.0000000000
98760  39.717  -5.043  -18.810 0.0000000000
203074  39.018  -5.011  -18.866 0.0000000000
209154  40.002  -5.740  -18.653 0.0000000000
96430  40.257  -6.462  -18.852 0.0000000000
90960  34.093  -10.040  -20.024 0.0000000000
90917  35.913  -10.283  -18.403 0.0000000000
92256  36.045  -9.270  -18.817 0.0000000000
236284  36.877  -8.244  -18.918 0.0000000000
103571  35.256  -2.288  -25.459 0.0000000000
242263  35.795  -1.439  -25.972 0.0000000000
103570  36.188  -1.936  -25.282 0.0000000000
105830  36.502  -0.516  -24.974 0.0000000000
106933  36.787  0.133  -24.444 0.0000000000
197688  36.467  5.539  -27.435 0.0000000000
229075  36.514  5.645  -25.733 0.0000000000
113803  36.953  5.400  -24.731 0.0000000000
113789  37.203  5.321  -23.615 0.0000000000
116038  37.080  6.457  -23.814 0.0000000000
114902  37.078  5.855  -23.943 0.0000000000
240215  37.471  5.545  -23.038 0.0000000000
113763  37.898  5.123  -22.365 0.0000000000
113761  38.709  5.193  -21.591 0.0000000000
113751  39.952  4.898  -21.387 0.0000000000
113750  40.628  5.012  -21.407 0.0000000000
113760  40.715  5.472  -21.702 0.0000000000
114875  41.125  5.792  -21.997 0.0000000000
228721  41.980  5.805  -22.646 0.0000000000
116023  41.108  6.847  -22.550 0.0000000000
228107  41.694  6.709  -22.851 0.0000000000
113788  42.283  5.557  -23.227 0.0000000000
114900  42.309  5.524  -24.032 0.0000000000
113812  42.645  5.104  -25.209 0.0000000000
234616  42.684  5.431  -25.732 0.0000000000
220954  33.163  12.726  -27.681 0.0000000000
233127  33.905  12.436  -27.277 0.0000000000
124706  33.907  11.948  -27.059 0.0000000000
125749  35.892  13.556  -25.919 0.0000000000
125748  36.658  13.699  -25.715 0.0000000000
101209  37.133  -3.608  -21.171 0.0000000000
216213  37.166  -4.163  -20.632 0.0000000000
101199  37.466  -3.418  -20.548 0.0000000000
101182  38.139  -3.676  -19.682 0.0000000000
101165  38.591  -3.871  -19.236 0.0000000000
102329  39.537  -2.588  -19.362 0.0000000000
102314  39.193  -3.279  -19.112 0.0000000000
101164  39.141  -3.920  -18.888 0.0000000000
99974  40.824  -4.568  -18.965 0.0000000000
224653  36.070  5.718  -28.252 0.0000000000
200428  36.170  6.259  -27.558 0.0000000000
116046  36.398  7.149  -25.679 0.0000000000
118347  36.278  7.997  -26.716 0.0000000000
117192  36.254  7.789  -25.919 0.0000000000
118313  37.052  8.676  -23.998 0.0000000000
219362  37.295  9.184  -23.709 0.0000000000
88054  37.564  -11.390  -19.016 0.0000000000
105777  42.451  -0.674  -20.740 0.0000000000
103518  42.619  -1.915  -20.760 0.0000000000
103544  43.030  -1.882  -21.805 0.0000000000
95326  33.815  -7.314  -22.287 0.0000000000
95325  34.215  -7.130  -22.172 0.0000000000
98816  35.339  -5.706  -22.072 0.0000000000
100017  36.152  -4.704  -22.297 0.0000000000
101211  36.512  -4.251  -22.028 0.0000000000
101236  35.009  -3.512  -24.326 0.0000000000
102388  36.348  -2.789  -24.042 0.0000000000
102379  36.457  -3.656  -23.198 0.0000000000
101210  36.551  -3.642  -22.330 0.0000000000
229776  37.391  -2.609  -21.437 0.0000000000
103522  37.502  -2.350  -20.845 0.0000000000
103533  37.811  -1.649  -20.786 0.0000000000
104665  37.461  -1.350  -21.405 0.0000000000
103520  38.417  -1.693  -20.282 0.0000000000
105765  39.042  -0.723  -19.845 0.0000000000
105764  39.632  -0.482  -19.648 0.0000000000
105762  40.930  -0.378  -19.844 0.0000000000
106946  35.473  0.374  -27.275 0.0000000000
106934  36.140  0.720  -26.887 0.0000000000
106922  36.258  0.780  -25.002 0.0000000000
106921  36.907  0.785  -23.881 0.0000000000
112716  36.664  3.889  -25.687 0.0000000000
111564  36.963  3.197  -24.991 0.0000000000
219805  37.395  3.878  -23.197 0.0000000000
111548  37.221  3.251  -23.780 0.0000000000
110339  36.936  2.583  -24.474 0.0000000000
109189  37.129  1.990  -23.970 0.0000000000
108048  37.328  1.400  -23.510 0.0000000000
106912  37.403  0.776  -23.048 0.0000000000
106901  37.587  0.851  -22.219 0.0000000000
106900  37.891  0.696  -21.592 0.0000000000
109139  38.515  1.736  -21.062 0.0000000000
107994  38.614  1.152  -20.726 0.0000000000
106876  39.542  0.601  -20.190 0.0000000000
234746  41.136  0.205  -20.046 0.0000000000
105778  42.066  -0.395  -20.271 0.0000000000
106873  42.427  -0.069  -20.674 0.0000000000
105800  42.965  -0.522  -21.783 0.0000000000
105812  43.066  -0.303  -22.556 0.0000000000
109146  42.763  1.490  -21.560 0.0000000000
106911  43.117  0.409  -22.728 0.0000000000
105811  43.276  -0.772  -23.122 0.0000000000
112666  41.949  4.279  -21.963 0.0000000000
111547  42.863  3.540  -22.537 0.0000000000
202319  43.045  2.774  -24.385 0.0000000000
108058  43.076  1.324  -24.542 0.0000000000
121507  33.188  10.971  -25.366 0.0000000000
121491  35.855  10.815  -24.481 0.0000000000
120442  36.134  10.348  -24.434 0.0000000000
119329  36.994  9.777  -24.121 0.0000000000
120428  38.065  10.180  -23.349 0.0000000000
128957  36.574  16.138  -27.424 0.0000000000
127873  36.431  15.562  -27.114 0.0000000000
127883  37.764  15.721  -27.641 0.0000000000
127861  36.200  15.063  -26.698 0.0000000000
215909  36.659  14.635  -26.367 0.0000000000
126809  37.339  14.478  -26.413 0.0000000000
222990  37.511  14.131  -25.977 0.0000000000
125771  39.515  13.867  -27.302 0.0000000000
125757  38.516  13.813  -26.254 0.0000000000
124715  37.883  13.379  -25.384 0.0000000000
124700  38.421  12.954  -25.224 0.0000000000
232537  38.334  12.589  -24.865 0.0000000000
123628  38.564  12.164  -24.594 0.0000000000
123635  40.077  12.086  -25.540 0.0000000000
122565  39.117  12.008  -24.879 0.0000000000
218502  38.692  11.715  -24.225 0.0000000000
121489  39.021  11.239  -23.908 0.0000000000
120427  38.853  10.237  -23.210 0.0000000000
120416  38.501  9.766  -23.080 0.0000000000
119316  39.760  9.458  -23.260 0.0000000000
119315  40.243  9.246  -23.454 0.0000000000
118320  41.136  8.452  -24.097 0.0000000000
118346  41.382  8.793  -25.398 0.0000000000
117206  41.541  8.160  -25.268 0.0000000000
117205  41.810  7.548  -25.139 0.0000000000
212984  42.269  6.791  -25.814 0.0000000000
114938  42.651  5.887  -25.984 0.0000000000
214593  42.746  5.358  -26.261 0.0000000000
114962  43.168  5.796  -27.870 0.0000000000
113837  43.186  5.044  -27.618 0.0000000000
112749  43.060  4.525  -27.042 0.0000000000
112739  43.290  3.897  -27.067 0.0000000000
96472  35.713  -7.031  -20.467 0.0000000000
97645  35.852  -6.351  -20.675 0.0000000000
96455  36.208  -7.302  -20.096 0.0000000000
96436  36.551  -7.491  -19.647 0.0000000000
95250  37.361  -7.675  -19.079 0.0000000000
97620  37.269  -5.806  -19.691 0.0000000000
203201  38.365  -5.078  -19.037 0.0000000000
98761  37.797  -5.458  -19.338 0.0000000000
97596  37.707  -6.133  -19.367 0.0000000000
96434  37.602  -6.685  -19.347 0.0000000000
208637  38.275  -8.355  -18.781 0.0000000000
102344  42.626  -2.538  -20.826 0.0000000000
101197  42.613  -3.223  -20.864 0.0000000000
90943  37.773  -10.154  -18.783 0.0000000000
93828  33.516  -7.655  -22.058 0.0000000000
97592  40.968  -5.260  -19.033 0.0000000000
97593  40.632  -5.792  -18.884 0.0000000000
97594  39.511  -6.317  -18.717 0.0000000000
98781  37.930  -4.816  -19.545 0.0000000000
99975  40.140  -4.424  -18.873 0.0000000000
99976  39.421  -4.412  -18.847 0.0000000000
99992  41.205  -4.175  -19.354 0.0000000000
101163  39.746  -3.777  -18.895 0.0000000000
101179  41.580  -3.865  -19.935 0.0000000000
101180  40.930  -3.100  -19.449 0.0000000000
102313  39.966  -3.132  -19.106 0.0000000000
102326  41.829  -2.730  -20.128 0.0000000000
102346  37.648  -2.760  -20.382 0.0000000000
102356  42.883  -2.820  -21.316 0.0000000000
103498  41.759  -2.076  -19.885 0.0000000000
103501  39.807  -1.966  -19.459 0.0000000000
103519  42.228  -2.285  -20.394 0.0000000000
103532  42.885  -2.197  -21.270 0.0000000000
104634  41.709  -1.366  -19.726 0.0000000000
104651  42.558  -1.286  -20.739 0.0000000000
105761  41.631  -0.728  -19.825 0.0000000000
105763  40.223  -0.342  -19.677 0.0000000000
105779  41.592  -0.089  -20.055 0.0000000000
105792  42.733  -0.332  -21.164 0.0000000000
105829  43.350  -0.479  -24.728 0.0000000000
106865  39.242  -0.029  -19.952 0.0000000000
106875  40.288  0.684  -20.142 0.0000000000
106887  42.697  0.303  -21.157 0.0000000000
107989  42.050  1.136  -20.584 0.0000000000
107991  40.664  1.281  -20.254 0.0000000000
107992  39.949  1.231  -20.270 0.0000000000
108007  42.452  1.666  -20.846 0.0000000000
108008  38.220  1.191  -21.295 0.0000000000
108034  43.221  1.160  -22.935 0.0000000000
109134  41.745  1.756  -20.710 0.0000000000
109137  39.617  1.815  -20.418 0.0000000000
109148  41.410  2.341  -20.962 0.0000000000
109149  38.789  2.201  -20.869 0.0000000000
109150  38.395  2.336  -21.272 0.0000000000
109164  42.849  2.205  -21.832 0.0000000000
109165  38.067  1.796  -21.659 0.0000000000
109177  43.267  2.056  -23.219 0.0000000000
109188  43.176  1.801  -24.017 0.0000000000
110291  41.268  3.015  -21.025 0.0000000000
110293  38.813  2.754  -20.955 0.0000000000
110294  38.448  2.908  -21.400 0.0000000000
110307  42.829  2.934  -22.044 0.0000000000
110308  42.360  3.227  -21.539 0.0000000000
110363  42.914  2.562  -26.115 0.0000000000
111499  40.168  3.022  -20.708 0.0000000000
111500  39.719  3.278  -20.775 0.0000000000
111513  41.165  3.558  -21.125 0.0000000000
111514  40.156  3.689  -20.973 0.0000000000
111528  42.546  3.493  -22.013 0.0000000000
111563  43.058  3.640  -23.338 0.0000000000
111583  42.839  3.875  -25.243 0.0000000000
111588  42.860  3.862  -26.095 0.0000000000
111594  43.998  3.071  -27.177 0.0000000000
111596  42.994  3.471  -26.737 0.0000000000
111601  43.754  3.724  -27.366 0.0000000000
112650  41.716  4.025  -21.579 0.0000000000
112653  39.714  4.283  -21.146 0.0000000000
112654  38.701  4.595  -21.485 0.0000000000
112665  42.407  3.962  -22.275 0.0000000000
112667  41.541  4.520  -21.601 0.0000000000
112683  42.230  4.545  -22.481 0.0000000000
112740  42.786  4.645  -26.357 0.0000000000
112748  43.474  4.342  -27.499 0.0000000000
113749  41.054  4.576  -21.361 0.0000000000
113759  41.244  5.129  -21.735 0.0000000000
113762  38.236  5.514  -22.010 0.0000000000
113773  42.472  4.808  -23.059 0.0000000000
113802  42.623  5.037  -24.414 0.0000000000
113818  42.706  5.013  -25.837 0.0000000000
114867  40.176  5.503  -21.427 0.0000000000
114868  39.420  5.531  -21.402 0.0000000000
114874  41.714  5.573  -22.171 0.0000000000
114877  39.421  6.202  -21.662 0.0000000000
114889  41.630  6.268  -22.363 0.0000000000
114901  42.109  6.142  -23.709 0.0000000000
114914  42.423  5.580  -24.728 0.0000000000
114928  42.565  5.746  -25.368 0.0000000000
114951  42.803  5.958  -26.720 0.0000000000
116015  40.348  6.714  -22.091 0.0000000000
116024  40.506  7.316  -22.525 0.0000000000
116058  42.406  6.311  -25.586 0.0000000000
116059  42.101  6.862  -25.146 0.0000000000
116088  42.616  6.803  -26.950 0.0000000000
117164  39.169  7.226  -22.153 0.0000000000
117171  40.665  7.845  -22.886 0.0000000000
117175  38.066  7.370  -22.662 0.0000000000
117190  41.455  7.893  -24.522 0.0000000000
117219  42.060  7.738  -26.228 0.0000000000
117238  42.342  7.957  -27.246 0.0000000000
118304  39.696  8.441  -22.698 0.0000000000
118312  40.761  8.284  -23.441 0.0000000000
118334  41.347  8.605  -24.731 0.0000000000
118360  42.054  8.282  -26.755 0.0000000000
119306  39.402  9.011  -22.922 0.0000000000
119314  40.653  8.869  -23.781 0.0000000000
119317  38.064  9.592  -23.132 0.0000000000
119318  37.594  9.693  -23.517 0.0000000000
119327  40.968  9.020  -24.357 0.0000000000
119328  40.517  9.442  -24.051 0.0000000000
119340  41.170  9.492  -25.361 0.0000000000
119350  41.516  9.127  -25.961 0.0000000000
119359  41.897  8.985  -27.031 0.0000000000
119372  42.052  9.328  -28.237 0.0000000000
120415  39.108  9.589  -23.157 0.0000000000
120439  40.782  9.533  -24.689 0.0000000000
120471  41.698  9.602  -27.263 0.0000000000
120480  41.580  10.115  -27.486 0.0000000000
121470  40.035  10.523  -23.822 0.0000000000
121471  39.344  10.683  -23.619 0.0000000000
121472  38.534  10.764  -23.555 0.0000000000
121487  40.277  10.923  -24.299 0.0000000000
121505  41.194  10.171  -25.591 0.0000000000
121506  40.515  10.661  -24.863 0.0000000000
121517  41.014  10.680  -25.910 0.0000000000
121527  41.680  10.359  -27.959 0.0000000000
122538  38.199  11.325  -23.854 0.0000000000
122552  40.030  11.439  -24.546 0.0000000000
122564  39.737  11.820  -25.008 0.0000000000
122577  40.407  11.733  -25.814 0.0000000000
122587  41.121  11.445  -27.703 0.0000000000
123629  38.002  12.323  -24.701 0.0000000000
123637  38.790  12.442  -25.108 0.0000000000
123647  40.258  12.293  -26.144 0.0000000000
123660  40.950  12.085  -27.919 0.0000000000
123661  40.583  12.678  -28.158 0.0000000000
124701  37.156  13.231  -25.378 0.0000000000
124705  34.462  12.206  -26.702 0.0000000000
124707  33.305  12.081  -27.402 0.0000000000
124712  40.100  12.858  -26.416 0.0000000000
124713  39.052  13.322  -26.241 0.0000000000
124722  40.173  13.054  -26.952 0.0000000000
124729  40.041  13.496  -27.380 0.0000000000
124733  40.425  13.179  -28.664 0.0000000000
125747  37.356  13.824  -25.573 0.0000000000
125756  39.028  13.805  -26.751 0.0000000000
125758  37.968  13.823  -25.817 0.0000000000
125759  36.957  14.190  -25.981 0.0000000000
125761  35.269  14.130  -26.341 0.0000000000
125764  32.946  13.419  -27.792 0.0000000000
125769  37.959  14.190  -26.374 0.0000000000
125770  39.948  14.006  -27.976 0.0000000000
125772  39.004  14.296  -27.221 0.0000000000
125773  40.197  13.717  -28.493 0.0000000000
126796  34.300  14.713  -27.050 0.0000000000
126810  35.722  14.710  -26.439 0.0000000000
126813  30.633  13.774  -28.107 0.0000000000
126816  38.596  14.752  -27.124 0.0000000000
126818  37.050  15.060  -26.820 0.0000000000
126821  38.854  14.766  -27.800 0.0000000000
126822  38.190  15.093  -27.470 0.0000000000
126824  39.404  14.494  -28.321 0.0000000000
126827  39.129  15.310  -29.036 0.0000000000
127862  35.458  15.236  -26.760 0.0000000000
127863  34.425  15.018  -27.284 0.0000000000
127865  32.823  15.100  -27.986 0.0000000000
127872  37.142  15.685  -27.228 0.0000000000
127875  34.585  15.680  -27.392 0.0000000000
128958  35.744  15.984  -27.433 0.0000000000
200494  36.017  7.686  -26.897 0.0000000000
202308  43.074  3.432  -24.108 0.0000000000
202314  42.905  3.305  -24.835 0.0000000000
204937  40.707  -2.539  -19.523 0.0000000000
204969  37.658  -8.166  -18.931 0.0000000000
208751  39.495  -1.232  -19.524 0.0000000000
208928  42.841  0.804  -21.521 0.0000000000
209255  39.986  -0.832  -19.503 0.0000000000
209409  42.847  -1.569  -21.260 0.0000000000
211082  41.968  6.245  -23.012 0.0000000000
211403  41.033  7.397  -22.845 0.0000000000
211428  37.350  6.024  -23.147 0.0000000000
212476  42.803  -0.935  -21.238 0.0000000000
217409  37.899  -3.247  -19.992 0.0000000000
218043  40.612  12.424  -27.539 0.0000000000
219614  35.806  15.494  -27.094 0.0000000000
222925  42.214  6.013  -24.339 0.0000000000
230927  38.641  -5.540  -18.785 0.0000000000
231958  40.566  0.187  -19.916 0.0000000000
232471  39.938  6.358  -21.705 0.0000000000
232479  31.328  13.240  -27.973 0.0000000000
233235  42.026  0.116  -20.348 0.0000000000
235910  40.932  4.235  -21.228 0.0000000000
237590  40.457  -0.813  -19.661 0.0000000000
238302  42.900  -0.083  -21.467 0.0000000000
240493  36.806  -3.772  -21.715 0.0000000000
240594  38.944  11.877  -24.518 0.0000000000
241765  41.889  7.837  -25.666 0.0000000000
