#!ascii label  , from subject sub-v2s11x28681_ses-1 vox2ras=TkReg
1514
41451  58.245  -42.977  -19.757 0.6000000238
40320  58.431  -43.827  -18.503 0.5000000000
44608  59.263  -40.551  -20.867 0.6999999881
44613  58.712  -40.399  -21.265 0.6000000238
45746  58.377  -40.122  -21.748 0.6000000238
46889  59.036  -39.345  -21.847 0.6000000238
42472  59.364  -42.099  -19.465 0.6999999881
43530  58.942  -41.767  -20.035 0.6000000238
43537  58.566  -41.559  -20.741 0.5000000000
43543  57.912  -41.172  -21.268 0.5000000000
44615  57.355  -40.866  -21.846 0.5000000000
45753  58.038  -39.774  -22.221 0.6000000238
46896  58.526  -39.287  -22.485 0.6000000238
214844  59.258  -42.393  -18.879 0.5000000000
41446  58.530  -43.167  -19.188 0.5000000000
239871  57.648  -42.464  -20.391 0.6000000238
46903  58.030  -38.793  -22.929 0.6000000238
202544  57.058  -44.411  -17.611 0.5000000000
39169  57.340  -44.530  -16.630 0.5000000000
214476  60.511  -37.310  -21.338 0.6000000238
230104  60.361  -37.454  -21.799 0.6999999881
45729  60.142  -39.994  -19.676 0.6000000238
45736  60.190  -39.852  -20.303 0.6999999881
46887  60.106  -39.095  -21.290 0.6000000238
48073  59.877  -38.804  -21.757 0.6000000238
48077  59.785  -38.347  -22.181 0.6000000238
44596  59.173  -40.441  -19.015 0.6000000238
44602  59.060  -40.550  -19.521 0.6999999881
48084  58.979  -38.305  -22.780 0.6000000238
42463  58.059  -42.119  -18.425 0.5000000000
44590  59.089  -40.742  -18.696 0.5000000000
48089  58.574  -38.057  -23.298 0.6000000238
40314  58.532  -43.589  -18.043 0.5000000000
241804  58.587  -37.502  -23.583 0.6000000238
40305  58.017  -43.499  -17.518 0.5000000000
49277  58.089  -37.388  -24.168 0.6000000238
50494  58.116  -36.471  -24.695 0.6999999881
216157  58.033  -37.214  -24.372 0.6000000238
51653  58.073  -36.079  -25.112 0.6999999881
50496  57.000  -38.209  -25.224 0.6000000238
50503  56.778  -37.017  -26.033 0.6000000238
235991  55.799  -35.907  -27.308 0.6000000238
51668  55.908  -35.960  -27.152 0.6000000238
53742  55.292  -33.829  -27.683 0.5000000000
52705  56.878  -35.552  -24.979 0.6999999881
53731  55.705  -34.936  -26.887 0.6000000238
52699  57.676  -35.932  -24.358 0.8000000119
52706  56.669  -36.480  -26.046 0.6999999881
52678  60.016  -35.939  -21.298 0.6000000238
51627  60.282  -36.319  -21.693 0.6999999881
220437  60.290  -38.619  -19.975 0.6999999881
46873  60.283  -39.239  -20.670 0.6999999881
238700  60.764  -37.488  -20.929 0.6000000238
49265  60.217  -37.320  -22.246 0.6999999881
52681  60.204  -35.922  -22.087 0.6999999881
45724  59.816  -39.864  -19.063 0.6000000238
48045  60.069  -38.990  -19.451 0.6000000238
52685  60.294  -35.900  -22.808 0.8000000119
207512  59.698  -40.673  -17.666 0.5000000000
45716  59.567  -40.382  -18.657 0.5000000000
51638  60.329  -35.885  -23.181 0.8000000119
49276  59.236  -37.180  -23.464 0.6000000238
43497  59.065  -41.824  -17.305 0.5000000000
43506  58.842  -41.621  -17.876 0.5000000000
51639  60.271  -35.767  -23.627 0.8000000119
50481  59.183  -36.642  -23.799 0.6000000238
41415  58.195  -43.638  -16.317 0.5000000000
51645  59.839  -35.735  -23.933 0.8000000119
51651  59.040  -35.876  -24.520 0.8000000119
50485  58.723  -36.760  -24.189 0.6999999881
53730  57.965  -35.288  -25.826 0.6999999881
52708  59.007  -35.549  -24.972 0.6999999881
53739  57.077  -35.171  -26.866 0.6999999881
53735  57.832  -35.113  -26.087 0.6999999881
51660  57.462  -36.159  -25.461 0.6999999881
54780  56.986  -35.044  -27.100 0.6000000238
52720  56.249  -35.627  -27.212 0.6000000238
52715  56.827  -35.655  -26.530 0.6000000238
224781  57.015  -34.072  -27.767 0.6999999881
216522  56.034  -34.324  -28.433 0.6999999881
53747  55.935  -35.146  -28.080 0.6000000238
224933  56.851  -34.173  -26.707 0.6999999881
199690  55.927  -33.617  -28.953 0.6000000238
53722  56.455  -35.154  -25.632 0.8000000119
198678  56.052  -34.146  -26.905 0.8000000119
197518  55.409  -33.822  -29.134 0.6000000238
53708  57.880  -35.074  -22.983 0.8999999762
52687  58.214  -36.151  -22.701 0.6999999881
53709  57.363  -34.935  -22.982 0.8000000119
52700  56.650  -36.134  -24.774 0.6999999881
52679  59.722  -35.446  -21.052 0.6000000238
52682  59.857  -35.756  -21.589 0.6999999881
54744  59.841  -34.015  -21.216 0.6999999881
202799  59.873  -36.195  -20.749 0.6000000238
55840  59.526  -34.249  -21.800 0.6000000238
51611  60.489  -36.432  -19.441 0.4000000060
49235  60.070  -37.881  -19.952 0.6000000238
52674  60.199  -35.741  -20.221 0.6000000238
54746  59.404  -34.934  -21.724 0.6999999881
49223  60.161  -37.627  -19.258 0.6000000238
54749  59.177  -35.279  -22.205 0.8000000119
46838  60.079  -39.589  -17.656 0.4000000060
46844  60.116  -39.015  -18.159 0.5000000000
46856  60.007  -39.333  -18.905 0.6000000238
233274  60.082  -35.185  -22.765 0.8000000119
44573  59.831  -40.837  -17.123 0.5000000000
54755  60.046  -34.718  -22.928 0.8000000119
43487  59.344  -41.676  -16.603 0.4000000060
54758  60.534  -34.430  -24.103 0.8000000119
219233  58.574  -42.896  -16.029 0.5000000000
54763  59.247  -34.981  -25.199 0.8000000119
229558  60.033  -33.489  -24.703 0.8000000119
54768  59.042  -34.357  -25.493 0.6999999881
53728  59.207  -35.307  -25.159 0.8000000119
199379  57.456  -34.354  -27.146 0.8000000119
54776  58.450  -34.517  -25.895 0.6999999881
197503  58.617  -34.722  -24.200 0.8999999762
224940  57.460  -34.231  -27.214 0.8999999762
54778  58.182  -34.298  -26.467 0.6999999881
200013  57.418  -33.839  -26.329 0.8999999762
54786  56.812  -33.992  -28.061 0.6999999881
198528  56.952  -34.354  -27.656 0.6000000238
52686  58.223  -35.567  -22.886 0.8999999762
197502  57.517  -35.048  -23.203 0.8999999762
53711  55.940  -34.856  -22.923 0.8000000119
52689  56.131  -35.531  -22.898 0.8000000119
53710  56.615  -34.834  -22.903 0.8000000119
52688  57.073  -35.737  -22.982 0.8000000119
54751  56.299  -34.198  -22.790 0.8000000119
210061  57.881  -35.714  -22.866 0.6999999881
55837  59.627  -33.324  -21.415 0.6000000238
215076  59.838  -35.692  -20.711 0.6000000238
54741  60.087  -33.961  -20.460 0.5000000000
52668  60.498  -35.511  -19.657 0.4000000060
211427  60.427  -35.197  -19.919 0.5000000000
53700  60.081  -35.140  -20.441 0.6000000238
50441  60.541  -36.965  -19.002 0.5000000000
55841  59.240  -34.056  -22.178 0.6999999881
50429  60.862  -37.192  -17.754 0.5000000000
217679  60.103  -38.036  -18.824 0.6000000238
48007  60.830  -38.702  -16.850 0.4000000060
48014  60.371  -38.549  -17.522 0.4000000060
56926  58.430  -32.848  -23.410 0.8000000119
55845  59.016  -34.960  -23.012 0.8000000119
45677  60.311  -39.758  -16.012 0.4000000060
55851  59.264  -34.736  -23.432 0.8000000119
212844  58.768  -34.968  -22.899 0.8000000119
54754  60.597  -34.655  -23.681 0.8000000119
43474  59.205  -41.969  -15.523 0.3000000119
225763  57.971  -34.835  -23.560 0.8000000119
56930  57.949  -32.940  -24.014 0.8000000119
55852  58.793  -34.928  -23.309 0.8000000119
226059  57.644  -32.822  -24.285 0.8000000119
55858  59.815  -34.139  -23.996 0.8000000119
199105  57.479  -33.283  -24.318 0.8999999762
200035  57.917  -33.852  -24.326 0.8999999762
199356  56.987  -32.867  -23.402 0.8999999762
197504  57.948  -34.697  -23.711 0.8999999762
226060  57.176  -33.369  -23.385 0.8999999762
225764  58.594  -34.986  -23.954 0.8999999762
231387  57.315  -33.822  -23.126 0.8999999762
202706  55.415  -35.093  -23.103 0.8000000119
55846  56.732  -33.708  -22.906 0.8999999762
54750  56.986  -34.237  -22.919 0.8999999762
54752  55.701  -34.234  -22.912 0.8000000119
55835  59.922  -33.252  -20.574 0.6000000238
56920  59.560  -32.771  -20.727 0.6000000238
56921  59.391  -32.353  -21.171 0.6000000238
56918  59.783  -32.606  -20.257 0.6000000238
54736  60.742  -34.269  -19.378 0.4000000060
53695  60.467  -34.683  -19.890 0.4000000060
54740  60.412  -34.064  -19.860 0.4000000060
53696  60.164  -34.517  -20.327 0.5000000000
56924  59.226  -32.989  -22.014 0.6999999881
52661  60.723  -35.706  -19.123 0.4000000060
51589  60.959  -36.126  -17.970 0.5000000000
51601  60.827  -36.296  -18.709 0.4000000060
58082  58.761  -32.545  -22.568 0.6999999881
50428  60.988  -36.567  -17.568 0.5000000000
58083  58.426  -32.012  -23.017 0.8000000119
220968  58.616  -33.990  -22.810 0.8000000119
58090  57.776  -32.245  -23.881 0.8000000119
200306  56.836  -32.299  -23.371 0.8999999762
197509  56.499  -33.152  -22.991 0.8999999762
54756  56.000  -33.643  -22.855 1.0000000000
54753  55.186  -34.412  -23.204 0.8000000119
55847  55.398  -33.629  -22.969 1.0000000000
59250  59.043  -31.559  -21.177 0.6000000238
59255  58.709  -31.409  -21.779 0.6999999881
217664  60.687  -33.732  -19.392 0.4000000060
55834  60.300  -33.284  -19.758 0.4000000060
237034  60.057  -32.903  -20.097 0.4000000060
53689  60.938  -34.428  -18.779 0.4000000060
58078  58.544  -31.671  -22.388 0.6999999881
52660  61.044  -35.102  -18.041 0.5000000000
54732  60.941  -33.828  -18.888 0.4000000060
58089  58.095  -32.048  -23.551 0.8000000119
59263  58.079  -31.204  -23.063 0.8000000119
59270  57.494  -31.229  -23.407 0.8000000119
59269  57.753  -31.535  -23.471 0.8000000119
58084  56.684  -31.577  -23.181 0.8000000119
58091  57.476  -32.020  -23.813 0.8000000119
226283  57.416  -32.671  -24.050 0.8999999762
197510  56.253  -32.621  -23.223 0.8999999762
55853  55.744  -33.065  -23.074 1.0000000000
222557  55.243  -33.063  -23.257 1.0000000000
205752  54.916  -35.229  -23.221 0.8000000119
200006  54.819  -34.290  -23.659 0.8000000119
55848  55.074  -33.702  -23.374 0.8000000119
58071  59.340  -31.723  -20.537 0.6000000238
58074  59.528  -32.285  -20.499 0.6000000238
59256  58.392  -30.892  -22.240 0.6999999881
58067  60.077  -31.939  -19.278 0.4000000060
56915  60.094  -32.526  -19.739 0.5000000000
60505  57.965  -30.234  -22.710 0.8000000119
55829  61.070  -33.406  -18.374 0.4000000060
55830  60.758  -33.287  -18.993 0.4000000060
197512  56.126  -32.075  -23.380 0.8999999762
58085  55.874  -31.432  -23.180 0.8000000119
197513  55.607  -32.492  -23.431 1.0000000000
198945  55.485  -32.102  -23.756 1.0000000000
56931  55.276  -32.660  -23.875 1.0000000000
199203  54.745  -33.815  -24.247 1.0000000000
199429  54.306  -34.513  -24.039 0.8999999762
200411  54.617  -34.905  -23.520 0.8000000119
197500  53.867  -35.166  -23.670 0.8999999762
226382  54.116  -34.342  -24.892 1.0000000000
54759  54.451  -33.772  -25.280 1.0000000000
55863  54.469  -33.702  -26.183 1.0000000000
54764  53.879  -34.142  -25.799 1.0000000000
54765  53.225  -34.338  -26.115 1.0000000000
55869  54.071  -33.085  -26.710 1.0000000000
54770  53.778  -33.751  -26.581 1.0000000000
60494  58.528  -30.295  -21.056 0.6999999881
59251  58.612  -30.876  -21.402 0.6999999881
60498  58.153  -30.079  -21.861 0.6999999881
59247  58.929  -30.868  -20.497 0.6000000238
58070  59.703  -31.956  -19.947 0.6000000238
60499  57.833  -29.348  -22.473 0.8000000119
58066  60.357  -31.936  -18.746 0.4000000060
59264  57.752  -30.538  -23.205 0.8000000119
59265  57.208  -30.715  -23.128 0.8000000119
201208  55.757  -31.935  -23.575 0.8999999762
197515  55.555  -31.583  -23.688 1.0000000000
227459  55.404  -31.958  -24.322 1.0000000000
199976  55.859  -31.307  -25.127 1.0000000000
58096  55.548  -32.206  -25.393 1.0000000000
56934  55.194  -32.809  -24.882 1.0000000000
56938  55.356  -32.807  -26.023 1.0000000000
55862  54.829  -33.265  -25.632 1.0000000000
53723  53.448  -34.722  -25.371 1.0000000000
201498  53.614  -34.853  -24.415 1.0000000000
55868  54.801  -33.145  -26.368 1.0000000000
53732  52.486  -34.391  -26.152 1.0000000000
55870  53.435  -32.744  -26.930 1.0000000000
54771  52.967  -33.659  -26.639 1.0000000000
211854  58.908  -30.320  -19.879 0.5000000000
59246  59.411  -31.332  -20.002 0.6000000238
59243  59.717  -31.291  -19.382 0.5000000000
59244  59.299  -30.797  -19.667 0.5000000000
60506  57.689  -29.760  -22.720 0.8000000119
203992  57.437  -29.907  -22.845 0.8000000119
59266  56.172  -30.976  -22.771 0.8000000119
213418  55.654  -30.947  -23.443 0.8999999762
60511  55.537  -30.135  -23.110 0.8000000119
199931  56.100  -29.616  -23.960 0.8000000119
224890  55.842  -29.138  -23.990 0.8000000119
198384  55.569  -31.156  -24.127 0.8999999762
198498  55.838  -30.333  -23.926 0.8000000119
198302  55.922  -29.799  -24.491 0.8000000119
197519  56.219  -30.542  -24.679 0.8999999762
198308  55.420  -29.332  -24.761 0.8000000119
56940  55.101  -32.508  -26.648 1.0000000000
56941  54.188  -32.666  -26.809 1.0000000000
53733  51.749  -34.479  -25.999 1.0000000000
58102  54.493  -31.477  -26.511 1.0000000000
58099  53.571  -32.050  -26.195 1.0000000000
54772  52.263  -33.569  -26.751 1.0000000000
58103  53.904  -31.559  -26.241 1.0000000000
58104  52.911  -31.406  -26.615 1.0000000000
56948  52.548  -31.951  -26.798 1.0000000000
60491  58.506  -29.848  -20.417 0.6999999881
61679  58.044  -29.085  -20.886 0.6999999881
209732  58.179  -29.707  -21.169 0.6999999881
61687  57.966  -29.110  -21.800 0.6999999881
61688  57.460  -28.626  -22.042 0.6999999881
60507  57.431  -29.104  -22.520 0.6999999881
60487  59.263  -30.194  -19.280 0.5000000000
60500  57.078  -29.435  -22.478 0.6999999881
59257  56.444  -30.481  -22.411 0.6999999881
59258  55.864  -30.422  -22.304 0.6999999881
59267  55.717  -30.750  -22.807 0.6999999881
61703  55.741  -29.073  -23.349 0.8000000119
61698  55.416  -28.622  -22.900 0.8000000119
61697  54.874  -29.031  -22.826 0.8000000119
197517  55.513  -29.239  -23.343 0.8000000119
62785  54.485  -29.262  -23.824 0.8000000119
62789  54.257  -29.184  -24.386 0.8000000119
227518  56.082  -30.378  -25.294 1.0000000000
200335  54.457  -29.219  -24.904 0.8000000119
225012  55.226  -29.427  -25.162 1.0000000000
62793  54.370  -29.137  -25.491 0.8000000119
224564  56.016  -31.221  -26.148 1.0000000000
227519  55.658  -30.365  -25.899 1.0000000000
56937  55.696  -32.127  -26.281 1.0000000000
58109  54.687  -30.925  -26.340 1.0000000000
59287  53.838  -30.674  -26.376 1.0000000000
54773  51.607  -33.840  -26.487 1.0000000000
53727  51.148  -34.543  -25.912 1.0000000000
59288  53.458  -30.504  -26.646 1.0000000000
231561  52.386  -30.615  -26.818 1.0000000000
58113  52.373  -31.110  -26.657 1.0000000000
55874  52.092  -32.396  -26.923 1.0000000000
237333  51.952  -30.441  -26.774 1.0000000000
61680  57.766  -28.139  -21.564 0.6999999881
61689  57.323  -28.658  -22.107 0.6000000238
60501  55.971  -30.000  -21.880 0.6999999881
59259  55.591  -30.154  -22.456 0.6999999881
211031  55.384  -29.443  -22.533 0.8000000119
63829  54.076  -28.949  -23.807 0.8000000119
229452  53.960  -28.927  -23.964 0.8000000119
63843  53.673  -28.547  -25.041 0.8000000119
62794  54.178  -29.159  -25.816 0.8000000119
63844  53.688  -28.658  -25.162 0.8000000119
61721  54.670  -29.439  -26.504 1.0000000000
61709  53.997  -29.101  -25.867 1.0000000000
62795  53.718  -29.036  -25.695 0.6999999881
61714  54.345  -29.349  -26.503 1.0000000000
61715  53.737  -29.511  -26.577 1.0000000000
240723  53.001  -29.927  -26.998 1.0000000000
61716  52.830  -29.469  -26.722 1.0000000000
54774  50.633  -34.120  -26.119 1.0000000000
60525  52.729  -29.662  -26.868 1.0000000000
228349  52.255  -29.655  -26.810 1.0000000000
56949  51.644  -31.836  -27.000 1.0000000000
56944  51.109  -32.513  -26.777 1.0000000000
55873  50.394  -33.162  -26.244 1.0000000000
58106  51.796  -31.200  -26.669 1.0000000000
62771  57.554  -28.129  -21.769 0.6999999881
60496  55.380  -29.510  -21.411 0.6000000238
60502  55.420  -29.728  -21.947 0.6999999881
204132  55.021  -29.069  -22.063 0.8000000119
63825  54.249  -28.463  -23.158 0.6999999881
62786  53.612  -28.375  -24.557 0.6999999881
63837  53.355  -28.321  -24.795 0.6999999881
221999  53.297  -28.335  -25.010 0.6999999881
231969  52.611  -28.414  -25.468 0.8000000119
62790  53.199  -28.460  -25.096 0.6999999881
62803  53.396  -29.168  -26.121 0.8999999762
62804  52.766  -28.998  -26.197 1.0000000000
55865  49.564  -32.874  -25.886 1.0000000000
61717  52.413  -29.232  -26.622 1.0000000000
58108  50.528  -30.976  -26.557 1.0000000000
60527  51.301  -29.989  -26.563 1.0000000000
61681  56.995  -28.528  -21.463 0.6000000238
61682  55.812  -29.278  -20.777 0.6000000238
60495  56.418  -29.467  -21.538 0.6000000238
61683  54.571  -29.710  -20.802 0.6000000238
61690  54.633  -29.497  -21.471 0.6000000238
62777  54.839  -28.600  -22.629 0.6999999881
62781  54.777  -28.406  -22.835 0.6999999881
64908  54.087  -28.392  -23.325 0.6999999881
64909  53.668  -28.225  -23.884 0.6999999881
218565  53.180  -27.664  -23.760 0.6999999881
63830  53.063  -27.994  -24.050 0.6999999881
63831  52.635  -28.157  -24.354 0.6999999881
68334  49.285  -24.813  -22.978 0.3000000119
63838  52.853  -28.412  -25.008 0.6999999881
55850  50.453  -33.562  -23.053 0.8999999762
63845  52.454  -28.570  -25.951 1.0000000000
56932  49.438  -33.258  -23.683 1.0000000000
55864  49.654  -33.640  -25.393 1.0000000000
55860  49.409  -34.050  -24.378 1.0000000000
61718  51.864  -28.897  -26.625 1.0000000000
214949  51.008  -29.470  -26.575 1.0000000000
60526  51.772  -29.412  -26.692 1.0000000000
59284  50.946  -30.456  -26.496 1.0000000000
56945  50.230  -32.392  -26.523 1.0000000000
60528  50.643  -30.055  -26.424 1.0000000000
62765  56.880  -28.485  -20.877 0.6000000238
62757  54.565  -29.394  -20.007 0.6000000238
231439  54.055  -29.571  -20.506 0.6000000238
62766  53.946  -29.365  -21.101 0.6999999881
207569  53.987  -28.797  -21.637 0.6999999881
228466  54.362  -28.386  -22.337 0.6999999881
67155  55.909  -24.611  -21.020 0.3000000119
68328  56.076  -24.792  -22.078 0.3000000119
63822  54.485  -28.065  -22.683 0.6999999881
64899  54.201  -27.860  -22.917 0.6999999881
66023  53.555  -27.176  -23.484 0.6999999881
229572  50.269  -26.387  -22.221 0.3000000119
66009  49.652  -25.794  -22.868 0.4000000060
67190  49.340  -25.139  -23.670 0.4000000060
56927  50.795  -33.082  -22.557 0.6999999881
58086  50.672  -32.493  -22.822 0.6999999881
70878  50.756  -23.054  -25.230 0.3000000119
68338  49.308  -24.420  -23.656 0.3000000119
63839  52.213  -28.156  -25.056 0.6999999881
56933  49.493  -32.402  -23.545 0.8999999762
69589  50.265  -23.077  -24.826 0.3000000119
68342  49.430  -24.475  -24.315 0.3000000119
63846  52.133  -28.190  -25.662 0.8000000119
56936  48.977  -32.529  -23.977 0.8999999762
69600  49.826  -23.703  -24.642 0.3000000119
62806  51.446  -28.376  -26.563 1.0000000000
56946  49.652  -32.048  -26.007 1.0000000000
61719  51.311  -28.830  -26.706 1.0000000000
59285  50.251  -30.583  -26.263 1.0000000000
58101  49.820  -31.218  -26.109 1.0000000000
236972  50.550  -28.851  -26.725 1.0000000000
61720  50.254  -29.590  -26.510 1.0000000000
238311  50.077  -28.614  -26.708 1.0000000000
63814  53.524  -28.534  -20.984 0.6999999881
63818  54.107  -28.055  -21.825 0.6999999881
67165  54.299  -25.476  -21.204 0.3000000119
67164  55.610  -25.391  -21.461 0.4000000060
64895  54.421  -27.774  -22.098 0.6999999881
67175  54.888  -24.828  -22.211 0.3000000119
68333  55.524  -25.245  -22.539 0.5000000000
64901  53.330  -27.052  -23.464 0.6999999881
64902  52.896  -27.064  -23.434 0.6999999881
67176  53.826  -25.091  -22.154 0.5000000000
64912  52.477  -27.706  -23.804 0.6999999881
204108  51.091  -26.645  -22.252 0.4000000060
66007  51.253  -26.924  -22.750 0.6000000238
66008  50.399  -26.603  -23.005 0.5000000000
63832  51.970  -28.003  -24.358 0.6999999881
69607  51.371  -23.718  -26.404 0.4000000060
66019  49.688  -26.005  -23.742 0.4000000060
58087  50.267  -32.095  -23.174 0.6999999881
69598  50.991  -23.330  -25.784 0.3000000119
67193  49.435  -25.277  -24.384 0.4000000060
63840  51.649  -27.876  -25.284 0.6999999881
56928  50.195  -32.798  -23.160 0.6999999881
69608  50.779  -24.095  -25.993 0.4000000060
237355  49.526  -24.814  -24.707 0.4000000060
67196  49.765  -25.153  -25.080 0.4000000060
69599  50.332  -23.699  -25.318 0.3000000119
68349  49.807  -24.378  -24.974 0.3000000119
63853  51.810  -28.360  -26.137 0.8000000119
56939  49.282  -32.473  -24.952 1.0000000000
63854  51.060  -27.704  -26.410 0.8999999762
60521  49.964  -30.143  -26.171 1.0000000000
237649  50.241  -28.274  -26.799 1.0000000000
62807  50.829  -28.277  -26.772 1.0000000000
228143  49.866  -29.029  -26.533 1.0000000000
61710  49.559  -29.662  -26.168 1.0000000000
62808  49.611  -28.332  -26.517 1.0000000000
61711  49.271  -29.020  -26.067 1.0000000000
64886  54.436  -27.308  -21.454 0.6000000238
203415  54.852  -27.290  -21.920 0.6999999881
65988  55.094  -26.320  -21.462 0.5000000000
231467  55.264  -26.655  -21.810 0.6000000238
232562  54.734  -27.333  -22.250 0.6999999881
65994  55.689  -25.982  -21.851 0.5000000000
67174  55.747  -25.706  -22.321 0.4000000060
66011  54.418  -27.026  -22.543 0.6999999881
66012  54.008  -26.827  -23.045 0.6999999881
67183  55.214  -25.828  -22.792 0.6000000238
66013  53.758  -26.488  -23.165 0.6999999881
67185  54.033  -25.466  -22.626 0.6000000238
67186  53.317  -25.587  -22.459 0.6000000238
66005  52.872  -26.271  -22.607 0.6000000238
66006  52.065  -26.694  -22.368 0.5000000000
64896  51.779  -27.074  -22.984 0.6000000238
64913  51.885  -27.716  -23.858 0.6000000238
68362  51.704  -24.559  -27.112 0.4000000060
66017  50.993  -27.011  -23.365 0.5000000000
64904  51.501  -27.332  -23.560 0.6000000238
69613  51.742  -23.908  -26.917 0.4000000060
66018  50.327  -26.700  -23.970 0.5000000000
63833  51.732  -27.842  -24.551 0.6999999881
68356  51.294  -24.626  -26.670 0.5000000000
66025  49.795  -25.960  -24.562 0.4000000060
63847  51.421  -27.931  -25.894 0.6999999881
214317  50.948  -27.404  -25.586 0.6999999881
68348  50.173  -24.569  -25.604 0.4000000060
58094  49.285  -31.931  -24.218 0.8999999762
59278  49.750  -30.641  -25.812 1.0000000000
58097  49.542  -31.699  -25.112 1.0000000000
62810  50.825  -27.706  -26.738 1.0000000000
63855  50.235  -27.892  -26.819 1.0000000000
60522  49.430  -30.200  -25.715 1.0000000000
59279  49.368  -30.648  -25.362 1.0000000000
63856  49.898  -27.659  -26.762 1.0000000000
63858  48.886  -27.123  -26.386 0.8999999762
63857  49.424  -27.589  -26.502 1.0000000000
62797  49.031  -28.480  -26.005 1.0000000000
63848  48.955  -27.935  -26.106 1.0000000000
62798  48.511  -28.295  -25.770 0.8999999762
63849  48.348  -27.646  -25.966 0.8999999762
64890  55.323  -26.588  -22.164 0.6000000238
66001  55.269  -26.262  -22.651 0.6999999881
66002  54.679  -26.334  -22.730 0.6999999881
66014  53.436  -26.469  -23.182 0.6999999881
66004  53.462  -26.016  -22.835 0.6000000238
66015  52.947  -26.606  -23.048 0.6999999881
64903  52.166  -27.078  -23.170 0.6000000238
68361  51.971  -24.067  -27.258 0.3000000119
66016  52.422  -26.760  -22.856 0.6000000238
64914  51.321  -27.478  -24.181 0.6000000238
69616  51.818  -24.074  -27.454 0.4000000060
64905  50.943  -27.163  -23.908 0.6000000238
66024  50.286  -26.403  -24.857 0.4000000060
64919  51.153  -27.465  -24.883 0.6000000238
66028  49.936  -25.785  -25.247 0.4000000060
67202  50.782  -25.073  -26.343 0.5000000000
67195  50.170  -25.389  -25.849 0.4000000060
68357  50.622  -24.789  -26.142 0.4000000060
58092  49.323  -31.951  -23.850 0.8999999762
202412  50.852  -27.191  -25.981 0.8000000119
58093  49.428  -31.402  -24.070 0.8999999762
58095  49.363  -31.315  -24.517 0.8999999762
59277  48.809  -30.381  -24.610 0.8999999762
59276  49.146  -30.805  -24.822 0.8999999762
60523  48.842  -29.727  -25.574 1.0000000000
61712  48.662  -28.950  -25.628 0.8999999762
64923  48.085  -26.996  -26.162 1.0000000000
63850  47.667  -27.492  -25.791 0.8999999762
66003  53.949  -25.978  -22.862 0.6999999881
70896  52.576  -22.830  -27.765 0.3000000119
229944  51.780  -23.055  -27.834 0.3000000119
64915  50.786  -27.038  -24.497 0.6000000238
68366  51.585  -24.723  -27.301 0.5000000000
66027  50.111  -25.832  -25.527 0.5000000000
64920  50.613  -26.806  -25.373 0.5000000000
210693  51.504  -24.974  -27.076 0.5000000000
67201  51.171  -25.405  -26.799 0.5000000000
63859  50.724  -27.046  -26.787 0.8999999762
63860  50.365  -27.207  -26.942 0.8999999762
64930  49.123  -26.410  -26.906 0.8999999762
64929  49.560  -27.006  -26.757 0.8999999762
63861  49.876  -26.981  -26.838 1.0000000000
60518  48.959  -30.337  -25.172 0.8999999762
64931  48.440  -26.419  -26.543 0.8000000119
60520  48.151  -29.463  -25.149 0.8999999762
62799  47.873  -28.096  -25.584 0.8999999762
61713  48.079  -28.720  -25.306 0.8999999762
70900  51.976  -22.570  -28.097 0.3000000119
70901  51.222  -22.503  -28.266 0.4000000060
72346  50.329  -21.920  -28.692 0.3000000119
239115  51.214  -23.854  -27.733 0.3000000119
69619  50.812  -23.314  -27.909 0.4000000060
67213  51.379  -24.604  -27.586 0.4000000060
228702  51.288  -25.087  -27.501 0.4000000060
66032  50.687  -25.970  -26.192 0.5000000000
67206  51.283  -25.403  -27.199 0.5000000000
64922  50.752  -26.734  -25.901 0.5000000000
66031  50.987  -25.943  -26.631 0.5000000000
66037  50.881  -26.119  -27.155 0.5000000000
64928  50.873  -26.470  -26.516 0.6000000238
66041  50.808  -26.055  -27.347 0.6999999881
64932  50.715  -26.487  -27.089 0.6999999881
64933  50.394  -26.377  -27.338 0.6999999881
60519  48.380  -30.005  -24.951 0.8999999762
64934  49.766  -26.391  -27.251 0.8999999762
61706  47.762  -29.048  -24.880 0.8999999762
61707  47.535  -28.424  -25.090 0.8999999762
200998  47.505  -26.936  -25.905 1.0000000000
213207  50.219  -21.794  -28.473 0.3000000119
70902  50.419  -22.421  -28.337 0.4000000060
73693  50.188  -21.870  -27.962 0.3000000119
68370  50.970  -24.162  -27.762 0.4000000060
70903  50.229  -22.339  -28.152 0.3000000119
68371  50.399  -24.002  -27.780 0.4000000060
69617  50.149  -23.096  -27.763 0.4000000060
67214  50.898  -24.862  -27.748 0.4000000060
67209  51.031  -25.565  -27.519 0.5000000000
66043  49.915  -25.726  -27.490 0.6000000238
232723  48.213  -25.878  -26.542 0.6999999881
62800  47.287  -27.859  -25.371 0.8999999762
64925  47.056  -26.548  -25.662 0.8999999762
63852  46.675  -26.970  -25.258 0.8000000119
63851  47.075  -27.302  -25.614 0.8000000119
66034  46.681  -26.000  -25.498 0.6999999881
66035  46.127  -26.061  -25.323 0.8000000119
72338  49.977  -22.290  -27.401 0.3000000119
70897  50.049  -22.900  -27.715 0.3000000119
72339  49.990  -22.900  -27.629 0.4000000060
68367  49.844  -24.263  -27.631 0.4000000060
69618  49.754  -23.457  -27.508 0.4000000060
66045  50.462  -25.344  -27.725 0.5000000000
213679  49.461  -24.435  -27.536 0.5000000000
67210  49.756  -25.107  -27.611 0.5000000000
66044  49.392  -25.607  -27.210 0.6999999881
67212  48.990  -25.124  -27.026 0.6999999881
66039  48.430  -25.319  -26.688 0.6999999881
66040  47.906  -25.610  -26.316 0.6999999881
66033  47.326  -25.873  -25.884 0.8000000119
73688  50.191  -21.498  -27.316 0.3000000119
72334  49.892  -21.718  -26.628 0.3000000119
72327  49.502  -21.818  -25.952 0.4000000060
72335  49.582  -22.372  -26.660 0.3000000119
232979  49.729  -22.881  -27.214 0.4000000060
70892  49.442  -23.235  -27.030 0.4000000060
69614  49.452  -23.678  -27.357 0.4000000060
68363  48.948  -24.214  -27.222 0.5000000000
68369  49.044  -24.372  -27.239 0.6000000238
69615  49.022  -23.830  -26.968 0.3000000119
68364  48.857  -24.248  -26.993 0.5000000000
67211  49.277  -24.881  -27.395 0.6999999881
67207  48.681  -24.725  -26.844 0.6000000238
66038  48.758  -25.761  -26.821 0.6999999881
67208  48.253  -25.033  -26.388 0.6000000238
72328  49.213  -22.423  -25.941 0.3000000119
70887  49.299  -22.909  -26.602 0.3000000119
70893  49.097  -23.384  -26.574 0.3000000119
70888  48.837  -23.044  -25.849 0.3000000119
70879  48.315  -22.890  -24.930 0.3000000119
69609  48.695  -23.694  -26.210 0.3000000119
69601  48.218  -23.484  -25.441 0.4000000060
68365  48.514  -24.566  -26.589 0.5000000000
68358  48.602  -24.143  -26.402 0.5000000000
69610  48.019  -23.993  -25.845 0.5000000000
68359  47.990  -24.650  -26.037 0.6000000238
74882  49.499  -20.797  -24.607 0.4000000060
213380  49.155  -21.278  -24.521 0.3000000119
233012  49.194  -21.940  -25.397 0.3000000119
73678  48.984  -21.795  -24.763 0.3000000119
209103  48.862  -22.402  -25.172 0.3000000119
72319  48.375  -22.205  -24.327 0.3000000119
69591  47.750  -23.339  -24.736 0.3000000119
68350  47.504  -24.416  -25.372 0.6000000238
69602  47.647  -23.856  -25.125 0.4000000060
235750  47.363  -23.739  -24.566 0.4000000060
67205  46.219  -25.715  -25.407 0.6999999881
64927  45.886  -26.297  -25.146 0.8000000119
73668  49.135  -20.983  -23.991 0.4000000060
73669  48.720  -21.513  -24.133 0.3000000119
70868  47.758  -22.814  -24.211 0.3000000119
203167  47.254  -23.320  -24.211 0.4000000060
69592  46.866  -23.829  -24.354 0.4000000060
69603  47.185  -24.230  -24.737 0.4000000060
68351  46.869  -24.760  -25.035 0.5000000000
68343  46.472  -24.395  -24.654 0.4000000060
68360  47.296  -25.041  -25.521 0.6000000238
67197  46.515  -25.287  -25.285 0.6999999881
68352  46.064  -24.938  -25.015 0.4000000060
67198  45.739  -25.401  -25.287 0.6000000238
218141  45.368  -25.040  -25.149 0.5000000000
66036  45.546  -25.889  -25.225 0.6999999881
74868  49.004  -20.555  -23.502 0.3000000119
73655  48.494  -21.137  -23.480 0.3000000119
72308  48.216  -21.745  -23.707 0.3000000119
72309  47.675  -22.226  -23.596 0.3000000119
70861  47.150  -22.855  -23.719 0.4000000060
70869  46.639  -23.371  -23.931 0.3000000119
70862  46.471  -22.822  -23.625 0.3000000119
70870  45.904  -23.356  -23.924 0.3000000119
69593  46.128  -23.896  -24.347 0.3000000119
69594  45.256  -23.807  -24.607 0.3000000119
68344  45.470  -24.496  -24.897 0.3000000119
68345  44.488  -24.266  -25.060 0.4000000060
68353  44.677  -24.799  -25.168 0.5000000000
67199  45.079  -25.359  -25.161 0.5000000000
231326  48.510  -20.622  -23.090 0.3000000119
73645  47.973  -20.938  -22.858 0.3000000119
73656  47.823  -21.542  -23.208 0.3000000119
205178  47.293  -21.822  -23.169 0.3000000119
72310  46.954  -22.318  -23.349 0.3000000119
70863  45.783  -22.784  -23.673 0.3000000119
70871  45.067  -23.047  -24.359 0.3000000119
69595  44.473  -23.650  -24.911 0.3000000119
235688  44.204  -24.663  -25.079 0.5000000000
67200  44.513  -25.098  -24.970 0.5000000000
73646  47.267  -21.281  -22.668 0.3000000119
73657  46.691  -21.774  -23.013 0.3000000119
72311  46.185  -22.267  -23.360 0.3000000119
72312  45.255  -22.217  -23.718 0.3000000119
68354  43.911  -24.459  -25.256 0.4000000060
68355  43.199  -24.343  -25.407 0.4000000060
68346  43.818  -24.629  -24.940 0.4000000060
76170  48.582  -19.683  -22.553 0.3000000119
74869  48.235  -20.329  -22.624 0.3000000119
73647  46.434  -21.207  -22.635 0.3000000119
73658  45.842  -21.716  -23.014 0.3000000119
72320  44.523  -22.486  -24.477 0.3000000119
70872  44.088  -23.111  -25.036 0.3000000119
69604  43.645  -23.889  -25.382 0.4000000060
76158  47.910  -19.909  -22.109 0.3000000119
74858  47.579  -20.582  -22.332 0.3000000119
74859  46.901  -20.709  -22.224 0.3000000119
73648  45.560  -21.037  -22.795 0.3000000119
73659  45.059  -21.398  -23.491 0.3000000119
74851  47.251  -20.119  -21.952 0.3000000119
74852  46.570  -20.121  -22.062 0.3000000119
74860  46.099  -20.636  -22.284 0.3000000119
73670  44.490  -21.809  -24.261 0.3000000119
72321  43.743  -22.275  -25.010 0.3000000119
76159  46.896  -19.694  -21.828 0.3000000119
76160  46.290  -19.568  -21.952 0.3000000119
74861  45.289  -20.361  -22.617 0.3000000119
76171  45.812  -20.040  -22.100 0.4000000060
74870  44.754  -20.683  -23.296 0.3000000119
73660  44.459  -21.070  -24.154 0.3000000119
76172  45.121  -19.745  -22.475 0.4000000060
76183  44.653  -19.880  -23.275 0.4000000060
76161  45.555  -19.503  -21.963 0.3000000119
207246  44.965  -19.312  -22.266 0.4000000060
55854  55.115  -33.269  -23.726 1.0000000000
200462  54.830  -33.351  -24.828 1.0000000000
64924  47.744  -26.317  -26.199 0.6999999881
67204  46.943  -25.560  -25.601 0.6999999881
45745  59.732  -39.642  -21.187 0.6000000238
46888  59.644  -39.253  -21.626 0.6000000238
49269  59.976  -37.160  -22.745 0.6000000238
42455  58.514  -42.232  -17.871 0.5000000000
42445  58.698  -42.503  -17.240 0.5000000000
222072  60.602  -37.627  -20.654 0.6000000238
199421  57.841  -34.921  -24.835 0.8999999762
51615  60.129  -36.479  -20.223 0.5000000000
45694  60.225  -39.688  -16.889 0.4000000060
48023  60.235  -38.243  -18.236 0.5000000000
44566  59.743  -41.040  -16.403 0.4000000060
229876  59.119  -34.726  -22.546 0.6999999881
226224  59.189  -34.016  -24.010 0.8999999762
58077  59.084  -32.026  -21.891 0.6999999881
49213  60.421  -37.515  -18.430 0.5000000000
215018  60.914  -37.434  -17.192 0.5000000000
44555  59.809  -41.028  -15.669 0.4000000060
56929  58.070  -34.177  -23.979 0.8000000119
53683  60.923  -35.065  -18.634 0.4000000060
56914  60.432  -32.591  -19.021 0.4000000060
54731  61.165  -33.938  -18.275 0.4000000060
197501  55.047  -33.180  -24.282 1.0000000000
55871  52.766  -32.677  -27.042 1.0000000000
58100  52.936  -31.893  -26.408 1.0000000000
59286  54.255  -30.514  -26.215 1.0000000000
64917  53.950  -28.956  -24.424 0.8000000119
225013  55.315  -29.886  -25.886 1.0000000000
224544  55.404  -30.905  -26.302 1.0000000000
62796  52.986  -28.724  -25.789 0.8000000119
62805  52.151  -28.745  -26.378 1.0000000000
62772  54.327  -29.101  -21.876 0.6999999881
65996  51.814  -26.207  -21.790 0.4000000060
65995  52.646  -25.912  -22.130 0.4000000060
66042  50.617  -25.850  -27.540 0.5000000000
67215  50.106  -24.628  -27.741 0.5000000000
67203  47.618  -25.299  -25.995 0.6999999881
52727  55.303  -35.587  -28.281 0.5000000000
53749  55.083  -35.006  -28.785 0.5000000000
54789  56.065  -33.679  -28.855 0.5000000000
50514  55.072  -36.919  -28.360 0.5000000000
52728  54.879  -35.700  -28.938 0.5000000000
211228  55.102  -38.165  -25.883 0.5000000000
51670  55.060  -36.605  -27.694 0.5000000000
51676  54.934  -36.341  -28.668 0.5000000000
48111  55.805  -38.521  -25.214 0.5000000000
48102  57.348  -38.706  -24.434 0.4000000060
49296  57.086  -38.310  -25.149 0.5000000000
46918  57.034  -39.177  -23.711 0.4000000060
48109  57.410  -38.515  -24.512 0.5000000000
46897  57.993  -39.483  -22.730 0.5000000000
48100  57.451  -38.060  -24.050 0.5000000000
200065  52.297  -35.186  -21.390 0.6999999881
200611  52.570  -35.802  -22.665 0.8000000119
197495  53.258  -35.658  -23.069 0.8000000119
200305  53.099  -35.393  -23.947 0.8999999762
200339  51.716  -34.965  -21.409 0.6999999881
197497  52.506  -35.733  -23.446 0.8999999762
197498  52.006  -35.820  -22.937 0.8999999762
52693  52.426  -35.519  -24.241 0.8999999762
199446  51.066  -34.493  -22.093 0.6000000238
197499  51.284  -35.047  -21.920 0.8000000119
52694  51.636  -35.741  -23.734 0.8999999762
52701  51.955  -35.439  -24.549 0.8999999762
53724  52.769  -34.972  -25.587 0.8999999762
63807  57.046  -28.083  -19.986 0.5000000000
62764  57.713  -27.907  -21.135 0.5000000000
62763  57.784  -28.025  -20.800 0.6000000238
55849  50.931  -33.849  -22.188 0.6000000238
53714  50.821  -35.375  -23.349 0.8999999762
200043  51.375  -35.528  -22.753 0.8999999762
52695  50.999  -35.492  -24.004 0.8999999762
52702  51.396  -35.426  -24.591 0.8999999762
53726  51.129  -35.088  -25.333 0.8999999762
63809  53.909  -28.719  -19.520 0.5000000000
63808  54.978  -28.673  -19.248 0.5000000000
62756  55.887  -28.813  -19.983 0.5000000000
221962  55.974  -28.014  -19.537 0.5000000000
200069  50.669  -34.324  -22.784 0.8999999762
54760  50.663  -34.614  -22.927 0.8999999762
54757  50.430  -34.784  -23.494 0.8999999762
53715  50.527  -35.236  -24.048 0.8999999762
242222  50.670  -34.744  -25.504 0.8999999762
62758  53.709  -29.149  -20.318 0.5000000000
63801  54.444  -27.972  -18.849 0.5000000000
55856  50.035  -34.171  -23.503 0.8999999762
54761  50.035  -34.687  -24.169 0.8999999762
54766  50.059  -34.525  -25.125 0.8999999762
63810  53.450  -28.482  -20.046 0.5000000000
205898  53.681  -26.895  -20.122 0.5000000000
64882  53.507  -27.711  -20.399 0.5000000000
64881  53.528  -27.816  -19.299 0.5000000000
65989  54.035  -25.961  -20.968 0.4000000060
59271  49.928  -30.947  -23.615 0.6000000238
232666  50.124  -30.515  -23.214 0.6000000238
58088  49.893  -31.697  -23.605 0.8000000119
60512  49.749  -30.213  -23.538 0.6999999881
60509  49.481  -29.466  -23.289 0.6999999881
61695  48.899  -28.940  -23.093 0.6999999881
59272  49.462  -30.734  -23.949 0.8000000119
208700  49.614  -31.387  -23.897 0.8000000119
60513  49.218  -29.980  -23.723 0.6999999881
60510  48.964  -29.463  -23.501 0.6999999881
61699  48.574  -29.180  -23.596 0.6999999881
61700  48.096  -28.834  -23.843 0.6999999881
59273  48.943  -30.295  -24.142 0.8000000119
60516  48.462  -29.944  -24.475 0.8000000119
59274  49.221  -30.831  -24.305 0.8000000119
60515  48.285  -29.390  -24.192 0.6999999881
61704  47.834  -29.015  -24.461 0.8000000119
61705  47.422  -28.575  -24.634 0.8000000119
62787  47.004  -28.217  -24.330 0.6000000238
62791  47.026  -28.136  -24.892 0.6000000238
62788  46.648  -27.766  -24.570 0.6000000238
63834  46.256  -27.343  -24.244 0.6000000238
63841  46.486  -27.136  -24.726 0.6000000238
63835  45.857  -26.833  -24.493 0.6000000238
62792  46.840  -27.566  -25.111 0.6999999881
214335  46.157  -26.673  -24.975 0.6000000238
64921  45.446  -26.324  -24.810 0.6000000238
66029  45.000  -25.723  -24.928 0.6000000238
64926  46.425  -26.416  -25.294 0.6999999881
44621  56.809  -40.589  -22.503 0.4000000060
46904  57.363  -39.180  -23.159 0.5000000000
48091  57.439  -38.277  -23.737 0.5000000000
49300  55.875  -37.814  -25.936 0.5000000000
50504  55.382  -37.526  -26.192 0.5000000000
53717  52.984  -35.265  -24.863 0.8999999762
50508  55.023  -37.625  -26.905 0.5000000000
48110  56.718  -38.562  -24.427 0.5000000000
201316  51.953  -35.530  -22.118 0.8000000119
60514  48.786  -29.682  -23.954 0.6999999881
60517  48.001  -29.604  -24.731 0.8000000119
61701  47.531  -28.532  -24.081 0.6999999881
58064  60.157  -31.311  -18.829 0.4000000060
59236  59.953  -30.627  -18.566 0.4000000060
60486  59.586  -30.653  -19.045 0.4000000060
238540  59.836  -30.979  -18.958 0.4000000060
60478  59.397  -30.029  -18.435 0.4000000060
60470  59.665  -30.073  -18.093 0.4000000060
61675  58.276  -28.804  -19.975 0.5000000000
61672  58.752  -29.145  -19.095 0.5000000000
61671  59.156  -29.402  -18.356 0.4000000060
232984  59.108  -29.729  -18.936 0.4000000060
61664  59.326  -29.463  -17.908 0.4000000060
61663  59.482  -29.554  -17.832 0.4000000060
62754  57.840  -27.951  -19.928 0.5000000000
62742  58.945  -28.906  -17.816 0.4000000060
63773  59.186  -27.665  -17.029 0.4000000060
62733  58.818  -28.615  -17.388 0.4000000060
61654  59.051  -28.958  -17.616 0.4000000060
63783  59.089  -28.418  -17.261 0.4000000060
62750  58.448  -28.148  -19.207 0.5000000000
70807  58.465  -22.939  -17.168 0.3000000119
62749  58.743  -28.837  -18.513 0.4000000060
69518  58.444  -23.631  -17.471 0.3000000119
231337  58.654  -28.313  -17.630 0.4000000060
69517  58.853  -23.381  -16.415 0.3000000119
68264  58.789  -24.123  -16.805 0.3000000119
67127  58.739  -25.539  -16.737 0.3000000119
67135  58.878  -25.784  -17.627 0.3000000119
233099  58.928  -27.313  -17.341 0.4000000060
63784  58.935  -28.058  -17.407 0.4000000060
67115  58.931  -25.188  -16.123 0.3000000119
65957  59.073  -26.183  -16.949 0.3000000119
64849  59.209  -26.868  -16.934 0.4000000060
63805  57.847  -27.271  -19.477 0.4000000060
209814  58.421  -27.432  -18.879 0.4000000060
70817  58.204  -23.144  -17.649 0.3000000119
239272  57.987  -24.366  -17.821 0.3000000119
68265  58.496  -24.356  -17.555 0.3000000119
67136  58.412  -25.491  -18.093 0.3000000119
64858  58.761  -26.716  -17.806 0.4000000060
63791  58.786  -27.821  -17.702 0.4000000060
67128  58.626  -25.101  -17.656 0.3000000119
65964  58.961  -26.493  -17.479 0.3000000119
62755  57.654  -27.427  -20.378 0.4000000060
67142  56.868  -25.320  -17.937 0.3000000119
65972  57.015  -25.750  -18.357 0.3000000119
65980  57.722  -25.923  -18.722 0.4000000060
64867  56.841  -26.240  -18.544 0.4000000060
64873  57.976  -26.399  -18.790 0.4000000060
63797  58.115  -26.996  -18.938 0.4000000060
68287  57.531  -24.665  -17.842 0.3000000119
67141  57.738  -25.254  -18.325 0.3000000119
65971  58.170  -25.845  -18.410 0.4000000060
64866  58.476  -26.443  -18.310 0.4000000060
63792  58.629  -27.082  -18.397 0.4000000060
68273  58.141  -24.760  -17.924 0.3000000119
235661  58.780  -27.310  -17.605 0.4000000060
63800  55.591  -27.646  -18.765 0.4000000060
63799  56.676  -27.330  -19.368 0.4000000060
65973  55.855  -26.341  -17.689 0.3000000119
222297  56.466  -26.908  -18.810 0.4000000060
63798  57.337  -26.731  -19.161 0.4000000060
63806  57.405  -27.179  -19.734 0.4000000060
62782  47.752  -28.396  -23.460 0.6000000238
62784  46.586  -27.854  -24.000 0.5000000000
62783  47.098  -28.204  -23.689 0.5000000000
63828  45.827  -26.938  -23.993 0.5000000000
64916  45.365  -26.494  -24.260 0.5000000000
66026  44.999  -25.994  -24.473 0.5000000000
73671  43.857  -21.526  -24.840 0.3000000119
74883  43.471  -21.148  -25.475 0.3000000119
73680  43.247  -21.739  -25.406 0.3000000119
74878  44.094  -20.861  -24.940 0.3000000119
74884  43.296  -20.891  -25.816 0.3000000119
74871  44.422  -20.360  -24.098 0.3000000119
76188  44.259  -20.160  -24.944 0.3000000119
229074  43.854  -20.576  -25.617 0.3000000119
76194  44.119  -20.201  -26.066 0.3000000119
74889  43.680  -20.495  -26.173 0.3000000119
74890  43.508  -20.119  -26.442 0.3000000119
238903  42.883  -19.848  -26.041 0.3000000119
76173  44.610  -19.286  -22.874 0.3000000119
233525  44.409  -19.789  -24.039 0.3000000119
76198  44.080  -20.122  -26.486 0.3000000119
76200  43.237  -19.743  -26.672 0.3000000119
76184  44.481  -19.286  -23.655 0.3000000119
205691  44.433  -19.496  -24.381 0.3000000119
77506  44.428  -19.545  -25.249 0.3000000119
77511  44.361  -19.591  -26.403 0.3000000119
77515  43.966  -19.386  -27.202 0.3000000119
77496  44.535  -18.751  -23.259 0.3000000119
77501  44.521  -18.845  -24.243 0.3000000119
78786  44.737  -18.767  -25.436 0.3000000119
78793  44.510  -18.827  -26.661 0.3000000119
78774  44.570  -18.177  -23.580 0.3000000119
78781  44.599  -18.124  -24.468 0.3000000119
79983  44.527  -17.486  -24.675 0.3000000119
237238  44.649  -18.061  -25.075 0.3000000119
228035  44.596  -17.590  -23.823 0.3000000119
238818  44.593  -17.288  -23.421 0.3000000119
58063  60.576  -31.519  -18.348 0.4000000060
59235  60.391  -30.983  -18.359 0.4000000060
59227  60.246  -30.550  -18.007 0.4000000060
63772  59.624  -27.901  -16.623 0.4000000060
62722  59.822  -28.527  -16.791 0.4000000060
61653  59.601  -28.985  -17.335 0.4000000060
72230  59.134  -22.053  -16.452 0.3000000119
70792  59.236  -22.767  -15.984 0.3000000119
233753  58.975  -24.596  -16.255 0.3000000119
67126  58.932  -25.912  -16.076 0.3000000119
72245  58.571  -22.182  -16.913 0.3000000119
69532  58.097  -23.559  -17.657 0.3000000119
215503  56.670  -24.893  -17.291 0.3000000119
69547  57.766  -24.093  -17.390 0.3000000119
64876  54.220  -27.246  -18.593 0.4000000060
64875  55.124  -27.327  -18.160 0.4000000060
65981  55.578  -26.627  -17.808 0.4000000060
65974  55.933  -26.473  -17.466 0.3000000119
236110  55.830  -26.018  -17.651 0.3000000119
61696  48.355  -28.614  -23.266 0.6000000238
77495  44.661  -18.835  -22.479 0.3000000119
78773  44.577  -18.262  -22.768 0.3000000119
218512  44.558  -17.637  -22.985 0.3000000119
81135  44.673  -16.505  -22.449 0.3000000119
72246  58.091  -22.553  -17.301 0.3000000119
60488  58.788  -29.709  -19.576 0.5000000000
62743  58.737  -28.037  -18.316 0.4000000060
218421  58.196  -24.124  -17.669 0.3000000119
76199  43.652  -19.700  -26.926 0.3000000119
79971  44.617  -16.995  -23.021 0.3000000119
56912  60.617  -32.253  -18.307 0.3000000119
50477  58.414  -36.328  -22.660 0.6000000238
51633  57.468  -36.385  -22.719 0.6999999881
50469  57.837  -37.007  -22.258 0.6999999881
59226  60.658  -31.083  -17.787 0.3000000119
218076  60.218  -40.175  -15.499 0.3000000119
219506  60.825  -39.226  -15.984 0.3000000119
52683  55.070  -36.191  -22.317 0.6999999881
235817  61.195  -33.004  -17.954 0.3000000119
51635  55.654  -36.118  -22.601 0.6999999881
51634  56.438  -36.162  -22.818 0.6999999881
56905  61.086  -32.450  -17.871 0.3000000119
58058  60.932  -31.761  -17.837 0.3000000119
58057  61.320  -31.991  -17.264 0.3000000119
219691  61.018  -30.616  -16.886 0.3000000119
59225  61.064  -31.280  -17.322 0.3000000119
60460  60.975  -29.940  -16.673 0.3000000119
60461  60.607  -29.990  -17.131 0.3000000119
216066  60.571  -30.531  -17.443 0.3000000119
49175  60.932  -38.139  -16.406 0.3000000119
229794  61.147  -35.986  -17.311 0.4000000060
53712  54.666  -35.779  -22.650 0.6999999881
55825  61.402  -33.420  -17.769 0.3000000119
54723  61.415  -34.079  -17.683 0.3000000119
52690  55.358  -35.695  -22.768 0.6999999881
206836  61.477  -32.743  -17.530 0.3000000119
59219  61.445  -31.285  -16.794 0.3000000119
60469  60.167  -30.002  -17.678 0.3000000119
60453  61.393  -30.103  -16.385 0.3000000119
51574  61.209  -36.422  -16.901 0.4000000060
201241  53.882  -36.010  -22.151 0.6999999881
53663  61.663  -34.745  -16.738 0.3000000119
53674  61.311  -34.793  -17.462 0.3000000119
54708  61.623  -33.589  -16.696 0.3000000119
54709  61.621  -34.173  -17.060 0.3000000119
56899  61.548  -32.524  -16.847 0.3000000119
239007  60.176  -29.007  -16.947 0.3000000119
61644  60.177  -29.445  -17.344 0.3000000119
62721  60.435  -28.726  -16.454 0.3000000119
54691  61.690  -34.119  -16.356 0.3000000119
197496  54.151  -35.532  -22.981 0.6999999881
55802  61.779  -33.430  -15.924 0.3000000119
55815  61.696  -32.972  -16.444 0.3000000119
63771  60.262  -28.101  -16.368 0.3000000119
53643  61.693  -34.685  -16.052 0.3000000119
65982  55.122  -26.749  -18.064 0.3000000119
52707  56.394  -36.702  -26.103 0.5000000000
203533  57.179  -37.380  -23.793 0.6999999881
50482  57.169  -36.778  -23.878 0.6000000238
50483  57.093  -37.044  -24.783 0.6000000238
51643  56.887  -36.771  -24.799 0.6000000238
52684  54.609  -36.136  -22.155 0.6999999881
49158  60.992  -38.197  -15.753 0.3000000119
53705  53.958  -36.019  -21.457 0.6999999881
236193  61.196  -37.192  -16.281 0.4000000060
200489  52.901  -35.563  -21.736 0.6999999881
52622  61.618  -35.911  -16.317 0.4000000060
242055  61.376  -35.931  -16.872 0.4000000060
197494  52.560  -35.625  -22.059 0.6999999881
53644  61.659  -35.212  -16.395 0.3000000119
52606  61.675  -35.813  -15.481 0.3000000119
52597  61.721  -35.667  -14.830 0.3000000119
200259  53.422  -35.892  -22.320 0.6999999881
50478  57.926  -37.166  -22.822 0.6000000238
53630  61.747  -34.714  -15.322 0.3000000119
51551  61.642  -36.466  -15.677 0.3000000119
53753  55.001  -34.748  -30.001 0.5000000000
200015  54.527  -32.183  -29.128 0.5000000000
55883  53.362  -32.066  -29.495 0.5000000000
213815  54.674  -34.179  -30.717 0.4000000060
46906  54.021  -39.869  -23.565 0.4000000060
44622  53.903  -40.594  -22.193 0.5000000000
199688  54.952  -32.063  -30.140 0.4000000060
54790  54.675  -33.135  -30.965 0.5000000000
199992  54.991  -33.539  -28.025 0.5000000000
43547  52.100  -41.912  -21.936 0.4000000060
43548  51.604  -41.706  -21.917 0.4000000060
45759  54.200  -40.492  -23.103 0.5000000000
52711  55.643  -35.784  -26.088 0.4000000060
44619  51.847  -40.991  -21.944 0.4000000060
43532  51.137  -41.690  -20.793 0.4000000060
220701  53.103  -40.960  -22.112 0.4000000060
45758  54.854  -40.518  -22.515 0.5000000000
44616  54.524  -40.771  -22.106 0.4000000060
46905  54.742  -39.518  -23.454 0.5000000000
49275  55.207  -38.081  -24.095 0.4000000060
51649  55.813  -37.203  -26.132 0.5000000000
50484  55.916  -38.122  -24.958 0.4000000060
203601  55.264  -37.702  -24.389 0.4000000060
50487  55.727  -37.040  -24.910 0.4000000060
44611  51.153  -40.949  -20.968 0.4000000060
228274  51.491  -36.840  -21.102 0.4000000060
45750  53.321  -39.973  -22.567 0.4000000060
49227  52.859  -36.977  -20.323 0.4000000060
45748  55.030  -40.411  -22.191 0.5000000000
45749  54.466  -40.442  -22.116 0.4000000060
49240  52.545  -37.211  -20.970 0.4000000060
45757  55.454  -40.226  -22.320 0.5000000000
49238  54.232  -37.724  -20.288 0.4000000060
219780  54.230  -37.599  -19.559 0.4000000060
46900  55.265  -39.891  -22.839 0.5000000000
48080  56.568  -39.047  -22.588 0.5000000000
49224  54.937  -37.405  -19.572 0.4000000060
51612  55.063  -36.877  -19.404 0.4000000060
48082  54.898  -39.121  -23.432 0.5000000000
48085  56.199  -38.456  -23.675 0.6000000238
49274  55.984  -38.027  -23.913 0.6000000238
49278  56.416  -37.469  -23.955 0.5000000000
48066  50.587  -38.293  -21.492 0.4000000060
49242  51.242  -37.490  -21.747 0.4000000060
45741  52.131  -40.217  -21.771 0.4000000060
49241  51.980  -37.449  -21.439 0.4000000060
46891  54.962  -39.828  -22.035 0.5000000000
46892  53.872  -39.499  -22.556 0.4000000060
49254  52.735  -37.697  -21.284 0.4000000060
45747  55.576  -40.016  -21.897 0.5000000000
49252  53.943  -37.938  -21.054 0.4000000060
49239  53.332  -37.442  -20.825 0.4000000060
45756  55.833  -40.002  -22.020 0.5000000000
48074  57.790  -39.340  -21.428 0.5000000000
49267  57.159  -37.900  -21.978 0.6000000238
49272  57.563  -37.704  -22.832 0.6000000238
48065  51.528  -38.244  -21.565 0.4000000060
46893  53.265  -39.462  -22.559 0.4000000060
48064  52.386  -38.429  -21.486 0.4000000060
48063  53.029  -38.435  -21.476 0.4000000060
48062  53.965  -38.389  -21.543 0.4000000060
46876  56.451  -39.597  -21.331 0.5000000000
49251  54.694  -38.167  -21.147 0.4000000060
49237  54.833  -37.657  -20.214 0.4000000060
46874  57.355  -39.460  -21.210 0.5000000000
50474  57.951  -37.374  -22.102 0.6000000238
50470  57.414  -37.496  -22.042 0.6000000238
221333  57.138  -37.966  -21.919 0.6000000238
45743  51.063  -40.389  -20.940 0.4000000060
46881  52.098  -39.288  -21.513 0.4000000060
46879  53.522  -38.809  -22.144 0.4000000060
49253  53.401  -38.087  -21.372 0.4000000060
46877  55.807  -39.786  -21.580 0.5000000000
46878  54.396  -38.909  -22.005 0.5000000000
231754  55.193  -39.024  -21.779 0.5000000000
200590  55.069  -37.826  -20.935 0.5000000000
48061  56.360  -38.899  -21.458 0.5000000000
215198  55.897  -38.995  -21.665 0.5000000000
238148  55.403  -38.401  -21.314 0.5000000000
49236  55.035  -37.550  -20.388 0.4000000060
49249  56.660  -38.422  -21.849 0.6000000238
50458  55.023  -37.308  -20.229 0.5000000000
51617  54.831  -36.616  -20.258 0.4000000060
229568  55.920  -36.542  -22.489 0.6000000238
50471  56.424  -37.374  -22.141 0.6000000238
49264  55.796  -37.583  -21.585 0.6000000238
49250  55.508  -37.987  -21.311 0.5000000000
49263  56.533  -37.790  -21.965 0.6000000238
51623  55.251  -37.197  -21.570 0.6000000238
50464  55.185  -37.567  -20.995 0.5000000000
223442  55.273  -36.640  -22.090 0.6000000238
54748  52.797  -34.858  -20.847 0.5000000000
53703  53.475  -35.374  -20.724 0.6000000238
52680  54.370  -36.165  -21.180 0.6000000238
53702  54.000  -35.635  -20.472 0.5000000000
52675  54.471  -35.984  -20.319 0.5000000000
51616  54.933  -37.015  -21.026 0.5000000000
53706  53.361  -35.717  -21.489 0.6000000238
51624  54.681  -36.442  -21.049 0.6000000238
51630  54.724  -36.426  -21.835 0.6000000238
53744  54.416  -34.405  -27.526 0.4000000060
52712  54.981  -35.935  -26.520 0.4000000060
202370  55.892  -35.432  -26.304 0.5000000000
53743  54.784  -34.596  -27.548 0.4000000060
221037  54.395  -33.975  -31.036 0.5000000000
55880  53.427  -33.536  -28.231 0.5000000000
54791  54.269  -32.986  -30.977 0.5000000000
54781  54.168  -33.809  -27.759 0.5000000000
46901  54.649  -40.131  -23.200 0.5000000000
45751  52.494  -40.457  -22.248 0.4000000060
46894  52.685  -39.794  -22.315 0.4000000060
49226  53.623  -37.291  -20.018 0.4000000060
49225  54.700  -37.549  -19.515 0.4000000060
46880  52.917  -39.223  -21.526 0.4000000060
46882  50.855  -39.509  -21.114 0.4000000060
234397  54.862  -36.822  -21.593 0.6000000238
49228  52.175  -36.829  -20.651 0.3000000119
49215  54.570  -37.975  -18.805 0.3000000119
48047  53.007  -37.239  -19.487 0.3000000119
50452  55.222  -37.455  -18.751 0.3000000119
48046  53.688  -37.794  -19.085 0.3000000119
49214  55.257  -37.935  -18.312 0.3000000119
221751  54.817  -38.252  -18.012 0.3000000119
38062  57.109  -44.960  -16.279 0.5000000000
39179  57.136  -44.651  -17.143 0.5000000000
40296  58.118  -43.646  -16.860 0.5000000000
40297  57.864  -44.095  -16.508 0.5000000000
40306  57.438  -43.978  -17.311 0.5000000000
40315  57.530  -43.689  -17.783 0.5000000000
40325  58.367  -43.566  -19.104 0.5000000000
41404  58.440  -43.302  -15.985 0.5000000000
41414  58.468  -43.252  -16.447 0.5000000000
41423  58.403  -43.094  -17.069 0.5000000000
41432  58.229  -42.876  -17.747 0.5000000000
41439  57.955  -42.718  -18.297 0.5000000000
42426  58.788  -42.452  -15.804 0.3000000119
42437  58.693  -42.618  -16.481 0.5000000000
42454  58.467  -41.763  -18.313 0.5000000000
42464  58.186  -42.644  -18.561 0.5000000000
42473  58.818  -42.578  -19.381 0.5000000000
42477  58.662  -42.363  -19.847 0.6000000238
42482  58.264  -42.212  -20.414 0.6000000238
43458  59.549  -41.418  -15.307 0.4000000060
43473  59.453  -41.526  -15.938 0.3000000119
43488  59.029  -42.032  -16.169 0.4000000060
43496  59.466  -41.303  -17.008 0.5000000000
43516  58.914  -41.273  -18.351 0.5000000000
43517  58.626  -41.612  -18.552 0.5000000000
43523  59.040  -41.141  -18.794 0.5000000000
43524  59.517  -41.624  -19.076 0.5000000000
43529  59.500  -41.437  -19.626 0.6999999881
43536  59.274  -41.122  -20.329 0.6000000238
43549  51.407  -41.461  -21.489 0.4000000060
44580  59.572  -40.884  -18.255 0.5000000000
44601  59.495  -40.544  -20.018 0.6999999881
44609  58.665  -40.870  -20.912 0.5000000000
44614  58.134  -40.621  -21.541 0.5000000000
44618  52.074  -40.969  -22.062 0.4000000060
44620  57.658  -40.295  -22.047 0.5000000000
45667  60.123  -40.656  -15.335 0.3000000119
45678  60.061  -40.505  -15.911 0.4000000060
45695  60.073  -40.362  -16.619 0.4000000060
45702  60.037  -40.265  -17.342 0.5000000000
45706  59.977  -40.132  -17.872 0.5000000000
45725  59.486  -40.153  -19.188 0.6000000238
45730  59.905  -40.279  -19.825 0.6000000238
45737  59.814  -40.183  -20.605 0.6999999881
45738  59.474  -40.093  -20.973 0.6000000238
45739  56.932  -39.706  -21.194 0.5000000000
45740  56.391  -40.056  -21.432 0.5000000000
45742  51.552  -40.666  -21.310 0.4000000060
45752  58.602  -39.699  -21.909 0.6000000238
45754  57.287  -40.032  -22.649 0.5000000000
45755  57.029  -39.857  -22.895 0.5000000000
46830  60.721  -39.235  -16.537 0.4000000060
46837  60.363  -39.121  -17.174 0.4000000060
46845  59.813  -39.722  -18.401 0.5000000000
46863  60.088  -39.604  -19.479 0.6000000238
46867  60.333  -39.378  -20.012 0.6999999881
46875  56.913  -39.194  -21.268 0.5000000000
46890  57.133  -39.762  -21.341 0.5000000000
46895  59.444  -38.828  -22.026 0.6000000238
46898  56.151  -39.840  -22.088 0.5000000000
46899  55.883  -39.818  -22.570 0.5000000000
46902  58.527  -38.585  -22.831 0.6000000238
46909  58.118  -38.313  -23.403 0.5000000000
46910  57.153  -39.019  -23.830 0.4000000060
46911  57.106  -39.961  -24.192 0.4000000060
46924  56.332  -39.110  -23.999 0.5000000000
47995  60.883  -38.781  -15.568 0.3000000119
48037  60.023  -38.632  -18.828 0.6000000238
48058  60.354  -38.491  -21.019 0.6000000238
48059  57.637  -38.731  -21.260 0.5000000000
48060  57.042  -38.808  -20.957 0.6000000238
48072  60.223  -38.477  -21.686 0.6000000238
48075  57.202  -39.510  -21.809 0.5000000000
48076  60.157  -37.899  -22.029 0.6999999881
48078  57.639  -38.528  -21.376 0.5000000000
48079  57.416  -39.038  -22.238 0.5000000000
48081  55.833  -38.823  -23.031 0.5000000000
48083  59.439  -38.042  -22.675 0.6000000238
48086  55.608  -38.616  -23.699 0.4000000060
48090  58.079  -37.884  -23.694 0.6000000238
48101  57.468  -38.719  -24.525 0.5000000000
49174  61.137  -37.636  -16.016 0.3000000119
49185  60.998  -37.568  -16.611 0.3000000119
49186  60.829  -38.058  -17.069 0.5000000000
49198  60.634  -37.833  -17.709 0.5000000000
49246  60.416  -38.179  -20.506 0.6999999881
49247  58.068  -38.224  -21.041 0.5000000000
49248  57.771  -38.104  -21.270 0.6000000238
49260  60.375  -37.898  -21.460 0.6000000238
49261  57.933  -38.272  -21.363 0.6000000238
49262  57.581  -38.119  -21.617 0.6000000238
49266  59.866  -37.728  -22.497 0.6999999881
49268  57.033  -38.405  -22.916 0.6000000238
49270  59.573  -37.489  -22.989 0.6000000238
49271  59.078  -37.775  -23.160 0.6000000238
49273  56.858  -37.966  -23.660 0.6000000238
49279  55.734  -37.740  -24.187 0.4000000060
49288  57.278  -38.089  -24.098 0.6000000238
49295  57.351  -38.169  -24.235 0.6000000238
50402  61.104  -37.027  -16.745 0.4000000060
50414  61.002  -36.921  -17.230 0.4000000060
50451  60.106  -37.140  -19.871 0.6000000238
50457  60.085  -36.992  -20.506 0.6000000238
50463  60.641  -36.727  -21.573 0.6999999881
50468  60.532  -36.890  -21.828 0.6999999881
50472  60.246  -36.804  -22.459 0.6999999881
50473  58.372  -36.977  -22.158 0.6000000238
50475  60.059  -36.575  -23.007 0.8000000119
50476  59.702  -37.002  -23.143 0.6000000238
50479  60.028  -36.219  -23.398 0.8000000119
50480  59.650  -36.636  -23.440 0.6000000238
50486  58.278  -36.714  -24.362 0.6999999881
50495  57.512  -36.740  -25.032 0.6999999881
50502  57.177  -36.735  -25.346 0.6000000238
50509  54.975  -37.077  -27.476 0.5000000000
51513  61.746  -36.109  -14.281 0.3000000119
51560  61.409  -36.675  -16.278 0.4000000060
51590  60.836  -36.793  -18.260 0.5000000000
51600  60.943  -35.639  -18.362 0.5000000000
51622  60.123  -36.473  -21.235 0.6000000238
51628  56.690  -36.849  -22.558 0.6000000238
51629  55.841  -37.070  -22.141 0.6000000238
51631  60.318  -36.461  -22.153 0.6999999881
51632  58.399  -36.757  -22.084 0.6999999881
51636  60.253  -36.327  -22.727 0.8000000119
51637  58.110  -36.611  -23.445 0.6000000238
51640  59.683  -36.182  -23.730 0.8000000119
51641  58.342  -36.122  -23.416 0.6999999881
51642  57.747  -36.481  -24.080 0.6000000238
51644  57.218  -36.805  -25.001 0.4000000060
51646  59.249  -36.186  -24.231 0.8000000119
51647  58.616  -36.300  -24.523 0.6999999881
51648  56.590  -36.901  -25.891 0.5000000000
51652  58.537  -36.030  -24.835 0.8000000119
51654  55.783  -36.092  -25.575 0.4000000060
51661  57.048  -36.228  -25.906 0.6999999881
51662  55.424  -36.920  -26.660 0.6000000238
51669  55.517  -36.384  -27.154 0.5000000000
51675  55.395  -36.072  -27.772 0.5000000000
51681  55.027  -36.604  -29.986 0.5000000000
52605  61.700  -35.297  -15.249 0.3000000119
52639  61.464  -35.437  -16.956 0.4000000060
52652  61.078  -35.500  -17.662 0.5000000000
52691  58.027  -35.259  -24.000 0.8999999762
52692  58.460  -36.155  -22.868 0.6999999881
52696  60.875  -35.304  -23.766 0.8000000119
52697  60.800  -35.299  -24.092 0.8000000119
52698  57.933  -35.833  -24.091 0.6999999881
52703  59.817  -35.383  -24.421 0.8000000119
52704  59.274  -35.547  -24.751 0.8000000119
52709  58.434  -35.702  -25.186 0.6999999881
52710  57.838  -35.753  -25.547 0.6999999881
52714  57.201  -35.868  -26.027 0.6000000238
52716  55.084  -35.323  -26.769 0.4000000060
52721  55.797  -35.577  -27.690 0.5000000000
52722  54.715  -35.312  -26.985 0.4000000060
52733  54.697  -36.095  -29.966 0.5000000000
53631  61.677  -35.263  -15.814 0.3000000119
53682  61.131  -34.552  -18.145 0.4000000060
53690  60.684  -34.971  -19.340 0.4000000060
53701  59.771  -34.800  -20.998 0.6000000238
53704  59.348  -35.411  -21.568 0.6999999881
53707  60.254  -35.523  -22.869 0.8000000119
53713  60.638  -35.059  -23.448 0.8000000119
53716  60.907  -34.904  -23.884 0.8000000119
53718  52.435  -35.298  -24.973 0.8999999762
53719  50.869  -35.329  -24.562 0.8999999762
53720  60.257  -34.787  -24.387 0.8000000119
53721  59.678  -35.175  -24.873 0.8000000119
53725  51.964  -35.099  -25.378 0.8999999762
53729  58.742  -35.320  -25.374 0.6999999881
53734  58.287  -35.032  -25.880 0.6999999881
53736  57.215  -35.370  -26.499 0.6999999881
53737  55.201  -34.793  -27.280 0.4000000060
53740  56.689  -35.272  -27.096 0.6000000238
53741  56.176  -35.295  -27.620 0.6000000238
53748  55.720  -34.970  -28.253 0.6000000238
53752  55.260  -34.265  -29.155 0.4000000060
53754  54.511  -34.891  -30.355 0.5000000000
54675  61.767  -34.091  -15.642 0.3000000119
54747  59.151  -34.955  -22.298 0.6999999881
54762  60.155  -34.188  -24.557 0.8000000119
54767  60.071  -34.204  -24.944 0.8000000119
54769  59.063  -34.920  -25.505 0.8000000119
54775  58.986  -34.003  -25.922 0.6999999881
54777  57.949  -34.895  -26.144 0.6999999881
54779  57.546  -34.724  -27.200 0.6000000238
54785  57.147  -33.972  -27.806 0.6999999881
54787  53.083  -33.858  -28.502 0.5000000000
54793  53.319  -33.160  -28.971 0.5000000000
55816  61.589  -33.151  -17.127 0.3000000119
55855  50.519  -34.542  -23.087 0.8999999762
55857  59.854  -34.837  -24.636 0.8000000119
55859  50.628  -34.476  -22.936 0.8999999762
55861  59.980  -33.758  -24.873 0.8000000119
55866  59.626  -34.004  -25.345 0.8000000119
55867  59.292  -33.765  -25.755 0.6999999881
55872  51.469  -33.167  -26.699 1.0000000000
55875  53.595  -32.964  -28.438 0.5000000000
55876  53.431  -33.648  -28.147 0.5000000000
55877  52.991  -33.982  -27.984 0.5000000000
55878  56.530  -33.880  -28.355 0.6999999881
55879  53.772  -32.894  -28.527 0.5000000000
55881  54.468  -32.189  -30.951 0.4000000060
55882  54.101  -32.303  -30.463 0.5000000000
56935  49.082  -33.226  -24.575 1.0000000000
56942  53.459  -32.361  -26.552 1.0000000000
56943  52.988  -32.154  -26.635 1.0000000000
56947  54.482  -32.049  -26.874 1.0000000000
56950  50.282  -31.663  -26.661 1.0000000000
58098  55.279  -31.661  -26.681 1.0000000000
58105  52.385  -31.556  -26.746 1.0000000000
58107  50.988  -31.364  -26.943 1.0000000000
58110  54.062  -31.024  -26.253 1.0000000000
58111  53.455  -31.088  -26.342 1.0000000000
58112  52.938  -30.863  -26.762 1.0000000000
58114  51.887  -30.785  -26.611 1.0000000000
59275  49.518  -31.096  -25.277 1.0000000000
59280  53.553  -29.999  -26.712 1.0000000000
59281  52.958  -30.202  -26.825 1.0000000000
59282  52.354  -30.087  -26.891 1.0000000000
59283  51.315  -30.794  -26.701 1.0000000000
59289  51.546  -30.423  -26.638 1.0000000000
60524  54.209  -29.657  -26.737 1.0000000000
60529  54.481  -30.081  -26.357 1.0000000000
60530  53.960  -30.215  -26.510 1.0000000000
60531  51.861  -30.009  -26.757 1.0000000000
61642  61.263  -29.524  -16.305 0.3000000119
61643  60.678  -29.362  -16.725 0.3000000119
61702  55.186  -29.082  -24.153 0.8000000119
61708  54.937  -29.382  -25.710 1.0000000000
62801  54.525  -29.198  -25.932 0.8000000119
62802  54.548  -29.270  -26.210 1.0000000000
62809  54.751  -29.302  -26.181 1.0000000000
63836  54.036  -29.009  -24.181 0.8000000119
63842  54.113  -29.075  -24.898 0.8000000119
64874  55.872  -26.910  -18.058 0.4000000060
64894  54.409  -27.627  -22.523 0.6999999881
64900  54.040  -27.641  -23.142 0.6999999881
64910  53.430  -27.954  -23.951 0.6999999881
64911  52.939  -27.777  -23.853 0.6999999881
64918  53.719  -28.540  -24.949 0.8000000119
65965  58.652  -26.095  -17.964 0.4000000060
65990  53.993  -25.680  -20.890 0.3000000119
66022  53.733  -27.546  -23.520 0.6999999881
67163  56.030  -25.169  -21.692 0.3000000119
67184  54.740  -25.550  -22.747 0.6000000238
67189  54.347  -26.109  -22.805 0.6999999881
68321  56.121  -24.274  -21.386 0.3000000119
68368  49.279  -24.032  -27.410 0.4000000060
70806  58.794  -22.674  -16.495 0.3000000119
70898  49.808  -23.258  -27.532 0.4000000060
72342  50.111  -22.448  -27.826 0.3000000119
72345  50.914  -22.156  -28.829 0.3000000119
197505  57.900  -34.062  -23.773 0.8999999762
197506  57.445  -33.895  -24.253 0.8999999762
197507  58.016  -35.177  -24.514 0.8999999762
197508  57.639  -34.040  -26.876 0.8000000119
197511  58.589  -34.072  -26.003 0.6999999881
197514  56.295  -34.707  -26.359 0.8000000119
197516  56.928  -34.778  -25.993 0.8000000119
197520  57.338  -35.202  -24.996 0.8999999762
198334  55.551  -29.707  -25.383 1.0000000000
198568  54.928  -30.265  -26.189 1.0000000000
198683  57.601  -33.760  -27.605 0.6999999881
198983  58.053  -34.770  -24.725 0.8999999762
199237  58.956  -33.455  -24.770 0.8999999762
199443  58.840  -33.495  -25.634 0.6999999881
199509  55.113  -33.394  -29.747 0.5000000000
199538  57.646  -35.482  -24.551 0.6999999881
199554  53.772  -32.240  -29.053 0.5000000000
200156  50.916  -34.923  -22.662 0.8999999762
200414  57.264  -34.419  -22.981 0.8999999762
200528  58.350  -33.872  -26.069 0.8000000119
200939  61.607  -36.969  -15.123 0.3000000119
201295  57.611  -34.585  -23.044 0.8999999762
201377  52.966  -35.830  -22.388 0.6999999881
201397  54.991  -37.642  -18.903 0.4000000060
201418  53.852  -33.064  -29.981 0.5000000000
202803  54.139  -26.817  -21.008 0.4000000060
203213  57.577  -38.685  -23.502 0.5000000000
203428  55.902  -38.458  -21.589 0.5000000000
204901  56.041  -38.031  -21.694 0.6000000238
205441  53.895  -29.246  -26.165 1.0000000000
205881  61.573  -33.683  -17.293 0.3000000119
207145  55.941  -37.892  -24.785 0.6000000238
208123  59.426  -39.654  -21.418 0.6000000238
208130  60.442  -35.975  -19.732 0.5000000000
208244  59.046  -39.979  -21.420 0.6000000238
209047  60.089  -39.624  -20.833 0.6000000238
209843  58.694  -24.883  -16.765 0.3000000119
210900  50.479  -35.064  -24.847 0.8999999762
210908  52.237  -32.871  -26.890 1.0000000000
214934  54.034  -29.038  -25.372 0.8000000119
215267  53.883  -28.967  -25.439 0.8000000119
215593  60.238  -34.359  -23.592 0.8000000119
215653  51.561  -39.853  -21.211 0.4000000060
215844  57.046  -39.378  -23.496 0.5000000000
216104  59.037  -40.312  -19.307 0.6000000238
216690  60.867  -38.706  -16.177 0.3000000119
217011  59.352  -41.193  -17.645 0.5000000000
218209  60.014  -38.273  -19.393 0.6000000238
218519  54.106  -40.694  -22.079 0.4000000060
218549  55.090  -36.962  -26.994 0.5000000000
219758  60.149  -35.722  -21.942 0.6999999881
220127  59.453  -35.694  -24.434 0.8000000119
221279  54.311  -33.935  -30.187 0.5000000000
221766  52.933  -28.240  -24.547 0.6999999881
221859  60.724  -32.896  -18.327 0.4000000060
222779  58.882  -40.465  -19.100 0.6000000238
223053  58.951  -42.122  -16.753 0.4000000060
224547  55.021  -29.291  -24.956 0.8000000119
224939  55.890  -33.631  -27.703 0.6999999881
225022  54.861  -29.843  -26.216 1.0000000000
225265  56.597  -33.917  -28.262 0.6000000238
225551  55.320  -32.904  -29.780 0.6000000238
225733  58.033  -34.087  -26.558 0.6999999881
225746  57.458  -34.763  -25.360 0.8999999762
225749  54.101  -31.576  -30.031 0.4000000060
225876  58.472  -34.912  -24.314 0.8999999762
225937  59.612  -33.806  -25.325 0.8000000119
226472  54.898  -32.459  -30.513 0.5000000000
226610  58.570  -34.516  -24.611 0.8999999762
227330  54.612  -29.240  -24.464 0.8000000119
227645  57.533  -33.976  -27.488 0.6999999881
227683  54.858  -29.270  -25.117 0.8000000119
228072  54.413  -28.991  -23.361 0.8000000119
228202  60.263  -37.024  -20.981 0.6000000238
229442  55.618  -34.190  -27.292 0.6000000238
230042  51.340  -38.961  -21.422 0.4000000060
230737  60.351  -38.791  -20.455 0.6999999881
231530  52.408  -23.282  -27.359 0.3000000119
231633  60.691  -37.822  -20.915 0.6000000238
231755  57.983  -42.737  -20.056 0.6000000238
231893  52.633  -32.245  -26.919 1.0000000000
232593  53.303  -31.630  -26.210 1.0000000000
234078  58.621  -35.794  -22.961 0.8000000119
234472  57.212  -39.605  -22.925 0.5000000000
234707  49.269  -33.101  -25.275 1.0000000000
234722  57.985  -34.309  -25.288 0.8999999762
235028  50.634  -34.892  -23.083 0.8999999762
235735  55.843  -38.458  -25.046 0.5000000000
235855  58.981  -38.823  -22.397 0.6000000238
236187  60.820  -30.892  -17.334 0.3000000119
236750  55.727  -29.733  -25.008 1.0000000000
236766  60.178  -39.044  -17.605 0.4000000060
236826  59.395  -29.743  -18.075 0.4000000060
237172  60.577  -35.514  -23.422 0.8000000119
237670  55.614  -35.326  -26.599 0.5000000000
237783  58.728  -37.083  -23.843 0.6000000238
238039  55.786  -31.749  -25.795 1.0000000000
239740  50.795  -31.963  -26.856 1.0000000000
240211  59.273  -34.778  -22.244 0.8000000119
240222  59.936  -36.669  -20.757 0.6000000238
240698  57.471  -35.379  -26.035 0.6999999881
241100  59.375  -38.514  -22.460 0.6000000238
241517  56.001  -35.818  -25.524 0.6999999881
241820  53.121  -32.138  -26.341 1.0000000000
242107  58.095  -35.816  -22.732 0.8000000119
242145  49.866  -22.840  -27.422 0.4000000060
